%% File generated by CATS v.2.1Wed Jun 19 19:09:36 2013

%% The CATS webpage is http://robotics.stanford.edu/CATS

%% PARAMETER SETTINGS:
% Goods: 64; Bids: 2000; Distribution: regions; Runs: 50; Seed: 1371664047
% Regions Distribution Parameters:
% Max Substitutable Bids = 5
% Removing HV Neighbor   = 0.1
% Adding DIAG Neighbor   = 0.2
% Additional Location    = 0.9
% Jump Probability       = 0.05
% Additivity             = 0.2
% Budget Factor          = 1.5
% Resale Factor          = 0.5
% Uniform Private Value:
%   Deviation            = 0.5
%   Max Good Value       = 100



goods 64
bids 2005
dummy 385

0	67378	28	36	64	#
1	76809	35	36	64	#
2	57512	19	#
3	142868	50	#
4	138569	36	44	66	#
5	158048	44	45	66	#
6	140016	36	37	66	#
7	1816031	1	8	9	10	16	17	18	19	24	25	26	27	28	29	32	33	34	35	36	37	40	41	42	43	44	46	48	49	50	52	56	57	58	59	67	#
8	2032253	8	9	16	17	18	19	24	25	26	27	32	33	34	35	36	37	40	41	42	47	48	49	50	52	53	54	55	56	57	58	59	60	61	62	67	#
9	2002001	9	16	17	24	25	26	32	33	34	35	36	37	38	39	40	41	42	44	47	48	49	50	51	52	53	54	55	56	57	58	59	60	61	62	67	#
10	1949904	1	2	8	9	10	11	16	17	18	19	20	24	25	26	27	31	32	33	34	36	39	40	41	42	43	46	52	53	54	55	59	60	61	62	67	#
11	1933950	1	3	8	9	10	11	16	17	18	19	24	25	26	27	28	29	30	32	33	34	35	36	37	39	44	45	46	47	51	52	53	55	60	61	67	#
12	1916261	4	8	9	13	16	17	19	20	21	24	25	26	27	28	29	30	31	32	33	34	35	36	37	38	40	41	44	46	47	48	53	54	55	62	67	#
13	825591	1	2	3	4	8	9	10	11	12	16	18	19	20	24	28	68	#
14	1034482	4	5	6	12	18	19	20	24	25	26	27	28	32	33	34	68	#
15	1025001	1	2	3	4	5	6	7	9	10	11	12	19	20	28	29	68	#
16	996119	1	4	11	12	18	19	20	25	26	27	28	29	35	36	44	68	#
17	991247	3	4	5	6	11	12	13	18	19	20	26	27	32	34	35	68	#
18	964233	12	15	17	18	19	20	21	22	24	25	26	27	28	32	34	68	#
19	190465	16	17	25	69	#
20	175550	16	17	18	69	#
21	155426	18	19	25	69	#
22	917880	3	4	9	10	11	12	17	19	20	25	26	33	34	42	70	#
23	1154697	9	10	11	17	25	33	34	41	42	43	51	52	59	60	70	#
24	1070229	16	17	24	25	32	33	34	40	41	42	43	44	48	52	70	#
25	944181	9	17	25	27	33	34	35	41	42	43	49	50	58	59	70	#
26	879113	4	5	9	10	11	12	13	17	19	20	28	29	37	46	70	#
27	875887	8	9	16	17	18	25	26	27	33	34	41	42	55	63	70	#
28	866888	2	3	11	12	13	15	18	19	20	22	23	26	28	29	36	44	71	#
29	1193450	1	2	8	11	12	16	17	18	19	20	24	25	26	32	33	54	71	#
30	952607	3	10	11	12	16	17	18	19	20	21	24	25	26	32	33	41	71	#
31	949719	11	12	19	20	21	23	28	29	31	35	36	37	38	39	44	47	71	#
32	910503	15	20	21	22	23	28	29	30	31	36	37	38	39	40	46	47	71	#
33	901089	14	21	22	29	33	37	41	42	49	50	51	52	57	58	59	60	71	#
34	312751	13	21	29	30	72	#
35	321338	24	25	30	33	72	#
36	289289	4	11	12	13	72	#
37	232988	13	21	29	37	72	#
38	202121	13	20	21	22	72	#
39	1541247	17	18	25	30	31	32	33	34	39	40	41	48	49	50	51	56	57	58	59	60	61	73	#
40	1512574	8	9	11	12	16	17	18	19	20	24	25	26	28	29	30	33	34	35	36	43	51	73	#
41	1491925	1	2	14	15	20	22	23	28	30	31	36	37	38	39	43	47	54	55	61	62	63	73	#
42	1451583	4	5	6	7	8	12	14	16	24	33	41	43	48	49	50	51	56	57	58	59	60	73	#
43	1429440	16	17	25	26	27	33	34	37	40	41	46	53	54	55	57	58	59	60	61	62	63	73	#
44	1420217	28	36	40	43	44	48	49	50	51	52	53	54	55	56	57	58	59	60	61	62	63	73	#
45	1632177	0	2	3	4	5	6	7	10	11	12	13	14	15	18	19	20	21	22	24	25	26	27	28	29	33	34	35	37	43	45	46	74	#
46	2064479	4	5	6	7	11	12	13	14	15	19	20	21	22	23	29	30	31	32	33	37	38	39	40	45	46	48	49	51	54	55	59	74	#
47	1921430	2	3	4	5	6	7	12	13	14	15	20	21	22	23	25	28	29	30	31	33	36	37	38	39	46	49	50	54	55	58	62	74	#
48	1802928	2	3	4	5	12	13	14	18	19	25	26	30	33	34	35	38	43	44	47	48	49	50	51	52	53	56	57	58	59	60	61	74	#
49	1766631	0	4	5	6	8	9	10	11	12	13	14	15	18	19	20	21	22	24	25	26	28	29	30	32	33	37	38	40	46	48	56	74	#
50	1757425	4	5	6	7	12	13	14	15	18	19	20	21	22	24	25	26	27	28	29	30	31	33	35	36	37	38	39	43	46	47	55	74	#
51	566745	13	21	33	41	42	43	51	53	75	#
52	676395	18	24	25	33	34	41	42	43	75	#
53	632510	25	33	40	41	42	48	49	50	75	#
54	594045	26	34	35	41	42	43	50	51	75	#
55	584716	27	33	34	35	41	42	43	51	75	#
56	584452	34	35	42	43	44	50	51	52	75	#
57	60648	45	#
58	572719	0	1	8	16	24	25	32	76	#
59	683042	8	16	24	25	26	32	33	76	#
60	681383	1	8	16	18	24	25	32	76	#
61	624050	1	8	16	24	25	26	33	76	#
62	602574	16	24	25	32	33	40	42	76	#
63	586097	16	18	24	25	26	33	34	76	#
64	410470	28	36	43	44	51	58	59	77	#
65	548965	8	9	16	49	50	57	59	77	#
66	542277	43	50	51	52	58	59	60	77	#
67	433653	20	21	27	28	29	30	36	77	#
68	341041	43	44	45	51	52	53	60	77	#
69	330322	27	34	35	42	43	44	51	77	#
70	260226	24	25	33	78	#
71	325748	24	32	40	78	#
72	291138	18	24	25	78	#
73	280400	25	32	33	78	#
74	190037	40	48	49	56	79	#
75	209079	33	41	48	49	79	#
76	160113	40	41	48	56	79	#
77	150945	40	48	56	57	79	#
78	137374	48	49	56	57	79	#
79	363675	15	40	41	48	49	56	80	#
80	471586	33	40	41	48	49	57	80	#
81	471511	24	32	40	41	48	49	80	#
82	419791	5	6	14	15	22	23	80	#
83	366096	40	41	48	49	56	57	80	#
84	363366	36	40	48	49	56	57	80	#
85	624486	16	24	32	33	34	35	40	42	48	81	#
86	841045	9	10	11	17	24	32	33	54	62	81	#
87	726596	16	17	24	32	33	40	41	42	50	81	#
88	718895	16	24	32	33	35	36	42	43	51	81	#
89	670496	16	24	32	33	40	41	42	43	49	81	#
90	638396	27	33	35	36	42	43	44	50	51	81	#
91	32211	4	12	#
92	59171	13	#
93	134665	6	7	#
94	353067	16	24	32	33	40	83	#
95	396468	33	34	40	41	49	83	#
96	352317	0	8	16	17	24	83	#
97	325528	26	32	33	34	40	83	#
98	247359	16	24	27	28	36	83	#
99	94916	32	40	41	48	56	83	#
100	755870	2	9	10	27	28	30	36	37	38	39	44	46	47	54	62	84	#
101	986986	15	23	24	30	31	32	37	38	39	46	47	53	54	55	62	84	#
102	913266	0	1	2	8	9	10	16	17	24	25	32	33	40	41	49	84	#
103	878945	23	28	30	31	36	37	38	39	45	46	47	53	54	55	62	84	#
104	877904	7	20	21	27	28	29	30	31	36	37	38	39	45	46	54	84	#
105	855650	15	22	23	25	26	28	31	36	37	38	39	46	47	54	62	84	#
106	108457	24	#
107	629859	12	19	20	27	28	35	36	37	38	43	44	85	#
108	819458	20	28	36	41	42	43	44	45	49	50	52	85	#
109	767692	11	12	17	18	19	20	24	25	27	28	36	85	#
110	731438	20	27	28	36	37	38	43	44	46	52	54	85	#
111	697243	12	19	20	27	28	36	43	44	51	52	60	85	#
112	693307	28	29	30	31	36	37	38	39	46	53	54	85	#
113	823988	15	21	22	23	31	49	50	51	56	57	58	59	86	#
114	821896	4	5	12	13	15	19	20	21	22	23	30	31	86	#
115	791973	33	34	35	36	41	42	43	44	49	50	51	58	86	#
116	789461	15	23	29	30	31	37	38	39	46	47	54	55	86	#
117	783655	33	34	35	36	41	42	43	44	48	49	51	59	86	#
118	780208	3	4	5	12	13	15	22	23	31	36	38	39	86	#
119	1432723	15	20	22	27	28	29	30	31	37	38	39	44	45	46	47	52	53	54	60	61	62	63	87	#
120	1736479	12	20	22	23	28	29	30	31	36	37	38	39	41	42	46	47	50	54	55	59	62	63	87	#
121	1570977	15	23	28	29	30	31	32	37	38	39	40	44	45	46	47	52	53	54	55	61	62	63	87	#
122	1561171	13	20	21	23	25	26	27	28	29	30	31	34	36	37	38	39	47	53	54	55	62	63	87	#
123	1550890	12	20	23	27	28	29	30	31	37	38	39	44	45	46	47	52	53	54	55	61	62	63	87	#
124	1524992	2	3	4	5	11	12	13	14	15	20	22	23	28	29	30	31	37	38	39	45	46	47	87	#
125	673312	36	42	43	44	45	51	52	53	59	60	61	88	#
126	833235	12	19	20	27	28	29	30	31	36	37	44	88	#
127	793833	27	36	43	44	50	51	52	53	59	60	61	88	#
128	786841	36	44	45	51	52	53	54	55	59	60	61	88	#
129	776462	33	41	42	43	48	49	50	57	59	60	61	88	#
130	743232	8	16	36	43	44	51	52	53	59	60	61	88	#
131	271200	25	32	33	89	#
132	232899	32	33	34	89	#
133	224939	17	18	25	89	#
134	202424	32	40	48	89	#
135	323961	1	2	4	5	12	90	#
136	359511	11	12	13	20	21	90	#
137	318413	4	5	6	13	14	90	#
138	282648	4	6	13	14	21	90	#
139	279814	0	1	2	8	16	90	#
140	273915	1	2	45	53	54	90	#
141	1193631	18	23	26	27	28	29	31	35	36	37	38	39	44	45	46	47	51	52	53	54	55	60	61	62	63	91	#
142	1728887	17	29	30	33	34	37	38	39	40	41	42	45	46	47	48	49	50	51	52	53	54	55	60	62	63	91	#
143	1691913	1	2	8	10	29	33	37	38	40	41	42	45	46	49	50	51	52	53	54	55	59	60	61	62	63	91	#
144	1653878	11	12	13	14	18	19	20	25	26	27	33	34	41	42	45	46	47	49	50	53	54	55	61	62	63	91	#
145	1568815	29	30	31	32	33	36	37	38	40	41	42	43	44	45	46	47	48	49	50	51	52	53	54	55	58	91	#
146	1531386	4	5	12	13	14	15	19	20	22	23	31	32	37	38	39	40	41	42	46	47	50	54	55	58	63	91	#
147	184600	53	60	61	62	92	#
148	224031	47	55	61	62	92	#
149	222753	52	53	54	61	92	#
150	187469	45	53	60	61	92	#
151	161899	44	52	59	60	92	#
152	47810	2	3	#
153	169088	37	46	93	#
154	212634	46	54	93	#
155	270439	56	57	58	59	94	#
156	297781	51	58	59	60	94	#
157	290488	58	59	60	61	94	#
158	195585	37	49	56	57	94	#
159	146102	48	56	57	58	94	#
160	894128	1	2	3	4	5	6	7	12	13	14	20	21	22	23	29	95	#
161	1012171	1	2	3	4	5	6	12	13	14	20	21	22	23	29	30	95	#
162	954462	18	19	20	21	25	26	27	28	29	33	34	35	42	43	51	95	#
163	937107	0	1	2	3	8	9	16	17	18	25	32	33	34	35	41	95	#
164	904982	3	4	5	6	12	13	14	15	20	21	22	23	28	29	31	95	#
165	891710	5	6	8	9	12	13	14	17	18	20	21	22	38	39	47	95	#
166	229067	28	36	43	44	96	#
167	329506	33	42	43	50	96	#
168	290269	21	36	43	44	96	#
169	238147	21	22	28	29	96	#
170	194143	28	34	35	36	96	#
171	991074	15	23	31	39	44	45	48	49	50	51	52	53	57	58	59	60	61	97	#
172	1160419	34	36	42	44	45	49	50	51	52	53	54	55	59	60	61	62	63	97	#
173	1133287	15	18	20	23	25	28	29	30	31	36	37	38	47	54	55	62	63	97	#
174	1106131	4	11	12	13	14	34	39	41	42	50	51	52	55	59	60	61	62	97	#
175	1088081	11	19	20	26	27	34	36	37	44	45	51	52	53	54	55	62	63	97	#
176	1073526	23	28	29	30	31	38	39	47	48	49	50	55	56	57	59	62	63	97	#
177	227708	27	28	36	44	45	98	#
178	332353	12	19	20	28	29	98	#
179	258814	19	26	27	36	44	98	#
180	257102	2	10	27	36	44	98	#
181	240104	37	44	45	46	53	98	#
182	227334	20	21	36	44	52	98	#
183	272028	49	57	58	59	99	#
184	295756	49	50	57	58	99	#
185	235177	57	58	59	60	99	#
186	217311	52	59	60	61	99	#
187	169905	41	48	49	57	99	#
188	362807	8	9	16	17	24	100	#
189	441887	17	24	25	32	33	100	#
190	407368	8	16	24	32	58	100	#
191	380783	8	16	17	18	25	100	#
192	340370	3	4	9	10	11	100	#
193	252476	0	8	16	40	41	100	#
194	909290	24	25	26	32	33	34	35	41	42	43	44	51	52	53	59	60	101	#
195	1079583	4	5	6	13	14	17	25	32	33	34	40	41	42	43	51	57	101	#
196	1076627	11	12	19	20	21	24	25	26	27	28	32	33	34	40	41	42	101	#
197	1040225	4	9	11	12	17	18	19	20	25	26	27	28	33	34	41	42	101	#
198	1030553	4	5	12	13	17	19	20	21	24	25	26	27	28	31	32	36	101	#
199	1015158	8	9	11	12	17	18	24	25	26	27	32	33	36	41	42	43	101	#
200	49597	28	#
201	490046	32	33	34	35	40	42	56	102	#
202	528452	24	32	33	40	42	48	49	102	#
203	493643	32	33	34	40	41	42	48	102	#
204	472393	42	49	50	56	57	58	59	102	#
205	466898	33	34	35	42	43	50	58	102	#
206	453459	24	32	33	34	35	42	43	102	#
207	779155	40	42	48	49	50	51	56	58	59	60	61	103	#
208	863587	33	41	42	48	49	50	52	53	59	60	61	103	#
209	846729	44	45	46	47	52	53	55	59	60	61	62	103	#
210	833932	44	45	49	50	51	52	53	57	59	60	61	103	#
211	807799	25	32	33	40	41	42	48	49	50	56	59	103	#
212	774357	33	40	42	48	49	50	51	52	58	59	60	103	#
213	1051575	0	1	8	9	16	17	18	24	25	26	32	33	34	40	41	48	49	50	56	57	104	#
214	1281414	0	8	9	15	16	17	22	23	24	25	32	33	40	41	42	48	49	50	57	59	104	#
215	1278234	2	3	4	5	11	12	13	14	20	22	23	30	31	40	41	48	49	50	57	59	104	#
216	1271838	0	1	2	4	8	9	10	12	15	16	17	18	22	23	24	25	30	31	33	41	104	#
217	1216025	0	2	8	9	10	16	17	24	25	26	27	32	33	35	36	37	40	43	46	54	104	#
218	1169113	1	8	16	18	24	25	32	33	35	40	41	42	43	48	49	50	51	52	53	59	104	#
219	239962	0	1	8	16	17	105	#
220	358245	16	17	18	19	25	105	#
221	295247	0	8	16	17	25	105	#
222	216241	0	1	8	9	17	105	#
223	182997	0	1	2	8	10	105	#
224	155702	0	1	2	8	16	105	#
225	199451	35	36	43	44	45	52	106	#
226	292382	33	42	43	44	45	52	106	#
227	251001	6	13	14	22	23	107	#
228	276268	6	7	14	22	23	107	#
229	262344	5	6	14	22	23	107	#
230	230674	19	20	21	22	23	107	#
231	179932	6	14	21	22	45	107	#
232	79816	3	4	12	13	21	107	#
233	404460	37	38	45	46	54	55	62	108	#
234	491638	39	47	54	55	61	62	63	108	#
235	484658	39	52	53	60	61	62	63	108	#
236	462306	38	45	46	54	61	62	63	108	#
237	447491	44	45	52	53	54	61	62	108	#
238	442430	29	30	31	37	38	39	46	108	#
239	960358	0	1	2	3	4	5	8	10	11	12	13	14	15	21	22	23	109	#
240	1239078	5	12	13	14	15	20	21	22	23	29	30	31	36	37	38	39	109	#
241	1200994	3	4	5	10	11	12	13	14	20	21	29	30	37	55	62	63	109	#
242	1104931	0	1	2	3	5	8	10	11	12	13	14	15	20	22	23	46	109	#
243	1098444	5	12	13	20	21	27	28	29	30	32	37	38	39	46	47	55	109	#
244	1088056	4	5	10	11	12	13	14	18	21	23	26	27	28	29	30	36	109	#
245	224349	30	36	37	38	39	47	110	#
246	263058	23	31	37	38	39	47	110	#
247	262006	30	36	37	38	44	45	110	#
248	205977	26	27	36	37	38	44	110	#
249	196620	15	38	39	47	55	62	110	#
250	108064	27	28	36	37	44	52	110	#
251	121871	5	6	13	111	#
252	143311	4	5	6	111	#
253	139735	5	6	14	111	#
254	77140	4	13	21	111	#
255	862678	4	42	43	44	51	52	53	58	59	60	61	62	112	#
256	1009521	18	25	26	32	33	34	35	40	42	43	51	52	112	#
257	906897	43	44	50	51	52	53	54	57	58	59	60	61	112	#
258	893405	12	13	20	21	28	53	54	55	60	61	62	63	112	#
259	887297	26	34	35	36	42	43	44	50	51	52	59	60	112	#
260	880742	26	32	33	34	35	40	41	42	43	51	58	59	112	#
261	1540927	1	2	3	8	9	10	11	16	17	18	19	24	25	26	27	32	33	34	35	40	41	42	43	49	50	56	57	58	113	#
262	1790821	9	12	16	17	18	19	20	24	25	26	27	28	29	32	33	34	35	36	40	41	42	43	44	45	49	50	51	53	113	#
263	1789054	1	2	3	4	5	8	10	11	12	17	18	19	20	24	25	26	27	32	33	34	35	40	41	42	43	44	49	50	113	#
264	1756581	3	4	5	11	12	13	14	17	18	19	20	24	25	26	27	28	32	33	34	35	36	41	42	43	44	45	53	54	113	#
265	1735387	9	10	16	17	18	19	20	24	25	26	27	28	32	33	34	35	36	38	39	40	41	42	47	49	50	53	54	57	113	#
266	1710471	3	9	10	11	12	14	16	17	18	19	20	22	24	25	27	28	32	33	34	35	40	41	42	43	49	50	56	57	113	#
267	563843	25	32	33	34	40	42	114	#
268	540835	25	32	33	34	35	42	114	#
269	533972	24	25	32	33	42	50	114	#
270	504163	33	34	42	50	57	58	114	#
271	487351	32	33	40	42	48	50	114	#
272	473767	26	33	34	42	50	59	114	#
273	1899165	11	12	16	17	18	19	20	24	25	26	28	29	30	33	34	35	36	37	38	40	41	42	43	44	45	46	48	50	51	52	56	57	58	59	115	#
274	2285695	15	16	20	21	22	23	24	25	28	29	30	31	33	34	35	36	37	38	39	41	42	43	44	45	46	47	50	51	53	54	55	61	62	63	115	#
275	2184846	12	13	14	15	19	21	22	23	25	27	28	30	31	33	34	35	36	37	38	39	41	42	43	44	46	47	50	51	52	54	55	61	62	63	115	#
276	2173128	12	15	19	20	22	23	24	25	26	28	30	31	33	34	35	36	37	38	39	41	42	43	44	45	46	47	51	52	53	54	55	61	62	63	115	#
277	2139556	2	10	11	18	19	24	25	26	28	29	30	31	33	34	36	37	38	41	42	43	44	45	46	47	48	49	50	51	54	55	57	58	62	63	115	#
278	2137668	6	13	14	15	19	20	21	22	24	28	29	30	32	33	34	35	36	37	38	39	41	42	43	44	45	46	47	50	54	55	57	61	62	63	115	#
279	436730	17	18	25	26	27	33	34	116	#
280	451039	9	17	18	24	25	32	33	116	#
281	429725	17	18	19	25	26	33	34	116	#
282	420973	11	12	13	17	18	19	25	116	#
283	378784	26	33	34	42	43	44	51	116	#
284	372000	12	13	20	21	27	28	29	116	#
285	255186	48	50	56	57	58	117	#
286	354042	41	42	49	50	57	117	#
287	305577	40	48	49	56	57	117	#
288	291166	49	50	57	58	59	117	#
289	226460	48	49	56	57	58	117	#
290	599347	0	1	2	8	9	10	11	16	17	25	118	#
291	658261	0	8	9	16	17	18	24	25	26	33	118	#
292	652406	1	2	3	8	9	10	16	17	24	25	118	#
293	644835	1	2	8	9	10	16	17	18	24	25	118	#
294	643552	0	1	2	8	9	10	16	24	25	33	118	#
295	608928	0	1	2	8	9	16	17	18	24	25	118	#
296	861496	0	8	9	36	37	44	45	46	47	53	54	58	59	60	61	62	119	#
297	1232407	17	25	30	33	36	41	44	45	46	47	49	53	54	55	61	62	119	#
298	1226135	24	25	30	31	32	33	40	41	42	43	48	49	50	57	58	59	119	#
299	1202336	17	24	25	27	32	33	36	42	43	44	45	46	53	54	61	62	119	#
300	1157610	17	19	20	24	25	26	27	28	32	33	34	35	36	41	43	44	119	#
301	1144723	27	29	30	31	36	37	44	45	46	53	54	55	60	61	62	63	119	#
302	1055885	31	37	39	43	44	45	46	47	52	53	54	55	60	61	62	63	259	#
303	137152	53	61	62	120	#
304	192184	45	46	53	120	#
305	174109	55	62	63	120	#
306	119266	52	53	61	120	#
307	427759	0	1	2	3	8	10	11	12	121	#
308	624819	4	5	12	13	14	20	21	29	121	#
309	533961	2	4	5	10	11	12	13	20	121	#
310	515840	1	2	3	4	10	11	12	20	121	#
311	495632	3	4	11	12	20	21	33	42	121	#
312	442738	1	2	3	4	10	12	13	14	121	#
313	196468	41	49	57	122	#
314	254843	49	50	58	122	#
315	168498	40	41	48	122	#
316	1154122	1	3	8	9	10	11	16	17	18	24	33	41	42	43	44	48	49	50	51	52	54	58	59	123	#
317	1554232	23	26	31	34	36	39	40	41	42	43	44	45	46	49	50	51	52	53	54	58	59	60	61	123	#
318	1529808	23	31	34	38	39	41	42	43	44	45	46	47	49	50	51	52	54	55	57	58	59	60	63	123	#
319	1515619	5	6	7	13	14	20	21	34	40	41	42	43	48	49	50	51	52	57	58	59	60	61	62	123	#
320	1509218	20	28	32	34	36	40	41	42	43	44	46	47	49	50	51	52	53	54	57	58	59	60	61	123	#
321	1414974	3	11	13	19	20	21	26	27	28	33	34	36	41	42	43	49	50	51	57	58	59	60	61	123	#
322	276052	12	20	28	124	#
323	302225	11	12	20	124	#
324	201226	19	20	21	124	#
325	173563	28	36	37	124	#
326	733954	27	28	34	35	36	41	42	43	49	50	59	60	61	62	125	#
327	1075091	4	12	20	38	45	46	47	53	54	55	60	61	62	63	125	#
328	1018264	8	16	24	32	33	35	36	40	41	42	48	49	50	56	125	#
329	988908	24	25	26	32	33	34	35	36	40	41	42	48	49	50	125	#
330	988404	38	39	46	47	50	51	53	54	55	59	60	61	62	63	125	#
331	911335	0	8	9	16	17	24	25	32	33	34	41	42	49	56	125	#
332	165580	18	26	27	#
333	233948	37	45	46	126	#
334	240970	36	37	46	126	#
335	195344	45	46	47	126	#
336	122863	26	38	46	126	#
337	930349	16	18	19	24	25	26	32	40	41	42	43	44	49	56	57	58	59	127	#
338	1268181	17	18	19	20	24	25	26	27	32	34	35	36	40	44	55	61	62	127	#
339	1202177	8	16	17	18	19	20	24	25	26	27	32	34	40	41	42	49	50	127	#
340	1198485	16	17	18	20	25	26	34	35	36	42	43	44	51	52	59	60	61	127	#
341	1122539	24	32	40	41	42	44	45	49	50	52	53	55	58	59	60	61	62	127	#
342	1118919	0	8	12	16	17	18	19	20	24	25	26	32	34	35	42	43	51	127	#
343	317465	3	4	5	6	14	128	#
344	297576	4	5	6	13	14	128	#
345	296624	4	5	6	7	12	128	#
346	275136	5	6	7	13	14	128	#
347	250361	4	5	6	10	11	128	#
348	190500	3	4	11	12	13	128	#
349	525953	14	15	21	22	23	29	31	129	#
350	566356	4	5	13	14	20	21	29	129	#
351	501147	14	15	22	23	31	52	60	129	#
352	430591	13	14	21	28	29	37	38	129	#
353	398049	15	19	20	21	22	23	31	129	#
354	392487	14	15	21	22	23	31	39	129	#
355	357520	11	12	19	26	27	35	36	43	44	130	#
356	497749	26	27	34	35	36	37	41	42	58	130	#
357	483716	17	25	26	27	34	35	36	43	44	130	#
358	483220	5	6	10	11	12	13	14	21	22	130	#
359	470956	35	41	42	43	44	45	46	54	62	130	#
360	457402	11	19	20	26	27	34	35	36	43	130	#
361	150943	45	46	131	#
362	108311	45	53	131	#
363	91362	41	46	131	#
364	133564	8	16	132	#
365	156735	8	9	#
366	124641	16	24	132	#
367	155431	5	6	14	133	#
368	204915	12	13	14	133	#
369	156611	6	13	14	133	#
370	87438	5	6	13	133	#
371	723699	4	5	6	7	13	14	15	21	22	23	31	37	38	39	134	#
372	914226	12	20	23	25	27	28	29	31	35	37	38	39	46	47	134	#
373	892169	20	21	22	23	24	29	31	38	39	46	47	52	53	54	134	#
374	889592	4	5	6	7	11	12	13	14	20	21	22	23	31	39	134	#
375	852707	3	4	5	6	13	14	20	21	22	23	28	29	31	39	134	#
376	833697	4	5	6	7	12	13	14	15	20	21	22	23	31	39	134	#
377	350631	4	5	13	53	54	55	62	135	#
378	411346	5	6	7	12	13	14	20	135	#
379	325549	3	4	10	11	12	19	20	135	#
380	283857	3	11	12	13	18	19	21	135	#
381	60968	44	45	#
382	1360873	4	5	6	11	13	14	15	19	20	21	22	27	28	29	30	31	35	36	37	38	44	45	53	136	#
383	1676759	20	21	28	29	31	35	36	37	39	44	45	46	47	51	52	53	54	55	58	59	60	61	62	136	#
384	1617061	3	4	5	6	13	14	19	20	21	22	23	27	28	29	31	35	36	44	45	51	52	59	60	136	#
385	1565875	27	30	31	33	35	36	38	39	41	42	43	44	45	46	47	51	52	53	54	59	60	61	62	136	#
386	1559564	10	11	19	20	26	30	31	38	39	44	45	46	47	51	52	53	54	57	58	59	60	61	62	136	#
387	1546631	18	19	20	21	24	25	26	27	28	29	32	33	35	36	37	41	42	44	45	46	52	53	54	136	#
388	196190	13	20	21	137	#
389	230079	20	21	29	137	#
390	171626	4	13	14	137	#
391	149082	19	20	21	137	#
392	71683	37	#
393	444379	41	44	45	51	52	53	59	60	61	138	#
394	619213	16	24	25	32	33	43	51	52	60	138	#
395	549684	52	53	56	57	59	60	61	62	63	138	#
396	544987	25	33	42	43	44	52	53	59	60	138	#
397	498670	36	42	43	44	45	52	53	59	60	138	#
398	491331	33	35	41	42	43	49	51	59	60	138	#
399	555473	3	4	11	12	13	19	25	26	34	35	40	139	#
400	732603	32	33	34	35	36	40	41	42	43	50	58	139	#
401	705967	0	1	2	3	8	9	10	11	12	17	20	139	#
402	702123	3	4	5	12	20	33	34	35	40	41	42	139	#
403	688676	26	33	34	35	36	41	42	43	44	50	52	139	#
404	661082	9	11	17	18	19	25	26	34	35	36	43	139	#
405	181719	42	50	58	140	#
406	259363	49	50	59	140	#
407	247711	34	42	50	140	#
408	232759	49	50	58	140	#
409	243337	8	16	17	18	141	#
410	287714	8	16	24	32	141	#
411	213698	17	18	19	26	141	#
412	97133	17	#
413	690800	19	27	32	33	34	35	40	41	42	43	44	45	48	49	56	57	142	#
414	1027297	27	32	33	34	35	40	41	42	48	49	50	52	57	58	59	60	142	#
415	1020663	24	25	32	33	35	36	40	41	42	43	49	50	57	58	59	60	142	#
416	972965	3	10	11	17	24	25	33	34	35	42	43	44	45	50	52	60	142	#
417	939717	32	33	40	41	42	44	48	49	50	51	52	56	57	58	59	60	142	#
418	933709	24	25	26	28	29	32	33	34	36	37	40	41	42	43	49	57	142	#
419	764685	32	40	41	42	49	50	57	58	59	143	#
420	791120	32	33	40	41	42	49	50	57	59	143	#
421	788146	32	40	41	49	50	57	58	59	60	143	#
422	751815	32	34	40	41	42	50	57	58	59	143	#
423	693613	0	8	16	24	32	40	41	42	50	143	#
424	686226	32	33	40	41	42	49	50	57	58	143	#
425	202151	24	25	144	#
426	155211	24	32	144	#
427	128366	25	26	144	#
428	304317	37	38	45	46	54	55	62	145	#
429	446560	45	52	53	54	60	61	62	145	#
430	424605	16	17	18	25	47	55	62	145	#
431	416736	29	30	44	45	52	53	61	145	#
432	378182	37	38	46	47	54	61	62	145	#
433	371596	44	45	46	53	54	61	62	145	#
434	825113	11	12	13	14	15	20	22	23	30	31	146	#
435	766647	11	12	13	14	18	20	25	26	27	28	146	#
436	744766	12	20	27	28	29	30	31	35	36	37	146	#
437	706198	13	14	15	20	21	22	23	29	30	31	146	#
438	668350	3	4	5	11	12	13	14	20	22	43	146	#
439	628420	3	11	12	19	20	27	28	35	36	37	146	#
440	159055	40	41	147	#
441	74519	40	48	147	#
442	298737	17	18	36	37	148	#
443	285739	18	25	26	33	148	#
444	274859	17	18	21	25	148	#
445	225322	36	37	38	39	148	#
446	195269	35	36	37	38	148	#
447	587059	18	25	26	27	28	33	34	36	37	42	46	149	#
448	834313	17	18	25	26	32	33	34	40	41	42	49	149	#
449	774986	16	17	18	24	25	26	32	33	34	41	49	149	#
450	702359	32	33	34	36	40	41	42	43	44	49	51	149	#
451	699274	28	36	37	39	45	46	47	53	54	62	63	149	#
452	656093	5	6	13	14	18	21	25	33	34	41	42	149	#
453	205787	0	1	8	16	150	#
454	268034	16	17	24	25	150	#
455	243116	0	1	8	9	150	#
456	222882	1	8	9	16	150	#
457	813418	25	33	40	41	42	43	44	45	49	51	52	53	59	151	#
458	940823	8	19	20	26	27	28	29	41	42	49	50	58	59	151	#
459	831191	19	25	26	32	33	34	41	42	43	50	51	52	58	151	#
460	830072	8	19	27	28	32	33	35	36	40	41	42	43	51	151	#
461	828413	33	34	41	42	43	45	50	51	52	53	59	60	61	151	#
462	812186	19	26	32	33	34	40	41	42	43	50	51	57	58	151	#
463	80361	57	#
464	754060	1	2	3	4	5	10	11	12	13	21	40	41	152	#
465	955665	5	8	11	12	13	19	20	21	53	54	60	61	152	#
466	854181	13	14	21	32	34	40	41	42	49	50	57	59	152	#
467	776703	4	5	6	10	11	12	13	19	43	44	51	59	152	#
468	773867	1	2	3	4	9	10	11	12	13	18	19	25	152	#
469	771675	1	2	3	4	5	8	9	10	11	12	13	17	152	#
470	1570086	3	17	18	25	32	33	34	35	40	41	42	43	44	45	49	50	51	52	53	57	58	59	60	61	62	153	#
471	1754279	11	12	14	15	19	20	22	32	33	34	40	41	42	48	49	50	51	53	55	57	58	59	60	61	62	153	#
472	1724500	20	28	29	33	35	36	37	38	39	42	43	44	45	46	47	49	50	51	52	53	54	55	61	62	63	153	#
473	1704298	28	29	30	31	35	36	37	38	39	44	45	46	47	50	51	52	53	54	55	58	59	60	61	62	63	153	#
474	1686243	11	24	28	29	32	35	36	37	38	40	41	43	44	45	46	49	50	51	52	57	58	59	60	61	62	153	#
475	1661803	10	11	12	19	20	28	29	30	31	35	36	37	38	39	44	45	46	47	53	54	55	60	61	62	63	153	#
476	456607	10	11	12	13	20	28	34	35	154	#
477	636741	5	11	12	13	20	21	22	23	154	#
478	541883	19	25	26	33	34	42	43	50	154	#
479	530567	12	20	28	36	43	44	45	53	154	#
480	485575	19	27	32	33	34	35	43	51	154	#
481	466317	19	20	21	27	28	29	35	36	154	#
482	544545	19	26	33	34	41	42	48	49	50	58	155	#
483	735407	25	33	34	35	41	42	43	49	50	58	155	#
484	723094	33	41	42	43	49	50	51	57	58	59	155	#
485	720786	25	33	41	42	43	50	51	57	58	59	155	#
486	708235	11	18	19	25	26	33	34	41	42	50	155	#
487	702011	33	41	42	43	49	50	51	52	57	58	155	#
488	264989	42	50	58	156	#
489	302299	49	50	58	156	#
490	265122	41	42	50	156	#
491	259104	50	57	58	156	#
492	133108	38	44	52	60	157	#
493	165508	30	37	38	39	157	#
494	157441	43	44	52	60	157	#
495	153355	43	44	51	52	157	#
496	47153	43	#
497	515251	22	23	29	30	31	38	39	158	#
498	591458	18	19	20	21	22	24	25	158	#
499	550660	1	13	21	29	30	36	37	158	#
500	413742	21	29	30	31	37	38	39	158	#
501	402106	29	30	31	37	38	39	46	158	#
502	383357	15	21	22	23	30	31	53	158	#
503	482793	29	30	37	46	54	159	#
504	482669	28	29	30	31	37	159	#
505	412210	53	54	55	62	63	159	#
506	400912	29	30	37	38	39	159	#
507	326424	31	37	38	39	46	159	#
508	205403	37	38	46	47	52	53	54	254	#
509	297689	26	27	36	37	44	45	46	254	#
510	128998	4	5	6	#
511	292892	27	28	29	37	44	45	46	161	#
512	393776	28	34	35	36	37	44	52	161	#
513	327626	11	12	19	20	21	27	28	161	#
514	310116	37	38	45	46	47	54	55	161	#
515	304848	21	29	30	37	38	39	46	161	#
516	267676	27	28	35	36	37	38	46	161	#
517	29153	48	#
518	541446	21	28	29	30	38	39	47	55	56	57	162	#
519	762998	11	12	19	20	27	28	29	30	31	36	162	#
520	752256	29	30	31	38	39	45	46	47	55	63	162	#
521	681705	30	38	45	46	47	53	54	55	62	63	162	#
522	653249	22	23	30	31	38	39	46	47	54	55	162	#
523	616551	18	29	30	37	38	39	45	46	47	54	162	#
524	495438	17	18	19	20	25	26	27	36	163	#
525	639832	17	18	25	26	32	33	36	41	163	#
526	620154	18	19	20	21	25	26	32	33	163	#
527	615492	8	16	17	18	24	25	32	33	163	#
528	559497	18	19	24	25	26	32	33	41	163	#
529	507698	17	18	19	25	26	27	33	36	163	#
530	491403	25	26	27	33	34	36	164	#
531	571814	24	25	32	33	36	46	164	#
532	544351	17	18	25	33	34	42	164	#
533	540026	24	25	26	32	33	42	164	#
534	533417	25	33	34	41	42	50	164	#
535	458424	19	28	29	30	36	37	164	#
536	130515	10	18	165	#
537	138914	18	25	165	#
538	99958	9	10	165	#
539	1187525	0	27	33	34	35	36	37	39	43	44	45	46	47	50	51	52	53	55	59	60	61	62	166	#
540	1342887	25	26	34	35	36	37	39	43	44	45	47	49	50	51	52	53	55	59	60	61	62	63	166	#
541	1293789	18	19	21	25	26	27	34	36	39	41	42	43	45	46	47	48	49	50	55	59	61	62	166	#
542	1280514	18	25	26	27	35	36	39	43	44	45	47	50	51	52	53	54	55	59	60	61	62	63	166	#
543	1228436	6	7	11	19	26	27	34	35	36	43	44	45	49	50	51	52	53	54	59	60	61	62	166	#
544	1204320	0	1	2	3	4	5	8	10	11	12	13	14	18	19	20	26	27	33	40	41	48	49	166	#
545	246734	2	62	63	167	#
546	279940	54	61	62	167	#
547	190994	55	62	63	167	#
548	187271	2	10	11	167	#
549	670686	0	1	8	16	17	24	25	26	32	33	40	41	168	#
550	718522	8	11	16	17	18	19	24	25	26	27	33	34	168	#
551	692374	26	27	33	34	42	43	44	45	50	52	60	61	168	#
552	677763	18	19	20	21	26	27	33	34	35	36	43	44	168	#
553	659156	0	1	8	16	17	18	19	24	25	26	27	33	168	#
554	651996	13	21	33	40	41	42	43	48	49	50	57	58	168	#
555	344330	13	14	15	21	22	23	169	#
556	514292	20	21	22	23	29	31	169	#
557	443840	12	20	21	22	28	36	169	#
558	420175	13	14	20	21	22	28	169	#
559	399937	14	15	17	21	22	23	169	#
560	375875	6	7	14	15	22	23	169	#
561	309306	34	35	41	42	50	170	#
562	394777	34	35	46	54	62	170	#
563	348210	33	34	41	42	50	170	#
564	333433	41	42	49	50	59	170	#
565	269598	2	10	25	33	42	170	#
566	167369	41	42	43	44	45	170	#
567	457187	8	9	16	17	24	25	171	#
568	448813	9	16	17	18	19	24	171	#
569	422450	0	8	16	17	24	32	171	#
570	417731	9	17	18	24	25	26	171	#
571	407881	17	18	25	33	42	43	171	#
572	362357	9	17	18	19	26	27	171	#
573	415493	3	4	5	11	12	13	14	19	172	#
574	580991	3	11	12	19	20	26	27	36	172	#
575	520060	18	19	20	26	27	28	36	37	172	#
576	514163	2	3	10	11	46	54	62	63	172	#
577	504141	12	13	14	20	21	22	28	29	172	#
578	464294	2	3	10	11	19	27	35	36	172	#
579	848819	5	30	36	37	38	39	46	47	54	55	62	63	173	#
580	921080	25	26	27	28	29	30	33	34	36	42	44	52	173	#
581	864824	23	36	37	39	44	46	47	52	53	54	55	63	173	#
582	810990	28	36	37	39	44	46	47	54	55	61	62	63	173	#
583	800250	30	36	37	38	39	46	47	54	55	61	62	63	173	#
584	799432	21	22	29	30	36	37	38	39	46	47	54	55	173	#
585	172123	33	41	174	#
586	225244	25	33	174	#
587	101383	41	42	174	#
588	356425	35	36	37	43	45	46	175	#
589	467136	31	39	46	47	54	62	175	#
590	455934	28	35	36	37	46	50	175	#
591	440346	27	33	34	35	36	43	175	#
592	436964	27	36	37	45	46	54	175	#
593	406708	27	34	35	36	43	51	175	#
594	167203	60	61	#
595	1657956	3	4	5	6	7	10	11	12	13	14	18	19	20	21	22	23	24	25	26	27	28	29	35	36	176	#
596	1936957	8	9	16	17	18	19	24	25	27	28	29	32	33	34	35	36	42	43	53	54	55	61	62	63	176	#
597	1848146	16	17	18	19	20	21	24	25	26	27	28	29	32	33	34	35	40	42	48	49	50	57	58	61	176	#
598	1819675	2	3	9	10	11	14	16	17	18	19	20	21	22	25	26	27	28	29	32	33	34	35	36	42	176	#
599	1791350	1	2	3	9	10	11	12	17	18	19	20	21	22	25	26	27	28	29	33	34	35	36	44	61	176	#
600	1789149	4	5	9	10	11	12	13	17	18	19	20	25	26	27	28	29	33	34	35	36	37	38	46	54	176	#
601	895922	13	14	15	20	21	22	23	28	29	30	33	34	177	#
602	973990	10	11	12	20	23	28	29	30	31	36	37	48	177	#
603	924887	4	5	12	13	14	15	20	21	22	23	29	30	177	#
604	867154	9	10	11	12	20	21	22	28	29	30	33	41	177	#
605	864921	4	11	12	13	20	21	22	23	28	29	30	38	177	#
606	835310	3	4	5	6	7	11	12	13	14	20	22	23	177	#
607	242180	15	23	31	178	#
608	285465	23	30	31	178	#
609	258811	23	31	39	178	#
610	369010	4	5	6	7	12	13	179	#
611	501348	5	12	13	21	22	23	179	#
612	455770	1	3	4	8	12	13	179	#
613	441262	5	13	21	22	29	37	179	#
614	431689	3	5	6	11	12	13	179	#
615	423861	5	6	11	12	13	21	179	#
616	1023541	35	36	43	46	50	51	52	53	54	58	59	60	61	62	63	180	#
617	1194018	23	29	30	31	37	38	39	45	46	47	53	54	61	62	63	180	#
618	1144791	43	44	49	50	51	52	53	54	57	58	59	60	61	62	63	180	#
619	1103880	27	29	30	31	36	37	38	44	45	46	47	49	53	54	62	180	#
620	1101943	17	18	24	25	32	40	48	49	50	56	57	58	59	60	61	180	#
621	1098991	29	30	33	37	38	45	46	47	52	53	54	60	61	62	63	180	#
622	1612132	2	3	4	5	6	7	8	9	11	12	13	14	18	19	20	26	27	28	29	33	34	36	37	38	39	44	46	47	54	181	#
623	1707465	18	24	26	27	28	29	30	31	32	33	35	36	37	38	39	42	43	44	46	47	49	50	52	53	54	55	61	62	63	181	#
624	1669872	2	3	4	5	6	7	10	11	12	13	14	17	18	19	20	21	22	25	28	29	33	36	37	44	46	47	55	61	62	181	#
625	1654586	3	4	5	6	7	13	14	15	20	22	23	27	28	29	36	37	38	39	43	44	45	46	47	52	53	54	55	62	63	181	#
626	1652096	2	3	4	5	6	7	10	13	14	18	19	20	25	26	32	36	37	38	40	44	45	46	47	52	53	54	55	61	62	181	#
627	1631544	18	19	20	25	27	28	29	30	33	34	35	36	37	38	41	42	43	44	45	46	47	50	51	52	53	54	55	58	63	181	#
628	52860	0	#
629	148294	5	13	182	#
630	163530	12	13	182	#
631	488892	3	4	11	12	19	25	26	27	36	183	#
632	566666	4	12	15	20	27	28	29	35	36	183	#
633	561392	19	25	26	27	34	35	36	42	50	183	#
634	550871	1	8	16	17	18	24	25	26	32	183	#
635	542297	27	28	29	34	35	36	42	43	44	183	#
636	488143	4	5	11	12	13	14	21	22	61	183	#
637	107891	6	40	48	184	#
638	131368	48	49	57	184	#
639	1400680	15	22	23	27	30	31	34	35	37	38	39	42	43	44	45	46	47	50	51	52	53	54	55	59	60	61	62	63	185	#
640	1822690	7	9	15	17	23	24	25	30	31	33	34	36	37	38	39	42	43	47	49	50	53	54	55	57	59	60	61	63	185	#
641	1794771	8	9	14	15	16	17	18	19	22	23	24	25	26	27	33	34	36	41	42	43	44	45	49	50	51	54	59	60	185	#
642	1636448	0	8	9	12	16	17	19	20	24	25	26	27	28	33	34	35	36	41	42	43	44	49	50	51	52	55	57	59	185	#
643	1574510	12	15	20	21	22	23	25	26	27	28	30	33	34	35	36	41	42	43	44	49	50	51	52	53	57	58	59	60	185	#
644	1573338	1	8	9	16	17	24	25	26	27	28	31	33	34	35	36	38	39	41	42	43	45	46	47	53	54	55	61	63	185	#
645	135562	28	29	186	#
646	150913	21	29	186	#
647	98037	28	36	186	#
648	270175	21	29	30	187	#
649	250749	29	30	37	187	#
650	222141	21	54	62	187	#
651	221481	28	29	30	187	#
652	461457	15	20	21	22	23	31	188	#
653	481093	14	15	22	23	30	31	188	#
654	463369	14	15	21	22	23	31	188	#
655	431195	14	15	22	23	31	39	188	#
656	428542	15	21	22	23	27	31	188	#
657	258920	4	5	13	15	21	22	188	#
658	243187	12	20	21	189	#
659	324655	11	19	20	189	#
660	263661	12	13	20	189	#
661	258712	13	20	21	189	#
662	258272	6	14	21	22	23	190	#
663	310450	21	22	23	30	31	190	#
664	293117	9	17	21	22	23	190	#
665	177242	4	5	6	7	14	190	#
666	174932	3	4	13	21	29	190	#
667	172298	6	13	14	21	22	190	#
668	788541	1	2	3	8	9	10	11	12	17	19	20	21	191	#
669	974180	1	2	8	9	10	11	16	17	18	24	25	33	191	#
670	879056	1	2	8	9	10	11	16	17	19	24	25	26	191	#
671	851778	1	2	3	8	9	10	11	12	16	17	19	61	191	#
672	842080	1	2	9	10	11	12	13	17	18	19	50	58	191	#
673	836080	1	8	16	17	18	22	24	25	26	33	47	57	191	#
674	348397	11	12	20	28	192	#
675	299794	12	20	27	28	192	#
676	297263	11	12	19	20	192	#
677	260735	4	5	11	12	192	#
678	176381	3	28	29	36	192	#
679	258675	2	9	10	11	17	193	#
680	260787	8	9	16	17	24	193	#
681	256598	2	9	10	11	19	193	#
682	238109	0	8	9	10	11	193	#
683	212761	2	3	9	10	11	193	#
684	507165	37	38	39	46	47	54	55	194	#
685	630228	29	30	37	38	46	54	55	194	#
686	572445	23	29	30	31	37	38	39	194	#
687	553284	29	37	38	39	46	47	54	194	#
688	474057	38	46	52	53	54	61	62	194	#
689	473550	14	38	39	47	55	62	63	194	#
690	20841	56	#
691	510170	13	20	21	22	23	28	29	37	195	#
692	575118	12	17	20	21	28	29	30	37	195	#
693	572260	12	13	20	21	22	28	29	32	195	#
694	563796	20	21	22	23	31	43	51	59	195	#
695	510874	5	12	13	20	21	27	28	29	195	#
696	431363	3	12	13	14	20	21	27	28	195	#
697	126026	61	62	196	#
698	139849	62	63	196	#
699	112993	60	61	196	#
700	193404	5	13	14	197	#
701	248523	12	13	14	197	#
702	205895	4	13	14	197	#
703	146357	5	6	13	197	#
704	222291	40	41	42	198	#
705	283494	32	40	41	198	#
706	186690	41	42	49	198	#
707	154688	35	42	43	198	#
708	670373	0	1	2	3	4	5	6	8	11	13	16	17	18	24	25	199	#
709	987372	1	2	3	4	5	6	11	12	13	14	15	20	22	23	31	199	#
710	985866	1	2	3	4	5	6	8	11	12	13	14	15	22	23	31	199	#
711	881312	3	4	5	12	13	14	15	22	23	30	31	35	36	44	52	199	#
712	877016	0	1	8	16	17	18	24	25	26	32	33	34	35	40	42	199	#
713	875386	1	2	3	4	5	8	11	13	16	18	24	25	26	32	40	199	#
714	788222	9	12	17	18	19	20	21	25	26	27	28	32	33	34	35	200	#
715	1067773	24	25	32	33	35	40	42	43	49	50	51	52	58	59	60	200	#
716	984436	9	11	13	17	18	19	20	21	24	25	26	32	33	34	40	200	#
717	956759	12	19	20	24	25	26	27	32	33	34	35	40	42	43	50	200	#
718	940545	6	11	12	13	14	15	17	18	19	20	21	22	29	37	38	200	#
719	939716	18	27	33	34	35	42	43	44	45	49	50	51	52	53	59	200	#
720	542612	16	17	18	24	25	26	27	33	41	201	#
721	669450	17	18	24	25	26	33	34	35	60	201	#
722	646822	9	17	18	24	25	26	32	33	34	201	#
723	644627	9	17	18	24	25	26	33	34	41	201	#
724	566437	18	24	25	26	32	33	40	41	42	201	#
725	534559	11	12	20	21	27	28	29	35	37	201	#
726	435269	16	24	32	40	48	56	202	#
727	467575	24	32	40	41	42	48	202	#
728	449720	16	24	32	40	41	48	202	#
729	448667	24	32	40	41	48	56	202	#
730	421623	32	40	48	56	57	58	202	#
731	327299	16	17	18	24	26	27	202	#
732	142582	58	59	203	#
733	129616	51	59	203	#
734	427331	1	32	33	40	41	42	49	204	#
735	541189	40	41	49	50	51	58	59	204	#
736	499896	33	34	41	42	50	51	59	204	#
737	488643	2	33	34	35	40	41	49	204	#
738	481146	16	24	32	33	34	40	41	204	#
739	406273	16	24	32	33	40	41	48	204	#
740	111607	63	#
741	882894	19	26	33	34	40	41	42	43	44	45	49	51	52	53	61	205	#
742	1173128	16	17	24	26	32	33	34	40	41	42	49	50	56	57	59	205	#
743	1120477	19	24	27	32	33	35	36	41	42	43	44	45	49	50	57	205	#
744	1093891	14	15	16	21	22	24	32	33	41	42	43	44	49	50	57	205	#
745	1091115	24	27	28	32	33	35	36	40	41	42	43	49	50	56	57	205	#
746	1067580	32	33	36	37	41	42	43	44	45	49	52	53	56	57	61	205	#
747	789016	16	17	24	25	32	33	40	42	48	49	50	56	57	58	206	#
748	937201	13	14	15	22	23	29	30	31	38	39	40	48	49	56	206	#
749	931964	5	6	11	12	13	14	22	40	48	49	50	56	57	58	206	#
750	842113	9	17	18	24	25	32	33	40	41	42	43	49	50	57	206	#
751	832732	25	26	32	33	34	35	40	41	42	43	49	50	51	58	206	#
752	813363	18	24	25	26	32	33	34	35	40	41	42	43	49	51	206	#
753	120714	17	53	207	#
754	146752	17	25	207	#
755	138344	52	53	207	#
756	306755	51	59	60	61	208	#
757	328000	53	54	61	62	208	#
758	304388	53	59	60	61	208	#
759	289545	40	51	59	60	208	#
760	49718	27	28	#
761	117383	58	59	#
762	247805	6	7	13	14	210	#
763	300678	4	5	13	14	210	#
764	280596	4	13	14	22	210	#
765	279652	5	6	14	22	210	#
766	129211	38	39	#
767	59742	47	#
768	511424	24	29	36	37	45	46	212	#
769	524815	24	25	26	33	34	41	212	#
770	455034	45	46	47	54	55	63	212	#
771	435857	29	30	36	37	38	46	212	#
772	394796	29	37	42	45	46	53	212	#
773	384829	36	37	44	45	46	52	212	#
774	191608	41	49	57	213	#
775	213156	40	41	49	213	#
776	1810278	0	8	9	10	16	18	24	25	30	31	32	33	37	38	39	40	41	42	45	46	47	48	49	50	52	53	54	55	58	60	61	214	#
777	2120833	10	11	12	18	20	25	27	28	29	30	31	33	34	35	36	37	38	39	42	43	44	45	46	47	50	51	53	54	55	61	63	214	#
778	2112097	0	2	3	4	5	8	9	10	11	12	13	16	18	19	20	24	25	27	28	29	30	31	32	38	39	46	47	53	54	55	63	214	#
779	2065354	10	11	12	18	19	20	24	25	26	27	28	30	31	32	33	34	35	36	38	39	40	41	42	43	44	47	49	50	51	55	59	214	#
780	2051465	12	16	18	19	20	24	25	27	28	29	30	32	33	34	35	36	37	38	39	42	43	45	46	47	51	53	54	55	60	61	63	214	#
781	2032693	0	8	9	10	12	16	18	19	20	24	27	28	31	33	34	35	36	42	43	44	45	46	47	49	50	51	53	54	55	58	59	214	#
782	229940	52	59	60	61	215	#
783	277840	43	50	51	59	215	#
784	230509	44	52	59	60	215	#
785	224863	44	51	52	60	215	#
786	186391	59	60	61	62	215	#
787	223649	29	30	216	#
788	212404	29	37	216	#
789	321594	4	18	19	20	25	26	217	#
790	452978	4	6	7	12	13	14	217	#
791	443633	4	12	13	19	20	21	217	#
792	349723	10	11	18	19	20	26	217	#
793	226688	3	10	11	19	26	27	217	#
794	198370	19	25	26	27	33	35	217	#
795	235767	43	51	52	218	#
796	264887	51	52	60	218	#
797	162396	42	43	51	218	#
798	1071839	17	18	19	26	27	28	31	34	35	36	39	44	45	52	56	57	58	219	#
799	1318701	4	12	13	18	19	20	28	40	41	49	50	51	52	57	58	59	60	219	#
800	1295359	26	27	28	32	35	40	41	43	44	49	50	51	52	57	58	59	60	219	#
801	1238391	17	18	19	21	22	26	27	28	29	30	31	34	35	36	37	44	52	219	#
802	1227506	32	34	40	41	42	44	48	49	50	51	52	56	57	58	59	60	61	219	#
803	1220975	6	21	23	26	27	28	29	30	31	34	35	43	51	52	59	60	61	219	#
804	687679	3	11	12	13	18	19	20	26	27	34	61	220	#
805	749868	5	10	11	12	13	14	30	31	39	45	46	220	#
806	735508	11	17	18	19	20	26	27	28	32	35	36	220	#
807	723582	10	11	17	18	19	25	26	27	28	34	42	220	#
808	703593	26	28	33	34	42	44	45	50	51	52	53	220	#
809	661913	2	3	11	12	16	17	18	19	26	27	34	220	#
810	1099292	1	2	8	9	10	11	12	16	17	18	19	20	21	24	26	27	28	29	35	36	221	#
811	1375704	2	8	9	10	16	17	24	32	37	39	45	46	47	52	54	55	59	60	62	63	221	#
812	1330066	1	2	3	4	5	6	8	10	11	12	13	16	17	20	21	24	25	29	32	40	221	#
813	1326650	8	11	16	17	18	19	21	24	25	26	27	29	30	32	33	35	36	37	40	48	221	#
814	1257863	1	2	8	9	11	16	17	18	19	24	25	26	27	32	33	40	41	42	62	63	221	#
815	1209895	1	2	3	4	10	11	12	18	19	29	37	38	39	45	46	47	54	55	62	63	221	#
816	206502	50	59	222	#
817	166568	49	50	222	#
818	137830	59	60	222	#
819	235657	51	59	223	#
820	204482	59	60	223	#
821	175619	51	52	223	#
822	185744	32	33	42	224	#
823	242731	33	41	49	224	#
824	234862	32	33	41	224	#
825	158032	41	42	50	224	#
826	485446	31	37	38	39	47	55	60	61	62	225	#
827	611133	39	47	53	54	55	60	61	62	63	225	#
828	606598	47	52	53	54	55	60	61	62	63	225	#
829	574772	30	50	52	53	57	58	59	60	61	225	#
830	553758	22	23	30	31	39	47	55	62	63	225	#
831	482087	2	3	4	5	10	12	23	31	39	225	#
832	730112	1	2	3	4	5	6	7	11	12	13	14	226	#
833	740461	3	4	5	6	11	12	13	20	21	28	29	226	#
834	718142	0	1	2	3	4	5	8	11	12	13	14	226	#
835	710072	4	5	6	7	13	30	36	37	38	47	57	226	#
836	684707	1	2	3	4	5	6	11	12	13	14	21	226	#
837	673010	3	4	5	6	10	11	12	13	14	20	38	226	#
838	557622	13	21	28	29	30	31	35	36	37	39	227	#
839	718906	12	13	14	25	26	33	34	42	44	62	227	#
840	708562	23	29	30	31	37	39	44	45	46	47	227	#
841	675734	26	34	35	36	42	43	44	50	51	58	227	#
842	657711	15	23	30	31	39	45	46	47	55	62	227	#
843	656353	28	33	35	36	41	42	43	44	50	51	227	#
844	64686	55	#
845	332881	4	5	12	13	20	21	228	#
846	371732	12	20	21	28	29	37	228	#
847	324399	4	5	13	20	21	22	228	#
848	318060	12	13	20	21	43	51	228	#
849	279049	4	12	13	14	21	22	228	#
850	270510	4	5	13	14	21	22	228	#
851	120952	14	#
852	224853	17	25	26	27	229	#
853	295399	0	8	25	62	229	#
854	281024	24	25	26	32	229	#
855	404804	41	42	44	45	48	49	52	53	57	60	231	#
856	573350	37	44	45	46	52	54	60	61	62	63	231	#
857	557628	26	27	32	35	40	41	48	49	50	57	231	#
858	515142	38	39	44	45	46	47	54	55	62	63	231	#
859	510866	32	40	41	48	49	50	56	57	58	59	231	#
860	510509	32	33	40	41	42	48	49	56	57	58	231	#
861	234371	54	55	#
862	204149	54	62	232	#
863	136975	47	55	232	#
864	620801	43	51	52	53	54	59	60	61	62	233	#
865	630130	49	51	52	56	57	58	59	60	61	233	#
866	566873	3	4	11	12	13	14	45	53	61	233	#
867	534361	2	3	4	10	11	13	14	16	61	233	#
868	524909	43	44	45	51	52	53	60	61	62	233	#
869	509010	42	43	44	51	52	59	60	61	62	233	#
870	1213325	4	12	13	14	19	20	21	27	28	36	37	38	43	44	45	46	49	52	54	57	234	#
871	1357059	4	13	19	20	21	26	27	28	29	30	34	37	38	44	45	46	47	54	55	62	234	#
872	1353181	30	31	35	36	38	39	42	43	44	45	46	47	52	53	54	55	59	60	61	62	234	#
873	1339128	19	20	21	25	26	27	28	29	34	35	36	37	38	44	46	47	52	54	55	62	234	#
874	1310114	27	29	30	31	35	36	37	38	39	40	43	44	45	46	47	52	53	54	55	62	234	#
875	1302625	9	11	17	19	24	25	26	27	32	33	34	35	40	41	42	43	48	49	56	57	234	#
876	133521	61	62	235	#
877	189682	53	61	235	#
878	119190	55	62	235	#
879	853965	18	24	25	32	33	34	35	36	41	42	43	49	51	59	236	#
880	1015916	17	25	33	34	41	42	43	49	50	51	56	57	58	59	236	#
881	953104	1	8	16	22	23	24	33	34	36	42	43	44	45	51	236	#
882	939811	33	34	35	41	42	43	44	49	50	51	57	58	59	60	236	#
883	911254	24	32	33	34	35	36	42	43	45	51	53	58	59	60	236	#
884	845298	35	37	38	43	44	45	46	49	50	51	53	57	58	59	236	#
885	818749	1	8	11	16	17	18	19	24	25	26	32	33	41	237	#
886	896795	8	15	16	17	18	22	23	24	25	32	40	41	48	237	#
887	879383	8	12	16	17	18	19	20	25	26	27	38	46	54	237	#
888	832821	0	1	4	8	12	13	16	21	22	29	32	40	41	237	#
889	824580	4	12	13	14	15	17	18	21	22	24	25	26	29	237	#
890	806223	8	16	17	18	19	24	25	26	27	32	36	40	44	237	#
891	2283110	3	5	6	7	9	11	12	13	17	18	20	21	25	26	27	28	29	32	33	34	35	36	38	40	41	42	43	44	48	49	50	51	52	53	57	58	59	60	61	62	63	238	#
892	2566146	4	5	6	12	13	14	15	17	18	20	21	22	23	25	27	28	29	30	31	33	35	36	37	38	39	41	42	45	47	49	50	51	52	53	54	55	59	60	61	62	63	238	#
893	2565185	3	4	9	11	12	16	17	18	20	25	26	27	28	29	30	31	32	33	34	35	36	38	39	40	41	42	43	47	48	49	50	51	54	55	57	58	59	60	61	62	63	238	#
894	2476360	2	3	4	5	6	10	11	12	13	14	17	18	19	20	21	25	26	27	28	29	30	31	32	33	34	35	36	37	38	39	41	42	44	47	50	54	55	59	61	62	63	238	#
895	2469398	1	3	4	8	9	10	11	12	13	16	17	18	19	20	25	26	27	28	32	33	34	35	40	41	42	47	48	49	50	51	52	53	54	55	57	58	59	60	61	62	63	238	#
896	2467294	4	5	12	13	14	15	20	21	22	23	25	26	27	28	29	31	32	33	34	35	37	38	39	40	41	42	43	47	48	49	50	51	54	55	57	58	59	60	61	62	63	238	#
897	573620	32	40	48	49	50	57	59	239	#
898	572831	40	48	49	50	57	59	60	239	#
899	549099	8	9	16	17	49	50	57	239	#
900	531829	40	48	49	50	52	59	60	239	#
901	467327	43	48	49	50	51	57	59	239	#
902	412390	16	18	23	24	25	26	32	239	#
903	936706	2	3	4	5	6	10	11	12	13	14	21	29	30	40	48	56	57	240	#
904	1203323	4	5	10	11	12	13	14	21	22	29	30	31	37	39	46	47	49	240	#
905	1161909	3	4	9	10	11	12	13	30	31	39	46	47	53	54	55	62	63	240	#
906	1119592	2	3	4	5	8	9	10	11	12	13	14	15	21	22	29	30	31	240	#
907	1073072	3	4	5	6	12	13	14	15	20	21	22	23	28	29	30	31	40	240	#
908	1039675	2	3	4	5	6	8	9	10	11	12	13	14	20	21	22	29	30	240	#
909	1082933	3	4	5	6	7	12	13	14	20	21	22	28	29	30	36	37	38	46	241	#
910	1279805	1	20	21	22	23	28	29	30	31	33	35	36	37	38	40	41	46	59	241	#
911	1233300	1	7	11	12	13	14	20	21	22	28	29	30	31	36	38	40	48	56	241	#
912	1217942	0	1	4	5	8	12	13	14	15	16	21	22	23	29	30	31	38	39	241	#
913	1198174	4	5	13	14	15	20	21	22	23	28	29	30	31	37	38	39	46	47	241	#
914	1167279	12	20	21	22	23	28	29	30	31	35	37	38	39	46	53	54	55	62	241	#
915	1065465	23	31	37	38	39	45	46	47	52	53	54	55	60	61	62	63	259	#
916	168584	50	58	59	242	#
917	148880	41	48	49	242	#
918	1035524	11	19	20	21	24	25	26	27	28	29	34	35	36	37	43	46	243	#
919	1126698	11	12	17	18	19	20	21	25	26	27	34	35	36	43	44	52	243	#
920	1122945	4	5	11	12	13	14	17	18	19	20	21	26	27	29	52	60	243	#
921	1122776	8	11	16	17	18	19	20	21	24	25	27	33	35	36	49	57	243	#
922	1007738	2	3	11	19	26	27	34	35	36	42	43	44	50	51	52	60	243	#
923	992477	3	11	12	16	17	18	19	24	25	26	27	28	34	35	42	43	243	#
924	323666	3	11	12	13	14	20	244	#
925	467251	12	20	21	29	30	31	244	#
926	288165	5	13	14	21	22	23	244	#
927	263696	5	12	13	14	21	22	244	#
928	202051	3	4	5	6	12	13	244	#
929	200472	3	4	5	6	11	19	244	#
930	843476	1	13	14	15	20	21	22	23	29	30	31	245	#
931	881310	20	21	22	24	25	29	32	37	38	40	46	245	#
932	859965	13	14	15	20	21	22	23	29	31	37	62	245	#
933	842936	20	28	29	30	31	37	38	39	46	54	62	245	#
934	785182	6	18	19	20	21	22	23	27	29	30	37	245	#
935	774423	14	15	21	22	23	29	30	31	37	38	46	245	#
936	1547215	33	34	35	42	43	44	45	48	49	50	51	52	53	54	55	56	57	58	59	60	61	62	63	246	#
937	1744366	17	18	19	24	25	32	33	40	42	44	45	48	49	50	51	52	53	54	56	57	58	59	60	246	#
938	1715764	24	32	33	34	37	40	42	46	48	49	50	51	52	53	54	56	57	58	59	60	61	62	63	246	#
939	1702382	9	14	16	17	18	19	20	21	22	24	25	26	27	29	30	32	33	34	37	40	42	43	51	246	#
940	1688809	19	26	32	33	34	40	42	43	44	45	46	49	50	51	52	53	54	55	59	60	61	62	63	246	#
941	1686832	21	22	23	29	30	31	37	38	44	45	46	50	51	52	53	54	55	58	59	60	61	62	63	246	#
942	1000362	17	25	32	33	40	41	42	43	48	49	50	51	57	58	247	#
943	1058769	24	25	32	33	40	41	42	43	49	50	51	57	58	59	247	#
944	1010162	27	28	29	35	36	43	46	51	52	53	54	60	62	63	247	#
945	958170	11	19	24	25	26	29	30	32	33	40	41	48	56	57	247	#
946	914030	19	20	24	26	27	28	32	33	35	36	41	42	43	51	247	#
947	913911	15	17	24	25	33	41	42	43	44	49	50	56	57	58	247	#
948	760554	4	11	12	13	14	15	18	19	20	21	22	23	26	27	28	29	30	248	#
949	941959	3	6	11	12	14	15	16	17	18	19	20	21	22	23	24	29	30	248	#
950	883395	8	12	13	14	15	16	20	21	22	23	29	30	31	37	38	39	47	248	#
951	873989	11	12	18	19	20	26	27	32	34	35	36	40	41	42	43	44	51	248	#
952	832141	6	9	12	14	15	20	21	22	23	29	30	31	37	38	39	46	47	248	#
953	822387	11	12	18	19	20	24	25	26	27	28	33	34	35	41	42	50	59	248	#
954	181024	58	59	249	#
955	148087	50	58	249	#
956	166736	46	53	54	250	#
957	144239	2	54	62	250	#
958	143069	38	46	47	250	#
959	105033	44	52	53	250	#
960	245105	42	43	51	59	251	#
961	313971	50	51	58	59	251	#
962	275033	22	23	43	51	251	#
963	253295	52	58	59	60	251	#
964	977631	1	2	3	4	8	9	17	45	52	53	54	55	61	62	63	252	#
965	961655	34	35	42	43	44	45	51	53	54	55	59	60	61	62	63	252	#
966	923482	0	8	9	12	13	17	18	19	20	25	26	33	34	35	42	252	#
967	888445	1	2	3	4	5	8	9	12	13	14	17	18	19	20	26	252	#
968	888050	26	34	35	36	43	44	45	51	53	54	55	60	61	62	63	252	#
969	875561	0	1	2	3	4	5	8	9	12	13	17	18	19	20	21	252	#
970	590637	14	15	19	20	21	22	23	26	27	28	29	31	253	#
971	849169	11	12	17	18	19	20	24	25	26	33	34	42	253	#
972	803386	11	12	14	19	20	21	22	24	25	28	32	33	253	#
973	775370	7	11	12	19	20	21	22	23	28	29	30	36	253	#
974	763704	8	11	16	17	18	19	24	25	26	27	28	36	253	#
975	747249	12	18	19	20	21	22	23	27	28	29	36	44	253	#
976	302959	30	31	33	38	39	46	47	254	#
977	425185	16	17	25	33	41	48	49	254	#
978	350422	30	31	38	39	46	47	55	254	#
979	309553	29	30	37	38	39	47	55	254	#
980	22600	3	4	#
981	241322	1	2	3	9	10	255	#
982	309412	1	2	3	10	11	255	#
983	271755	1	2	8	9	10	255	#
984	242229	3	28	36	44	45	255	#
985	158809	2	9	10	11	17	255	#
986	396905	6	13	14	15	20	21	22	23	256	#
987	565240	11	18	19	20	21	25	26	27	256	#
988	533285	4	11	12	13	17	18	19	20	256	#
989	498234	15	19	20	21	22	23	26	34	256	#
990	496478	6	9	14	15	16	17	22	23	256	#
991	457771	4	13	14	20	21	22	23	26	256	#
992	164251	13	14	21	257	#
993	211508	13	21	29	257	#
994	184994	4	13	14	257	#
995	172815	4	13	21	257	#
996	60413	3	4	13	258	#
997	88533	4	12	13	258	#
998	84639	4	5	13	258	#
999	1086092	37	38	43	45	46	47	51	52	53	54	55	59	60	61	62	63	259	#
1000	1130617	34	35	43	44	45	46	51	52	53	54	55	57	58	59	62	63	259	#
1001	1118199	21	28	29	37	38	45	46	47	51	52	53	54	55	61	62	63	259	#
1002	1084952	19	26	27	28	29	36	37	38	46	47	53	54	55	61	62	63	259	#
1003	389567	15	22	23	30	31	39	260	#
1004	496923	14	15	22	23	30	31	260	#
1005	480937	15	22	23	29	30	31	260	#
1006	468830	14	15	20	21	22	23	260	#
1007	371985	15	22	23	42	50	58	260	#
1008	292277	39	46	47	54	55	62	260	#
1009	2003820	1	2	3	4	8	11	12	16	17	18	19	20	24	25	26	32	33	34	38	39	42	46	47	54	55	60	61	62	63	261	#
1010	2143369	11	13	14	22	23	26	28	29	30	31	34	35	36	37	38	39	40	41	42	43	44	47	49	50	54	55	61	62	63	261	#
1011	2141615	3	4	8	11	12	13	14	16	17	18	19	20	24	25	26	27	28	32	33	34	35	36	40	41	42	43	49	50	57	261	#
1012	2103680	3	11	16	17	18	19	20	21	22	23	24	25	26	27	28	29	30	31	35	36	38	39	47	54	55	60	61	62	63	261	#
1013	2100915	9	17	18	19	20	21	23	24	25	26	29	30	31	32	36	37	38	39	40	43	44	47	52	54	55	60	61	62	63	261	#
1014	2034489	8	16	17	18	21	24	25	26	27	28	29	32	33	34	35	36	37	40	41	42	43	44	48	49	50	51	52	57	60	261	#
1015	1209612	5	6	7	14	15	21	22	23	30	31	37	38	45	46	47	53	54	61	62	262	#
1016	1338738	14	15	19	20	21	22	23	29	30	31	38	39	45	46	47	53	55	62	63	262	#
1017	1335457	1	2	3	4	5	6	7	8	9	11	12	13	14	20	21	22	23	29	42	262	#
1018	1323604	3	4	5	6	7	11	12	13	14	15	20	21	22	23	29	30	31	37	39	262	#
1019	1309293	4	12	13	14	15	20	21	22	23	29	30	31	37	38	39	45	46	47	55	262	#
1020	1285068	8	16	29	30	35	37	38	39	43	44	45	46	47	51	52	53	55	59	63	262	#
1021	303486	18	19	20	26	263	#
1022	324881	11	12	19	20	263	#
1023	270280	17	25	26	34	263	#
1024	258805	9	17	18	19	263	#
1025	160321	20	21	27	28	263	#
1026	116580	40	44	264	#
1027	79777	36	44	264	#
1028	1052778	33	37	38	40	41	42	43	46	47	48	49	50	53	54	55	56	62	63	265	#
1029	1257685	15	23	31	36	37	38	39	44	46	47	52	53	54	55	59	60	61	62	265	#
1030	1224284	15	22	23	31	37	38	39	46	47	52	53	54	55	59	60	61	62	63	265	#
1031	1223855	30	31	37	38	40	41	46	47	52	53	54	55	58	59	60	61	62	63	265	#
1032	1209748	26	33	34	40	41	42	43	48	49	50	52	53	54	58	59	60	61	62	265	#
1033	1167359	15	22	23	30	31	37	38	39	44	46	47	52	53	54	55	60	61	62	265	#
1034	767409	3	4	5	6	7	11	12	13	14	21	22	29	37	266	#
1035	1022606	5	6	7	14	49	50	51	54	55	59	61	62	63	266	#
1036	892667	4	5	6	12	13	14	20	21	22	23	29	30	37	266	#
1037	858961	2	3	4	5	12	13	14	21	22	29	30	37	46	266	#
1038	824167	3	4	5	6	7	12	13	14	21	22	23	29	37	266	#
1039	812112	4	5	12	13	20	21	22	29	30	31	37	39	46	266	#
1040	353442	15	16	23	24	25	30	267	#
1041	421748	16	17	18	25	26	33	267	#
1042	401577	16	17	25	26	33	53	267	#
1043	365200	16	17	24	25	26	34	267	#
1044	302568	22	23	29	30	31	39	267	#
1045	263784	30	38	39	46	47	55	267	#
1046	319967	39	40	41	48	49	56	57	268	#
1047	435162	26	33	34	35	41	42	43	268	#
1048	421629	48	49	50	56	57	58	59	268	#
1049	410890	29	30	31	38	39	46	47	268	#
1050	402246	42	48	49	50	56	57	58	268	#
1051	396526	40	41	42	43	48	49	56	268	#
1052	535890	0	15	23	29	30	31	38	39	46	269	#
1053	615947	13	15	21	23	25	29	30	31	38	269	#
1054	568833	15	22	23	30	31	38	46	47	55	269	#
1055	563188	37	38	46	47	54	55	61	62	63	269	#
1056	538710	13	20	21	29	30	31	37	38	47	269	#
1057	535043	0	8	16	17	43	51	52	59	60	269	#
1058	92722	45	53	#
1059	371577	4	5	6	7	12	13	14	270	#
1060	501359	4	11	12	13	14	22	23	270	#
1061	438239	6	7	13	14	15	22	23	270	#
1062	408199	4	6	10	11	12	13	14	270	#
1063	398357	5	6	13	14	22	23	29	270	#
1064	396583	4	5	10	11	12	13	20	270	#
1065	529597	45	46	53	54	55	60	61	62	63	271	#
1066	682795	9	28	29	36	37	46	54	55	63	271	#
1067	620767	49	50	51	52	53	54	59	60	61	271	#
1068	597549	36	37	45	46	51	52	53	54	59	271	#
1069	596571	36	37	45	46	53	54	55	62	63	271	#
1070	580211	9	40	41	48	54	55	56	62	63	271	#
1071	514509	44	45	51	52	53	60	61	62	272	#
1072	610843	36	44	45	51	52	53	54	60	272	#
1073	549493	38	47	52	53	54	55	61	62	272	#
1074	544448	44	50	51	52	53	59	60	61	272	#
1075	529499	43	45	51	52	53	59	60	61	272	#
1076	523345	5	27	35	43	44	51	52	59	272	#
1077	551821	43	49	50	51	58	59	60	273	#
1078	563033	47	53	54	55	60	61	62	273	#
1079	520414	50	51	56	57	58	59	60	273	#
1080	519418	33	40	41	42	43	50	51	273	#
1081	469502	42	43	50	51	57	58	59	273	#
1082	440099	4	12	13	14	15	21	50	273	#
1083	2380789	3	4	5	6	7	11	12	13	14	15	17	18	19	20	21	22	23	24	25	26	27	28	29	30	31	32	33	34	35	36	37	39	41	42	43	51	52	53	60	274	#
1084	2713424	1	3	4	9	11	12	13	14	16	17	18	19	20	22	23	25	26	27	28	29	30	31	33	34	35	36	37	39	40	41	42	43	45	49	50	51	53	54	61	274	#
1085	2707869	0	1	2	3	4	6	7	8	9	11	13	14	15	16	17	19	20	21	22	23	24	25	26	29	32	33	34	35	42	49	50	53	54	55	57	58	59	62	63	274	#
1086	2626878	3	4	5	6	11	12	13	14	18	19	20	21	22	23	25	26	28	29	30	31	33	34	36	37	43	45	46	51	52	53	54	55	57	58	59	60	61	62	63	274	#
1087	2588973	3	4	5	6	11	13	14	16	17	19	20	21	22	23	25	26	27	28	29	30	31	33	34	35	36	37	41	42	43	49	50	51	52	57	58	59	60	61	62	274	#
1088	2538804	3	4	9	11	12	13	14	16	17	19	20	21	22	24	25	26	27	28	29	30	32	33	34	35	36	37	40	41	42	43	49	50	51	52	53	57	58	59	60	274	#
1089	1604268	2	3	4	5	6	11	12	13	14	15	19	20	21	22	23	27	28	29	30	31	36	37	39	44	46	275	#
1090	1764090	1	2	3	4	5	6	7	10	11	12	13	14	15	20	21	22	23	28	29	30	38	54	55	62	63	275	#
1091	1739580	1	2	3	4	5	6	7	11	12	13	14	15	17	18	19	20	21	22	23	26	27	28	29	30	36	275	#
1092	1736119	2	3	4	6	7	11	12	13	14	18	19	20	21	22	27	28	29	30	34	36	44	50	52	59	60	275	#
1093	1734534	0	1	2	3	4	5	6	7	8	9	10	11	12	13	14	15	19	20	21	22	23	29	30	51	59	275	#
1094	1633397	0	1	2	3	4	5	8	10	11	12	13	14	18	19	20	22	25	26	27	28	29	30	33	36	39	275	#
1095	209874	11	12	20	276	#
1096	177153	3	11	12	276	#
1097	121249	20	21	28	276	#
1098	275450	39	47	54	55	62	63	277	#
1099	332225	30	31	38	39	47	55	277	#
1100	284799	47	53	55	60	61	62	277	#
1101	238739	38	46	47	54	55	62	277	#
1102	234796	38	39	47	55	62	63	277	#
1103	234694	37	39	46	47	55	62	277	#
1104	269236	11	19	27	28	278	#
1105	257817	21	28	29	37	278	#
1106	240915	3	11	19	27	278	#
1107	228764	3	11	18	19	278	#
1108	209214	15	27	36	37	278	#
1109	1506475	6	14	16	17	23	24	25	30	31	32	33	38	40	42	43	48	49	50	56	58	59	60	279	#
1110	1381704	6	14	15	21	22	23	25	27	29	30	31	33	35	36	42	43	44	50	51	58	59	60	279	#
1111	1375190	4	24	25	26	29	30	31	32	33	38	42	44	45	46	49	50	51	52	53	58	59	60	279	#
1112	1351498	9	14	15	16	17	22	24	25	26	27	32	33	34	36	40	42	43	44	48	49	50	58	279	#
1113	1325922	0	9	16	17	24	25	26	32	33	36	40	42	43	44	48	49	50	51	56	58	59	60	279	#
1114	1301824	9	17	24	25	26	27	28	32	33	35	36	40	41	42	43	48	49	50	51	58	59	60	279	#
1115	832067	29	36	37	38	44	52	53	54	60	61	62	63	280	#
1116	788233	19	20	27	28	29	30	31	37	38	39	46	47	280	#
1117	765750	19	20	26	27	28	29	30	36	37	38	46	59	280	#
1118	765164	19	20	28	29	37	38	45	46	53	54	60	61	280	#
1119	750355	27	36	37	44	46	52	53	54	60	61	62	63	280	#
1120	743424	29	37	38	44	45	46	52	53	54	61	62	63	280	#
1121	1026876	38	44	45	46	47	51	52	53	54	55	57	58	59	60	61	62	63	281	#
1122	1304113	33	34	35	36	42	44	49	50	51	52	53	54	57	58	59	60	61	281	#
1123	1262241	33	34	42	43	44	47	49	51	52	53	54	55	59	60	61	62	63	281	#
1124	1217910	33	36	41	42	43	44	49	51	52	53	54	55	59	60	61	62	63	281	#
1125	1187203	29	30	31	36	37	38	39	44	47	52	53	54	55	60	61	62	63	281	#
1126	1178510	30	31	38	39	43	47	51	52	53	54	55	58	59	60	61	62	63	281	#
1127	55450	15	22	#
1128	98826	37	38	282	#
1129	89266	37	46	282	#
1130	198158	9	10	11	19	283	#
1131	283587	3	11	12	13	283	#
1132	270552	9	10	11	17	283	#
1133	268889	10	11	12	19	283	#
1134	247775	10	34	35	36	283	#
1135	551821	4	13	14	15	22	23	31	39	284	#
1136	638629	22	23	30	31	38	39	46	54	284	#
1137	616476	21	23	29	30	31	38	39	46	284	#
1138	599352	13	14	15	22	23	30	31	39	284	#
1139	514834	1	6	7	8	9	14	58	59	284	#
1140	433143	21	22	23	30	31	37	38	39	284	#
1141	76529	34	#
1142	224000	12	20	28	285	#
1143	259633	20	21	29	285	#
1144	126949	4	5	12	285	#
1145	357428	27	34	35	36	44	45	52	286	#
1146	479024	20	26	27	28	34	35	36	286	#
1147	454410	27	34	35	36	43	44	61	286	#
1148	443780	19	27	34	35	36	43	51	286	#
1149	418346	33	34	35	36	44	45	46	286	#
1150	392791	14	44	50	52	58	59	60	286	#
1151	197381	2	3	10	11	287	#
1152	281184	3	11	19	20	287	#
1153	161658	2	3	4	12	287	#
1154	94011	3	48	56	57	287	#
1155	499554	0	1	2	3	5	6	8	9	10	16	288	#
1156	642992	0	1	2	8	9	10	11	17	25	42	288	#
1157	611908	1	2	3	4	8	9	10	11	12	13	288	#
1158	589206	1	2	3	4	8	9	10	16	17	25	288	#
1159	578049	4	5	6	7	12	13	14	21	22	29	288	#
1160	553437	0	1	2	3	8	9	10	11	50	58	288	#
1161	221956	38	39	47	57	289	#
1162	327522	30	31	38	39	289	#
1163	291283	31	38	39	47	289	#
1164	262775	30	38	39	47	289	#
1165	198935	49	56	57	58	289	#
1166	336301	27	36	43	44	45	290	#
1167	313336	35	36	43	44	45	290	#
1168	298430	44	45	46	52	53	290	#
1169	230157	0	26	27	28	36	290	#
1170	204162	27	28	35	36	43	290	#
1171	1349929	11	12	13	14	16	17	18	24	25	26	27	32	33	40	41	42	48	49	57	291	#
1172	1449254	8	11	12	16	18	19	24	25	26	27	28	29	32	33	36	40	41	48	49	291	#
1173	1426610	11	12	18	19	25	26	27	28	29	30	33	34	36	38	41	42	49	55	63	291	#
1174	1404561	16	18	21	24	25	26	27	28	29	32	33	34	36	40	41	42	49	50	57	291	#
1175	1358091	1	8	11	16	17	18	19	24	25	26	27	32	33	36	37	40	44	45	46	291	#
1176	1330732	28	29	32	33	34	37	39	40	41	45	46	47	48	49	54	55	56	57	63	291	#
1177	306098	32	33	42	292	#
1178	273529	32	33	41	292	#
1179	222204	33	34	42	292	#
1180	202691	33	41	42	292	#
1181	722370	24	32	33	40	41	48	49	50	52	56	57	58	59	60	293	#
1182	1022283	18	36	37	38	44	46	47	54	55	59	60	61	62	63	293	#
1183	887369	39	46	47	51	52	53	54	55	57	58	59	60	61	62	293	#
1184	807531	39	43	44	45	46	47	51	52	53	54	55	60	61	62	293	#
1185	747974	24	32	33	34	40	41	42	43	50	51	52	58	59	60	293	#
1186	736699	24	27	32	33	34	35	40	41	43	48	49	51	57	58	293	#
1187	421868	36	37	42	43	44	45	51	294	#
1188	486180	28	29	36	37	44	45	52	294	#
1189	412576	26	27	35	36	37	44	45	294	#
1190	408369	32	33	41	42	43	49	50	294	#
1191	407418	44	45	51	52	53	60	61	294	#
1192	400109	21	27	28	29	30	36	37	294	#
1193	241494	30	37	38	46	47	295	#
1194	176909	37	38	45	46	47	295	#
1195	172608	31	38	39	47	55	295	#
1196	120094	38	39	46	47	54	295	#
1197	324081	60	61	62	63	296	#
1198	359961	54	55	62	63	296	#
1199	357003	47	55	62	63	296	#
1200	283079	52	53	60	61	296	#
1201	1173588	3	4	5	11	12	13	15	16	17	18	19	20	21	22	23	24	25	33	36	37	41	46	297	#
1202	1546772	17	18	19	24	25	32	33	34	40	41	42	43	48	50	55	56	57	58	59	60	61	62	297	#
1203	1469536	11	17	18	19	20	24	25	26	28	32	33	34	40	41	42	48	49	50	56	57	58	59	297	#
1204	1443208	3	4	9	11	16	17	18	19	24	25	26	32	33	34	40	42	50	53	54	55	61	62	297	#
1205	1426677	8	11	16	17	18	19	20	21	22	24	25	29	32	33	34	40	42	43	48	49	50	58	297	#
1206	1420181	11	13	15	16	17	18	19	20	21	22	23	24	25	27	32	33	34	40	42	43	50	59	297	#
1207	749762	13	21	28	29	30	35	36	37	38	39	46	47	54	298	#
1208	1049432	29	30	31	37	38	46	51	52	53	54	55	62	63	298	#
1209	966929	28	29	30	36	37	38	39	46	47	54	55	62	63	298	#
1210	914772	19	20	24	25	26	27	28	32	33	35	42	43	51	298	#
1211	910293	21	28	29	30	37	38	46	47	49	53	54	55	62	298	#
1212	875029	5	6	11	12	13	14	19	20	21	28	29	30	48	298	#
1213	46413	27	#
1214	578440	26	27	32	33	34	35	41	42	299	#
1215	776613	18	26	32	33	34	41	49	50	299	#
1216	766169	25	33	34	40	41	42	49	50	299	#
1217	760781	24	25	32	33	41	50	59	60	299	#
1218	664405	24	32	33	40	41	48	49	56	299	#
1219	615901	18	25	26	27	33	34	41	42	299	#
1220	93255	8	#
1221	311169	19	20	27	28	36	300	#
1222	321742	27	28	29	35	36	300	#
1223	315748	11	19	26	27	34	300	#
1224	271878	19	27	28	35	36	300	#
1225	271448	27	28	36	37	44	300	#
1226	250763	19	20	27	28	35	300	#
1227	1009906	18	19	26	27	32	33	34	35	36	40	41	42	43	44	48	49	50	59	301	#
1228	1264071	34	35	42	43	44	45	46	48	49	50	51	52	53	57	59	60	61	63	301	#
1229	1246047	39	40	41	46	47	48	49	50	51	54	55	56	57	59	60	61	62	63	301	#
1230	1234409	5	11	12	13	18	19	20	24	25	26	27	28	32	33	34	35	36	39	301	#
1231	1229541	1	8	16	18	19	24	25	26	32	33	34	40	41	42	48	49	50	57	301	#
1232	1215040	2	16	18	24	25	26	32	33	34	40	41	42	48	49	50	51	57	59	301	#
1233	175376	7	45	53	61	302	#
1234	218107	53	54	61	62	302	#
1235	215902	45	53	60	61	302	#
1236	135139	4	5	6	7	302	#
1237	209193	43	44	52	60	303	#
1238	267494	35	36	43	44	303	#
1239	233655	45	52	53	60	303	#
1240	114311	16	42	43	51	303	#
1241	872464	35	36	37	38	42	43	44	45	46	47	51	52	53	54	55	61	62	63	304	#
1242	1135332	20	21	28	29	36	37	38	43	46	47	51	52	54	55	60	61	62	63	304	#
1243	1113756	26	32	33	34	35	36	40	42	43	48	49	50	51	52	57	58	59	60	304	#
1244	1050038	1	2	21	27	29	30	35	36	37	38	43	46	47	51	54	55	62	63	304	#
1245	1038234	18	19	20	21	22	25	26	27	28	29	35	36	37	43	46	51	52	54	304	#
1246	1018124	4	12	24	25	32	33	34	41	42	43	48	49	50	51	52	57	58	59	304	#
1247	384730	21	29	37	38	39	47	305	#
1248	506479	15	23	31	38	39	47	305	#
1249	460407	23	31	37	38	39	47	305	#
1250	417055	21	29	30	38	39	47	305	#
1251	381158	4	5	13	21	22	29	305	#
1252	379489	5	13	21	37	38	39	305	#
1253	670035	33	34	40	41	42	43	49	50	306	#
1254	654262	33	34	39	42	43	50	58	59	306	#
1255	633251	17	25	26	32	33	40	41	42	306	#
1256	625320	34	41	42	43	49	50	58	59	306	#
1257	622405	24	26	32	33	34	40	41	42	306	#
1258	579309	27	32	33	34	35	42	43	50	306	#
1259	1062453	18	19	27	28	35	36	37	38	39	43	44	45	46	47	51	52	54	55	62	307	#
1260	1279889	29	30	35	36	37	38	39	43	44	45	46	47	51	52	53	54	55	61	63	307	#
1261	1249416	26	27	28	29	36	37	38	39	44	45	46	51	52	53	54	55	61	62	63	307	#
1262	1239574	15	17	25	26	34	35	37	38	41	42	43	44	45	46	51	52	53	54	59	307	#
1263	1236227	6	13	14	15	21	22	23	31	39	43	44	45	46	51	52	53	54	55	63	307	#
1264	1205577	26	34	35	37	38	42	43	44	45	46	47	50	51	52	53	54	55	62	63	307	#
1265	169938	5	6	13	308	#
1266	116155	4	5	13	308	#
1267	344706	3	11	12	19	27	309	#
1268	374503	19	25	26	27	34	309	#
1269	334140	3	10	11	12	19	309	#
1270	312709	3	11	19	26	27	309	#
1271	269343	11	12	20	21	28	309	#
1272	249899	2	3	10	11	19	309	#
1273	932205	16	17	24	25	30	38	39	43	44	45	46	47	52	53	54	55	61	310	#
1274	1233716	11	16	17	18	19	24	25	26	34	49	50	55	57	59	60	62	63	310	#
1275	1138178	21	29	30	31	36	37	38	39	43	44	46	47	54	55	61	62	63	310	#
1276	1058214	36	37	38	39	46	47	52	54	55	56	57	58	59	60	61	62	63	310	#
1277	1058051	21	29	36	37	38	39	44	45	46	47	52	54	55	60	61	62	63	310	#
1278	1053838	21	28	29	30	31	36	37	38	39	45	46	47	54	55	61	62	63	310	#
1279	193199	20	37	311	#
1280	167435	19	20	311	#
1281	74842	37	46	311	#
1282	541830	36	44	45	46	51	52	53	312	#
1283	676276	36	44	45	50	51	58	59	312	#
1284	587183	44	50	51	52	58	59	60	312	#
1285	585032	33	42	43	50	51	58	59	312	#
1286	538264	44	45	46	53	54	55	62	312	#
1287	522738	44	51	52	53	60	61	62	312	#
1288	1242313	17	18	19	20	21	26	27	28	29	30	31	34	35	36	37	38	39	45	46	47	313	#
1289	1578736	17	18	19	20	24	25	26	27	28	32	33	35	40	41	42	43	49	50	56	57	313	#
1290	1445333	19	23	24	25	26	27	32	33	34	36	40	41	42	43	44	45	49	50	52	53	313	#
1291	1437782	9	17	18	19	20	24	25	26	27	28	32	33	34	35	36	40	41	42	43	50	313	#
1292	1415413	10	11	12	17	18	19	20	25	26	27	28	29	30	31	33	34	35	36	37	46	313	#
1293	1400929	17	18	19	20	25	26	27	28	33	34	36	37	38	42	44	45	50	52	62	63	313	#
1294	438541	21	28	29	30	37	38	314	#
1295	505325	29	30	31	37	38	46	314	#
1296	483408	29	30	37	38	54	62	314	#
1297	445354	3	11	12	20	21	22	314	#
1298	426146	29	30	36	37	38	39	314	#
1299	420973	13	20	21	28	29	30	314	#
1300	452888	19	20	21	28	29	30	315	#
1301	517506	14	15	20	21	22	23	315	#
1302	370682	3	4	12	19	20	26	315	#
1303	364382	19	20	21	22	28	29	315	#
1304	348842	21	29	30	37	38	39	315	#
1305	344773	12	19	20	26	27	28	315	#
1306	238567	3	9	10	11	12	316	#
1307	290153	3	11	12	18	19	316	#
1308	279927	8	9	10	16	17	316	#
1309	272542	3	4	10	11	12	316	#
1310	251479	3	4	11	12	13	316	#
1311	192438	2	3	4	10	11	316	#
1312	444816	31	40	48	49	56	57	317	#
1313	533108	40	48	49	50	57	59	317	#
1314	530517	32	40	48	49	50	56	317	#
1315	407260	48	49	50	56	57	58	317	#
1316	393831	40	41	48	49	56	57	317	#
1317	347964	26	34	35	48	49	56	317	#
1318	315433	42	49	50	59	318	#
1319	324232	49	50	57	59	318	#
1320	301861	49	50	58	59	318	#
1321	261852	50	58	59	60	318	#
1322	168489	41	42	43	50	318	#
1323	381370	25	26	32	33	34	319	#
1324	386462	24	25	33	51	59	319	#
1325	342882	24	32	33	40	48	319	#
1326	321473	18	19	25	26	34	319	#
1327	320050	18	19	25	26	33	319	#
1328	276249	11	19	26	34	35	319	#
1329	357915	2	3	4	6	11	18	19	20	320	#
1330	501868	6	7	14	15	20	21	22	23	320	#
1331	477401	1	2	3	8	9	11	16	24	320	#
1332	407912	16	17	18	24	25	26	27	28	320	#
1333	402908	10	11	19	20	21	24	28	49	320	#
1334	390898	3	4	11	18	19	20	21	28	320	#
1335	157447	22	23	321	#
1336	162042	15	23	321	#
1337	136601	15	22	321	#
1338	275989	8	16	17	18	322	#
1339	360977	16	17	25	33	322	#
1340	294942	16	17	25	26	322	#
1341	290623	17	18	25	26	322	#
1342	192730	0	8	16	24	322	#
1343	531558	4	5	11	12	13	20	21	22	23	323	#
1344	673296	12	18	20	21	22	28	29	30	31	323	#
1345	542689	13	18	19	20	21	22	28	59	60	323	#
1346	517433	5	6	14	15	22	23	30	31	38	323	#
1347	513431	4	5	6	12	13	20	21	22	23	323	#
1348	513051	15	22	23	30	31	37	38	39	46	323	#
1349	607878	1	8	9	16	17	18	19	24	25	26	324	#
1350	709895	1	8	9	16	17	18	24	25	26	32	324	#
1351	704481	1	8	9	16	17	18	24	25	32	33	324	#
1352	691249	8	9	16	17	18	24	25	26	34	42	324	#
1353	650447	17	18	19	24	25	26	34	39	42	50	324	#
1354	627397	1	8	9	17	18	25	26	27	34	46	324	#
1355	526159	11	19	20	26	27	35	36	43	44	52	53	325	#
1356	710432	27	36	38	44	45	46	47	53	54	61	62	325	#
1357	691486	35	36	37	44	52	53	54	59	60	61	62	325	#
1358	644356	27	28	36	37	44	45	46	52	53	59	60	325	#
1359	643464	27	28	29	30	31	36	37	38	39	44	47	325	#
1360	632847	19	20	26	28	29	36	37	43	44	46	54	325	#
1361	1327717	0	1	8	9	10	11	12	17	18	19	20	24	25	26	27	28	29	32	36	37	38	40	326	#
1362	1446280	12	16	17	18	19	20	22	23	24	25	26	27	28	29	30	33	36	37	38	46	54	56	326	#
1363	1395722	0	1	2	8	9	10	11	16	17	18	19	24	25	26	28	33	34	37	46	47	53	54	326	#
1364	1384579	1	2	9	10	17	18	19	25	26	29	33	34	38	42	45	47	53	54	55	61	62	63	326	#
1365	1379917	9	16	17	18	19	20	24	25	26	27	28	29	30	33	34	36	37	38	41	42	47	49	326	#
1366	1379622	4	11	12	16	17	18	19	20	24	25	26	27	28	29	33	34	36	37	38	44	57	58	326	#
1367	140023	9	16	17	327	#
1368	163059	6	16	17	327	#
1369	189650	54	58	59	328	#
1370	274157	49	50	59	328	#
1371	248511	45	53	54	328	#
1372	142400	50	58	59	328	#
1373	288190	11	12	19	20	329	#
1374	277052	1	2	12	20	329	#
1375	179827	20	21	28	57	329	#
1376	164727	11	18	19	26	329	#
1377	338337	43	44	45	46	54	60	330	#
1378	496156	44	45	46	53	54	61	330	#
1379	409755	7	29	37	45	46	54	330	#
1380	401199	44	45	46	53	60	61	330	#
1381	362463	16	44	45	46	53	54	330	#
1382	294412	43	44	45	52	53	54	330	#
1383	91515	37	38	47	331	#
1384	135143	36	37	38	331	#
1385	1933290	3	4	8	10	11	12	13	14	15	16	17	18	19	21	22	24	25	26	27	28	29	30	33	34	35	36	40	41	42	43	44	332	#
1386	2370004	1	4	5	6	7	8	11	12	13	14	16	17	18	19	20	21	22	23	24	25	26	27	28	31	33	34	42	43	44	51	59	332	#
1387	2320144	1	4	5	8	10	11	12	13	16	17	18	19	20	21	24	25	26	27	28	33	34	35	40	41	42	43	44	49	50	51	59	332	#
1388	2242346	5	10	11	12	13	14	15	16	17	18	19	20	21	22	23	24	25	26	27	30	31	34	35	39	43	47	51	53	54	61	62	332	#
1389	2180645	15	16	17	18	19	21	22	23	24	25	26	27	28	29	30	31	33	34	37	38	39	40	41	42	43	44	47	49	50	51	59	332	#
1390	2172317	1	8	9	10	11	12	16	17	18	19	23	24	25	26	27	28	30	32	33	34	35	40	41	42	43	44	48	49	50	51	59	332	#
1391	356275	17	18	25	26	27	34	35	43	333	#
1392	477597	27	34	35	41	42	43	51	56	333	#
1393	459809	19	27	28	29	36	37	44	46	333	#
1394	426404	0	1	8	16	18	24	25	26	333	#
1395	382482	7	19	26	27	34	35	36	43	333	#
1396	360642	18	19	26	27	34	35	36	42	333	#
1397	242224	45	46	53	54	334	#
1398	242390	38	45	46	47	334	#
1399	152774	52	53	54	60	334	#
1400	431070	53	54	55	61	62	63	335	#
1401	466295	54	58	59	60	61	62	335	#
1402	429914	38	46	54	55	62	63	335	#
1403	351609	52	53	58	59	60	61	335	#
1404	342066	45	46	53	54	61	62	335	#
1405	302101	38	39	46	47	55	62	335	#
1406	1186589	17	18	24	25	32	33	34	41	42	43	49	50	55	57	58	63	336	#
1407	1306484	1	2	8	16	17	24	32	33	34	41	42	49	50	58	59	60	336	#
1408	1209864	25	33	41	42	45	46	49	50	52	53	54	58	59	60	61	62	336	#
1409	1196690	5	6	14	21	22	23	24	32	33	41	42	49	50	57	58	59	336	#
1410	1171740	0	8	16	17	18	19	20	21	22	24	25	27	29	30	32	33	336	#
1411	1157305	24	32	33	34	37	45	46	47	53	54	55	59	60	61	62	63	336	#
1412	227833	18	25	26	34	337	#
1413	300704	1	25	32	33	337	#
1414	238043	26	34	50	59	337	#
1415	226575	25	33	34	42	337	#
1416	198261	18	24	25	26	337	#
1417	223714	36	37	44	338	#
1418	199649	27	35	36	338	#
1419	177305	27	36	44	338	#
1420	132391	37	38	46	338	#
1421	703314	1	2	3	9	10	11	18	19	20	24	25	26	339	#
1422	974857	18	24	25	32	33	34	36	37	40	41	42	49	339	#
1423	849082	16	17	18	19	24	25	32	33	34	40	41	49	339	#
1424	806100	3	10	11	18	19	20	21	29	30	56	62	63	339	#
1425	773841	1	10	11	18	19	20	27	28	29	35	36	37	339	#
1426	758400	1	2	3	8	9	10	11	15	22	23	30	31	339	#
1427	505204	13	20	21	28	29	30	31	39	340	#
1428	633725	29	30	51	52	53	58	59	60	340	#
1429	610260	13	20	21	22	23	29	30	31	340	#
1430	581456	14	21	22	23	29	30	31	39	340	#
1431	558386	21	22	23	29	30	31	39	47	340	#
1432	533019	20	27	28	29	30	31	36	44	340	#
1433	27539	16	#
1434	713215	22	23	30	31	38	39	54	60	61	62	341	#
1435	671240	29	30	31	37	38	39	44	45	53	54	341	#
1436	658339	29	30	31	35	36	37	38	39	44	45	341	#
1437	627493	8	9	16	17	24	29	30	37	38	39	341	#
1438	625849	4	12	13	14	22	23	30	31	38	39	341	#
1439	607362	8	16	44	51	52	54	55	60	61	62	341	#
1440	800810	13	14	21	22	23	28	29	30	33	41	42	342	#
1441	1004772	29	30	36	37	38	39	47	54	55	62	63	342	#
1442	771608	6	14	15	19	20	21	22	27	28	29	36	342	#
1443	770862	14	15	21	22	23	27	28	29	30	35	36	342	#
1444	769290	1	24	32	33	41	42	48	49	56	57	58	342	#
1445	716688	13	20	21	28	29	30	36	37	38	46	47	342	#
1446	1841310	19	25	26	27	28	33	34	35	40	41	42	43	44	46	48	49	50	51	52	53	54	55	56	57	58	59	60	61	62	343	#
1447	2087579	14	15	18	19	20	22	23	24	25	26	32	33	34	35	40	41	42	43	44	48	49	50	51	52	56	57	58	59	60	343	#
1448	2074725	12	13	14	20	33	34	37	38	41	42	44	46	47	48	49	50	51	52	53	54	55	56	57	58	59	60	61	62	63	343	#
1449	2031483	2	4	6	10	11	12	13	14	15	20	21	22	23	26	33	34	42	43	44	46	51	52	53	54	55	60	61	62	63	343	#
1450	2027587	9	10	17	19	20	21	22	23	26	27	28	29	30	32	33	34	37	38	40	41	42	46	47	48	54	55	56	58	63	343	#
1451	1999383	11	12	13	18	19	20	21	24	25	26	27	29	32	33	34	35	37	38	40	41	42	43	44	48	49	50	51	52	58	343	#
1452	1892678	1	2	3	11	12	13	16	17	18	19	20	21	24	25	26	27	28	32	33	34	35	36	37	40	41	42	44	46	47	49	50	54	55	58	344	#
1453	2065737	3	5	6	8	11	12	13	14	16	17	19	20	21	22	24	25	26	27	28	29	32	33	34	35	36	37	41	42	44	45	46	49	54	57	344	#
1454	2048684	1	8	9	12	16	17	18	19	20	24	25	26	27	28	32	33	34	36	40	41	42	44	45	46	47	48	49	50	53	54	56	57	58	59	344	#
1455	2047449	4	5	6	8	9	12	13	14	16	17	18	20	24	25	26	32	33	34	40	41	42	43	48	49	50	51	52	53	56	57	58	59	60	61	344	#
1456	2047420	8	11	12	16	18	19	20	21	22	24	25	26	27	28	32	33	35	36	37	40	44	45	46	47	51	53	54	55	58	59	60	61	62	63	344	#
1457	2034160	5	6	8	11	12	13	14	16	17	18	19	20	21	22	24	25	26	27	28	32	33	34	36	37	40	41	42	44	45	48	51	52	53	60	344	#
1458	113323	26	30	345	#
1459	127660	30	38	345	#
1460	87276	18	26	345	#
1461	133206	18	25	#
1462	296281	45	53	54	346	#
1463	251055	46	53	54	346	#
1464	219095	45	53	61	346	#
1465	187519	44	45	53	346	#
1466	274772	52	60	61	62	63	347	#
1467	332911	36	44	52	59	60	347	#
1468	286853	44	52	59	60	61	347	#
1469	264590	31	55	61	62	63	347	#
1470	257491	59	60	61	62	63	347	#
1471	195576	53	60	61	62	63	347	#
1472	489818	38	39	45	46	47	52	53	54	55	61	62	63	348	#
1473	725088	35	43	44	45	46	49	50	51	52	53	59	61	348	#
1474	718819	29	30	36	37	38	39	45	46	54	55	62	63	348	#
1475	705716	29	30	31	37	38	39	45	46	47	54	55	63	348	#
1476	705532	13	21	29	30	31	38	39	46	47	54	55	63	348	#
1477	689803	2	4	45	46	51	52	53	54	55	61	62	63	348	#
1478	1064514	29	30	35	36	37	38	43	44	45	46	47	52	54	55	60	61	62	63	349	#
1479	1262440	1	8	32	35	36	40	42	43	45	46	48	51	52	53	54	59	60	61	349	#
1480	1242283	11	18	19	20	24	25	26	27	28	32	33	34	35	36	40	42	43	50	349	#
1481	1191456	23	28	29	30	31	35	36	37	38	45	46	47	53	55	60	61	62	63	349	#
1482	1118186	3	11	18	19	20	27	28	29	30	35	36	37	38	42	43	46	47	51	349	#
1483	1114668	16	17	18	19	22	24	25	26	33	42	43	45	46	47	53	55	62	63	349	#
1484	593484	9	10	11	28	29	37	46	54	55	62	63	350	#
1485	693397	36	37	44	46	47	54	55	56	57	62	63	350	#
1486	690810	21	29	36	37	38	46	47	54	55	62	63	350	#
1487	689697	27	28	29	30	36	37	44	47	55	62	63	350	#
1488	653633	30	36	37	38	46	47	53	54	55	62	63	350	#
1489	646040	3	11	19	25	26	27	28	34	35	36	42	350	#
1490	744505	32	33	34	35	40	41	42	43	48	49	51	56	351	#
1491	898565	25	32	33	40	41	42	48	49	50	51	56	59	351	#
1492	862411	32	33	34	36	37	38	41	42	43	44	51	59	351	#
1493	831861	24	32	33	34	40	41	42	48	49	50	59	60	351	#
1494	789448	33	34	40	41	42	48	49	50	56	58	59	60	351	#
1495	759093	5	27	34	35	42	43	44	46	50	51	52	59	351	#
1496	2056353	5	17	18	24	25	26	27	32	33	34	35	36	37	40	42	43	44	45	46	49	50	51	52	53	54	59	60	61	352	#
1497	2003510	17	18	20	25	27	28	32	33	34	35	36	37	40	41	42	43	44	46	48	49	50	51	52	54	56	57	58	59	352	#
1498	1982797	18	19	23	27	28	31	34	35	36	37	39	42	43	44	45	46	47	49	50	51	52	53	54	55	59	61	62	63	352	#
1499	1946074	20	26	27	28	31	34	35	36	37	39	42	43	44	45	46	47	49	50	51	52	53	54	55	59	60	61	62	63	352	#
1500	1944788	17	18	25	26	27	32	33	34	35	36	40	41	42	43	48	49	50	51	53	54	56	57	58	59	60	61	62	63	352	#
1501	1937162	25	26	27	28	32	33	34	35	36	37	40	41	42	43	44	45	46	47	50	51	52	53	54	55	59	61	62	63	352	#
1502	578302	25	32	33	41	42	50	58	353	#
1503	562820	16	24	25	32	33	41	42	353	#
1504	511464	17	18	24	25	26	32	33	353	#
1505	476072	17	18	25	26	32	33	41	353	#
1506	462457	36	41	42	43	44	50	59	353	#
1507	457377	32	33	41	42	48	49	50	353	#
1508	581875	9	10	17	18	19	25	26	32	33	42	354	#
1509	774208	17	25	33	34	35	40	41	42	49	50	354	#
1510	752832	32	33	34	35	36	37	41	42	46	50	354	#
1511	687766	17	18	19	25	26	27	33	34	36	50	354	#
1512	651954	17	18	19	24	25	26	27	32	33	34	354	#
1513	623072	4	5	12	19	20	24	25	26	34	35	354	#
1514	3120447	0	1	2	3	4	5	8	9	10	11	12	13	14	15	18	19	20	21	22	23	24	25	26	27	28	29	30	31	32	33	34	36	37	38	39	40	41	42	43	44	45	46	47	50	51	52	53	54	55	59	60	61	62	63	355	#
1515	3228019	0	1	2	3	4	5	6	7	8	9	10	11	12	15	16	17	18	19	20	23	24	25	26	27	29	30	31	32	33	34	36	37	38	40	41	42	43	44	45	46	50	51	52	53	54	55	56	57	58	59	60	61	62	63	355	#
1516	3158177	0	1	2	3	4	5	8	9	10	11	12	14	15	16	18	19	20	21	22	23	24	25	26	27	28	29	30	31	32	33	34	36	37	38	39	40	41	42	43	44	45	46	50	51	52	53	54	55	56	57	59	60	61	63	355	#
1517	3136696	0	1	3	4	5	6	7	8	9	11	12	13	14	15	16	18	19	20	23	24	25	26	27	29	30	31	32	33	34	35	36	37	38	39	40	41	42	43	44	45	46	47	48	50	51	52	53	54	55	59	60	61	62	63	355	#
1518	3107998	0	1	2	3	4	5	8	9	11	12	13	15	17	18	19	20	21	22	23	24	25	26	27	28	29	30	31	32	33	34	35	36	37	38	39	40	41	42	43	44	45	46	47	50	51	52	53	54	55	59	60	61	62	63	355	#
1519	3100302	0	1	2	3	4	7	8	9	11	12	15	16	17	18	19	20	21	22	23	24	25	26	27	28	29	30	31	32	33	34	36	37	38	39	40	41	42	43	44	45	46	47	48	50	51	52	53	55	56	59	60	61	62	63	355	#
1520	179077	43	51	356	#
1521	217632	51	59	356	#
1522	131591	42	43	356	#
1523	454446	32	33	41	42	49	357	#
1524	456810	33	34	41	49	50	357	#
1525	417539	32	33	41	49	58	357	#
1526	389989	33	34	41	42	49	357	#
1527	385063	32	33	34	41	42	357	#
1528	357992	32	33	34	35	41	357	#
1529	487813	6	12	18	19	20	27	28	36	358	#
1530	624758	9	17	18	19	24	25	27	33	358	#
1531	542288	4	11	12	18	19	20	27	28	358	#
1532	505416	18	19	25	26	27	28	29	34	358	#
1533	499705	5	6	7	14	22	32	40	62	358	#
1534	457946	11	12	18	19	27	28	35	43	358	#
1535	125182	35	36	359	#
1536	55995	36	44	359	#
1537	1048860	0	1	2	3	4	5	6	8	9	10	11	12	13	14	16	17	19	21	26	27	36	360	#
1538	1333570	0	1	2	8	16	17	18	24	25	26	27	32	33	34	35	40	41	42	43	49	50	360	#
1539	1275053	0	1	2	3	4	5	6	7	8	11	12	13	14	16	20	21	27	28	35	36	43	360	#
1540	1256410	3	4	5	6	12	13	14	20	21	26	27	28	29	33	34	35	36	37	42	43	46	360	#
1541	1244542	2	3	4	11	12	16	19	20	21	27	28	33	34	35	36	49	50	56	57	58	59	360	#
1542	1209929	3	11	18	19	20	26	27	28	33	34	35	36	41	42	43	50	51	52	58	59	60	360	#
1543	1438656	19	26	27	29	30	31	34	35	36	38	39	42	43	44	46	47	50	51	52	54	55	59	60	61	62	361	#
1544	1868447	23	25	27	30	31	32	33	34	35	36	38	39	41	42	43	44	45	46	50	52	54	55	59	60	61	361	#
1545	1776033	15	22	23	25	30	31	32	33	34	35	36	37	38	39	42	43	44	45	46	49	50	51	52	54	60	361	#
1546	1688664	4	5	11	12	13	19	20	24	25	27	28	32	33	34	35	36	41	42	43	44	49	50	51	52	59	361	#
1547	1684614	1	2	5	10	11	13	14	18	19	20	21	23	24	25	26	28	29	30	31	32	33	36	38	39	40	361	#
1548	1665084	1	8	16	17	18	19	24	25	32	33	34	35	41	42	43	48	49	50	51	52	57	58	59	60	61	361	#
1549	742246	1	2	3	4	5	12	13	14	20	21	29	362	#
1550	754500	20	21	22	29	30	31	36	37	38	46	47	362	#
1551	708190	13	14	21	22	29	30	37	46	47	54	57	362	#
1552	652477	1	2	3	4	5	10	12	13	14	20	21	362	#
1553	636786	2	3	4	5	12	13	14	20	21	22	23	362	#
1554	617087	4	5	12	13	20	21	27	28	29	35	37	362	#
1555	277953	15	23	31	363	#
1556	246395	23	31	39	363	#
1557	544119	18	24	25	26	27	35	36	44	364	#
1558	540793	17	18	24	25	26	27	28	35	364	#
1559	535037	18	24	25	26	27	28	35	36	364	#
1560	502301	9	16	17	18	24	25	26	27	364	#
1561	480360	18	20	26	27	28	35	36	49	364	#
1562	476211	18	24	25	26	35	43	44	51	364	#
1563	252669	55	62	63	365	#
1564	279810	55	61	62	365	#
1565	174856	46	47	55	365	#
1566	318426	11	19	25	26	50	366	#
1567	384965	18	24	25	26	34	366	#
1568	298283	18	19	25	33	42	366	#
1569	282726	41	49	50	57	59	366	#
1570	259870	2	10	11	12	61	366	#
1571	256370	19	26	34	35	42	366	#
1572	80830	31	#
1573	203471	1	8	9	367	#
1574	205198	1	2	3	367	#
1575	118472	8	9	16	367	#
1576	388502	21	22	23	29	31	368	#
1577	445389	14	22	23	31	51	368	#
1578	388347	14	22	23	31	39	368	#
1579	378030	14	15	22	23	31	368	#
1580	374726	27	28	29	36	37	368	#
1581	300663	21	22	29	36	37	368	#
1582	370561	48	49	50	57	369	#
1583	333751	42	48	49	50	369	#
1584	297140	3	4	50	58	369	#
1585	234417	41	48	49	56	369	#
1586	720506	18	26	27	33	34	35	41	42	43	50	59	370	#
1587	946569	32	33	34	41	42	43	49	50	57	58	59	370	#
1588	912983	17	32	40	41	42	49	50	56	57	58	59	370	#
1589	896664	17	18	32	33	42	48	49	50	56	57	58	370	#
1590	869807	33	34	40	41	42	48	49	50	56	57	58	370	#
1591	867469	24	26	27	32	33	34	40	42	43	44	50	370	#
1592	191081	1	8	16	371	#
1593	239177	1	8	9	371	#
1594	144887	8	16	17	371	#
1595	1412088	2	10	11	15	17	18	19	25	26	27	28	29	30	31	33	34	35	38	39	41	42	43	44	372	#
1596	1488913	11	16	18	19	23	24	25	26	29	30	31	32	33	34	35	38	39	40	41	46	47	48	49	372	#
1597	1421410	1	2	3	8	9	10	11	17	25	28	32	33	34	35	36	41	42	43	44	50	51	58	59	372	#
1598	1362692	1	2	3	8	10	11	19	20	25	26	27	28	32	33	34	35	36	40	41	42	43	50	51	372	#
1599	1342994	22	23	28	29	30	31	36	38	39	40	41	42	43	44	45	46	47	48	49	53	55	61	62	372	#
1600	1340304	17	18	19	20	25	26	27	28	29	32	33	34	35	36	40	41	42	43	44	45	48	49	51	372	#
1601	810381	1	2	3	8	9	10	11	18	19	20	24	25	26	32	33	373	#
1602	991974	8	13	16	18	19	20	21	24	25	26	28	29	32	33	34	373	#
1603	949678	8	16	24	25	26	32	33	40	41	48	49	54	55	62	63	373	#
1604	914916	17	18	19	20	24	25	26	28	29	32	33	34	37	40	41	373	#
1605	867122	5	11	13	18	19	20	21	22	24	25	26	27	32	33	41	373	#
1606	865875	5	6	7	12	13	14	20	21	22	28	29	30	37	38	47	373	#
1607	410872	17	24	25	32	33	374	#
1608	410792	17	25	26	32	33	374	#
1609	375192	18	25	26	32	33	374	#
1610	339301	9	17	25	26	34	374	#
1611	330724	16	24	25	32	40	374	#
1612	880618	28	30	36	37	38	46	47	53	54	55	61	62	63	375	#
1613	888954	3	10	11	17	18	19	25	26	27	28	33	34	36	375	#
1614	873088	23	30	31	36	37	38	39	46	47	54	55	62	63	375	#
1615	862014	30	33	34	38	42	45	46	47	53	54	55	61	62	375	#
1616	833844	4	5	30	31	36	37	38	43	44	46	54	62	63	375	#
1617	822447	30	31	37	38	39	46	47	53	54	55	61	62	63	375	#
1618	454390	34	42	43	50	51	52	53	59	60	376	#
1619	572303	33	34	42	50	56	57	58	59	60	376	#
1620	523407	29	36	37	44	45	52	53	59	60	376	#
1621	507895	29	37	38	44	46	51	52	53	54	376	#
1622	452868	15	23	31	38	39	44	45	52	53	376	#
1623	435347	33	41	42	48	50	56	57	58	59	376	#
1624	216780	11	12	13	377	#
1625	190294	4	11	12	377	#
1626	160428	3	11	19	377	#
1627	159568	4	5	13	377	#
1628	171430	31	39	#
1629	846461	32	33	35	36	40	41	42	43	44	48	49	50	56	57	378	#
1630	942609	11	12	18	19	20	26	27	28	29	33	34	35	36	44	378	#
1631	898890	23	27	31	36	41	42	43	44	51	52	53	60	61	62	378	#
1632	877801	4	11	12	13	14	19	27	48	51	56	57	58	59	60	378	#
1633	865701	19	27	31	32	33	34	35	41	48	49	50	56	57	58	378	#
1634	862392	0	27	28	32	33	36	41	42	43	44	49	51	58	59	378	#
1635	1483717	4	5	8	11	12	13	14	15	16	19	20	21	22	23	27	28	29	30	31	36	37	38	39	47	379	#
1636	1805954	1	9	11	12	13	17	18	19	20	24	25	27	28	29	31	36	37	38	39	46	47	53	54	61	379	#
1637	1751922	13	14	15	20	21	22	23	27	28	29	30	31	36	37	38	39	46	47	52	53	54	55	62	63	379	#
1638	1746480	4	11	12	13	15	19	20	21	22	23	27	28	29	30	31	36	37	38	39	46	47	54	62	63	379	#
1639	1740647	13	15	20	21	23	27	28	29	30	31	36	37	38	39	44	46	47	51	52	53	54	55	62	63	379	#
1640	1736122	4	13	15	20	21	22	23	28	29	30	31	36	37	38	39	46	47	52	53	54	55	61	62	63	379	#
1641	336913	51	59	60	61	62	380	#
1642	269528	53	54	60	61	62	380	#
1643	268936	10	25	37	51	52	380	#
1644	260588	43	44	51	58	59	380	#
1645	55602	46	#
1646	1144452	0	1	2	3	8	9	10	11	16	17	18	19	24	25	26	32	33	34	41	42	49	381	#
1647	1486441	28	29	30	31	33	36	37	38	39	42	43	45	46	47	50	51	54	59	61	62	63	381	#
1648	1380896	24	25	30	32	33	36	37	38	39	40	41	46	47	48	49	50	51	57	58	59	60	381	#
1649	1358520	18	19	25	26	32	33	34	35	36	40	43	44	45	48	51	52	54	59	61	62	63	381	#
1650	1339900	0	1	2	8	9	10	11	16	17	18	19	24	25	52	54	58	59	60	61	62	63	381	#
1651	1296939	1	2	6	18	19	24	25	26	32	33	40	41	42	48	49	50	51	56	57	58	59	381	#
1652	69477	35	#
1653	1013883	0	2	8	9	10	16	17	24	32	33	41	42	43	48	49	50	59	382	#
1654	1144099	8	16	17	24	25	26	32	33	34	35	42	43	50	51	57	58	59	382	#
1655	1098027	1	2	3	4	5	6	8	9	10	12	13	14	16	17	21	24	29	382	#
1656	1045837	0	1	2	3	8	9	10	16	17	24	30	31	32	38	39	46	47	382	#
1657	1045281	8	9	16	17	18	24	25	26	32	33	41	42	48	49	50	57	58	382	#
1658	993081	17	18	26	32	33	34	40	41	42	43	48	49	50	57	58	59	60	382	#
1659	319341	20	21	27	28	29	37	383	#
1660	389615	8	11	12	13	14	20	383	#
1661	380962	26	27	33	34	35	40	383	#
1662	346082	27	29	35	36	37	46	383	#
1663	327566	14	19	20	21	22	29	383	#
1664	257589	29	30	37	38	46	47	383	#
1665	336121	38	39	46	47	54	55	384	#
1666	499534	29	30	37	46	54	62	384	#
1667	471247	17	25	39	46	47	54	384	#
1668	452953	7	45	53	54	61	62	384	#
1669	380286	29	37	38	45	46	54	384	#
1670	362215	33	39	41	47	55	62	384	#
1671	748189	18	19	25	27	36	44	45	46	51	52	53	54	59	60	385	#
1672	978346	25	33	36	37	38	40	41	42	44	45	46	47	50	54	385	#
1673	941989	14	20	21	22	29	30	37	44	45	52	53	59	60	61	385	#
1674	928501	23	31	36	37	38	39	44	45	46	47	53	54	55	63	385	#
1675	843191	9	13	14	27	36	37	44	45	46	47	53	54	55	63	385	#
1676	834054	27	29	30	31	36	37	38	39	45	46	47	53	54	55	385	#
1677	1920333	2	9	10	11	12	18	19	20	21	26	27	28	29	30	31	32	33	34	35	36	37	38	39	42	43	45	46	47	50	51	52	53	54	55	58	61	62	63	386	#
1678	2315181	1	2	8	9	10	11	15	16	18	19	20	22	23	24	25	26	27	28	29	30	31	32	33	34	35	36	37	38	42	43	46	47	50	51	54	55	61	62	386	#
1679	2210642	14	15	18	19	20	22	23	24	25	26	27	28	29	30	31	33	34	35	36	37	38	39	41	42	44	45	46	47	50	51	52	53	54	55	59	61	62	63	386	#
1680	2148369	18	20	24	25	26	27	28	29	30	31	32	33	34	35	36	37	38	41	42	43	44	47	48	49	50	51	52	53	54	55	56	57	58	59	60	61	62	63	386	#
1681	2139323	4	5	6	10	11	12	14	15	18	19	20	22	23	25	26	27	28	29	30	31	33	34	36	37	38	39	42	44	46	47	50	52	53	54	55	61	62	63	386	#
1682	2120096	9	10	11	12	18	19	20	21	23	24	25	26	27	28	29	30	31	32	33	34	35	36	37	38	39	42	43	44	47	49	50	51	52	53	54	55	61	62	386	#
1683	366033	26	32	33	34	42	43	51	387	#
1684	416820	16	24	25	32	33	40	41	387	#
1685	396450	45	51	52	53	57	58	59	387	#
1686	371741	9	17	18	26	34	41	42	387	#
1687	356551	24	25	26	33	34	35	42	387	#
1688	354630	26	34	35	42	43	50	51	387	#
1689	845229	2	3	4	5	6	12	13	20	21	22	23	29	36	37	388	#
1690	972756	0	1	2	3	4	8	9	10	12	13	20	51	52	59	388	#
1691	941143	5	13	14	15	20	21	22	23	29	30	31	37	38	47	388	#
1692	935517	3	4	5	6	11	12	13	30	31	45	46	49	53	61	388	#
1693	900535	2	3	4	5	10	12	13	15	20	21	22	23	30	31	388	#
1694	871662	20	28	29	30	34	35	36	37	38	39	44	45	46	47	388	#
1695	117499	34	35	389	#
1696	53476	21	34	389	#
1697	1783599	11	14	15	19	20	21	22	23	26	27	28	29	30	31	35	36	37	39	44	45	46	47	52	53	54	58	59	60	61	62	63	390	#
1698	2191995	11	12	18	19	20	24	25	26	27	32	33	34	35	36	37	40	41	43	44	45	46	47	51	52	53	54	59	60	61	62	63	390	#
1699	2046455	4	5	6	7	10	11	12	13	14	18	19	20	21	24	25	26	27	32	33	34	35	36	37	40	41	43	46	47	48	51	59	390	#
1700	2038907	4	5	10	11	12	13	14	15	18	19	20	21	22	23	25	26	27	32	33	34	35	40	41	42	43	50	51	52	58	59	60	390	#
1701	2038907	4	12	13	14	16	18	19	20	21	24	25	26	27	32	33	34	35	36	40	41	42	43	44	45	50	51	52	53	58	59	60	390	#
1702	2017083	11	16	17	18	19	21	25	26	29	33	34	36	37	39	40	41	42	43	44	45	46	47	49	50	51	53	54	58	59	62	63	390	#
1703	284516	2	3	4	10	11	12	13	391	#
1704	318060	4	9	10	11	12	19	26	391	#
1705	313311	1	2	3	9	10	11	12	391	#
1706	308429	3	4	5	9	10	11	12	391	#
1707	273747	2	3	4	5	10	11	12	391	#
1708	254619	8	9	10	11	16	17	48	391	#
1709	546331	19	27	28	35	36	43	44	51	52	53	60	392	#
1710	700938	30	31	35	36	37	38	39	44	46	47	54	392	#
1711	685777	21	27	28	29	30	31	35	36	37	46	47	392	#
1712	684877	27	36	43	44	47	51	52	53	54	55	60	392	#
1713	673640	27	28	29	36	43	44	51	52	53	54	60	392	#
1714	657793	28	29	35	36	37	43	44	51	52	53	60	392	#
1715	201286	6	7	13	14	393	#
1716	258171	5	6	7	14	393	#
1717	172038	5	13	14	21	393	#
1718	1515755	3	4	5	11	12	13	21	26	27	29	30	31	35	36	37	38	39	43	46	47	51	59	60	61	62	63	394	#
1719	1822311	21	27	29	30	32	35	36	37	38	39	40	41	42	43	46	47	49	50	54	55	57	59	60	61	62	63	394	#
1720	1820311	18	19	25	27	29	32	33	35	36	37	40	41	42	43	48	49	50	51	52	54	57	58	59	60	61	62	394	#
1721	1772348	24	25	27	33	34	35	36	37	38	40	41	42	43	44	45	46	49	50	51	52	54	59	60	61	62	63	394	#
1722	1765349	13	14	30	33	34	35	36	38	39	40	41	42	46	47	49	50	52	54	55	57	58	59	60	61	62	63	394	#
1723	1751557	2	3	4	10	11	12	13	14	15	16	17	18	19	20	21	22	23	24	25	27	29	32	33	35	36	43	394	#
1724	470115	43	48	49	50	51	58	59	395	#
1725	595982	32	33	34	42	49	50	58	395	#
1726	524870	34	42	50	51	57	58	59	395	#
1727	510536	34	42	48	49	50	57	58	395	#
1728	489283	33	48	49	50	56	57	58	395	#
1729	477737	49	50	51	52	57	58	59	395	#
1730	211566	29	37	38	396	#
1731	247148	29	36	37	396	#
1732	232736	29	30	38	396	#
1733	938097	7	20	21	29	30	31	36	37	39	46	47	54	55	63	397	#
1734	846521	13	21	22	23	26	27	28	29	30	31	38	47	55	63	397	#
1735	814224	27	28	29	30	35	37	38	45	46	47	54	55	62	63	397	#
1736	809411	13	14	15	19	20	21	22	23	27	28	29	30	31	36	397	#
1737	785177	2	10	11	19	20	21	22	23	24	28	29	30	31	39	397	#
1738	780028	15	21	22	28	29	30	31	37	38	46	47	54	55	62	397	#
1739	290465	18	19	26	27	28	36	37	398	#
1740	411272	26	27	28	29	36	37	44	398	#
1741	400220	18	26	27	28	29	36	37	398	#
1742	397437	18	25	26	27	28	33	36	398	#
1743	396068	6	13	14	15	22	28	36	398	#
1744	343902	18	19	20	26	27	28	36	398	#
1745	1029909	27	28	29	30	31	36	37	38	39	45	46	47	53	54	60	61	399	#
1746	1200864	6	13	14	15	22	23	29	30	31	36	37	38	39	46	47	54	399	#
1747	1159969	29	30	31	36	37	38	39	46	47	53	54	55	60	61	62	63	399	#
1748	1142586	23	27	28	29	30	31	35	36	37	38	39	43	44	46	53	54	399	#
1749	1117369	15	22	23	27	29	31	35	36	37	38	39	42	43	44	46	47	399	#
1750	1093550	12	13	14	15	21	22	23	29	30	31	36	37	38	39	46	47	399	#
1751	535386	0	8	9	10	11	16	24	32	400	#
1752	647131	16	24	25	26	32	33	40	41	400	#
1753	588786	0	1	8	16	18	25	26	34	400	#
1754	535159	0	8	9	10	11	16	24	25	400	#
1755	420696	16	18	19	24	25	26	32	47	400	#
1756	389178	2	3	8	9	10	11	16	24	400	#
1757	944623	14	15	21	22	23	29	31	37	38	39	45	46	401	#
1758	938386	4	13	14	15	21	22	23	29	31	37	38	46	401	#
1759	924357	14	15	21	22	23	28	29	30	31	37	38	46	401	#
1760	912616	4	13	14	15	21	22	23	30	31	37	38	46	401	#
1761	887433	9	17	18	22	23	25	29	30	31	38	39	47	401	#
1762	880636	27	32	33	34	36	37	38	39	45	46	47	54	401	#
1763	918539	32	33	41	42	43	44	49	50	51	59	60	61	402	#
1764	987837	29	30	31	38	39	47	49	50	57	58	59	60	402	#
1765	875302	18	24	25	32	33	34	40	45	46	48	56	57	402	#
1766	850030	32	33	34	41	42	48	49	50	57	58	59	60	402	#
1767	841928	18	19	24	25	32	44	51	52	59	60	61	62	402	#
1768	827682	27	29	35	36	37	39	44	45	46	47	54	55	402	#
1769	1882477	12	14	18	19	20	21	22	25	26	27	28	29	33	34	35	36	37	41	42	43	44	45	46	48	49	52	53	54	57	61	403	#
1770	1979341	14	15	19	20	21	22	25	26	27	28	29	32	33	36	37	38	39	40	41	42	43	44	46	47	48	52	53	54	60	61	403	#
1771	1975388	4	18	19	20	21	25	26	27	29	32	33	34	35	36	37	38	40	41	42	43	44	46	47	49	50	51	52	59	60	61	403	#
1772	1958594	5	6	7	12	19	20	25	26	27	28	29	32	33	34	35	36	37	40	41	42	43	44	45	48	49	50	52	56	57	58	403	#
1773	1917638	5	6	7	11	12	13	14	19	20	21	22	23	26	27	28	29	30	31	32	36	37	40	41	44	45	46	47	48	52	54	403	#
1774	1914502	2	9	10	14	19	27	28	29	32	36	37	40	41	42	43	44	46	47	48	50	51	52	54	55	57	58	59	60	61	62	403	#
1775	181508	12	20	21	404	#
1776	186626	4	11	12	404	#
1777	160639	21	28	29	404	#
1778	153376	20	28	36	404	#
1779	295317	26	27	33	34	56	405	#
1780	401281	23	27	31	35	39	405	#
1781	342888	17	18	25	26	33	405	#
1782	326575	14	22	48	49	56	405	#
1783	294460	26	27	28	34	35	405	#
1784	263125	29	30	31	406	#
1785	217155	29	30	37	406	#
1786	657910	37	38	45	46	47	51	52	54	55	60	61	62	407	#
1787	795660	0	1	8	9	16	17	24	25	45	46	47	55	407	#
1788	776910	38	39	45	46	51	52	53	54	55	59	60	61	407	#
1789	728813	15	22	23	31	36	37	38	39	45	46	47	54	407	#
1790	724280	42	43	45	46	51	52	53	54	58	59	60	61	407	#
1791	713665	33	38	39	40	41	42	45	46	47	54	55	63	407	#
1792	431381	33	34	41	42	43	49	408	#
1793	416308	33	40	41	48	49	56	408	#
1794	407837	32	33	34	42	44	50	408	#
1795	390331	27	28	29	35	36	43	408	#
1796	381306	33	41	42	49	56	57	408	#
1797	328846	34	35	42	43	50	58	408	#
1798	335716	26	34	37	38	39	46	47	55	409	#
1799	479386	26	33	34	35	40	41	42	50	409	#
1800	444647	10	11	19	38	47	48	54	55	409	#
1801	429365	31	38	39	44	45	46	47	55	409	#
1802	423174	14	15	21	22	23	38	39	47	409	#
1803	384550	38	39	45	46	47	53	54	55	409	#
1804	48127	38	#
1805	386644	44	45	46	53	60	61	410	#
1806	442322	36	44	45	46	53	54	410	#
1807	418791	36	44	45	52	53	60	410	#
1808	388651	44	45	53	60	61	62	410	#
1809	376863	38	44	45	46	53	54	410	#
1810	314367	28	36	44	45	52	53	410	#
1811	158408	1	2	48	49	57	411	#
1812	232228	40	41	48	49	56	411	#
1813	220143	40	41	48	56	57	411	#
1814	142862	0	1	2	3	8	411	#
1815	367930	20	27	28	29	35	42	43	412	#
1816	534369	20	26	27	28	29	32	40	412	#
1817	468749	20	27	28	29	35	36	57	412	#
1818	406850	25	26	27	28	29	35	36	412	#
1819	401314	18	19	27	28	29	36	37	412	#
1820	347101	11	19	20	26	27	28	36	412	#
1821	761840	3	4	11	12	19	20	24	25	26	33	34	413	#
1822	814066	4	12	19	20	25	26	34	47	54	55	63	413	#
1823	810715	17	18	19	20	24	25	26	27	33	34	41	413	#
1824	787635	8	16	17	18	24	25	26	32	33	57	58	413	#
1825	763477	11	15	19	20	21	22	25	26	28	29	33	413	#
1826	744278	8	9	16	17	18	19	24	25	26	33	34	413	#
1827	787472	4	5	6	13	14	33	41	42	48	49	50	56	57	58	414	#
1828	1049328	17	18	25	28	29	30	31	32	33	36	38	40	41	48	414	#
1829	978781	9	16	17	25	32	33	40	41	42	48	49	50	56	57	414	#
1830	975578	9	17	25	26	32	33	40	41	42	48	49	50	57	58	414	#
1831	946433	17	19	25	26	32	33	40	41	48	49	50	56	57	58	414	#
1832	936141	5	6	7	8	9	13	14	16	17	22	57	61	62	63	414	#
1833	345474	3	4	5	11	13	14	415	#
1834	454650	13	14	53	54	61	62	415	#
1835	434360	5	13	20	21	22	23	415	#
1836	364769	4	5	13	14	22	23	415	#
1837	314276	3	4	10	11	21	29	415	#
1838	297117	3	10	11	17	18	19	415	#
1839	1846190	4	8	9	10	11	12	13	16	17	18	19	20	21	25	26	33	34	35	36	37	42	43	46	50	51	52	53	54	55	59	416	#
1840	2089099	5	12	13	14	18	21	22	25	29	32	33	34	42	43	44	48	49	50	51	52	53	54	56	57	58	59	60	61	62	63	416	#
1841	2002573	8	16	21	29	32	35	36	37	38	39	42	43	44	45	46	47	49	50	51	52	53	54	55	57	58	59	60	61	62	63	416	#
1842	1980527	25	27	29	30	32	33	34	35	36	37	38	39	40	41	42	43	44	45	46	49	50	51	52	53	54	56	57	59	60	61	416	#
1843	1961297	1	2	3	5	10	11	12	13	20	21	22	25	29	30	32	33	34	37	38	40	41	42	43	46	47	48	49	50	56	57	416	#
1844	1958384	0	1	8	9	16	17	25	26	27	29	34	36	37	42	43	44	45	46	49	50	52	53	54	56	57	58	59	60	61	62	416	#
1845	106679	42	43	#
1846	193198	12	38	45	46	53	417	#
1847	126251	37	38	39	46	47	417	#
1848	671650	1	2	3	4	8	11	12	13	18	19	20	25	26	27	28	418	#
1849	1003531	4	5	11	12	13	17	18	19	20	27	28	29	37	55	63	418	#
1850	977336	4	9	11	12	17	18	19	20	27	28	29	30	36	37	44	418	#
1851	935568	9	17	18	19	20	25	26	27	28	32	33	34	35	40	55	418	#
1852	924810	4	12	13	19	20	27	28	29	30	31	36	37	39	44	52	418	#
1853	913317	12	13	14	15	19	20	22	27	28	31	35	36	39	44	63	418	#
1854	339285	1	8	9	10	17	419	#
1855	351896	8	9	17	18	25	419	#
1856	273532	1	8	9	10	16	419	#
1857	254492	8	9	10	16	17	419	#
1858	154537	2	3	10	11	19	419	#
1859	602477	36	43	44	45	51	52	53	59	60	61	420	#
1860	787764	33	40	41	42	43	48	49	50	51	57	420	#
1861	740785	41	42	49	50	51	57	58	59	60	61	420	#
1862	656698	33	34	41	42	43	50	51	52	59	60	420	#
1863	633826	33	34	35	41	42	43	49	50	58	59	420	#
1864	632639	43	44	49	50	51	52	58	59	60	61	420	#
1865	1056884	1	2	4	10	11	12	19	26	27	39	47	55	60	61	63	421	#
1866	1136870	23	29	31	37	38	39	45	46	47	53	54	55	61	62	63	421	#
1867	1115636	21	23	29	30	31	37	38	39	45	46	47	53	54	55	63	421	#
1868	1113645	30	31	38	39	46	47	51	52	53	54	55	60	61	62	63	421	#
1869	1086581	1	2	8	9	10	11	19	29	36	37	38	46	47	54	55	421	#
1870	1072785	13	21	23	27	28	29	31	37	38	39	45	46	47	54	55	421	#
1871	152371	17	18	26	422	#
1872	119779	18	19	26	422	#
1873	100027	18	26	27	422	#
1874	1113603	4	5	11	12	13	17	18	19	21	26	27	28	29	33	34	35	36	41	42	43	44	52	60	423	#
1875	1503879	0	1	2	5	8	9	10	11	12	13	14	16	17	18	19	20	24	25	26	27	33	34	42	423	#
1876	1499441	6	7	11	12	13	14	18	19	20	25	26	33	34	35	36	41	42	43	44	49	50	57	58	423	#
1877	1497569	3	4	5	6	7	11	12	13	14	18	19	20	21	22	23	26	27	28	29	30	31	34	39	423	#
1878	1470048	2	3	4	5	6	7	11	12	13	14	18	19	20	21	22	25	26	27	28	29	30	33	34	423	#
1879	1457808	2	4	10	11	12	13	14	18	19	20	21	23	26	27	28	29	30	31	32	37	38	40	48	423	#
1880	211316	0	2	3	8	9	10	16	424	#
1881	305950	0	8	9	16	17	25	26	424	#
1882	280057	1	2	3	4	8	9	10	424	#
1883	277203	0	1	2	3	8	9	10	424	#
1884	276562	1	2	3	8	9	10	16	424	#
1885	582581	1	2	8	9	10	11	16	17	18	425	#
1886	701607	1	2	8	11	16	17	18	24	32	425	#
1887	685923	1	2	3	4	11	12	13	16	17	425	#
1888	669550	1	2	3	8	9	10	11	12	20	425	#
1889	660615	2	9	10	11	16	17	24	25	33	425	#
1890	659824	2	3	4	9	10	11	12	13	20	425	#
1891	290092	5	13	21	29	46	48	54	426	#
1892	433980	45	52	53	54	55	62	63	426	#
1893	433626	4	5	12	13	20	21	29	426	#
1894	417655	15	21	22	23	28	29	36	426	#
1895	377050	3	4	13	46	54	55	62	426	#
1896	365125	4	5	13	14	21	29	30	426	#
1897	649172	31	39	51	52	53	59	60	61	427	#
1898	673478	44	45	50	52	53	59	60	61	427	#
1899	584817	43	44	45	51	52	53	60	61	427	#
1900	582805	43	51	52	53	58	59	60	61	427	#
1901	542544	44	45	46	47	52	53	60	61	427	#
1902	513439	27	36	44	46	52	53	54	60	427	#
1903	147214	27	35	36	428	#
1904	210880	35	36	37	428	#
1905	116694	27	28	36	428	#
1906	569533	0	1	2	3	8	9	10	11	19	27	30	31	429	#
1907	826506	2	3	4	5	11	17	18	19	25	26	27	34	429	#
1908	797087	3	4	5	6	13	20	21	29	30	37	54	55	429	#
1909	754469	5	6	25	26	27	31	47	54	55	61	62	63	429	#
1910	716084	1	2	3	4	5	6	11	12	20	21	52	60	429	#
1911	689034	3	4	11	12	19	20	25	26	27	28	35	43	429	#
1912	194170	49	50	430	#
1913	199349	42	50	430	#
1914	120658	41	49	430	#
1915	707604	24	30	32	37	38	39	47	54	55	62	431	#
1916	825527	29	30	37	38	39	47	54	55	62	63	431	#
1917	779819	12	20	24	30	31	38	39	47	55	63	431	#
1918	751969	29	30	31	37	38	39	47	54	55	62	431	#
1919	730619	38	39	45	47	53	54	55	61	62	63	431	#
1920	721629	45	52	53	54	55	59	60	61	62	63	431	#
1921	172249	25	33	432	#
1922	205225	24	25	432	#
1923	501622	21	28	29	36	37	44	45	51	52	60	433	#
1924	643720	43	44	49	50	51	52	58	59	60	61	433	#
1925	560935	24	35	36	42	43	51	52	59	60	61	433	#
1926	550691	8	16	35	36	37	42	43	49	50	58	433	#
1927	548388	18	19	20	25	26	27	28	33	36	37	433	#
1928	523435	26	27	36	43	44	45	52	53	59	60	433	#
1929	531952	0	8	41	42	48	49	50	52	56	57	58	59	60	434	#
1930	776005	8	15	21	22	28	29	36	51	52	53	59	60	61	434	#
1931	767278	18	26	32	33	34	40	41	42	48	49	50	56	59	434	#
1932	751590	24	30	32	38	40	41	46	48	49	52	53	54	56	434	#
1933	738989	17	18	25	26	32	33	34	40	41	48	49	56	57	434	#
1934	716618	27	28	29	36	37	38	41	44	49	50	58	59	60	434	#
1935	64731	52	#
1936	1604618	8	9	10	17	25	29	30	35	36	37	38	44	45	46	50	51	52	53	54	61	62	435	#
1937	1560316	12	20	21	28	29	30	31	35	36	37	38	44	45	46	51	52	54	55	60	62	63	435	#
1938	1558898	8	9	10	11	12	20	28	29	36	39	44	45	46	51	52	53	54	55	61	62	63	435	#
1939	1547479	13	21	29	30	36	37	38	41	44	45	46	49	50	51	52	53	54	59	60	61	62	435	#
1940	1505469	20	21	29	30	35	36	37	38	43	44	45	46	51	52	53	54	55	59	61	62	63	435	#
1941	1497104	20	26	27	28	29	30	31	34	35	36	37	38	44	45	46	52	53	54	55	62	63	435	#
1942	1130827	3	4	5	6	8	9	11	12	13	14	16	17	18	19	20	21	22	29	37	38	436	#
1943	1156377	2	8	9	10	16	17	18	19	24	25	26	32	33	34	35	36	41	42	48	49	436	#
1944	1144152	2	3	4	5	9	10	11	12	13	18	20	26	34	41	49	57	60	61	62	63	436	#
1945	1133961	2	3	10	11	12	13	15	18	19	20	21	22	25	26	29	32	33	41	42	47	436	#
1946	1123225	1	2	3	4	5	8	9	10	11	12	13	16	17	18	19	20	24	32	40	41	436	#
1947	1107573	5	12	13	14	17	18	19	20	21	22	25	26	27	28	29	32	33	34	36	41	436	#
1948	149251	2	3	4	5	13	437	#
1949	186535	2	3	4	9	10	437	#
1950	124665	3	4	5	6	13	437	#
1951	1746783	11	13	14	16	17	18	19	20	21	22	23	25	26	27	28	29	30	31	34	35	36	37	38	39	43	44	45	46	47	438	#
1952	1961700	0	1	2	3	8	10	11	13	14	16	19	20	22	23	24	28	29	30	31	36	37	38	39	45	46	47	54	55	63	438	#
1953	1954369	3	4	5	6	11	13	14	15	19	20	21	22	23	28	29	31	35	36	37	38	39	45	46	47	50	55	59	60	63	438	#
1954	1934615	4	5	11	12	13	14	17	18	19	20	21	22	23	25	26	28	29	30	31	34	35	36	38	39	43	46	47	51	55	438	#
1955	1892041	0	8	9	11	15	16	17	18	19	20	21	22	23	24	25	26	28	31	32	33	34	35	36	42	43	49	50	59	60	438	#
1956	1880956	1	6	7	8	12	13	14	15	16	20	21	22	23	26	28	29	30	31	34	36	37	38	39	45	46	47	54	55	62	438	#
1957	1162882	2	3	4	5	9	10	11	12	13	17	18	19	20	26	27	33	34	35	36	37	44	439	#
1958	1289739	11	12	13	15	18	19	23	27	31	34	35	36	38	43	44	46	47	52	53	61	62	439	#
1959	1250075	1	2	8	16	17	18	19	27	29	30	34	35	36	37	38	39	44	45	46	47	52	439	#
1960	1246617	1	2	4	8	9	10	12	13	19	20	27	28	29	34	35	36	37	38	44	45	46	439	#
1961	1194651	27	29	33	34	35	36	37	38	39	43	44	45	46	47	52	53	54	59	60	61	62	439	#
1962	1159547	2	3	4	5	6	7	8	9	10	11	12	13	14	31	39	47	54	55	61	62	63	439	#
1963	167641	32	33	440	#
1964	204901	24	32	440	#
1965	179189	33	34	440	#
1966	145841	14	22	23	441	#
1967	114500	13	14	21	441	#
1968	107600	21	22	23	441	#
1969	1598572	16	17	18	19	20	21	24	25	28	33	34	35	36	37	40	41	42	43	44	48	49	50	51	52	56	57	58	59	442	#
1970	2129510	24	25	30	31	32	33	34	35	37	38	39	40	41	42	45	46	47	49	50	51	53	54	57	58	59	61	62	63	442	#
1971	2061790	9	10	11	17	18	24	25	26	29	30	32	33	34	35	36	37	40	41	42	43	48	49	50	51	56	57	58	59	442	#
1972	1971459	11	18	19	24	25	26	29	30	32	33	34	35	36	37	38	39	40	41	42	43	47	48	49	50	56	57	58	59	442	#
1973	1953680	1	8	9	10	14	16	17	18	21	22	24	25	29	30	32	33	34	37	38	40	41	42	46	48	54	56	62	63	442	#
1974	1925194	1	2	3	4	15	18	19	23	24	25	26	31	32	33	34	35	38	39	40	41	42	43	46	47	49	50	51	59	442	#
1975	217671	33	34	35	443	#
1976	187064	25	33	42	443	#
1977	185277	34	35	42	443	#
1978	142412	27	35	36	443	#
1979	507874	32	40	41	42	48	49	50	56	444	#
1980	548116	16	18	24	25	26	32	40	41	444	#
1981	528322	32	34	40	41	42	48	49	50	444	#
1982	487959	24	32	40	41	42	48	49	56	444	#
1983	441316	32	40	42	43	48	49	50	56	444	#
1984	431122	24	32	37	40	41	48	52	60	444	#
1985	171695	10	11	445	#
1986	115763	11	19	445	#
1987	534092	28	33	34	35	36	42	43	44	446	#
1988	681674	40	41	42	49	50	58	59	60	446	#
1989	607292	27	28	33	34	35	36	41	42	446	#
1990	575985	34	35	43	44	50	52	59	60	446	#
1991	573099	27	35	36	42	43	44	51	52	446	#
1992	545505	20	26	27	28	34	35	36	44	446	#
1993	518821	3	4	5	6	7	11	12	13	14	19	21	447	#
1994	728835	3	4	5	11	12	19	20	21	27	29	36	447	#
1995	713440	1	2	3	4	5	8	11	12	13	21	29	447	#
1996	652500	3	4	5	6	7	11	12	13	14	21	29	447	#
1997	613377	21	29	37	44	45	50	51	52	53	59	60	447	#
1998	602161	2	3	4	5	6	11	12	13	14	21	29	447	#
1999	1287993	13	21	32	37	38	40	45	46	47	48	49	50	53	54	55	56	57	59	60	61	62	63	448	#
2000	1619720	11	16	17	18	19	24	25	32	33	34	35	40	41	42	43	44	45	49	50	51	57	59	448	#
2001	1429258	13	14	30	32	33	38	41	42	43	44	45	46	47	49	50	51	52	53	59	60	61	62	448	#
2002	1378069	32	33	34	40	41	42	44	45	48	49	50	52	53	54	56	57	58	59	60	61	62	63	448	#
2003	1370003	16	17	18	19	24	25	29	30	32	33	34	40	41	42	43	44	48	49	50	56	57	58	448	#
2004	1361567	27	30	34	35	36	37	38	44	45	46	47	50	51	52	53	54	55	59	60	61	62	63	448	#
