%% File generated by CATS v.2.1Wed Jun 19 17:40:31 2013

%% The CATS webpage is http://robotics.stanford.edu/CATS

%% PARAMETER SETTINGS:
% Goods: 64; Bids: 2000; Distribution: L3; Runs: 50; Seed: 1371658681
% Legacy distribution parameters:
% Number of goods chosen according to Constant distribution (const_goods = 3).
% Price chosen according to Fixed Random distribution (low_fixed = 0, high_fixed = 1000).


goods 64
bids 2000
dummy 0

0	681603	33	43	45	#
1	877741	12	18	36	#
2	506911	14	28	47	#
3	77467	24	33	61	#
4	243539	26	34	54	#
5	424211	27	30	52	#
6	257064	18	20	44	#
7	205000	5	19	37	#
8	372681	22	24	25	#
9	179500	29	32	38	#
10	738398	7	49	53	#
11	253597	5	18	46	#
12	265313	3	38	55	#
13	316628	6	9	24	#
14	417949	4	29	34	#
15	250088	35	37	50	#
16	230171	12	20	33	#
17	608842	20	22	42	#
18	555989	40	41	55	#
19	500247	6	18	20	#
20	729595	12	13	54	#
21	742272	17	30	55	#
22	5269	12	23	47	#
23	468620	7	54	56	#
24	419919	2	3	22	#
25	926438	35	46	52	#
26	815916	8	21	31	#
27	187955	35	54	59	#
28	512764	12	55	57	#
29	287230	0	12	27	#
30	11672	7	35	52	#
31	160277	1	19	25	#
32	514190	8	10	32	#
33	212949	2	19	49	#
34	789730	40	50	60	#
35	994807	1	29	34	#
36	869081	9	11	33	#
37	372792	6	20	59	#
38	799177	38	42	58	#
39	182490	27	37	46	#
40	246135	4	9	16	#
41	9735	21	35	40	#
42	691589	35	40	56	#
43	791398	0	16	36	#
44	331614	22	24	49	#
45	866656	12	16	61	#
46	558006	1	18	19	#
47	958592	7	51	56	#
48	320929	29	51	61	#
49	315438	12	19	31	#
50	945774	23	27	55	#
51	711781	19	46	55	#
52	295692	1	13	32	#
53	968670	13	46	53	#
54	496992	12	46	60	#
55	40735	11	35	46	#
56	311066	2	17	55	#
57	923159	17	54	61	#
58	486691	12	39	41	#
59	878883	27	37	59	#
60	288616	32	34	56	#
61	297522	31	35	57	#
62	77265	28	34	62	#
63	44619	25	34	61	#
64	962285	7	19	61	#
65	198332	0	3	59	#
66	690991	3	5	28	#
67	259710	18	55	60	#
68	560966	7	19	34	#
69	163824	22	38	58	#
70	640839	2	33	42	#
71	126396	33	35	48	#
72	394071	8	27	57	#
73	319947	16	17	54	#
74	318564	15	18	32	#
75	974543	10	21	63	#
76	3163	1	12	34	#
77	328967	1	18	52	#
78	520950	12	29	45	#
79	247277	5	31	32	#
80	25419	49	51	60	#
81	677306	0	45	54	#
82	941949	0	16	58	#
83	688272	43	50	59	#
84	388281	18	43	52	#
85	786408	9	35	44	#
86	516499	4	31	43	#
87	707899	26	59	62	#
88	24297	14	21	26	#
89	684025	15	51	55	#
90	612524	8	14	26	#
91	223602	1	25	30	#
92	366222	36	42	48	#
93	611088	1	23	36	#
94	392805	0	7	18	#
95	128346	53	58	61	#
96	563712	24	59	63	#
97	473831	1	2	46	#
98	874844	37	51	63	#
99	975067	10	13	27	#
100	766243	7	54	55	#
101	968584	14	31	34	#
102	722969	38	51	59	#
103	156063	19	35	54	#
104	616782	29	39	59	#
105	836261	15	28	60	#
106	542206	18	32	41	#
107	659342	47	50	62	#
108	350746	1	16	29	#
109	953583	0	5	41	#
110	693456	35	58	60	#
111	733974	25	34	51	#
112	144778	21	22	49	#
113	218062	7	14	34	#
114	899498	37	53	62	#
115	46466	3	45	46	#
116	609866	19	21	32	#
117	433780	9	47	62	#
118	161369	30	46	56	#
119	160201	43	50	51	#
120	573352	11	15	46	#
121	654987	7	22	30	#
122	754621	6	8	28	#
123	419960	43	44	49	#
124	544339	4	36	53	#
125	694564	29	36	62	#
126	325019	0	21	30	#
127	573574	29	34	44	#
128	507048	23	33	39	#
129	754365	32	52	62	#
130	353191	7	43	59	#
131	712721	9	51	63	#
132	936649	38	39	61	#
133	384483	24	31	49	#
134	507764	0	4	61	#
135	364912	0	9	19	#
136	182088	14	50	58	#
137	228460	4	29	53	#
138	656527	6	11	43	#
139	937624	43	45	59	#
140	610459	0	44	51	#
141	456597	23	33	57	#
142	796804	9	54	57	#
143	452294	10	12	35	#
144	171439	25	32	60	#
145	954325	0	1	42	#
146	813230	12	30	50	#
147	708262	52	58	62	#
148	104952	0	19	25	#
149	799402	25	41	60	#
150	480991	8	40	50	#
151	320702	41	52	53	#
152	693745	7	9	59	#
153	867656	32	36	52	#
154	151492	18	46	50	#
155	38865	21	38	47	#
156	358513	4	49	55	#
157	332937	4	14	52	#
158	840807	5	31	44	#
159	575550	9	27	45	#
160	324514	7	18	40	#
161	284915	7	20	26	#
162	349205	2	39	58	#
163	189522	3	31	33	#
164	944492	7	35	55	#
165	448993	15	42	59	#
166	475944	5	48	57	#
167	997015	1	37	58	#
168	275079	20	21	24	#
169	824735	6	18	54	#
170	208259	28	29	62	#
171	700931	3	36	52	#
172	110391	16	17	49	#
173	249141	32	37	49	#
174	854900	7	32	44	#
175	319723	31	55	58	#
176	777359	3	34	35	#
177	749911	6	11	22	#
178	726091	34	43	61	#
179	875921	14	31	55	#
180	598744	32	51	52	#
181	976550	50	51	58	#
182	14644	7	19	26	#
183	926455	44	53	63	#
184	616822	2	7	16	#
185	964558	12	14	45	#
186	755286	23	36	61	#
187	997802	0	4	32	#
188	739427	7	12	48	#
189	481581	21	26	45	#
190	335394	2	14	43	#
191	671504	20	45	48	#
192	763897	36	52	54	#
193	680758	20	41	47	#
194	645564	18	26	44	#
195	674463	21	39	42	#
196	965087	5	42	48	#
197	69041	4	19	52	#
198	705250	3	11	15	#
199	372247	24	55	61	#
200	980337	0	54	55	#
201	611221	11	18	30	#
202	637646	34	40	62	#
203	859853	4	5	28	#
204	711391	30	40	54	#
205	281729	7	8	57	#
206	906246	0	7	32	#
207	183395	2	28	54	#
208	535785	17	52	53	#
209	45746	12	45	51	#
210	183282	29	41	55	#
211	65512	25	38	48	#
212	417675	6	25	47	#
213	588259	25	39	41	#
214	961857	43	58	62	#
215	336004	14	38	50	#
216	220777	37	40	55	#
217	286657	7	42	49	#
218	46592	1	2	15	#
219	297853	17	29	32	#
220	369070	13	19	36	#
221	84321	3	37	45	#
222	851670	1	44	57	#
223	955825	5	36	45	#
224	47217	32	45	62	#
225	957005	5	27	35	#
226	613597	1	17	56	#
227	178739	15	56	57	#
228	383784	19	38	46	#
229	531038	24	25	41	#
230	85916	22	32	54	#
231	810922	18	28	63	#
232	326329	20	51	55	#
233	622338	12	19	57	#
234	834651	18	25	57	#
235	683140	5	11	40	#
236	718103	5	24	31	#
237	730003	0	44	56	#
238	869335	27	48	63	#
239	659075	6	54	56	#
240	832141	24	26	57	#
241	912325	32	46	49	#
242	504608	15	21	57	#
243	147801	20	25	40	#
244	290684	6	55	58	#
245	916614	33	47	59	#
246	698858	6	15	33	#
247	410279	3	46	63	#
248	930586	2	20	22	#
249	339114	3	38	39	#
250	701278	6	37	38	#
251	655705	23	46	49	#
252	393148	29	37	52	#
253	147046	15	36	59	#
254	651857	25	54	60	#
255	884745	20	47	59	#
256	707907	4	40	51	#
257	144793	51	59	61	#
258	28852	17	35	42	#
259	686688	6	20	30	#
260	389919	19	22	42	#
261	216282	16	40	48	#
262	88260	19	30	53	#
263	447556	30	45	47	#
264	820054	50	52	57	#
265	425569	5	11	25	#
266	689827	3	6	22	#
267	676180	37	39	40	#
268	927850	7	14	23	#
269	307679	12	17	54	#
270	154123	23	28	49	#
271	405308	11	21	30	#
272	446445	0	28	42	#
273	931722	19	31	56	#
274	874737	9	13	50	#
275	259126	0	5	23	#
276	568315	12	26	40	#
277	23483	5	37	53	#
278	953531	12	45	47	#
279	607019	33	34	49	#
280	43347	4	15	50	#
281	163054	8	9	28	#
282	8344	20	24	35	#
283	177458	31	33	61	#
284	110117	0	12	38	#
285	378490	17	36	45	#
286	514324	30	56	58	#
287	9805	0	13	45	#
288	411874	33	45	55	#
289	962925	5	37	60	#
290	741640	14	24	33	#
291	204922	10	31	33	#
292	511474	1	2	47	#
293	250537	22	35	42	#
294	511489	16	22	36	#
295	510809	9	45	51	#
296	136159	3	17	34	#
297	221343	6	9	21	#
298	390119	7	12	53	#
299	380875	4	32	57	#
300	844294	26	41	46	#
301	737288	0	14	21	#
302	833388	13	24	40	#
303	160850	10	11	53	#
304	241471	21	34	37	#
305	407732	3	53	57	#
306	809260	33	46	55	#
307	585080	28	35	56	#
308	14903	10	30	48	#
309	877874	6	18	46	#
310	229453	9	26	53	#
311	136020	6	10	62	#
312	530655	22	25	42	#
313	628252	5	11	15	#
314	682753	30	42	62	#
315	731831	0	14	58	#
316	725006	17	22	55	#
317	355806	9	12	53	#
318	479188	10	14	52	#
319	225109	15	41	52	#
320	990923	9	13	21	#
321	804711	38	46	57	#
322	572271	5	27	39	#
323	254178	4	31	46	#
324	445822	6	30	47	#
325	360779	7	51	54	#
326	132316	24	35	60	#
327	263548	23	36	50	#
328	166166	34	44	54	#
329	51231	8	28	55	#
330	71886	26	41	55	#
331	993774	41	54	58	#
332	789345	9	31	35	#
333	250048	12	33	40	#
334	896847	11	26	46	#
335	383740	26	53	60	#
336	48476	1	4	23	#
337	914871	14	54	60	#
338	518140	7	26	54	#
339	655317	12	28	32	#
340	459320	7	34	41	#
341	902415	4	5	21	#
342	377693	29	42	43	#
343	608659	19	20	29	#
344	327476	1	46	53	#
345	855520	1	9	30	#
346	456802	16	36	59	#
347	81750	24	52	63	#
348	348976	18	53	55	#
349	323033	1	36	47	#
350	774358	33	35	55	#
351	913001	2	20	56	#
352	275612	5	12	29	#
353	125878	19	31	60	#
354	854133	4	20	26	#
355	36426	25	26	34	#
356	173173	23	27	35	#
357	207940	21	42	61	#
358	878082	6	28	35	#
359	13516	2	56	61	#
360	559286	50	53	60	#
361	102702	55	56	61	#
362	553338	6	23	45	#
363	886258	41	53	56	#
364	313369	11	18	43	#
365	208261	13	19	37	#
366	655365	1	6	27	#
367	719478	27	31	37	#
368	295535	12	48	50	#
369	617267	15	25	59	#
370	501172	32	44	53	#
371	48125	8	23	60	#
372	942460	16	29	47	#
373	595500	17	41	45	#
374	154053	4	35	41	#
375	664163	30	47	49	#
376	468310	1	45	58	#
377	312417	2	18	29	#
378	706846	18	42	46	#
379	585874	29	30	52	#
380	958694	0	7	27	#
381	960725	39	45	53	#
382	869024	27	56	63	#
383	315111	13	40	53	#
384	140736	3	24	37	#
385	328661	17	32	45	#
386	885808	24	30	53	#
387	847928	1	17	57	#
388	54064	8	31	45	#
389	549439	4	6	46	#
390	414150	13	52	56	#
391	182231	7	15	53	#
392	464787	0	35	49	#
393	778233	11	13	46	#
394	213957	1	9	21	#
395	481492	28	48	59	#
396	979488	12	18	51	#
397	66258	9	16	54	#
398	236600	5	11	16	#
399	789065	25	35	63	#
400	66250	30	36	61	#
401	951454	24	45	63	#
402	942729	2	45	49	#
403	437630	2	10	55	#
404	439762	15	38	62	#
405	535320	55	58	59	#
406	931425	22	23	54	#
407	548295	20	21	47	#
408	517535	1	36	57	#
409	65423	33	36	49	#
410	212728	5	28	43	#
411	263896	6	8	9	#
412	904249	15	21	50	#
413	293114	7	8	27	#
414	705571	11	20	63	#
415	611015	9	15	42	#
416	728910	0	52	62	#
417	105339	4	22	38	#
418	759402	1	42	49	#
419	886584	26	27	39	#
420	406931	2	42	50	#
421	472865	17	30	37	#
422	847235	39	59	63	#
423	421232	9	35	63	#
424	107730	8	51	58	#
425	835490	0	4	39	#
426	126730	0	4	7	#
427	148577	30	33	38	#
428	462225	34	45	51	#
429	367393	10	48	51	#
430	559465	9	28	52	#
431	228843	7	32	57	#
432	416049	10	19	24	#
433	443410	37	60	62	#
434	860542	15	35	51	#
435	961323	10	12	59	#
436	903196	22	29	40	#
437	986463	14	22	40	#
438	287308	22	30	63	#
439	355938	6	25	51	#
440	502524	25	44	61	#
441	668511	7	46	55	#
442	222428	28	44	49	#
443	317751	9	30	51	#
444	592141	12	16	37	#
445	685156	23	28	50	#
446	870381	9	36	61	#
447	881613	13	37	52	#
448	812877	32	50	61	#
449	882930	35	40	54	#
450	385703	30	48	62	#
451	243175	24	31	63	#
452	760372	19	35	48	#
453	775859	11	27	30	#
454	837556	10	18	59	#
455	691068	24	36	47	#
456	335898	20	24	45	#
457	122910	7	26	63	#
458	327383	14	30	47	#
459	198159	10	33	43	#
460	987884	38	45	47	#
461	497283	1	25	57	#
462	78222	16	31	60	#
463	211938	29	45	46	#
464	851898	0	14	24	#
465	852440	15	19	21	#
466	417600	32	43	46	#
467	537711	10	23	58	#
468	538683	0	42	57	#
469	869926	36	40	56	#
470	87205	6	38	41	#
471	147066	3	17	20	#
472	886653	10	12	37	#
473	198817	10	30	45	#
474	475394	7	17	27	#
475	444698	53	57	60	#
476	401952	7	25	50	#
477	868087	22	28	48	#
478	23587	2	7	27	#
479	475722	38	44	55	#
480	421230	7	8	24	#
481	469536	37	43	53	#
482	966710	12	23	51	#
483	965890	36	47	60	#
484	282284	2	12	15	#
485	958945	0	10	46	#
486	817836	7	39	48	#
487	979077	19	41	42	#
488	37740	11	51	54	#
489	173114	3	18	63	#
490	257186	5	50	54	#
491	979567	6	23	57	#
492	496918	30	53	60	#
493	722862	22	25	36	#
494	335647	25	28	32	#
495	830328	2	25	47	#
496	631033	2	4	40	#
497	672683	7	30	41	#
498	152954	5	23	40	#
499	391406	8	13	54	#
500	626904	10	31	52	#
501	222338	4	32	63	#
502	416473	4	28	48	#
503	121439	46	56	61	#
504	962119	0	45	49	#
505	761041	9	12	55	#
506	899470	10	13	38	#
507	390977	15	35	58	#
508	61841	11	43	60	#
509	566215	8	49	54	#
510	465293	35	39	52	#
511	500298	15	29	51	#
512	173455	15	35	53	#
513	206979	4	13	22	#
514	718310	9	42	52	#
515	574212	2	29	44	#
516	364187	9	19	36	#
517	464907	1	11	34	#
518	405544	6	38	63	#
519	45290	12	26	48	#
520	248711	25	35	37	#
521	804380	24	36	39	#
522	243543	2	35	54	#
523	147081	21	62	63	#
524	103042	0	26	53	#
525	18544	34	37	55	#
526	277308	53	58	62	#
527	748935	11	39	52	#
528	832745	4	16	22	#
529	195396	22	49	55	#
530	996211	4	16	23	#
531	636741	5	22	60	#
532	686129	4	6	54	#
533	151789	41	43	49	#
534	52109	5	25	38	#
535	150818	5	11	19	#
536	707739	7	24	27	#
537	870240	6	22	53	#
538	44901	40	49	51	#
539	3853	22	43	49	#
540	150623	27	57	58	#
541	492435	0	24	30	#
542	526655	3	7	44	#
543	675982	18	21	37	#
544	718223	8	27	59	#
545	110908	11	40	57	#
546	357871	22	24	28	#
547	894485	23	26	36	#
548	60925	3	5	27	#
549	910157	31	49	57	#
550	71067	24	48	49	#
551	9846	43	47	55	#
552	547634	9	54	63	#
553	783210	16	19	29	#
554	910699	1	25	53	#
555	228796	19	35	50	#
556	715637	10	24	62	#
557	997527	24	29	39	#
558	774235	2	14	23	#
559	316513	4	28	44	#
560	583804	14	58	61	#
561	727003	13	30	63	#
562	524516	8	50	55	#
563	27388	25	44	45	#
564	835465	8	26	48	#
565	501726	4	40	59	#
566	198723	36	40	60	#
567	487059	8	20	46	#
568	398014	15	34	49	#
569	618848	9	44	57	#
570	152796	3	7	12	#
571	181968	4	17	39	#
572	941152	21	23	25	#
573	530383	20	43	53	#
574	638659	27	45	56	#
575	746386	15	21	51	#
576	65835	29	54	61	#
577	743172	0	20	46	#
578	632796	31	42	56	#
579	758080	5	41	55	#
580	861014	20	29	35	#
581	8907	14	17	39	#
582	123094	4	22	44	#
583	554762	19	51	59	#
584	754293	36	39	56	#
585	476565	4	19	49	#
586	414385	31	38	44	#
587	726011	24	42	45	#
588	813957	27	41	44	#
589	607271	8	27	36	#
590	229729	11	29	61	#
591	389179	19	25	26	#
592	44744	0	31	43	#
593	762666	7	36	60	#
594	406779	27	47	55	#
595	835211	50	53	55	#
596	755626	15	48	63	#
597	93750	13	25	45	#
598	436394	3	34	43	#
599	868381	20	30	52	#
600	896373	11	32	44	#
601	970476	21	35	52	#
602	221618	19	27	30	#
603	539172	0	7	41	#
604	645340	33	36	56	#
605	771797	29	37	51	#
606	317461	24	58	60	#
607	136669	10	37	63	#
608	63132	6	9	43	#
609	870767	37	40	63	#
610	77762	2	16	62	#
611	50161	4	12	32	#
612	507073	2	22	31	#
613	287673	7	9	38	#
614	642925	24	29	54	#
615	160087	33	34	40	#
616	29132	34	39	54	#
617	796348	12	31	41	#
618	700417	11	21	56	#
619	229966	30	39	51	#
620	518836	4	11	23	#
621	526166	9	11	31	#
622	529255	29	34	40	#
623	291736	21	39	52	#
624	293542	29	56	58	#
625	423022	17	40	57	#
626	887870	54	57	63	#
627	162349	5	36	38	#
628	352050	24	26	29	#
629	574548	3	13	33	#
630	191579	13	34	45	#
631	481126	15	16	39	#
632	352801	7	31	35	#
633	256079	11	35	61	#
634	332148	12	52	55	#
635	284263	34	58	62	#
636	332312	15	19	56	#
637	614426	16	19	24	#
638	114067	4	19	27	#
639	827029	37	49	61	#
640	308555	13	21	29	#
641	618215	3	9	62	#
642	229811	34	38	50	#
643	871149	48	51	61	#
644	380851	6	25	61	#
645	490745	27	39	52	#
646	192993	0	3	28	#
647	696763	27	52	60	#
648	592244	2	55	60	#
649	45461	19	20	27	#
650	534542	0	31	49	#
651	812157	49	51	54	#
652	435497	7	39	46	#
653	570401	19	23	43	#
654	935430	11	41	56	#
655	841583	28	37	60	#
656	690797	29	33	57	#
657	355172	6	14	20	#
658	776868	19	21	53	#
659	55111	8	9	29	#
660	714644	16	37	45	#
661	913251	10	42	60	#
662	68983	9	42	60	#
663	935461	45	47	55	#
664	81830	21	27	39	#
665	238878	26	46	59	#
666	770131	33	54	58	#
667	556262	29	39	46	#
668	755987	8	51	60	#
669	32257	0	24	62	#
670	101742	14	18	47	#
671	716350	5	44	63	#
672	141861	35	43	48	#
673	728654	2	22	39	#
674	779770	2	38	46	#
675	677145	6	15	59	#
676	499469	38	49	51	#
677	538788	0	9	42	#
678	471905	15	46	56	#
679	882031	3	27	30	#
680	161534	15	32	41	#
681	4420	30	46	59	#
682	54201	2	29	58	#
683	286635	3	4	48	#
684	245619	16	19	35	#
685	823046	7	49	58	#
686	279167	15	28	37	#
687	178905	31	35	37	#
688	802346	4	32	45	#
689	945599	5	14	53	#
690	323201	6	19	46	#
691	617915	24	25	32	#
692	591130	9	12	63	#
693	265397	2	8	25	#
694	153522	11	20	52	#
695	48050	5	28	31	#
696	554463	32	50	55	#
697	370710	9	18	57	#
698	807549	30	50	58	#
699	518631	17	29	34	#
700	984603	32	38	61	#
701	232534	3	4	35	#
702	379498	16	25	38	#
703	591897	20	40	53	#
704	6849	15	24	57	#
705	608483	19	25	62	#
706	937920	21	30	50	#
707	722627	24	28	51	#
708	285291	30	39	56	#
709	793338	8	11	26	#
710	33548	18	37	45	#
711	773609	7	33	46	#
712	22659	4	27	54	#
713	840078	4	17	63	#
714	177161	7	13	52	#
715	982835	18	35	39	#
716	218069	12	19	56	#
717	378550	16	27	46	#
718	253300	18	40	61	#
719	434027	39	40	45	#
720	27909	25	47	55	#
721	88049	16	34	60	#
722	230301	3	40	53	#
723	652124	39	54	61	#
724	902284	7	47	51	#
725	435029	10	41	52	#
726	557478	11	28	37	#
727	32874	11	49	62	#
728	330931	8	13	62	#
729	987347	20	47	52	#
730	677919	32	35	36	#
731	928054	0	6	57	#
732	10508	11	22	51	#
733	983210	15	42	58	#
734	168073	10	18	33	#
735	167829	23	37	49	#
736	961342	26	39	40	#
737	861848	0	34	42	#
738	523621	1	28	30	#
739	550242	1	7	32	#
740	104613	3	5	39	#
741	712950	15	22	50	#
742	861188	11	26	53	#
743	725424	2	11	42	#
744	23821	26	41	45	#
745	124118	7	20	55	#
746	390274	12	21	59	#
747	329507	13	20	44	#
748	95489	11	31	63	#
749	277973	26	28	39	#
750	9982	2	22	45	#
751	935437	13	34	42	#
752	629415	1	42	59	#
753	112159	14	16	34	#
754	749019	32	46	53	#
755	74782	5	8	43	#
756	556244	49	52	55	#
757	535739	33	43	61	#
758	245684	18	44	57	#
759	905791	3	8	27	#
760	206595	6	41	49	#
761	532375	19	41	44	#
762	90371	9	47	57	#
763	377408	23	27	54	#
764	99444	5	51	62	#
765	947659	28	38	47	#
766	647916	14	30	62	#
767	330052	13	25	49	#
768	47254	6	34	58	#
769	945709	6	34	48	#
770	878638	14	49	59	#
771	984672	12	29	60	#
772	741303	6	7	23	#
773	171080	1	28	62	#
774	460416	11	28	50	#
775	65833	1	10	57	#
776	75699	48	55	62	#
777	890545	2	11	12	#
778	233731	24	32	39	#
779	736477	0	23	43	#
780	314913	6	7	31	#
781	808239	7	33	42	#
782	740302	28	43	59	#
783	424059	23	31	43	#
784	56316	8	14	16	#
785	263974	8	32	50	#
786	829413	1	23	33	#
787	895589	10	26	39	#
788	46235	9	14	61	#
789	674648	12	21	62	#
790	202998	29	31	54	#
791	998155	22	28	32	#
792	919012	13	16	31	#
793	626035	30	31	44	#
794	966199	14	20	38	#
795	623445	13	21	27	#
796	582666	7	39	45	#
797	908006	11	41	59	#
798	156749	58	60	62	#
799	575184	5	27	52	#
800	4330	39	47	51	#
801	528928	1	51	54	#
802	47058	7	11	43	#
803	241259	9	43	50	#
804	156573	1	17	27	#
805	262725	7	15	31	#
806	2465	13	19	33	#
807	961091	14	44	52	#
808	484949	1	52	62	#
809	959350	16	31	43	#
810	986652	15	16	41	#
811	419536	23	39	48	#
812	966889	9	16	60	#
813	842687	35	45	60	#
814	442246	26	42	53	#
815	153878	33	43	56	#
816	324125	29	33	40	#
817	846179	44	51	56	#
818	416823	9	23	58	#
819	868505	4	5	39	#
820	119064	5	31	61	#
821	759688	19	34	56	#
822	517341	22	27	36	#
823	254782	16	20	47	#
824	611226	25	28	40	#
825	219440	0	44	46	#
826	868788	4	19	25	#
827	304383	9	37	59	#
828	174541	8	15	57	#
829	154325	35	50	60	#
830	502820	11	16	54	#
831	354379	5	11	59	#
832	327919	2	17	20	#
833	163627	35	42	62	#
834	304372	4	7	16	#
835	609188	14	47	54	#
836	767462	16	30	42	#
837	565738	7	16	50	#
838	473011	1	53	61	#
839	187338	3	24	58	#
840	8138	9	15	58	#
841	50049	20	24	49	#
842	100368	8	14	49	#
843	907905	3	5	13	#
844	401917	27	40	60	#
845	439797	12	14	32	#
846	171399	3	43	47	#
847	799610	7	39	61	#
848	81586	8	17	36	#
849	912851	7	10	31	#
850	479837	18	47	63	#
851	540501	30	41	43	#
852	987804	3	26	54	#
853	629254	15	39	49	#
854	787974	48	54	63	#
855	587590	1	46	59	#
856	372894	15	45	54	#
857	735770	3	7	55	#
858	275290	24	38	52	#
859	85788	14	34	35	#
860	98930	18	31	61	#
861	900125	10	45	55	#
862	772618	1	20	22	#
863	640973	7	20	45	#
864	583517	27	41	56	#
865	943954	32	37	54	#
866	211010	30	38	50	#
867	557048	29	38	53	#
868	221906	11	23	59	#
869	103191	15	38	46	#
870	67819	7	26	47	#
871	782877	6	43	54	#
872	311938	1	20	33	#
873	844639	11	16	28	#
874	322343	5	11	43	#
875	753132	4	36	43	#
876	559989	9	18	41	#
877	49165	13	36	39	#
878	735084	9	37	63	#
879	43282	29	36	58	#
880	259456	7	25	52	#
881	708060	6	17	32	#
882	779716	13	23	54	#
883	124891	18	49	57	#
884	121589	38	46	54	#
885	799056	5	9	40	#
886	336170	5	39	47	#
887	800161	1	22	62	#
888	37767	23	28	60	#
889	191185	20	38	41	#
890	377635	15	30	45	#
891	664415	0	13	34	#
892	689749	20	25	50	#
893	550194	1	36	52	#
894	902777	6	44	57	#
895	447403	20	27	32	#
896	973526	14	37	41	#
897	213870	9	12	56	#
898	664517	8	13	38	#
899	950413	14	35	44	#
900	962007	0	13	53	#
901	913956	22	31	36	#
902	310601	0	3	23	#
903	3199	15	41	43	#
904	626804	18	20	49	#
905	746167	14	47	59	#
906	866542	18	23	28	#
907	557391	0	5	46	#
908	237758	5	15	27	#
909	581568	43	49	58	#
910	922095	1	33	37	#
911	832964	3	5	48	#
912	702020	23	35	52	#
913	911777	18	54	63	#
914	357361	5	15	31	#
915	376159	8	12	60	#
916	820213	31	57	62	#
917	809645	7	19	28	#
918	714098	2	32	42	#
919	868877	0	1	4	#
920	343554	2	43	48	#
921	796125	26	28	44	#
922	234643	44	46	57	#
923	335665	19	44	63	#
924	388874	19	21	45	#
925	731866	11	29	63	#
926	488967	8	16	27	#
927	727357	0	44	53	#
928	185386	5	27	55	#
929	872201	18	36	53	#
930	960618	10	26	27	#
931	138153	4	8	39	#
932	601512	10	54	62	#
933	100485	5	41	51	#
934	296587	2	3	58	#
935	403962	40	44	62	#
936	844893	8	24	34	#
937	964900	49	50	55	#
938	714009	3	8	19	#
939	377848	2	10	54	#
940	716981	12	23	27	#
941	293280	18	27	35	#
942	451945	2	38	60	#
943	628209	13	14	23	#
944	761236	10	42	43	#
945	138753	33	51	59	#
946	722583	39	46	50	#
947	118776	2	44	58	#
948	346963	36	43	59	#
949	286907	31	39	54	#
950	753949	14	34	58	#
951	769476	10	26	38	#
952	448095	38	50	52	#
953	673053	7	10	59	#
954	232095	31	41	44	#
955	646988	24	45	55	#
956	564009	0	29	39	#
957	245677	1	28	54	#
958	584765	26	30	63	#
959	772348	1	7	59	#
960	617375	28	49	50	#
961	719749	5	26	46	#
962	105204	17	21	52	#
963	961881	20	35	37	#
964	410451	16	61	63	#
965	657991	16	62	63	#
966	192107	3	47	49	#
967	503010	17	25	51	#
968	801473	35	54	55	#
969	837988	0	52	53	#
970	510943	33	53	61	#
971	542895	11	23	44	#
972	418741	2	49	59	#
973	809198	42	47	49	#
974	252904	20	27	44	#
975	938850	1	7	33	#
976	850626	2	41	61	#
977	508404	12	37	58	#
978	28790	22	33	56	#
979	633732	1	39	61	#
980	491147	1	6	38	#
981	888805	12	29	30	#
982	86252	3	11	47	#
983	618423	28	44	62	#
984	362204	15	42	45	#
985	138142	21	59	63	#
986	983535	25	32	51	#
987	101527	36	57	63	#
988	365922	1	26	42	#
989	766245	15	40	56	#
990	862835	10	22	48	#
991	114185	1	46	63	#
992	481477	31	33	44	#
993	148549	18	32	53	#
994	975110	12	23	31	#
995	826283	0	35	41	#
996	732477	5	7	51	#
997	860923	18	19	48	#
998	344481	5	23	30	#
999	992549	7	24	49	#
1000	614034	5	17	50	#
1001	350761	12	34	62	#
1002	431046	15	26	58	#
1003	30796	1	36	49	#
1004	485014	27	34	40	#
1005	73401	30	34	48	#
1006	49105	10	59	63	#
1007	230955	0	2	44	#
1008	265118	15	36	48	#
1009	698973	43	49	55	#
1010	177971	9	21	56	#
1011	395901	1	5	46	#
1012	998972	24	31	38	#
1013	891114	31	33	47	#
1014	316922	20	30	54	#
1015	542537	34	39	42	#
1016	824833	35	53	59	#
1017	894588	6	53	62	#
1018	282644	17	23	38	#
1019	728197	49	55	61	#
1020	891968	20	24	30	#
1021	214732	9	42	56	#
1022	227085	19	24	39	#
1023	367093	11	34	37	#
1024	61802	19	32	38	#
1025	706443	1	8	18	#
1026	460625	12	41	45	#
1027	519764	10	55	56	#
1028	389036	0	30	31	#
1029	941362	28	51	59	#
1030	763149	0	15	57	#
1031	642997	0	9	18	#
1032	528474	25	34	50	#
1033	931883	21	32	49	#
1034	503063	2	17	23	#
1035	279390	48	50	51	#
1036	272059	34	39	58	#
1037	433210	13	18	32	#
1038	378652	46	47	52	#
1039	301843	19	33	53	#
1040	420760	28	38	50	#
1041	742681	13	14	42	#
1042	433186	31	33	34	#
1043	233547	25	31	62	#
1044	111839	6	27	57	#
1045	162495	12	15	45	#
1046	19546	26	27	51	#
1047	131753	14	15	28	#
1048	239100	19	47	52	#
1049	640156	6	32	34	#
1050	159182	25	45	53	#
1051	142539	3	36	57	#
1052	838002	1	36	37	#
1053	132335	5	30	38	#
1054	557831	9	24	39	#
1055	799032	57	61	63	#
1056	564522	15	26	44	#
1057	382031	21	45	49	#
1058	738350	12	31	59	#
1059	640074	8	10	49	#
1060	700135	35	45	63	#
1061	610462	15	48	60	#
1062	704413	18	23	29	#
1063	142489	1	20	60	#
1064	214430	9	11	43	#
1065	116350	19	43	62	#
1066	860627	14	29	45	#
1067	21494	4	26	40	#
1068	202004	5	11	49	#
1069	339304	3	20	61	#
1070	807009	41	42	47	#
1071	64041	30	44	63	#
1072	705376	28	51	58	#
1073	384007	5	27	45	#
1074	369386	3	8	33	#
1075	852050	9	15	57	#
1076	202664	25	28	48	#
1077	200666	20	44	48	#
1078	572311	27	28	31	#
1079	759779	10	20	46	#
1080	554852	35	46	57	#
1081	753573	13	54	57	#
1082	656845	38	43	61	#
1083	445361	26	35	47	#
1084	552302	4	14	38	#
1085	151881	2	14	27	#
1086	969388	5	6	26	#
1087	122368	2	10	34	#
1088	133157	23	50	63	#
1089	391351	28	32	36	#
1090	832491	6	43	61	#
1091	138712	12	45	58	#
1092	173020	25	29	36	#
1093	388460	12	29	54	#
1094	698496	32	48	54	#
1095	785967	4	12	44	#
1096	121679	9	21	53	#
1097	869932	34	38	48	#
1098	642393	7	18	52	#
1099	872010	11	47	56	#
1100	169872	0	37	53	#
1101	941258	19	23	31	#
1102	972704	30	32	61	#
1103	813124	9	23	55	#
1104	915243	2	33	50	#
1105	488460	26	44	48	#
1106	353426	5	37	62	#
1107	247900	1	27	34	#
1108	681820	30	55	62	#
1109	699031	35	38	59	#
1110	598967	4	22	55	#
1111	582090	16	36	38	#
1112	389509	4	9	48	#
1113	744495	1	21	61	#
1114	909276	2	15	62	#
1115	35341	31	38	58	#
1116	503489	12	35	50	#
1117	868060	9	35	62	#
1118	788379	25	26	47	#
1119	852771	15	26	55	#
1120	83026	6	45	53	#
1121	209391	6	18	19	#
1122	290859	23	28	47	#
1123	638445	6	16	59	#
1124	199252	7	37	51	#
1125	948533	0	5	19	#
1126	490812	31	48	60	#
1127	17763	22	55	57	#
1128	601024	26	29	30	#
1129	386193	23	53	63	#
1130	492436	20	44	51	#
1131	970636	4	22	23	#
1132	462470	3	45	47	#
1133	479739	4	19	60	#
1134	572844	19	31	34	#
1135	984994	5	23	34	#
1136	685334	4	43	46	#
1137	947457	8	11	58	#
1138	102422	0	13	54	#
1139	737044	6	28	60	#
1140	62732	28	54	62	#
1141	347150	7	19	30	#
1142	959600	2	9	52	#
1143	459372	26	37	52	#
1144	193232	26	38	52	#
1145	521583	6	12	39	#
1146	598908	12	28	30	#
1147	457047	8	10	38	#
1148	422101	29	44	60	#
1149	269820	48	53	62	#
1150	927563	39	53	55	#
1151	902676	16	35	43	#
1152	362571	4	29	45	#
1153	986976	0	7	38	#
1154	555099	40	51	56	#
1155	75914	51	55	56	#
1156	575876	10	22	60	#
1157	43796	17	26	36	#
1158	506029	2	9	45	#
1159	158052	21	35	55	#
1160	318232	38	45	54	#
1161	368967	15	18	28	#
1162	997808	11	23	39	#
1163	900889	17	33	50	#
1164	632560	18	25	33	#
1165	714049	18	23	31	#
1166	201114	24	44	50	#
1167	172708	10	14	42	#
1168	571750	15	19	32	#
1169	303215	30	34	35	#
1170	787198	17	20	30	#
1171	354636	22	26	60	#
1172	55607	10	41	47	#
1173	985011	1	9	18	#
1174	993834	38	58	60	#
1175	287836	4	44	50	#
1176	576486	19	57	58	#
1177	46281	6	35	63	#
1178	932553	0	17	56	#
1179	56708	4	11	57	#
1180	601277	4	42	59	#
1181	98426	9	23	54	#
1182	109796	0	24	31	#
1183	143237	23	28	41	#
1184	767399	5	44	48	#
1185	696133	10	19	60	#
1186	384660	4	5	34	#
1187	737659	15	53	62	#
1188	220456	0	1	21	#
1189	381036	12	15	35	#
1190	251550	3	60	61	#
1191	972655	1	23	55	#
1192	395437	18	42	53	#
1193	118594	9	11	63	#
1194	599110	21	45	59	#
1195	969990	18	23	32	#
1196	600972	29	49	53	#
1197	766153	21	34	52	#
1198	111229	6	21	45	#
1199	252200	29	30	55	#
1200	353465	13	25	50	#
1201	722896	10	38	57	#
1202	413439	0	28	53	#
1203	618685	14	20	62	#
1204	830392	38	50	55	#
1205	223274	0	33	43	#
1206	112328	36	44	53	#
1207	659197	29	41	60	#
1208	210801	42	58	63	#
1209	981947	4	12	43	#
1210	491153	20	27	38	#
1211	175580	10	28	36	#
1212	850069	3	17	50	#
1213	243339	29	34	35	#
1214	813214	37	47	58	#
1215	258851	24	30	45	#
1216	770135	7	14	51	#
1217	484970	20	33	63	#
1218	293866	32	38	47	#
1219	961663	18	31	32	#
1220	823292	35	39	41	#
1221	155245	1	47	57	#
1222	472999	9	31	33	#
1223	206367	10	16	33	#
1224	215495	41	55	61	#
1225	392982	28	49	62	#
1226	364263	14	25	31	#
1227	821005	9	19	29	#
1228	156863	10	13	43	#
1229	410916	31	38	54	#
1230	585095	17	25	34	#
1231	660992	23	25	26	#
1232	247364	37	58	60	#
1233	369242	6	35	38	#
1234	352742	14	23	34	#
1235	870463	14	58	60	#
1236	574741	19	35	56	#
1237	689196	5	9	50	#
1238	374800	24	32	40	#
1239	41380	29	30	43	#
1240	559795	27	36	63	#
1241	603711	3	43	44	#
1242	299906	1	19	35	#
1243	592986	14	21	53	#
1244	599112	3	19	50	#
1245	565050	10	18	51	#
1246	852762	18	48	60	#
1247	203259	45	53	57	#
1248	792087	24	35	56	#
1249	746161	5	17	45	#
1250	649543	35	52	54	#
1251	504006	6	25	32	#
1252	836878	27	48	58	#
1253	449816	12	16	24	#
1254	292098	4	40	48	#
1255	313179	3	24	25	#
1256	921976	0	2	37	#
1257	953499	39	45	46	#
1258	243553	2	21	45	#
1259	44369	32	47	60	#
1260	411043	22	28	46	#
1261	261836	25	37	46	#
1262	303837	1	58	63	#
1263	236727	27	35	51	#
1264	246814	18	24	47	#
1265	504827	3	14	63	#
1266	235896	40	53	57	#
1267	568587	9	51	57	#
1268	249828	0	8	14	#
1269	970176	20	29	63	#
1270	343390	42	49	53	#
1271	968071	15	58	63	#
1272	737779	13	26	28	#
1273	8001	0	45	63	#
1274	50645	19	45	63	#
1275	683970	21	47	54	#
1276	141269	22	36	42	#
1277	296191	6	23	36	#
1278	785648	6	24	61	#
1279	430158	3	11	43	#
1280	541736	5	43	50	#
1281	204712	38	49	57	#
1282	716859	16	53	57	#
1283	966848	19	29	38	#
1284	307346	32	49	51	#
1285	247125	34	54	63	#
1286	144627	4	9	13	#
1287	731948	33	34	61	#
1288	252629	34	37	42	#
1289	857604	1	24	29	#
1290	385816	2	12	57	#
1291	997637	9	14	27	#
1292	981743	11	46	53	#
1293	253166	40	44	55	#
1294	141723	12	24	53	#
1295	98964	8	46	58	#
1296	227484	10	20	33	#
1297	640986	9	23	47	#
1298	470664	1	18	28	#
1299	705697	5	20	59	#
1300	434524	7	13	50	#
1301	29273	30	31	48	#
1302	49917	18	23	37	#
1303	172404	0	52	60	#
1304	105286	16	30	56	#
1305	784466	35	44	55	#
1306	825782	5	60	62	#
1307	3010	17	34	47	#
1308	143546	16	18	38	#
1309	738424	7	35	41	#
1310	270374	3	34	53	#
1311	645630	25	35	46	#
1312	662752	8	45	59	#
1313	923712	14	17	30	#
1314	638224	40	57	59	#
1315	337365	28	30	57	#
1316	821490	2	3	26	#
1317	530880	37	41	58	#
1318	586228	19	32	60	#
1319	231097	13	23	40	#
1320	616374	34	35	50	#
1321	844050	7	44	60	#
1322	601572	2	33	49	#
1323	444707	30	35	44	#
1324	58908	9	36	40	#
1325	291859	29	52	62	#
1326	126989	8	16	23	#
1327	110964	2	19	23	#
1328	687381	6	18	50	#
1329	882151	12	24	41	#
1330	429317	7	41	48	#
1331	263731	1	26	33	#
1332	940372	0	11	28	#
1333	773967	4	24	43	#
1334	317814	11	14	35	#
1335	896662	4	26	58	#
1336	801661	15	40	55	#
1337	946308	13	24	42	#
1338	77724	32	62	63	#
1339	127407	39	40	50	#
1340	814552	3	14	49	#
1341	293430	1	15	42	#
1342	90164	2	11	30	#
1343	195198	23	36	63	#
1344	372898	13	18	29	#
1345	192083	2	55	63	#
1346	159210	28	42	43	#
1347	603570	0	43	56	#
1348	590943	0	1	22	#
1349	364031	35	60	61	#
1350	375589	4	35	48	#
1351	410211	20	21	48	#
1352	671899	0	1	57	#
1353	951983	18	31	62	#
1354	200842	12	39	62	#
1355	394709	20	48	57	#
1356	720476	16	38	60	#
1357	190384	1	4	13	#
1358	97894	3	7	16	#
1359	346053	0	14	55	#
1360	513529	47	56	59	#
1361	466405	19	23	52	#
1362	669994	10	39	45	#
1363	851224	0	17	33	#
1364	758893	4	26	38	#
1365	869553	38	43	55	#
1366	597364	7	32	61	#
1367	946671	29	33	44	#
1368	358822	21	41	53	#
1369	465775	8	34	54	#
1370	491337	31	39	53	#
1371	508363	0	52	59	#
1372	742220	12	46	50	#
1373	635622	8	21	63	#
1374	688909	5	31	41	#
1375	847670	0	49	54	#
1376	813882	9	13	52	#
1377	448375	12	15	52	#
1378	955299	4	41	58	#
1379	790478	13	25	44	#
1380	915269	8	12	53	#
1381	779142	25	33	51	#
1382	571537	0	32	55	#
1383	441348	13	58	60	#
1384	125972	21	22	28	#
1385	874315	8	18	32	#
1386	126092	14	15	24	#
1387	8033	0	17	36	#
1388	334013	18	31	35	#
1389	374495	19	27	63	#
1390	980012	12	19	52	#
1391	314751	5	13	40	#
1392	683738	3	37	61	#
1393	212371	11	33	39	#
1394	236139	31	35	51	#
1395	96676	9	26	42	#
1396	50288	10	38	63	#
1397	980654	15	17	58	#
1398	741794	27	48	49	#
1399	811146	14	15	46	#
1400	90944	29	45	58	#
1401	577839	2	31	44	#
1402	97982	29	33	48	#
1403	952809	18	35	57	#
1404	667768	4	10	11	#
1405	813787	42	48	61	#
1406	263803	11	47	48	#
1407	142023	38	51	57	#
1408	962448	2	30	33	#
1409	79577	0	31	36	#
1410	85220	3	55	62	#
1411	381041	33	42	48	#
1412	883359	11	49	63	#
1413	50724	5	24	34	#
1414	556753	25	43	54	#
1415	896136	27	28	52	#
1416	253064	21	22	50	#
1417	380559	12	19	41	#
1418	555568	8	23	46	#
1419	291507	14	15	16	#
1420	818375	10	17	63	#
1421	618110	16	37	61	#
1422	15548	8	11	28	#
1423	612469	39	43	61	#
1424	838199	1	23	29	#
1425	437342	5	13	27	#
1426	311337	27	28	60	#
1427	36884	8	13	26	#
1428	406617	13	43	61	#
1429	594109	10	19	37	#
1430	708029	6	25	33	#
1431	148579	26	39	44	#
1432	336439	14	37	61	#
1433	399963	22	32	57	#
1434	173483	6	30	42	#
1435	803910	39	49	56	#
1436	730918	19	29	33	#
1437	658832	15	24	53	#
1438	485439	24	39	61	#
1439	88580	5	12	58	#
1440	136651	3	14	52	#
1441	273829	4	10	12	#
1442	436080	0	2	32	#
1443	67701	3	23	46	#
1444	972497	26	47	60	#
1445	625141	18	30	32	#
1446	37671	18	22	56	#
1447	866536	0	4	45	#
1448	351740	9	32	45	#
1449	746621	34	42	45	#
1450	822442	32	45	50	#
1451	32246	4	23	33	#
1452	710623	28	57	60	#
1453	247128	15	37	53	#
1454	362779	3	31	35	#
1455	914228	2	11	23	#
1456	123039	4	33	48	#
1457	236488	31	37	61	#
1458	403441	5	18	19	#
1459	214698	9	24	35	#
1460	837530	11	32	41	#
1461	30882	12	40	60	#
1462	432254	14	27	30	#
1463	541743	2	17	27	#
1464	81039	22	30	58	#
1465	625563	17	22	29	#
1466	726140	23	49	51	#
1467	831165	13	30	45	#
1468	726229	17	21	49	#
1469	801314	11	20	49	#
1470	870386	2	9	29	#
1471	599641	15	31	60	#
1472	811255	15	44	59	#
1473	558521	13	23	52	#
1474	916449	17	43	61	#
1475	102664	15	37	45	#
1476	776964	13	26	38	#
1477	353981	18	22	40	#
1478	830891	12	39	43	#
1479	546737	9	30	41	#
1480	18156	22	40	44	#
1481	870801	11	37	56	#
1482	504634	18	41	53	#
1483	289454	6	29	52	#
1484	669934	12	35	47	#
1485	108117	0	36	44	#
1486	953371	1	21	38	#
1487	772136	2	36	57	#
1488	176351	11	12	56	#
1489	835528	1	48	63	#
1490	171224	14	33	45	#
1491	445782	2	29	39	#
1492	107346	37	45	46	#
1493	504929	31	40	63	#
1494	962084	17	20	57	#
1495	832930	0	5	55	#
1496	691290	7	9	60	#
1497	37742	30	31	55	#
1498	89371	7	24	29	#
1499	188619	40	54	56	#
1500	89898	38	53	55	#
1501	733096	7	22	58	#
1502	432005	14	39	41	#
1503	827165	4	27	61	#
1504	745766	9	52	56	#
1505	766513	0	43	47	#
1506	508202	2	29	57	#
1507	497983	9	55	60	#
1508	6766	22	25	34	#
1509	47699	28	58	62	#
1510	859039	33	34	42	#
1511	65759	12	34	45	#
1512	406158	38	42	46	#
1513	382502	26	41	47	#
1514	550824	41	59	63	#
1515	238695	11	15	49	#
1516	161600	12	25	60	#
1517	40789	15	26	30	#
1518	398811	6	34	39	#
1519	133998	24	38	45	#
1520	145513	18	22	30	#
1521	286637	15	25	35	#
1522	273690	18	31	38	#
1523	628291	18	19	22	#
1524	966711	37	42	47	#
1525	158735	1	8	30	#
1526	371655	2	12	58	#
1527	236546	9	19	26	#
1528	56748	7	36	50	#
1529	259056	10	56	60	#
1530	201784	24	37	61	#
1531	359599	21	24	35	#
1532	658499	20	31	60	#
1533	760222	12	49	51	#
1534	488588	29	32	42	#
1535	711040	20	25	45	#
1536	713049	3	12	14	#
1537	72576	17	47	63	#
1538	913739	10	14	15	#
1539	116053	3	6	61	#
1540	570732	22	24	29	#
1541	55166	2	19	32	#
1542	682719	17	26	57	#
1543	66290	2	36	51	#
1544	495161	8	38	60	#
1545	426613	21	28	55	#
1546	116238	13	20	39	#
1547	811858	39	45	50	#
1548	445138	17	49	63	#
1549	913040	17	18	62	#
1550	850353	28	40	62	#
1551	71536	14	35	40	#
1552	484720	40	49	56	#
1553	77066	2	13	52	#
1554	87630	12	25	34	#
1555	543036	51	61	62	#
1556	262797	38	55	56	#
1557	631500	1	5	23	#
1558	391191	29	42	57	#
1559	166567	2	3	4	#
1560	258215	50	56	60	#
1561	722985	11	40	47	#
1562	719074	5	7	45	#
1563	105667	9	15	53	#
1564	947752	12	21	29	#
1565	746353	47	55	61	#
1566	268879	7	37	43	#
1567	935124	22	42	55	#
1568	979041	25	46	47	#
1569	477403	10	25	45	#
1570	752502	12	41	49	#
1571	321143	20	32	57	#
1572	196093	6	18	48	#
1573	934248	14	19	29	#
1574	868954	31	52	62	#
1575	728920	12	47	52	#
1576	615070	16	20	42	#
1577	627403	0	7	22	#
1578	370008	6	30	60	#
1579	942780	19	37	38	#
1580	697978	12	13	38	#
1581	147627	13	17	31	#
1582	191348	7	25	27	#
1583	521928	17	40	63	#
1584	979600	12	31	38	#
1585	371855	55	56	63	#
1586	691614	1	45	51	#
1587	24267	14	46	47	#
1588	832331	0	14	37	#
1589	824774	21	24	47	#
1590	291539	28	37	61	#
1591	175742	4	12	27	#
1592	825266	30	36	56	#
1593	803364	23	29	43	#
1594	6255	34	35	60	#
1595	133616	7	21	62	#
1596	317744	17	42	61	#
1597	939604	12	39	55	#
1598	853572	0	23	44	#
1599	315817	41	46	61	#
1600	573478	4	56	63	#
1601	700150	19	34	36	#
1602	241990	39	52	55	#
1603	911588	3	37	41	#
1604	111405	14	45	51	#
1605	437175	22	48	51	#
1606	641774	41	51	61	#
1607	117087	6	23	58	#
1608	877719	3	4	59	#
1609	2016	28	31	60	#
1610	90048	20	52	58	#
1611	262177	12	44	50	#
1612	663953	2	36	45	#
1613	122099	18	27	28	#
1614	161575	11	36	45	#
1615	835387	16	35	61	#
1616	917346	9	10	13	#
1617	784931	28	45	59	#
1618	486459	35	48	63	#
1619	896593	5	44	62	#
1620	759978	31	48	55	#
1621	688159	1	4	26	#
1622	584496	6	49	63	#
1623	440431	4	26	45	#
1624	279941	1	10	56	#
1625	173570	20	32	58	#
1626	785950	33	36	45	#
1627	339374	3	18	54	#
1628	398961	4	45	54	#
1629	305617	19	31	35	#
1630	745353	11	16	57	#
1631	966793	1	24	58	#
1632	751753	9	11	13	#
1633	785183	28	54	57	#
1634	78852	13	31	62	#
1635	147043	22	51	58	#
1636	758281	15	49	51	#
1637	675091	16	39	40	#
1638	610089	5	33	63	#
1639	307885	41	52	63	#
1640	394158	4	7	15	#
1641	511426	13	43	46	#
1642	231662	9	24	34	#
1643	74371	24	25	28	#
1644	687792	0	1	18	#
1645	36851	3	12	52	#
1646	494803	0	2	10	#
1647	457564	35	38	43	#
1648	682935	11	30	50	#
1649	570462	25	33	49	#
1650	591402	22	39	63	#
1651	260283	11	51	59	#
1652	613336	37	43	52	#
1653	130281	23	35	40	#
1654	499490	0	37	51	#
1655	942629	0	43	52	#
1656	859593	28	33	58	#
1657	969368	21	38	40	#
1658	564755	28	31	59	#
1659	891395	40	54	55	#
1660	442786	16	21	27	#
1661	337072	15	26	42	#
1662	128053	0	39	45	#
1663	887385	14	33	63	#
1664	178439	24	54	58	#
1665	391194	31	35	49	#
1666	604210	1	12	58	#
1667	731963	8	37	48	#
1668	767082	41	53	57	#
1669	766458	38	62	63	#
1670	202490	10	17	50	#
1671	16246	6	12	31	#
1672	294042	5	6	12	#
1673	834457	11	12	16	#
1674	886381	9	24	26	#
1675	193083	15	27	51	#
1676	861133	4	29	50	#
1677	940218	10	25	60	#
1678	420359	11	28	40	#
1679	361995	18	47	49	#
1680	322907	26	40	49	#
1681	150546	10	22	46	#
1682	601278	27	29	38	#
1683	427217	10	43	44	#
1684	350104	14	21	31	#
1685	299306	10	26	48	#
1686	22053	29	34	39	#
1687	539007	13	19	30	#
1688	292973	9	14	17	#
1689	364796	27	34	53	#
1690	965281	36	41	47	#
1691	978373	36	37	45	#
1692	567116	10	46	54	#
1693	464371	36	43	58	#
1694	274469	10	36	47	#
1695	895381	3	38	54	#
1696	534507	2	5	56	#
1697	829583	24	46	55	#
1698	717567	21	33	63	#
1699	37689	20	22	37	#
1700	342978	28	29	47	#
1701	613959	53	55	56	#
1702	83454	28	30	41	#
1703	212386	4	7	29	#
1704	770951	1	15	60	#
1705	785013	1	44	54	#
1706	819124	6	9	46	#
1707	729090	14	54	56	#
1708	125665	10	34	44	#
1709	546842	5	21	29	#
1710	892726	16	49	51	#
1711	390538	27	34	57	#
1712	37429	7	19	21	#
1713	580339	22	35	38	#
1714	484915	26	28	45	#
1715	771792	34	53	63	#
1716	887411	27	30	49	#
1717	744330	9	15	20	#
1718	876053	23	24	61	#
1719	164058	0	15	35	#
1720	329783	0	47	50	#
1721	694531	21	46	49	#
1722	298525	1	3	26	#
1723	83894	15	16	26	#
1724	892827	20	38	54	#
1725	932209	1	7	54	#
1726	987855	20	21	38	#
1727	379112	33	34	37	#
1728	311031	41	46	52	#
1729	927351	24	57	61	#
1730	589888	18	35	52	#
1731	459436	23	35	50	#
1732	579240	5	7	63	#
1733	127660	16	30	49	#
1734	599962	12	36	57	#
1735	270497	11	23	53	#
1736	279824	46	49	53	#
1737	342074	11	49	60	#
1738	951478	2	3	10	#
1739	30670	0	25	58	#
1740	642395	4	11	30	#
1741	65613	7	44	57	#
1742	643369	9	28	40	#
1743	348185	0	5	43	#
1744	813982	22	50	58	#
1745	239134	9	27	52	#
1746	63242	19	27	60	#
1747	127707	23	32	53	#
1748	513173	9	59	61	#
1749	850009	2	26	51	#
1750	137104	14	26	40	#
1751	434395	18	58	62	#
1752	860982	20	27	52	#
1753	620676	40	56	57	#
1754	516152	20	25	43	#
1755	793963	24	29	58	#
1756	686344	7	47	50	#
1757	948649	31	40	48	#
1758	315691	8	40	44	#
1759	663922	34	46	63	#
1760	832938	14	36	38	#
1761	358179	15	22	38	#
1762	641721	33	56	59	#
1763	450064	0	9	46	#
1764	702788	18	36	39	#
1765	695429	1	9	10	#
1766	591239	8	25	56	#
1767	892411	17	20	53	#
1768	350878	9	15	30	#
1769	683289	49	59	60	#
1770	7868	12	27	37	#
1771	24931	29	39	44	#
1772	837260	17	46	51	#
1773	818374	14	24	49	#
1774	249730	7	11	42	#
1775	884009	29	34	49	#
1776	508185	7	10	26	#
1777	113918	7	40	49	#
1778	794203	5	19	34	#
1779	850239	14	30	63	#
1780	452598	19	34	41	#
1781	114103	16	20	24	#
1782	834685	17	35	54	#
1783	850246	3	6	40	#
1784	916936	1	21	52	#
1785	249868	46	48	51	#
1786	798991	16	28	44	#
1787	323292	9	35	55	#
1788	438068	27	29	49	#
1789	379142	37	39	50	#
1790	69244	38	50	63	#
1791	182899	11	13	25	#
1792	7543	16	33	40	#
1793	43460	13	22	35	#
1794	810351	22	27	29	#
1795	4887	2	8	53	#
1796	703342	1	37	42	#
1797	507500	36	42	52	#
1798	264934	8	18	62	#
1799	216667	5	10	19	#
1800	712277	41	44	53	#
1801	267854	35	46	59	#
1802	148856	3	18	25	#
1803	273634	23	34	39	#
1804	507333	4	33	39	#
1805	257980	21	26	57	#
1806	426821	13	14	38	#
1807	415353	10	26	31	#
1808	414189	20	43	51	#
1809	145534	21	27	33	#
1810	129268	2	41	59	#
1811	990125	16	40	44	#
1812	280815	19	31	57	#
1813	313562	16	43	56	#
1814	641435	5	37	41	#
1815	543211	5	19	32	#
1816	286279	7	45	56	#
1817	714912	4	9	47	#
1818	196716	18	21	29	#
1819	736681	32	44	55	#
1820	947758	23	40	58	#
1821	834414	9	17	31	#
1822	906671	7	28	30	#
1823	213559	9	20	48	#
1824	653229	0	35	60	#
1825	457337	23	45	54	#
1826	517652	7	52	53	#
1827	234805	34	35	61	#
1828	532997	20	32	37	#
1829	860491	0	26	62	#
1830	342851	12	25	39	#
1831	833988	20	40	59	#
1832	314622	1	13	40	#
1833	435217	18	19	24	#
1834	403148	6	8	40	#
1835	992886	10	16	21	#
1836	693900	8	39	40	#
1837	703357	13	28	60	#
1838	685139	24	45	49	#
1839	259410	2	31	37	#
1840	531699	20	40	41	#
1841	635599	0	27	37	#
1842	347475	15	50	56	#
1843	294544	14	23	61	#
1844	232136	15	32	55	#
1845	122658	4	18	34	#
1846	115634	40	42	45	#
1847	64821	21	26	28	#
1848	687438	32	35	49	#
1849	587836	15	36	44	#
1850	52452	8	25	52	#
1851	146641	33	44	51	#
1852	282222	12	23	42	#
1853	105587	11	44	52	#
1854	511489	14	25	63	#
1855	501639	5	37	59	#
1856	867841	14	17	42	#
1857	627207	27	39	43	#
1858	316156	32	35	59	#
1859	657355	7	11	45	#
1860	449723	10	12	17	#
1861	449488	6	32	51	#
1862	366392	1	23	47	#
1863	203146	27	40	47	#
1864	30768	11	25	28	#
1865	883401	8	23	36	#
1866	942430	8	22	49	#
1867	183384	18	28	40	#
1868	854773	20	36	50	#
1869	66516	6	40	61	#
1870	24440	38	40	41	#
1871	358247	19	39	45	#
1872	800520	0	29	46	#
1873	64478	29	57	61	#
1874	519058	32	53	58	#
1875	243827	3	4	38	#
1876	135049	11	28	34	#
1877	147360	14	18	30	#
1878	291656	25	51	52	#
1879	356747	14	19	20	#
1880	603717	5	11	52	#
1881	530834	15	39	42	#
1882	592735	22	50	57	#
1883	368813	35	50	63	#
1884	420762	2	29	35	#
1885	443899	1	6	31	#
1886	233010	11	28	49	#
1887	5312	37	57	62	#
1888	865054	4	46	57	#
1889	348556	9	32	63	#
1890	575768	54	58	59	#
1891	153176	4	20	52	#
1892	745071	45	47	51	#
1893	732339	2	3	28	#
1894	461289	15	43	48	#
1895	157385	3	33	61	#
1896	563226	14	18	25	#
1897	640374	18	24	32	#
1898	857560	15	24	40	#
1899	483573	7	14	36	#
1900	544376	4	6	51	#
1901	176024	8	11	17	#
1902	98752	9	17	58	#
1903	146981	44	56	63	#
1904	962115	21	34	41	#
1905	539995	19	30	56	#
1906	726126	4	7	35	#
1907	575684	8	16	50	#
1908	801450	5	24	40	#
1909	83907	15	48	53	#
1910	529551	23	30	58	#
1911	954995	12	14	29	#
1912	317765	15	46	51	#
1913	584914	8	20	35	#
1914	656182	15	24	27	#
1915	805603	9	28	59	#
1916	409673	0	23	55	#
1917	724008	6	33	35	#
1918	760576	10	30	55	#
1919	293677	13	44	49	#
1920	307348	36	42	47	#
1921	885634	3	39	59	#
1922	252073	0	28	56	#
1923	156656	20	23	57	#
1924	98712	23	47	54	#
1925	846683	26	30	31	#
1926	144744	31	36	43	#
1927	296972	11	14	28	#
1928	797706	42	43	53	#
1929	278408	23	35	61	#
1930	603377	19	21	48	#
1931	946871	8	38	51	#
1932	490530	0	26	42	#
1933	1395	8	13	35	#
1934	886570	4	9	19	#
1935	410860	31	51	58	#
1936	39047	25	26	51	#
1937	396257	12	48	53	#
1938	89963	28	32	57	#
1939	708121	9	12	43	#
1940	192929	6	36	38	#
1941	622487	34	56	62	#
1942	237664	50	56	57	#
1943	493788	27	28	34	#
1944	935684	3	25	38	#
1945	882203	17	46	55	#
1946	998437	13	32	58	#
1947	619392	23	31	61	#
1948	169741	12	26	60	#
1949	264725	6	7	29	#
1950	323040	15	52	59	#
1951	413083	3	33	37	#
1952	834121	12	14	44	#
1953	132327	18	44	53	#
1954	420875	7	42	52	#
1955	529790	9	16	40	#
1956	187448	38	54	56	#
1957	929184	22	50	59	#
1958	52994	28	31	43	#
1959	776853	25	48	51	#
1960	891466	2	7	59	#
1961	6633	11	12	20	#
1962	834889	30	34	43	#
1963	484227	18	19	23	#
1964	99734	12	43	56	#
1965	324797	46	48	62	#
1966	384550	9	56	60	#
1967	331626	17	22	61	#
1968	356684	32	55	58	#
1969	539034	6	13	46	#
1970	550955	45	46	55	#
1971	837457	6	53	59	#
1972	293584	15	51	60	#
1973	193773	6	34	46	#
1974	6751	22	28	41	#
1975	914222	14	15	29	#
1976	539789	16	31	35	#
1977	333299	1	10	44	#
1978	265320	16	29	50	#
1979	813911	3	35	60	#
1980	814520	3	49	50	#
1981	383940	31	61	62	#
1982	1263	1	9	35	#
1983	754118	7	62	63	#
1984	448997	27	37	40	#
1985	592733	28	47	61	#
1986	421366	24	39	51	#
1987	705471	13	37	58	#
1988	90824	24	43	49	#
1989	764979	7	22	29	#
1990	288269	8	22	24	#
1991	732380	2	39	43	#
1992	335072	26	38	57	#
1993	57696	39	47	59	#
1994	407382	6	7	26	#
1995	253915	14	15	50	#
1996	972232	19	47	51	#
1997	720158	8	16	55	#
1998	758983	17	38	47	#
1999	275856	20	22	27	#
