%% File generated by CATS v.2.1Wed Jun 19 17:40:31 2013

%% The CATS webpage is http://robotics.stanford.edu/CATS

%% PARAMETER SETTINGS:
% Goods: 64; Bids: 2000; Distribution: L3; Runs: 50; Seed: 1371658681
% Legacy distribution parameters:
% Number of goods chosen according to Constant distribution (const_goods = 3).
% Price chosen according to Fixed Random distribution (low_fixed = 0, high_fixed = 1000).


goods 64
bids 2000
dummy 0

0	731337	12	31	33	#
1	3153	7	19	22	#
2	229168	37	58	63	#
3	374287	4	24	39	#
4	276695	11	16	38	#
5	501373	8	17	59	#
6	400664	11	45	60	#
7	990690	18	28	45	#
8	621166	3	21	56	#
9	960465	18	28	35	#
10	267642	34	39	59	#
11	626831	26	60	61	#
12	312711	2	12	16	#
13	364169	16	19	46	#
14	786507	50	53	56	#
15	355439	21	27	34	#
16	137349	3	8	55	#
17	412905	18	42	51	#
18	682800	6	9	38	#
19	201427	36	60	61	#
20	754430	26	28	39	#
21	306826	23	32	44	#
22	249921	5	35	46	#
23	759902	23	32	40	#
24	697782	22	34	56	#
25	955852	1	27	44	#
26	612769	9	20	24	#
27	636354	48	57	60	#
28	874234	16	25	53	#
29	417295	24	25	37	#
30	94946	3	15	16	#
31	365334	10	28	45	#
32	464554	26	27	51	#
33	658751	1	45	58	#
34	349707	15	29	37	#
35	681468	12	30	35	#
36	807063	19	54	61	#
37	322613	9	11	26	#
38	240750	1	11	61	#
39	819039	11	46	61	#
40	531190	0	12	37	#
41	19144	19	43	48	#
42	983659	11	18	61	#
43	198062	5	23	31	#
44	516642	11	32	57	#
45	573671	10	32	55	#
46	579540	4	42	59	#
47	396737	0	7	61	#
48	867509	21	22	24	#
49	189137	43	58	62	#
50	846278	21	23	29	#
51	391249	13	39	43	#
52	471866	43	45	58	#
53	591316	15	47	52	#
54	611719	3	12	33	#
55	271821	12	14	31	#
56	612066	4	54	58	#
57	130212	15	40	49	#
58	409181	29	30	53	#
59	651090	19	26	45	#
60	355131	25	38	46	#
61	547688	9	11	44	#
62	112167	29	35	59	#
63	546909	9	46	57	#
64	55252	7	11	14	#
65	4907	5	31	51	#
66	200178	24	25	53	#
67	9105	7	30	32	#
68	550456	5	24	52	#
69	947774	23	24	56	#
70	127780	11	36	53	#
71	9728	7	29	34	#
72	885444	25	31	43	#
73	714373	38	42	60	#
74	294889	9	12	53	#
75	366320	15	31	62	#
76	662431	7	30	46	#
77	644449	23	48	54	#
78	502471	26	29	62	#
79	470448	1	12	28	#
80	303768	6	34	51	#
81	123194	47	52	60	#
82	292364	0	4	62	#
83	187723	24	28	32	#
84	826700	4	30	39	#
85	112916	5	18	45	#
86	773243	24	41	55	#
87	878084	9	17	23	#
88	521528	2	60	61	#
89	800811	4	13	19	#
90	574196	1	44	56	#
91	633065	6	14	21	#
92	328252	13	14	19	#
93	413852	12	29	42	#
94	875722	9	47	61	#
95	899271	5	38	52	#
96	400286	31	38	52	#
97	653179	9	24	46	#
98	500893	30	48	51	#
99	979940	31	40	59	#
100	225304	6	34	55	#
101	713753	27	42	56	#
102	398129	13	31	57	#
103	650422	19	50	61	#
104	972310	12	16	23	#
105	20679	15	58	61	#
106	885241	5	28	38	#
107	522281	7	51	63	#
108	762304	20	31	60	#
109	605496	4	58	63	#
110	348216	17	20	45	#
111	962973	7	8	28	#
112	615663	31	32	44	#
113	45051	3	18	60	#
114	64201	36	53	54	#
115	750714	24	38	58	#
116	67109	4	14	17	#
117	54690	2	7	14	#
118	249886	48	57	61	#
119	222849	44	54	63	#
120	791268	27	40	43	#
121	440862	27	37	62	#
122	226157	50	52	62	#
123	135220	43	45	50	#
124	799572	16	22	33	#
125	1041	44	53	55	#
126	671670	29	39	44	#
127	767692	28	34	52	#
128	306181	3	6	63	#
129	31139	11	31	45	#
130	188016	10	25	49	#
131	60984	15	54	57	#
132	51359	19	25	41	#
133	984793	6	30	51	#
134	169761	19	47	50	#
135	583168	37	41	61	#
136	803565	6	31	37	#
137	201811	5	16	25	#
138	167322	7	17	44	#
139	768727	8	26	40	#
140	222177	0	20	26	#
141	208720	4	10	26	#
142	446149	22	27	42	#
143	745566	17	43	54	#
144	349403	32	56	59	#
145	579696	4	25	29	#
146	565988	34	53	55	#
147	299807	2	33	40	#
148	768376	6	31	47	#
149	906669	0	41	53	#
150	809536	10	26	27	#
151	694208	4	34	53	#
152	956131	23	32	61	#
153	853832	1	7	14	#
154	755688	23	29	51	#
155	949019	40	47	60	#
156	784720	0	8	18	#
157	817359	9	25	31	#
158	451553	3	9	16	#
159	621627	17	55	59	#
160	897295	7	42	50	#
161	823525	15	16	35	#
162	673889	10	43	53	#
163	350010	29	45	54	#
164	911891	11	14	38	#
165	485386	14	23	36	#
166	892415	17	23	59	#
167	466786	33	38	60	#
168	632610	6	19	52	#
169	122186	4	37	62	#
170	149694	0	20	24	#
171	406006	11	16	43	#
172	633679	5	7	21	#
173	530679	6	20	42	#
174	333264	9	12	50	#
175	174931	6	36	56	#
176	7215	26	33	49	#
177	812979	18	41	50	#
178	122668	15	22	48	#
179	553609	11	22	47	#
180	592128	18	21	24	#
181	4046	31	49	57	#
182	732544	5	36	48	#
183	580775	26	27	41	#
184	721191	50	60	62	#
185	111571	24	27	49	#
186	736735	25	39	61	#
187	582549	3	20	39	#
188	540807	31	38	53	#
189	131177	7	22	29	#
190	672632	8	14	22	#
191	529914	10	24	41	#
192	256002	14	16	60	#
193	464169	0	4	60	#
194	465118	31	48	57	#
195	171033	4	18	45	#
196	527533	2	17	41	#
197	17890	3	12	17	#
198	276050	10	20	23	#
199	933656	13	25	61	#
200	113772	32	39	57	#
201	120749	4	19	41	#
202	907090	0	28	43	#
203	79923	12	15	19	#
204	305309	25	33	49	#
205	756141	9	34	55	#
206	525708	19	47	62	#
207	380886	3	29	44	#
208	93919	23	44	62	#
209	684743	7	45	46	#
210	946376	11	32	36	#
211	801729	14	22	58	#
212	864027	24	29	59	#
213	22359	1	30	37	#
214	317032	7	14	61	#
215	814933	13	21	56	#
216	542646	19	57	58	#
217	824533	5	14	28	#
218	35042	5	30	35	#
219	880536	15	32	39	#
220	837723	23	44	46	#
221	395952	28	38	40	#
222	772345	9	29	35	#
223	925739	10	30	31	#
224	12183	3	16	40	#
225	214139	24	31	33	#
226	324077	2	20	45	#
227	760097	14	28	43	#
228	60902	21	45	60	#
229	526620	16	28	37	#
230	128069	24	42	62	#
231	1353	22	26	28	#
232	346763	4	23	42	#
233	495203	19	33	60	#
234	559257	3	36	42	#
235	661264	26	53	62	#
236	580082	11	45	55	#
237	524608	10	37	38	#
238	9533	0	9	38	#
239	751499	26	34	41	#
240	536966	17	38	44	#
241	942239	7	17	37	#
242	57666	14	41	53	#
243	318757	19	51	60	#
244	654568	9	45	51	#
245	296252	32	47	52	#
246	254934	23	52	53	#
247	77573	15	37	62	#
248	562106	4	7	23	#
249	589714	6	13	21	#
250	683759	7	9	46	#
251	793691	22	29	47	#
252	730601	11	25	48	#
253	724108	37	39	58	#
254	543272	29	30	36	#
255	734374	19	34	42	#
256	620229	46	58	63	#
257	20717	40	58	59	#
258	265684	19	41	59	#
259	752087	6	22	60	#
260	954206	23	24	49	#
261	229888	13	15	46	#
262	917402	13	22	53	#
263	689922	4	27	54	#
264	363646	37	52	58	#
265	285555	10	23	48	#
266	200445	16	20	30	#
267	767082	2	11	47	#
268	171346	20	51	61	#
269	300072	10	14	44	#
270	985119	16	25	34	#
271	287051	30	51	54	#
272	350544	1	22	60	#
273	39871	14	25	52	#
274	635305	7	8	36	#
275	237735	7	39	59	#
276	725689	7	26	43	#
277	364950	5	18	37	#
278	145010	19	38	46	#
279	478242	2	44	46	#
280	901329	8	56	63	#
281	903963	14	32	58	#
282	74474	9	48	57	#
283	779638	42	45	46	#
284	532339	28	37	51	#
285	646480	36	43	62	#
286	437480	29	31	43	#
287	503091	10	17	35	#
288	977556	1	17	31	#
289	642036	4	40	55	#
290	521303	19	41	57	#
291	315637	4	12	23	#
292	413305	3	5	11	#
293	190762	21	27	33	#
294	675461	3	52	54	#
295	463995	32	46	60	#
296	553127	14	23	57	#
297	653486	5	7	8	#
298	768396	0	12	55	#
299	690165	44	49	53	#
300	402536	2	10	41	#
301	693741	23	49	62	#
302	45449	4	18	53	#
303	737833	5	27	45	#
304	222042	9	27	55	#
305	983781	5	47	48	#
306	884626	25	56	57	#
307	926805	47	48	62	#
308	730872	9	21	41	#
309	51489	21	23	34	#
310	953192	19	62	63	#
311	258481	14	20	28	#
312	500981	31	36	42	#
313	906883	26	34	47	#
314	141588	38	54	58	#
315	334620	9	16	29	#
316	465028	28	51	61	#
317	12081	11	47	50	#
318	517211	9	17	57	#
319	418423	19	48	59	#
320	904213	12	21	24	#
321	177152	36	38	55	#
322	145434	31	48	63	#
323	291793	16	50	56	#
324	60526	21	39	56	#
325	179139	5	25	49	#
326	455893	45	50	59	#
327	339988	5	23	50	#
328	386805	10	23	51	#
329	504394	12	16	30	#
330	516297	31	43	52	#
331	293067	31	36	63	#
332	914428	31	46	62	#
333	209622	33	41	55	#
334	824512	1	11	38	#
335	497684	5	8	56	#
336	139768	1	18	46	#
337	323980	38	41	53	#
338	963358	42	44	56	#
339	901082	32	33	39	#
340	332755	20	52	53	#
341	949616	1	28	38	#
342	303684	37	42	54	#
343	592140	0	8	17	#
344	109351	11	44	48	#
345	369496	6	42	44	#
346	37446	6	50	59	#
347	575372	0	14	27	#
348	426	30	46	59	#
349	515893	8	18	53	#
350	513820	12	15	50	#
351	618477	33	45	57	#
352	942815	5	7	54	#
353	537814	9	19	31	#
354	429149	4	13	27	#
355	536708	3	25	38	#
356	868331	14	21	63	#
357	455644	50	52	58	#
358	671476	7	16	48	#
359	527362	12	14	47	#
360	816532	2	3	9	#
361	141291	11	36	48	#
362	870474	15	45	57	#
363	417655	7	21	44	#
364	167447	24	43	58	#
365	134570	6	10	63	#
366	445031	16	36	62	#
367	80871	13	37	44	#
368	756335	4	7	46	#
369	97921	20	25	48	#
370	863610	16	39	42	#
371	181480	0	21	40	#
372	708091	8	41	54	#
373	71353	1	29	39	#
374	828714	5	22	28	#
375	614648	14	36	56	#
376	180705	11	38	43	#
377	744659	19	44	61	#
378	488574	1	38	56	#
379	588938	3	36	54	#
380	915856	30	38	60	#
381	512697	14	28	59	#
382	171665	15	32	53	#
383	2617	17	26	55	#
384	368028	21	45	47	#
385	780263	2	9	23	#
386	498223	10	31	57	#
387	263767	21	48	60	#
388	226534	0	13	14	#
389	77914	4	44	56	#
390	241422	20	32	36	#
391	598906	16	27	39	#
392	264897	17	19	34	#
393	208793	22	37	44	#
394	294347	18	21	38	#
395	552291	30	44	48	#
396	997861	10	26	39	#
397	8229	29	41	63	#
398	859328	42	46	49	#
399	796808	38	48	55	#
400	916501	22	41	51	#
401	144666	19	49	58	#
402	167367	4	13	42	#
403	636322	9	12	47	#
404	321093	3	6	17	#
405	421759	6	28	51	#
406	979858	31	33	52	#
407	292546	1	40	58	#
408	700085	9	24	28	#
409	53555	13	31	43	#
410	860499	27	51	52	#
411	98850	4	16	61	#
412	47353	10	12	15	#
413	33074	17	22	63	#
414	587951	41	56	59	#
415	247309	8	11	14	#
416	739590	5	7	44	#
417	999972	2	29	38	#
418	698247	4	28	61	#
419	848929	27	48	59	#
420	29824	0	26	42	#
421	502985	1	37	45	#
422	346503	7	10	44	#
423	83739	33	53	58	#
424	51719	22	40	49	#
425	680402	3	34	47	#
426	759495	12	36	39	#
427	221779	8	18	22	#
428	557357	0	26	43	#
429	143727	5	46	53	#
430	626786	28	43	58	#
431	352996	0	6	12	#
432	511260	4	25	52	#
433	691522	27	29	50	#
434	279008	7	17	23	#
435	734027	17	23	36	#
436	726232	2	14	18	#
437	94573	23	53	58	#
438	357018	45	52	61	#
439	505744	17	21	61	#
440	746979	30	31	59	#
441	362517	20	36	52	#
442	495204	16	22	55	#
443	434246	16	35	55	#
444	816936	36	58	62	#
445	443423	15	24	57	#
446	195611	20	32	47	#
447	888568	9	34	40	#
448	994306	25	37	62	#
449	748106	34	44	55	#
450	564345	11	24	44	#
451	292929	0	3	49	#
452	182757	18	39	41	#
453	482414	11	22	62	#
454	100481	3	34	54	#
455	321957	39	42	46	#
456	89657	27	38	58	#
457	119704	7	11	62	#
458	141021	3	31	40	#
459	935829	31	44	61	#
460	420605	7	11	49	#
461	862053	20	29	50	#
462	48500	11	30	48	#
463	878974	20	23	62	#
464	372298	2	22	24	#
465	913283	7	19	44	#
466	587877	4	18	57	#
467	822223	18	25	37	#
468	95671	1	24	44	#
469	675526	19	37	44	#
470	544050	21	31	56	#
471	527319	7	9	57	#
472	682847	33	34	37	#
473	189486	8	21	25	#
474	381718	4	5	32	#
475	778417	16	46	56	#
476	166587	37	57	58	#
477	118909	10	11	48	#
478	553292	0	20	30	#
479	101926	44	46	50	#
480	448414	7	59	60	#
481	294256	14	40	43	#
482	938322	26	58	60	#
483	381044	0	22	53	#
484	513230	5	11	62	#
485	9963	3	6	50	#
486	543535	2	17	22	#
487	454400	18	19	45	#
488	2511	15	30	53	#
489	267932	22	30	44	#
490	12389	13	59	62	#
491	763505	11	41	47	#
492	780163	29	31	52	#
493	718092	29	44	58	#
494	884925	34	48	58	#
495	177254	12	24	53	#
496	680320	16	17	49	#
497	613915	4	45	63	#
498	783707	10	27	33	#
499	981774	3	25	28	#
500	237870	8	31	63	#
501	117322	1	23	52	#
502	534292	1	33	60	#
503	606654	9	21	35	#
504	801170	20	34	48	#
505	185488	14	19	40	#
506	30110	46	54	57	#
507	424880	9	34	62	#
508	570219	11	22	31	#
509	756492	33	41	61	#
510	896410	0	8	29	#
511	258271	3	38	54	#
512	626434	45	46	57	#
513	107881	17	29	49	#
514	832682	4	35	40	#
515	160158	37	43	60	#
516	699519	5	24	54	#
517	321533	41	43	58	#
518	154029	7	35	50	#
519	328192	29	32	41	#
520	516474	30	34	35	#
521	210468	10	18	24	#
522	426502	7	26	62	#
523	419716	7	53	56	#
524	169078	7	15	48	#
525	335011	4	27	44	#
526	271013	6	14	16	#
527	685182	11	32	54	#
528	642146	42	51	62	#
529	890787	0	20	46	#
530	719551	15	23	51	#
531	379508	11	14	48	#
532	989087	7	33	47	#
533	764810	33	42	62	#
534	189602	5	50	56	#
535	902550	9	23	38	#
536	344334	30	45	53	#
537	528864	2	10	30	#
538	285151	25	31	56	#
539	479975	12	22	37	#
540	287564	3	12	30	#
541	604358	6	24	52	#
542	442431	10	32	58	#
543	192494	25	39	41	#
544	436194	15	32	33	#
545	148851	1	27	58	#
546	169999	3	29	54	#
547	457599	4	15	54	#
548	552539	18	32	41	#
549	214274	3	28	35	#
550	169402	12	22	60	#
551	994865	30	34	47	#
552	945927	15	35	54	#
553	743850	3	36	39	#
554	973173	8	36	43	#
555	949914	16	20	38	#
556	855471	12	29	44	#
557	810042	3	7	49	#
558	935783	0	32	59	#
559	463640	29	33	41	#
560	526714	16	34	60	#
561	493362	8	28	34	#
562	889269	22	28	47	#
563	81724	30	34	56	#
564	721965	7	24	57	#
565	311203	23	24	33	#
566	349649	12	15	38	#
567	100400	20	57	63	#
568	634399	1	29	61	#
569	179987	2	32	54	#
570	870134	5	11	33	#
571	366225	1	18	60	#
572	568069	19	24	51	#
573	819986	32	41	52	#
574	91902	2	34	38	#
575	636293	21	26	39	#
576	559643	34	36	38	#
577	591124	2	5	57	#
578	293233	6	24	37	#
579	882614	7	22	48	#
580	367628	50	54	63	#
581	998022	5	59	62	#
582	487768	8	19	25	#
583	119903	6	23	39	#
584	504865	9	34	46	#
585	352582	11	16	31	#
586	372692	16	31	36	#
587	154090	9	38	60	#
588	240085	15	41	50	#
589	332371	20	27	33	#
590	677602	32	42	46	#
591	844409	1	32	48	#
592	744301	5	33	60	#
593	423118	1	22	43	#
594	714866	28	31	33	#
595	749166	18	37	47	#
596	807810	2	13	26	#
597	483569	17	46	47	#
598	182226	0	6	16	#
599	981765	9	55	58	#
600	803605	13	19	36	#
601	921007	38	47	63	#
602	518450	3	8	16	#
603	390294	27	47	48	#
604	822960	41	49	63	#
605	215714	0	28	57	#
606	362800	35	40	59	#
607	423922	5	21	31	#
608	158976	32	40	45	#
609	782639	0	46	63	#
610	919106	1	14	61	#
611	299420	30	35	36	#
612	563875	38	42	44	#
613	408583	8	18	36	#
614	275221	4	11	55	#
615	331071	9	24	43	#
616	955813	3	58	59	#
617	753152	1	16	56	#
618	978637	2	4	36	#
619	537243	16	26	53	#
620	501000	25	57	59	#
621	651779	2	16	23	#
622	419055	1	17	63	#
623	886929	5	49	56	#
624	246908	39	42	50	#
625	209093	23	28	47	#
626	818677	32	40	43	#
627	799510	20	27	57	#
628	732342	0	17	51	#
629	920907	5	30	45	#
630	881003	5	10	23	#
631	761044	4	33	54	#
632	250166	25	30	31	#
633	313115	37	39	41	#
634	398927	6	21	48	#
635	772798	25	36	46	#
636	241774	38	56	59	#
637	969004	7	28	60	#
638	246685	17	41	58	#
639	875329	26	48	55	#
640	502176	18	33	46	#
641	360882	54	57	59	#
642	685678	26	36	49	#
643	304056	20	24	31	#
644	951747	5	45	47	#
645	89999	32	34	40	#
646	690501	1	14	34	#
647	756669	13	31	54	#
648	776838	19	24	33	#
649	340841	17	39	47	#
650	226241	41	52	59	#
651	983725	26	44	58	#
652	362824	25	32	57	#
653	400049	2	13	61	#
654	602190	17	54	56	#
655	920017	7	31	33	#
656	974365	8	38	53	#
657	336106	18	57	59	#
658	761590	22	26	39	#
659	30620	19	30	41	#
660	789140	8	26	48	#
661	665482	20	39	51	#
662	760410	13	31	53	#
663	994460	14	33	48	#
664	794608	16	40	46	#
665	45234	2	14	51	#
666	960408	5	27	58	#
667	666073	11	41	49	#
668	437657	19	21	32	#
669	112715	18	20	32	#
670	596505	2	30	55	#
671	273854	3	34	58	#
672	721740	29	47	53	#
673	337760	10	38	42	#
674	329889	10	30	45	#
675	187903	6	12	22	#
676	393162	6	15	56	#
677	539314	21	29	51	#
678	8116	0	10	21	#
679	305584	34	51	61	#
680	975457	14	31	42	#
681	181958	12	19	47	#
682	16063	2	12	39	#
683	237124	7	9	27	#
684	737068	4	23	52	#
685	903981	21	48	54	#
686	567893	19	26	52	#
687	684647	7	16	53	#
688	621549	9	19	35	#
689	144102	12	45	53	#
690	161573	7	33	56	#
691	919655	13	35	58	#
692	211344	0	6	14	#
693	631658	0	17	59	#
694	855270	36	51	54	#
695	267781	42	50	61	#
696	950246	21	32	36	#
697	374690	25	30	33	#
698	290994	3	14	18	#
699	200874	7	20	48	#
700	754352	6	10	39	#
701	52508	26	33	58	#
702	585243	29	43	55	#
703	715019	9	11	63	#
704	781035	34	42	50	#
705	40145	11	27	63	#
706	481180	17	24	50	#
707	898888	14	26	62	#
708	698460	13	29	44	#
709	681621	34	48	60	#
710	406885	34	55	58	#
711	268042	8	32	46	#
712	464201	8	21	47	#
713	210477	1	15	35	#
714	334200	14	42	60	#
715	217546	19	47	63	#
716	277770	7	15	38	#
717	222791	0	33	60	#
718	805630	26	28	46	#
719	477533	12	47	63	#
720	866558	1	6	51	#
721	135362	7	25	51	#
722	741679	41	45	61	#
723	668008	0	27	44	#
724	738511	3	7	62	#
725	694010	1	6	18	#
726	384285	1	9	45	#
727	784855	23	37	57	#
728	718185	14	27	31	#
729	712458	21	30	57	#
730	560980	6	11	21	#
731	938817	18	40	57	#
732	118016	2	15	49	#
733	16803	23	39	41	#
734	780355	43	45	61	#
735	970485	5	22	50	#
736	528870	5	38	49	#
737	654040	10	22	43	#
738	917411	9	22	59	#
739	550214	6	10	32	#
740	213671	6	28	55	#
741	462471	3	19	29	#
742	910200	28	29	49	#
743	79370	3	12	28	#
744	483029	13	28	55	#
745	445390	47	48	61	#
746	971665	23	32	36	#
747	959313	18	30	60	#
748	681767	22	41	57	#
749	639466	7	10	21	#
750	70579	0	44	53	#
751	44520	2	26	35	#
752	665256	8	26	34	#
753	419211	35	50	56	#
754	685502	14	18	52	#
755	346264	6	16	60	#
756	894463	25	52	62	#
757	428966	6	8	34	#
758	85647	16	40	47	#
759	303243	16	40	57	#
760	528618	30	36	46	#
761	583777	23	54	60	#
762	642576	26	31	56	#
763	185573	4	25	48	#
764	144408	13	52	59	#
765	830607	35	42	44	#
766	926619	4	43	57	#
767	448549	6	7	36	#
768	960600	47	48	51	#
769	611248	32	33	59	#
770	591930	23	34	38	#
771	102577	0	27	48	#
772	697012	3	11	42	#
773	218378	1	15	33	#
774	304086	30	49	63	#
775	415697	51	55	62	#
776	446714	2	32	51	#
777	486138	20	21	42	#
778	214132	25	49	63	#
779	515077	35	37	47	#
780	190389	29	37	44	#
781	506661	32	44	52	#
782	732982	39	46	51	#
783	703914	33	48	51	#
784	831754	5	6	28	#
785	313938	6	53	62	#
786	610079	13	27	53	#
787	560125	5	25	31	#
788	882935	11	22	37	#
789	726439	16	29	42	#
790	133252	5	48	58	#
791	178720	13	48	52	#
792	789896	8	39	41	#
793	12453	24	47	63	#
794	805970	31	51	54	#
795	248582	9	29	39	#
796	248877	11	17	43	#
797	618326	2	11	59	#
798	820971	30	38	39	#
799	186150	25	44	63	#
800	434536	6	16	54	#
801	463867	10	14	27	#
802	18995	24	52	62	#
803	435231	43	53	54	#
804	594481	19	38	61	#
805	542754	14	22	62	#
806	399492	14	27	33	#
807	196369	17	23	38	#
808	319419	9	16	17	#
809	210465	7	17	20	#
810	406953	4	45	49	#
811	491964	7	30	50	#
812	577609	6	14	26	#
813	993106	14	25	58	#
814	444569	0	42	57	#
815	339541	3	4	16	#
816	870760	4	55	57	#
817	233730	37	40	54	#
818	618033	4	54	61	#
819	422326	34	36	42	#
820	260465	46	53	54	#
821	466939	15	25	61	#
822	892707	48	61	62	#
823	179775	1	49	53	#
824	489479	47	49	55	#
825	863936	8	15	35	#
826	253772	53	57	61	#
827	432767	7	33	55	#
828	929004	2	18	54	#
829	73436	33	57	61	#
830	844336	11	56	62	#
831	367003	0	5	23	#
832	412513	53	59	62	#
833	680570	18	29	62	#
834	906104	2	27	59	#
835	206659	10	16	39	#
836	600635	15	30	50	#
837	240790	9	35	38	#
838	792120	13	19	30	#
839	160311	4	38	39	#
840	771645	3	33	50	#
841	629540	25	44	50	#
842	571128	6	35	53	#
843	471173	5	18	26	#
844	182075	2	54	56	#
845	428705	14	46	53	#
846	993075	18	52	60	#
847	653675	4	45	50	#
848	391997	14	35	56	#
849	601503	16	48	51	#
850	835293	5	25	56	#
851	248409	3	35	37	#
852	199484	9	20	62	#
853	376591	10	15	58	#
854	677484	3	19	24	#
855	78807	5	19	43	#
856	297102	15	24	26	#
857	174867	0	12	17	#
858	32307	12	16	56	#
859	962420	26	34	44	#
860	160811	3	7	44	#
861	493524	42	43	50	#
862	733883	6	13	27	#
863	73251	3	42	51	#
864	781699	21	30	54	#
865	276257	46	61	62	#
866	709415	30	34	36	#
867	846329	34	41	43	#
868	641795	9	48	54	#
869	53139	7	47	61	#
870	470330	14	37	39	#
871	532859	16	42	53	#
872	138092	17	20	60	#
873	766557	4	9	42	#
874	198498	14	56	60	#
875	686974	57	60	61	#
876	135425	12	17	26	#
877	986165	9	27	56	#
878	831757	19	22	52	#
879	216736	10	29	62	#
880	77946	14	21	44	#
881	735511	15	31	39	#
882	811442	4	51	60	#
883	495261	15	30	33	#
884	875484	14	48	51	#
885	159457	0	6	53	#
886	711774	1	34	36	#
887	476341	1	30	63	#
888	336214	4	52	56	#
889	634812	8	35	36	#
890	721606	0	21	63	#
891	888702	2	19	22	#
892	612575	11	48	57	#
893	428813	10	33	41	#
894	759041	3	31	35	#
895	430722	12	45	60	#
896	725511	10	29	51	#
897	443920	4	60	63	#
898	457851	27	52	60	#
899	887872	45	52	53	#
900	612974	28	34	39	#
901	905731	34	39	49	#
902	233997	21	36	49	#
903	78954	4	15	24	#
904	328799	24	41	63	#
905	939031	7	22	47	#
906	308141	29	40	56	#
907	74035	13	14	58	#
908	458661	3	13	53	#
909	42446	11	24	62	#
910	491298	26	40	42	#
911	814005	3	23	63	#
912	119880	30	32	44	#
913	560152	6	36	45	#
914	177519	14	42	48	#
915	400861	24	30	33	#
916	194436	1	45	53	#
917	760636	1	30	33	#
918	504446	2	3	28	#
919	575920	24	31	50	#
920	422281	36	41	44	#
921	189873	25	28	36	#
922	632285	0	15	63	#
923	97019	2	22	42	#
924	548907	35	39	57	#
925	791072	15	22	33	#
926	786808	0	20	25	#
927	278394	16	18	21	#
928	328597	2	61	62	#
929	880705	1	31	33	#
930	304364	5	28	60	#
931	405066	13	15	51	#
932	940423	24	26	37	#
933	619264	0	38	58	#
934	570985	6	41	49	#
935	911147	29	48	50	#
936	677734	3	7	52	#
937	801393	3	48	51	#
938	803629	13	24	47	#
939	641089	2	17	19	#
940	383024	2	12	31	#
941	216454	33	49	60	#
942	45143	10	36	52	#
943	541642	4	7	15	#
944	824346	5	9	26	#
945	835836	19	20	55	#
946	391764	10	37	54	#
947	12500	0	19	55	#
948	686161	28	44	54	#
949	143163	9	10	16	#
950	182334	0	27	54	#
951	467910	13	49	59	#
952	160315	8	24	43	#
953	252274	13	25	33	#
954	754368	20	42	46	#
955	277824	31	33	44	#
956	850679	5	26	56	#
957	821268	17	29	34	#
958	844105	17	39	63	#
959	757291	25	27	52	#
960	104496	22	33	52	#
961	587186	3	13	31	#
962	603435	33	42	47	#
963	275946	23	38	43	#
964	361829	13	27	43	#
965	179190	20	27	42	#
966	79927	5	26	38	#
967	418290	11	27	43	#
968	503481	9	26	39	#
969	773103	43	56	59	#
970	662172	9	13	24	#
971	65962	0	12	33	#
972	248165	13	14	61	#
973	653829	32	46	49	#
974	773302	32	42	62	#
975	19618	2	14	53	#
976	616369	29	56	63	#
977	548889	19	30	54	#
978	688380	45	48	62	#
979	131559	12	32	60	#
980	833134	0	14	49	#
981	242189	5	56	63	#
982	785374	5	15	41	#
983	623849	6	39	46	#
984	31840	17	29	31	#
985	599002	24	27	36	#
986	812305	7	29	36	#
987	832022	2	15	40	#
988	342162	7	52	54	#
989	674759	11	40	46	#
990	56918	16	28	36	#
991	191675	4	21	35	#
992	371934	18	37	43	#
993	450736	20	34	58	#
994	787587	8	42	53	#
995	742855	5	24	44	#
996	956844	23	32	56	#
997	539678	49	53	62	#
998	626095	55	56	58	#
999	455124	0	39	44	#
1000	579937	29	44	50	#
1001	156043	7	28	37	#
1002	951206	8	10	16	#
1003	222534	8	22	34	#
1004	943989	21	57	63	#
1005	605083	6	7	56	#
1006	506098	45	50	54	#
1007	542440	5	53	57	#
1008	374148	11	58	63	#
1009	418081	8	50	55	#
1010	659612	7	12	62	#
1011	65941	10	46	63	#
1012	680350	26	31	35	#
1013	993865	8	32	36	#
1014	784878	3	29	33	#
1015	365705	22	35	46	#
1016	545843	24	54	61	#
1017	740071	1	14	54	#
1018	260718	42	48	59	#
1019	770695	17	22	44	#
1020	454449	12	19	46	#
1021	374718	5	15	35	#
1022	417175	3	9	51	#
1023	43099	18	19	37	#
1024	148103	36	39	59	#
1025	804256	4	41	51	#
1026	700915	15	18	55	#
1027	119037	15	19	29	#
1028	213219	5	9	54	#
1029	390126	2	13	63	#
1030	271907	28	46	52	#
1031	611302	32	50	63	#
1032	498884	26	49	51	#
1033	452720	17	25	28	#
1034	709618	24	31	40	#
1035	514484	9	35	40	#
1036	878695	16	27	38	#
1037	549834	13	27	35	#
1038	917245	18	50	58	#
1039	640919	1	43	52	#
1040	509657	6	14	28	#
1041	900855	12	21	53	#
1042	203632	34	42	51	#
1043	535361	27	40	50	#
1044	562330	4	54	60	#
1045	621717	10	54	58	#
1046	330942	52	53	57	#
1047	915936	53	58	63	#
1048	782107	36	40	43	#
1049	357403	11	26	61	#
1050	230396	11	23	49	#
1051	502700	15	43	48	#
1052	879992	31	38	46	#
1053	785692	23	37	38	#
1054	32951	1	56	62	#
1055	892833	5	33	52	#
1056	282162	3	12	20	#
1057	730043	2	4	27	#
1058	287292	9	48	52	#
1059	61494	11	49	60	#
1060	624769	30	43	49	#
1061	980021	14	19	33	#
1062	351668	8	33	53	#
1063	66826	15	35	61	#
1064	771688	11	33	41	#
1065	768448	31	33	60	#
1066	21696	16	28	32	#
1067	358992	6	15	33	#
1068	145714	1	47	48	#
1069	644781	2	16	37	#
1070	851095	45	50	57	#
1071	620288	19	39	44	#
1072	771481	9	37	63	#
1073	742284	33	37	56	#
1074	201180	13	38	52	#
1075	836011	18	25	50	#
1076	968872	3	39	61	#
1077	541908	7	17	51	#
1078	599379	17	36	57	#
1079	805218	18	21	26	#
1080	786487	23	25	42	#
1081	63759	3	10	31	#
1082	221529	48	50	57	#
1083	855147	4	8	39	#
1084	300101	37	42	44	#
1085	65226	26	36	50	#
1086	629433	18	25	45	#
1087	963511	11	47	60	#
1088	961727	4	35	62	#
1089	367190	23	41	43	#
1090	407301	22	24	41	#
1091	661147	0	7	47	#
1092	50943	5	19	49	#
1093	417717	0	27	36	#
1094	674098	30	37	53	#
1095	187963	14	16	59	#
1096	776322	5	26	48	#
1097	912682	20	45	46	#
1098	236253	12	15	22	#
1099	232116	6	14	60	#
1100	556381	13	20	34	#
1101	640634	8	33	61	#
1102	110403	21	23	60	#
1103	80456	27	45	48	#
1104	386465	11	56	57	#
1105	321758	11	42	57	#
1106	966684	11	40	44	#
1107	926661	18	28	31	#
1108	386661	13	45	49	#
1109	201079	19	44	56	#
1110	78255	10	15	34	#
1111	301065	2	16	25	#
1112	314717	23	27	51	#
1113	579275	24	52	60	#
1114	449360	18	49	59	#
1115	332335	5	33	38	#
1116	767243	5	34	52	#
1117	341354	8	34	37	#
1118	953938	2	23	51	#
1119	985530	41	47	51	#
1120	526249	18	38	41	#
1121	252723	42	50	59	#
1122	566836	24	39	42	#
1123	671070	28	30	44	#
1124	758027	8	11	25	#
1125	42185	22	24	29	#
1126	19629	20	49	50	#
1127	869139	20	36	61	#
1128	21431	3	26	51	#
1129	541398	20	41	57	#
1130	463105	16	21	23	#
1131	664077	3	8	44	#
1132	292568	24	43	59	#
1133	400313	6	25	37	#
1134	968428	15	34	40	#
1135	333259	14	58	62	#
1136	462942	15	20	41	#
1137	893503	10	59	60	#
1138	385025	13	31	49	#
1139	18077	30	34	44	#
1140	835180	13	20	45	#
1141	690164	12	23	53	#
1142	853655	5	16	29	#
1143	14354	0	5	17	#
1144	583501	5	30	40	#
1145	114035	0	11	26	#
1146	853071	23	31	59	#
1147	206130	0	32	40	#
1148	765305	14	34	43	#
1149	930532	0	16	48	#
1150	104762	4	35	44	#
1151	844548	8	26	38	#
1152	227472	5	7	56	#
1153	736006	2	34	58	#
1154	617936	9	42	53	#
1155	936641	0	14	61	#
1156	491919	38	44	59	#
1157	527737	22	28	43	#
1158	579097	3	48	60	#
1159	62050	6	26	50	#
1160	886769	12	18	20	#
1161	856966	7	13	31	#
1162	510140	16	48	50	#
1163	769391	44	58	62	#
1164	815848	21	60	62	#
1165	151354	14	45	48	#
1166	57251	3	15	17	#
1167	923343	27	34	46	#
1168	30969	26	48	62	#
1169	838273	8	44	49	#
1170	100057	13	34	39	#
1171	927959	11	43	63	#
1172	281215	15	33	41	#
1173	429867	10	31	45	#
1174	884540	25	36	54	#
1175	24781	37	55	61	#
1176	586933	7	21	59	#
1177	613603	10	13	42	#
1178	397805	8	19	57	#
1179	551396	26	46	53	#
1180	374966	18	51	60	#
1181	529071	28	45	55	#
1182	204110	24	32	38	#
1183	160586	35	43	54	#
1184	156257	12	25	40	#
1185	25487	15	27	30	#
1186	553415	23	26	43	#
1187	958335	4	37	41	#
1188	315736	14	17	28	#
1189	322832	3	11	33	#
1190	345	2	22	38	#
1191	986014	0	12	34	#
1192	110197	30	31	41	#
1193	716668	20	34	52	#
1194	350732	23	24	34	#
1195	772152	16	17	29	#
1196	942742	8	43	53	#
1197	477018	16	29	61	#
1198	377192	23	27	45	#
1199	515706	4	24	48	#
1200	448495	6	33	55	#
1201	160995	2	8	40	#
1202	355124	13	52	58	#
1203	836598	5	21	61	#
1204	276130	37	38	51	#
1205	615977	15	58	63	#
1206	868035	21	34	43	#
1207	53057	3	39	47	#
1208	192452	31	52	58	#
1209	42536	14	44	59	#
1210	192146	17	32	36	#
1211	92474	34	47	58	#
1212	995249	21	44	59	#
1213	912418	25	44	45	#
1214	994436	0	17	22	#
1215	891940	30	41	49	#
1216	595386	15	22	57	#
1217	855200	51	55	59	#
1218	209405	4	6	24	#
1219	699515	17	18	22	#
1220	449412	10	35	60	#
1221	790613	2	30	36	#
1222	558989	29	49	52	#
1223	314501	37	38	54	#
1224	603110	10	23	49	#
1225	775812	21	39	49	#
1226	555053	44	45	56	#
1227	562038	8	19	24	#
1228	8313	7	26	48	#
1229	328507	11	15	30	#
1230	540419	11	35	48	#
1231	274729	20	36	60	#
1232	25768	19	24	50	#
1233	469305	21	35	45	#
1234	468030	8	11	12	#
1235	529815	0	41	57	#
1236	924012	31	32	38	#
1237	756732	8	16	38	#
1238	494738	31	42	61	#
1239	559362	38	48	54	#
1240	824610	29	42	53	#
1241	237943	45	53	55	#
1242	632308	38	58	61	#
1243	860673	29	30	57	#
1244	110000	9	28	57	#
1245	43417	8	46	50	#
1246	883890	7	25	49	#
1247	749460	15	17	31	#
1248	241821	51	56	59	#
1249	192440	12	14	38	#
1250	502608	1	9	34	#
1251	547714	4	47	60	#
1252	726934	8	28	43	#
1253	455689	36	44	51	#
1254	485255	2	5	17	#
1255	494853	4	12	24	#
1256	531767	36	49	63	#
1257	516703	3	23	47	#
1258	673850	34	38	57	#
1259	850254	16	37	57	#
1260	474643	0	15	49	#
1261	179463	29	44	61	#
1262	429848	2	23	34	#
1263	871656	1	16	21	#
1264	411255	15	36	47	#
1265	46922	5	8	57	#
1266	100548	5	43	59	#
1267	54444	38	41	59	#
1268	627795	16	21	44	#
1269	867511	11	22	23	#
1270	856531	3	22	61	#
1271	527114	16	47	61	#
1272	16153	19	22	24	#
1273	913469	19	29	56	#
1274	672392	4	8	22	#
1275	805453	17	41	60	#
1276	347883	34	45	59	#
1277	399848	1	25	42	#
1278	504329	32	54	62	#
1279	205479	3	37	47	#
1280	606343	5	9	18	#
1281	501723	43	54	57	#
1282	715215	9	12	61	#
1283	356528	14	17	62	#
1284	880909	5	38	44	#
1285	536022	18	22	46	#
1286	360915	5	34	59	#
1287	505916	5	13	18	#
1288	577164	0	14	26	#
1289	124364	5	32	34	#
1290	575327	14	42	49	#
1291	556565	5	8	29	#
1292	946976	10	42	50	#
1293	403332	19	22	49	#
1294	824483	20	42	45	#
1295	29013	28	56	57	#
1296	192362	3	6	62	#
1297	598561	0	37	55	#
1298	423749	6	27	47	#
1299	389201	12	20	43	#
1300	647057	28	33	36	#
1301	529084	15	21	25	#
1302	275334	10	33	49	#
1303	433456	15	50	63	#
1304	789681	8	42	56	#
1305	858300	30	47	58	#
1306	658096	2	21	31	#
1307	672064	13	41	53	#
1308	92418	8	15	30	#
1309	158006	19	32	54	#
1310	198573	0	6	28	#
1311	902853	49	55	63	#
1312	959117	0	17	42	#
1313	101879	0	10	39	#
1314	402121	1	17	51	#
1315	416177	15	17	21	#
1316	256703	14	23	41	#
1317	354816	34	43	63	#
1318	373087	19	26	58	#
1319	522720	16	36	60	#
1320	193830	16	39	47	#
1321	974553	6	16	49	#
1322	602912	47	61	62	#
1323	345521	1	24	63	#
1324	550665	19	28	40	#
1325	391947	8	31	41	#
1326	955068	2	38	45	#
1327	67620	33	44	57	#
1328	513708	26	30	32	#
1329	286343	4	23	26	#
1330	225749	14	27	39	#
1331	76751	9	11	41	#
1332	619567	19	51	54	#
1333	922430	15	37	47	#
1334	909199	44	52	62	#
1335	561586	20	48	56	#
1336	764989	5	41	58	#
1337	46612	1	37	62	#
1338	459076	1	8	9	#
1339	863227	5	48	53	#
1340	437936	17	42	53	#
1341	287487	16	40	48	#
1342	69940	6	11	57	#
1343	672130	2	12	49	#
1344	344075	5	32	37	#
1345	542352	10	28	43	#
1346	574281	11	57	59	#
1347	178729	16	26	35	#
1348	511963	22	34	43	#
1349	855767	14	30	56	#
1350	348167	8	10	62	#
1351	413367	6	32	38	#
1352	486293	12	25	35	#
1353	378510	34	46	52	#
1354	896920	0	12	42	#
1355	425779	21	24	35	#
1356	328195	53	55	59	#
1357	567847	2	11	45	#
1358	638416	6	30	46	#
1359	100878	38	52	54	#
1360	41878	12	24	44	#
1361	994801	29	32	44	#
1362	114659	0	40	56	#
1363	114730	25	35	37	#
1364	994001	4	48	55	#
1365	387318	0	29	59	#
1366	323053	11	18	32	#
1367	784643	38	40	41	#
1368	142190	32	48	58	#
1369	788246	11	41	55	#
1370	108769	3	9	29	#
1371	817254	24	35	47	#
1372	139105	0	28	60	#
1373	957020	17	27	61	#
1374	809611	24	50	52	#
1375	208546	25	26	57	#
1376	628460	25	33	42	#
1377	393969	35	38	46	#
1378	594791	16	48	60	#
1379	799674	48	50	52	#
1380	299404	20	21	50	#
1381	616157	43	51	60	#
1382	189025	10	55	63	#
1383	242533	19	24	48	#
1384	515680	29	47	63	#
1385	563640	0	23	33	#
1386	923340	1	2	4	#
1387	378951	2	26	56	#
1388	585941	0	45	52	#
1389	265080	0	4	19	#
1390	304020	20	28	62	#
1391	287430	14	41	59	#
1392	991664	29	31	45	#
1393	141585	13	29	50	#
1394	541076	15	18	20	#
1395	501329	21	24	33	#
1396	139038	40	51	57	#
1397	577716	40	47	53	#
1398	727660	4	6	44	#
1399	152410	20	25	47	#
1400	451255	0	13	32	#
1401	638542	12	24	40	#
1402	611828	10	47	56	#
1403	43633	1	54	58	#
1404	867589	13	34	51	#
1405	61659	3	44	53	#
1406	152048	36	43	52	#
1407	905127	25	51	55	#
1408	65692	8	12	44	#
1409	903082	7	12	36	#
1410	297875	3	15	23	#
1411	337228	24	27	53	#
1412	973496	1	56	61	#
1413	465913	39	43	57	#
1414	687185	2	8	32	#
1415	921417	1	23	58	#
1416	764517	24	47	50	#
1417	267732	18	38	58	#
1418	255769	9	37	47	#
1419	731287	3	15	54	#
1420	484647	29	32	46	#
1421	532766	2	42	62	#
1422	378629	28	40	52	#
1423	862985	10	18	44	#
1424	143843	28	57	63	#
1425	609412	39	54	62	#
1426	503332	29	43	51	#
1427	339700	1	24	29	#
1428	831613	0	4	6	#
1429	997412	49	61	63	#
1430	67551	10	50	58	#
1431	883061	41	43	59	#
1432	947612	22	31	36	#
1433	916602	6	16	18	#
1434	528337	24	35	41	#
1435	207888	3	14	51	#
1436	409799	9	37	62	#
1437	271178	3	15	26	#
1438	84517	12	39	44	#
1439	185616	18	24	62	#
1440	5237	6	36	37	#
1441	591160	5	11	57	#
1442	605333	19	25	35	#
1443	489561	36	37	48	#
1444	472624	47	57	63	#
1445	130948	0	19	39	#
1446	275313	18	19	44	#
1447	794835	14	16	19	#
1448	868175	42	51	59	#
1449	527644	12	36	62	#
1450	376072	2	31	44	#
1451	798918	12	43	61	#
1452	81459	8	19	53	#
1453	816717	10	41	62	#
1454	490659	1	19	60	#
1455	149362	3	31	34	#
1456	142877	1	24	47	#
1457	388310	23	40	54	#
1458	45653	16	19	31	#
1459	922217	20	24	42	#
1460	68533	41	46	48	#
1461	164191	11	35	60	#
1462	909069	14	28	58	#
1463	497375	9	20	21	#
1464	177335	8	34	46	#
1465	888840	24	27	61	#
1466	257870	18	24	42	#
1467	150314	27	33	55	#
1468	171644	0	5	50	#
1469	25858	23	29	38	#
1470	678237	9	25	45	#
1471	291079	11	17	54	#
1472	987056	9	23	53	#
1473	536646	8	29	45	#
1474	231340	10	46	59	#
1475	860624	21	30	49	#
1476	441350	25	51	52	#
1477	652151	3	37	54	#
1478	204670	5	18	41	#
1479	13242	0	9	26	#
1480	313113	22	34	47	#
1481	136016	31	35	57	#
1482	194271	9	57	58	#
1483	50992	31	37	45	#
1484	212207	5	14	62	#
1485	823967	18	27	58	#
1486	494710	1	16	33	#
1487	133372	15	24	54	#
1488	121035	13	51	62	#
1489	577236	32	34	46	#
1490	772258	0	10	19	#
1491	717273	23	35	59	#
1492	137347	5	18	46	#
1493	511444	21	26	35	#
1494	71718	29	36	52	#
1495	229103	12	49	58	#
1496	405751	23	51	63	#
1497	969883	3	9	58	#
1498	249388	6	13	35	#
1499	460197	1	6	40	#
1500	208534	22	53	61	#
1501	86412	41	44	54	#
1502	203670	12	19	60	#
1503	757725	0	2	24	#
1504	1749	37	46	58	#
1505	891034	15	44	58	#
1506	727416	33	35	43	#
1507	671248	26	42	56	#
1508	979175	3	48	50	#
1509	766260	9	17	46	#
1510	927899	10	52	57	#
1511	184656	8	28	37	#
1512	102830	4	19	36	#
1513	148166	14	45	58	#
1514	523007	9	15	32	#
1515	504518	23	46	54	#
1516	957558	10	30	32	#
1517	164269	7	25	55	#
1518	29523	20	34	63	#
1519	836271	6	37	40	#
1520	578490	1	15	40	#
1521	344198	2	21	49	#
1522	886824	6	17	33	#
1523	867981	7	33	50	#
1524	814703	10	12	53	#
1525	473515	3	19	41	#
1526	404895	7	51	56	#
1527	615119	6	8	40	#
1528	116860	2	11	20	#
1529	354633	26	33	56	#
1530	312859	3	18	28	#
1531	364086	7	8	41	#
1532	822464	23	41	60	#
1533	892534	16	32	57	#
1534	468657	7	16	25	#
1535	227300	16	33	63	#
1536	41114	9	21	52	#
1537	359725	17	30	53	#
1538	450290	8	11	39	#
1539	57254	9	21	44	#
1540	239714	24	25	26	#
1541	568592	44	52	53	#
1542	35140	0	13	43	#
1543	535580	9	13	14	#
1544	580861	20	51	57	#
1545	440307	40	49	50	#
1546	596501	18	42	54	#
1547	577112	10	58	60	#
1548	676828	1	43	60	#
1549	106521	8	17	24	#
1550	852690	18	61	62	#
1551	221777	17	45	60	#
1552	232874	11	34	45	#
1553	838523	10	29	56	#
1554	354749	12	20	52	#
1555	485779	34	50	57	#
1556	417117	3	27	31	#
1557	138507	14	34	60	#
1558	540203	17	43	47	#
1559	488384	17	21	54	#
1560	806526	22	25	46	#
1561	315786	3	30	32	#
1562	540928	6	19	33	#
1563	837599	44	48	50	#
1564	921364	19	48	49	#
1565	539913	0	21	47	#
1566	978660	30	35	41	#
1567	455205	14	24	28	#
1568	820318	12	38	49	#
1569	461805	8	13	43	#
1570	77615	29	45	51	#
1571	570386	0	48	63	#
1572	613021	8	22	28	#
1573	205970	1	16	58	#
1574	436559	6	7	45	#
1575	999415	37	50	51	#
1576	406128	20	47	59	#
1577	823745	11	42	45	#
1578	460753	14	32	51	#
1579	644161	11	27	32	#
1580	683612	15	27	50	#
1581	232713	8	9	23	#
1582	771636	4	8	61	#
1583	639338	15	19	21	#
1584	532462	45	51	62	#
1585	808135	14	27	56	#
1586	229669	4	18	27	#
1587	880982	8	17	55	#
1588	953713	28	38	48	#
1589	540241	5	51	56	#
1590	708647	19	33	61	#
1591	208065	15	27	60	#
1592	41926	7	20	60	#
1593	123734	9	14	50	#
1594	444280	16	24	41	#
1595	330342	18	21	63	#
1596	125374	3	4	51	#
1597	904981	40	50	61	#
1598	350389	0	25	47	#
1599	649960	5	17	25	#
1600	585668	2	45	52	#
1601	410102	12	48	57	#
1602	339887	26	30	34	#
1603	301614	21	34	56	#
1604	768744	4	33	59	#
1605	506242	9	47	53	#
1606	68383	32	52	61	#
1607	389203	4	9	59	#
1608	570176	30	37	45	#
1609	452179	9	32	46	#
1610	95493	16	35	44	#
1611	360135	18	51	59	#
1612	247251	3	46	62	#
1613	39593	9	34	61	#
1614	964438	14	25	40	#
1615	635956	4	20	37	#
1616	846486	14	26	51	#
1617	938816	8	17	26	#
1618	466267	6	17	57	#
1619	736701	29	43	61	#
1620	133658	4	29	49	#
1621	446497	2	48	62	#
1622	346037	21	32	56	#
1623	277851	25	38	61	#
1624	467730	3	31	48	#
1625	139092	25	35	55	#
1626	17348	10	30	46	#
1627	468829	11	46	48	#
1628	310106	36	39	44	#
1629	186082	3	7	41	#
1630	101655	15	24	48	#
1631	991920	5	18	25	#
1632	310593	14	37	57	#
1633	546138	13	30	31	#
1634	986115	4	22	28	#
1635	538680	31	47	57	#
1636	875377	8	10	53	#
1637	129255	8	44	54	#
1638	212537	5	25	57	#
1639	319148	4	18	28	#
1640	907371	44	51	60	#
1641	838915	30	34	39	#
1642	20931	13	40	62	#
1643	551451	8	29	52	#
1644	127403	9	26	45	#
1645	970398	30	53	62	#
1646	566499	1	14	47	#
1647	806278	6	14	55	#
1648	370415	47	49	62	#
1649	419115	11	55	57	#
1650	311898	0	7	30	#
1651	474219	13	18	42	#
1652	921346	48	50	61	#
1653	895632	6	20	59	#
1654	634369	25	42	44	#
1655	290867	3	51	63	#
1656	325920	38	51	52	#
1657	380892	21	30	62	#
1658	363127	4	11	56	#
1659	610927	15	22	42	#
1660	966155	28	35	59	#
1661	593307	34	55	62	#
1662	903292	4	28	35	#
1663	373806	22	47	63	#
1664	13610	38	48	60	#
1665	559408	8	21	58	#
1666	987100	13	48	62	#
1667	894600	1	27	39	#
1668	640012	3	23	26	#
1669	840061	17	39	43	#
1670	541389	19	31	44	#
1671	466999	5	35	59	#
1672	354955	23	25	36	#
1673	336006	9	36	63	#
1674	507481	6	16	35	#
1675	708231	6	24	44	#
1676	317985	18	39	58	#
1677	93828	21	31	61	#
1678	156502	23	32	57	#
1679	180607	16	46	58	#
1680	196824	22	35	44	#
1681	642910	1	28	63	#
1682	5886	6	30	38	#
1683	573910	8	21	41	#
1684	96323	25	29	42	#
1685	58940	5	25	33	#
1686	483716	5	40	62	#
1687	713123	1	26	27	#
1688	236355	2	7	48	#
1689	843494	5	25	38	#
1690	982880	47	49	58	#
1691	263962	4	40	56	#
1692	351955	16	38	50	#
1693	690878	35	40	46	#
1694	819586	6	14	43	#
1695	208649	10	27	39	#
1696	995151	21	23	43	#
1697	763442	23	33	62	#
1698	908221	43	47	50	#
1699	829935	1	37	41	#
1700	150115	24	39	40	#
1701	645715	1	15	17	#
1702	31951	3	5	28	#
1703	948400	24	41	42	#
1704	668843	7	50	56	#
1705	94695	29	31	59	#
1706	33116	22	25	51	#
1707	644117	16	25	39	#
1708	696807	15	16	53	#
1709	208113	46	54	60	#
1710	423391	16	35	36	#
1711	635172	29	49	57	#
1712	755077	10	50	60	#
1713	150561	8	28	35	#
1714	161474	36	45	53	#
1715	694116	31	55	59	#
1716	366352	16	42	63	#
1717	172331	15	19	56	#
1718	310285	19	31	63	#
1719	695018	4	27	55	#
1720	490912	4	22	60	#
1721	788053	21	37	53	#
1722	839142	6	22	63	#
1723	345804	13	26	42	#
1724	402931	10	15	57	#
1725	410660	18	28	51	#
1726	85612	15	36	44	#
1727	371280	7	11	36	#
1728	922824	9	43	63	#
1729	720141	23	25	60	#
1730	644421	3	12	21	#
1731	278593	27	39	55	#
1732	438486	15	51	63	#
1733	348641	1	23	38	#
1734	521380	19	39	53	#
1735	959509	10	15	17	#
1736	416674	24	37	44	#
1737	689865	10	15	60	#
1738	270702	11	39	63	#
1739	21946	25	31	35	#
1740	119174	8	23	28	#
1741	265781	18	39	61	#
1742	676101	12	35	39	#
1743	566609	22	46	62	#
1744	762345	18	19	60	#
1745	416927	23	48	56	#
1746	456597	23	29	33	#
1747	131590	30	46	55	#
1748	775030	30	43	51	#
1749	315752	7	16	30	#
1750	302030	2	35	40	#
1751	3734	3	28	59	#
1752	324717	1	11	16	#
1753	843114	8	61	63	#
1754	925789	11	33	60	#
1755	106306	0	25	57	#
1756	778348	17	41	46	#
1757	630294	23	41	42	#
1758	71595	19	41	61	#
1759	703153	13	56	62	#
1760	29346	7	60	63	#
1761	237462	33	47	51	#
1762	554599	7	14	63	#
1763	798338	26	61	63	#
1764	307882	10	60	63	#
1765	986137	2	44	58	#
1766	908468	28	40	46	#
1767	286364	15	18	59	#
1768	614384	10	34	38	#
1769	23163	33	34	54	#
1770	299150	17	60	62	#
1771	767205	5	10	51	#
1772	178962	9	20	57	#
1773	381029	1	29	30	#
1774	51410	13	34	41	#
1775	865071	2	44	56	#
1776	95161	34	42	57	#
1777	17451	22	53	60	#
1778	472186	30	45	50	#
1779	995026	0	46	47	#
1780	924223	8	12	20	#
1781	992215	41	51	59	#
1782	213169	37	54	63	#
1783	907462	5	49	61	#
1784	638214	47	49	51	#
1785	469561	16	18	27	#
1786	44301	5	6	16	#
1787	685570	31	40	57	#
1788	721053	9	36	41	#
1789	867286	16	26	50	#
1790	116775	0	29	53	#
1791	272130	1	59	63	#
1792	468517	2	28	37	#
1793	258564	0	3	6	#
1794	33028	9	15	40	#
1795	287416	29	36	57	#
1796	981139	0	25	48	#
1797	574330	3	22	47	#
1798	261283	5	26	33	#
1799	82314	33	37	43	#
1800	512231	24	39	52	#
1801	458448	5	17	40	#
1802	410851	3	33	45	#
1803	465051	24	42	54	#
1804	677546	3	14	32	#
1805	433189	7	45	62	#
1806	330245	0	1	15	#
1807	275158	11	13	42	#
1808	677200	0	39	40	#
1809	632649	4	10	60	#
1810	969516	24	40	58	#
1811	808565	17	36	50	#
1812	596272	0	6	54	#
1813	233004	9	10	53	#
1814	198217	17	41	50	#
1815	347737	15	29	47	#
1816	100484	38	44	50	#
1817	958500	2	35	48	#
1818	20398	13	43	44	#
1819	300759	22	42	51	#
1820	93368	6	29	49	#
1821	292110	7	13	34	#
1822	878047	0	5	60	#
1823	703279	3	41	57	#
1824	151321	5	26	28	#
1825	269735	8	15	56	#
1826	984372	13	15	35	#
1827	87197	1	19	51	#
1828	802973	26	28	50	#
1829	986873	27	36	40	#
1830	878335	9	14	36	#
1831	970043	5	14	59	#
1832	969240	52	53	58	#
1833	196661	5	8	21	#
1834	641850	32	33	51	#
1835	468906	33	52	58	#
1836	130512	22	28	45	#
1837	628185	13	16	43	#
1838	471038	29	43	63	#
1839	792855	37	41	51	#
1840	542962	8	46	58	#
1841	617742	20	41	60	#
1842	31044	30	33	44	#
1843	185617	14	26	28	#
1844	369233	29	55	58	#
1845	597295	11	36	61	#
1846	290697	15	49	53	#
1847	926274	17	57	60	#
1848	77902	1	42	52	#
1849	514410	13	35	62	#
1850	572772	2	16	35	#
1851	359225	11	22	38	#
1852	315043	17	20	28	#
1853	826548	10	49	61	#
1854	259992	28	35	55	#
1855	601128	29	31	50	#
1856	707427	12	41	57	#
1857	609138	13	20	60	#
1858	785703	5	44	54	#
1859	499018	29	36	63	#
1860	77710	3	15	52	#
1861	150904	10	36	37	#
1862	750209	32	55	63	#
1863	599936	43	54	62	#
1864	853513	42	45	48	#
1865	705007	31	50	51	#
1866	972006	1	40	51	#
1867	806599	8	40	57	#
1868	603245	35	54	57	#
1869	417140	29	31	62	#
1870	215014	15	32	63	#
1871	912161	32	42	45	#
1872	710325	17	57	58	#
1873	52668	26	39	53	#
1874	492143	37	52	59	#
1875	989326	14	27	42	#
1876	619835	37	50	53	#
1877	213103	15	20	30	#
1878	974396	4	10	63	#
1879	900019	29	37	54	#
1880	598865	1	5	24	#
1881	627457	7	8	51	#
1882	353978	1	59	62	#
1883	741231	1	19	38	#
1884	908986	35	48	53	#
1885	360630	28	42	46	#
1886	761844	4	47	50	#
1887	567265	14	26	54	#
1888	674162	8	35	52	#
1889	700301	14	19	51	#
1890	806304	15	22	52	#
1891	288938	0	7	57	#
1892	777502	20	31	44	#
1893	982650	14	17	36	#
1894	148607	17	21	43	#
1895	255833	23	27	63	#
1896	456348	18	40	47	#
1897	308612	2	28	55	#
1898	738941	0	57	61	#
1899	683630	6	12	29	#
1900	467382	25	30	36	#
1901	822219	5	11	42	#
1902	235243	11	15	57	#
1903	987495	24	36	50	#
1904	729828	16	50	51	#
1905	429993	6	8	20	#
1906	733505	0	13	60	#
1907	85958	37	44	61	#
1908	209468	26	35	63	#
1909	222337	18	21	36	#
1910	150156	29	31	53	#
1911	552004	3	48	58	#
1912	136520	12	28	49	#
1913	447660	12	38	39	#
1914	696300	17	39	60	#
1915	605870	13	21	35	#
1916	85246	11	13	52	#
1917	208089	19	32	56	#
1918	411284	21	41	44	#
1919	90990	14	35	54	#
1920	329946	8	40	59	#
1921	854654	2	19	60	#
1922	865551	14	40	60	#
1923	880442	5	20	44	#
1924	597945	5	27	42	#
1925	446599	9	18	30	#
1926	262543	16	21	39	#
1927	648787	4	8	41	#
1928	434792	6	9	20	#
1929	726114	5	15	29	#
1930	518359	34	45	48	#
1931	33624	19	32	47	#
1932	442469	12	36	45	#
1933	727701	6	32	59	#
1934	76808	42	43	45	#
1935	649671	39	40	41	#
1936	822417	17	56	58	#
1937	928155	14	33	46	#
1938	649463	2	4	52	#
1939	861476	6	35	41	#
1940	980137	28	42	56	#
1941	400314	31	42	48	#
1942	618141	24	36	38	#
1943	218899	1	17	61	#
1944	108685	1	23	63	#
1945	865111	13	28	37	#
1946	439287	18	49	62	#
1947	118592	18	43	54	#
1948	484366	3	38	63	#
1949	365737	23	30	62	#
1950	709255	10	34	39	#
1951	103323	32	39	46	#
1952	748606	10	19	52	#
1953	105180	9	12	15	#
1954	110191	35	49	60	#
1955	618336	29	31	37	#
1956	146710	7	33	54	#
1957	633860	34	52	61	#
1958	481653	2	47	52	#
1959	630062	6	10	25	#
1960	753668	5	29	59	#
1961	503112	8	18	43	#
1962	692095	17	43	62	#
1963	96096	1	41	52	#
1964	351229	13	44	62	#
1965	368912	1	53	60	#
1966	735150	2	23	49	#
1967	686107	3	23	52	#
1968	303731	28	51	60	#
1969	467688	4	20	50	#
1970	638410	24	40	59	#
1971	176958	9	58	60	#
1972	967548	12	24	31	#
1973	75552	0	4	12	#
1974	915684	55	56	62	#
1975	430777	6	7	24	#
1976	490368	26	36	47	#
1977	650364	21	33	53	#
1978	500960	1	10	16	#
1979	641070	9	17	60	#
1980	315650	11	16	27	#
1981	540066	8	43	45	#
1982	106171	9	11	18	#
1983	851875	43	44	50	#
1984	504038	2	50	58	#
1985	938630	17	31	38	#
1986	897859	10	12	49	#
1987	757733	14	15	54	#
1988	438133	33	41	56	#
1989	718531	4	33	45	#
1990	184156	10	24	60	#
1991	538392	22	37	46	#
1992	727034	0	26	35	#
1993	18655	7	13	56	#
1994	996709	12	41	46	#
1995	780612	20	22	52	#
1996	333591	15	18	21	#
1997	654149	5	36	37	#
1998	365882	34	35	41	#
1999	388713	6	28	38	#
