%% File generated by CATS v.2.1Wed Jun 19 17:40:31 2013

%% The CATS webpage is http://robotics.stanford.edu/CATS

%% PARAMETER SETTINGS:
% Goods: 64; Bids: 2000; Distribution: L3; Runs: 50; Seed: 1371658681
% Legacy distribution parameters:
% Number of goods chosen according to Constant distribution (const_goods = 3).
% Price chosen according to Fixed Random distribution (low_fixed = 0, high_fixed = 1000).


goods 64
bids 2000
dummy 0

0	358986	14	35	52	#
1	155612	10	30	31	#
2	959695	20	40	54	#
3	553119	20	41	60	#
4	793457	32	46	56	#
5	786827	25	27	52	#
6	224216	19	23	43	#
7	232026	32	44	53	#
8	881002	6	34	59	#
9	208200	19	21	38	#
10	626187	4	11	34	#
11	647165	24	34	60	#
12	278053	7	12	43	#
13	789657	10	24	32	#
14	825985	13	25	36	#
15	698713	13	22	49	#
16	860127	12	21	44	#
17	821945	21	37	53	#
18	496899	26	47	58	#
19	97477	30	43	45	#
20	297600	19	24	54	#
21	517282	29	31	40	#
22	549384	13	33	48	#
23	636829	6	18	63	#
24	806235	25	27	59	#
25	251419	0	30	43	#
26	772112	14	16	36	#
27	347265	9	18	56	#
28	449277	3	12	58	#
29	479334	21	40	46	#
30	971874	57	59	61	#
31	928131	5	47	50	#
32	698160	2	42	56	#
33	344112	24	40	53	#
34	944347	5	14	58	#
35	101029	4	49	53	#
36	208847	4	5	10	#
37	248528	11	14	26	#
38	857767	14	18	58	#
39	779462	0	31	60	#
40	20841	27	47	63	#
41	908868	14	32	34	#
42	881533	33	34	59	#
43	199218	19	21	47	#
44	635891	49	52	53	#
45	660522	3	40	46	#
46	141778	35	40	47	#
47	404051	17	24	45	#
48	683439	5	23	29	#
49	34881	29	39	49	#
50	335939	16	41	56	#
51	731177	0	14	41	#
52	129815	17	46	59	#
53	877059	6	15	34	#
54	588353	14	30	61	#
55	191106	4	12	26	#
56	796843	29	43	53	#
57	664468	17	23	50	#
58	116606	15	49	52	#
59	84623	2	24	31	#
60	891387	22	23	29	#
61	253936	1	11	40	#
62	657086	8	25	56	#
63	913360	8	11	42	#
64	218794	10	27	58	#
65	235571	2	30	47	#
66	674030	1	8	58	#
67	142294	23	40	43	#
68	205926	36	48	55	#
69	317724	2	3	13	#
70	594602	18	36	54	#
71	30874	9	31	44	#
72	231960	37	42	44	#
73	857204	12	24	30	#
74	793205	36	37	42	#
75	398692	23	46	47	#
76	617890	0	17	40	#
77	141525	8	12	50	#
78	283896	22	23	40	#
79	661907	4	28	61	#
80	819701	28	30	60	#
81	492983	8	9	16	#
82	493432	12	38	63	#
83	99707	3	19	47	#
84	141633	13	24	25	#
85	573482	33	44	47	#
86	556336	5	30	56	#
87	617644	12	21	22	#
88	65564	18	35	39	#
89	660515	19	39	63	#
90	227467	7	15	54	#
91	177699	52	60	61	#
92	529971	15	54	60	#
93	589420	15	17	37	#
94	109596	0	14	46	#
95	586508	6	13	54	#
96	972060	11	16	57	#
97	182553	33	44	54	#
98	350913	24	27	56	#
99	252061	3	8	56	#
100	961873	17	31	45	#
101	397982	10	32	42	#
102	513665	6	20	56	#
103	830460	3	51	57	#
104	204427	5	13	44	#
105	144469	5	45	61	#
106	41444	9	31	48	#
107	874645	12	38	39	#
108	627692	44	57	58	#
109	449531	34	54	59	#
110	859479	16	31	38	#
111	229909	28	29	51	#
112	738821	18	22	28	#
113	710348	9	38	42	#
114	137997	17	18	25	#
115	487512	19	47	52	#
116	18741	7	27	50	#
117	654442	8	23	37	#
118	304843	50	54	60	#
119	866939	16	25	62	#
120	334457	46	49	51	#
121	446329	27	31	51	#
122	577200	17	54	59	#
123	532313	11	23	38	#
124	91173	15	40	46	#
125	480281	45	49	54	#
126	16327	2	14	27	#
127	409348	10	28	37	#
128	253119	10	33	40	#
129	50582	1	5	15	#
130	359210	5	27	55	#
131	819261	30	41	51	#
132	611997	2	26	36	#
133	340695	7	49	54	#
134	131032	24	28	37	#
135	496047	5	9	55	#
136	931962	21	44	51	#
137	422747	4	27	31	#
138	792378	0	3	36	#
139	803522	33	43	45	#
140	850023	6	17	57	#
141	208726	0	28	37	#
142	925074	6	19	61	#
143	218538	5	6	55	#
144	660791	6	31	58	#
145	544819	6	18	60	#
146	710563	18	22	52	#
147	396777	36	37	39	#
148	364469	1	9	50	#
149	979422	6	30	40	#
150	354560	15	47	58	#
151	886842	23	52	59	#
152	423830	12	38	42	#
153	603230	9	41	60	#
154	694252	0	28	49	#
155	617298	1	27	59	#
156	376586	0	15	51	#
157	651103	1	2	4	#
158	200908	7	19	31	#
159	271151	55	57	60	#
160	244525	35	37	61	#
161	433754	26	33	43	#
162	202165	31	37	62	#
163	713588	35	39	56	#
164	31983	41	54	63	#
165	83660	26	38	59	#
166	56363	1	28	50	#
167	113296	16	50	57	#
168	148303	6	32	59	#
169	580642	41	49	61	#
170	592150	6	36	63	#
171	532293	9	17	58	#
172	571716	9	26	39	#
173	765065	4	41	57	#
174	9328	10	47	61	#
175	553542	23	24	62	#
176	656096	9	18	19	#
177	201925	30	31	60	#
178	916718	18	21	24	#
179	659835	28	50	57	#
180	881385	38	45	49	#
181	9106	32	47	50	#
182	432842	12	14	15	#
183	102243	36	37	55	#
184	98467	12	13	44	#
185	989173	12	40	44	#
186	779413	43	52	53	#
187	612098	7	54	63	#
188	183191	11	29	51	#
189	706096	20	28	29	#
190	434233	0	53	63	#
191	327860	15	40	47	#
192	165831	0	43	56	#
193	69153	8	14	33	#
194	684548	6	9	36	#
195	749803	26	58	59	#
196	800504	20	25	58	#
197	455059	24	31	35	#
198	59991	7	16	46	#
199	721799	13	27	59	#
200	579782	27	55	60	#
201	973863	22	26	35	#
202	999925	16	19	27	#
203	100686	34	36	41	#
204	506140	1	4	18	#
205	23630	50	51	56	#
206	120802	16	28	39	#
207	200849	13	25	55	#
208	332013	3	47	55	#
209	284231	27	59	60	#
210	207375	25	29	30	#
211	560864	18	45	58	#
212	322131	10	25	37	#
213	386740	0	10	36	#
214	704159	35	36	49	#
215	551768	14	38	58	#
216	370161	4	18	62	#
217	402953	40	42	60	#
218	594815	2	31	47	#
219	889539	10	15	45	#
220	551691	41	49	59	#
221	549573	51	59	63	#
222	118102	2	33	45	#
223	229323	21	43	49	#
224	445583	13	46	48	#
225	794068	5	9	27	#
226	986568	8	41	60	#
227	937551	7	14	48	#
228	808362	15	28	59	#
229	621105	23	34	45	#
230	890379	16	32	34	#
231	254524	18	44	45	#
232	516199	30	53	63	#
233	967870	30	53	54	#
234	451368	0	48	53	#
235	112597	17	22	26	#
236	17123	27	33	57	#
237	254669	6	31	46	#
238	750959	38	51	56	#
239	596854	12	26	37	#
240	188294	12	41	57	#
241	230163	31	43	45	#
242	967071	1	39	60	#
243	279366	22	35	53	#
244	329035	6	22	27	#
245	703883	40	41	59	#
246	826312	33	52	56	#
247	242825	1	2	46	#
248	160075	30	39	44	#
249	751783	3	31	37	#
250	727498	49	50	52	#
251	968995	25	40	56	#
252	633878	14	28	47	#
253	569801	17	52	57	#
254	638682	3	9	39	#
255	220859	30	54	56	#
256	747484	18	60	61	#
257	229337	13	42	46	#
258	936146	13	40	55	#
259	297404	39	51	52	#
260	799252	11	28	30	#
261	838556	4	28	52	#
262	751756	16	38	57	#
263	289921	13	14	43	#
264	780921	46	59	61	#
265	863420	12	19	31	#
266	645079	23	53	63	#
267	218741	1	27	61	#
268	846389	5	14	22	#
269	612350	29	41	52	#
270	666678	6	42	62	#
271	179305	17	28	31	#
272	48628	21	30	58	#
273	138437	4	12	46	#
274	128987	44	57	63	#
275	876487	4	27	38	#
276	786120	14	44	54	#
277	63096	19	36	39	#
278	651174	12	25	53	#
279	916075	40	45	53	#
280	650244	4	21	54	#
281	75073	6	33	40	#
282	294393	1	32	62	#
283	552218	3	18	42	#
284	615000	21	24	25	#
285	108719	22	24	59	#
286	853843	2	42	52	#
287	560075	9	44	54	#
288	772659	16	17	20	#
289	455420	8	10	15	#
290	624023	13	39	56	#
291	712018	11	32	41	#
292	896414	5	11	30	#
293	911606	2	7	43	#
294	409163	10	39	43	#
295	506534	15	21	51	#
296	621396	13	45	46	#
297	529017	25	28	63	#
298	392859	19	24	51	#
299	153741	43	44	45	#
300	750816	40	46	56	#
301	892948	9	41	57	#
302	277462	18	19	59	#
303	130158	3	5	59	#
304	61902	15	29	35	#
305	301043	19	23	33	#
306	232720	1	22	29	#
307	477185	28	42	60	#
308	293125	6	49	60	#
309	49092	26	29	50	#
310	672652	18	54	58	#
311	316677	1	6	12	#
312	319382	22	31	32	#
313	304312	19	22	40	#
314	471975	11	61	62	#
315	240527	27	38	43	#
316	849015	22	23	28	#
317	746503	3	7	42	#
318	160427	23	36	54	#
319	227219	7	50	54	#
320	240452	24	31	52	#
321	642157	4	43	62	#
322	774050	28	36	47	#
323	121184	5	41	44	#
324	579836	15	26	33	#
325	285036	4	27	46	#
326	413640	3	5	33	#
327	672854	28	44	59	#
328	308599	0	14	21	#
329	337900	0	13	16	#
330	357296	15	31	40	#
331	284170	9	40	52	#
332	571006	17	33	51	#
333	505931	13	28	35	#
334	28976	20	45	58	#
335	295454	24	35	40	#
336	906866	10	38	54	#
337	599460	9	54	55	#
338	37883	4	6	17	#
339	476812	17	31	40	#
340	444669	16	26	44	#
341	645155	15	31	56	#
342	121136	17	21	29	#
343	914825	26	39	48	#
344	707983	10	22	44	#
345	257429	16	46	59	#
346	867918	23	37	55	#
347	422421	9	48	58	#
348	523006	2	10	60	#
349	338744	34	36	54	#
350	893392	26	32	46	#
351	916102	0	15	18	#
352	512413	5	23	37	#
353	857622	10	29	53	#
354	765845	15	17	42	#
355	319233	2	38	47	#
356	54823	19	23	36	#
357	381018	1	50	54	#
358	639943	19	34	44	#
359	331920	1	42	43	#
360	588329	1	12	26	#
361	711534	9	11	63	#
362	15978	3	30	49	#
363	901397	8	17	38	#
364	994399	3	10	22	#
365	813034	19	39	48	#
366	73635	2	48	53	#
367	881176	33	49	61	#
368	362955	32	45	46	#
369	137924	12	26	53	#
370	506063	33	38	63	#
371	617284	0	9	30	#
372	689387	23	28	55	#
373	704009	7	34	43	#
374	348455	1	5	29	#
375	106798	12	36	44	#
376	934726	10	17	62	#
377	1815	1	12	18	#
378	681846	46	47	63	#
379	423677	8	18	26	#
380	638053	26	42	51	#
381	588670	13	21	33	#
382	524290	19	24	62	#
383	496209	26	27	28	#
384	801072	4	45	55	#
385	777230	16	24	53	#
386	350813	8	42	47	#
387	732962	6	17	19	#
388	78331	1	22	61	#
389	452501	5	38	61	#
390	601326	25	37	46	#
391	265774	1	5	27	#
392	772643	15	16	55	#
393	683828	5	35	51	#
394	36800	14	32	45	#
395	979338	18	23	38	#
396	13836	15	22	49	#
397	611433	0	1	41	#
398	36527	8	22	26	#
399	223108	43	45	60	#
400	758330	4	9	62	#
401	49906	2	15	19	#
402	284919	30	31	48	#
403	970098	5	51	57	#
404	834662	1	28	51	#
405	99493	28	37	60	#
406	508912	7	13	47	#
407	788064	35	47	54	#
408	110967	13	59	60	#
409	210549	15	24	59	#
410	463100	2	28	61	#
411	908296	40	46	51	#
412	805075	32	36	59	#
413	609854	23	25	29	#
414	878679	34	44	53	#
415	18902	35	36	46	#
416	198745	10	48	50	#
417	671670	2	26	53	#
418	113170	32	40	41	#
419	832481	9	29	61	#
420	557293	21	24	35	#
421	437774	13	20	53	#
422	636457	5	30	43	#
423	574764	19	46	51	#
424	947565	2	6	41	#
425	737590	10	19	25	#
426	45203	3	25	48	#
427	870730	2	17	34	#
428	461038	26	29	60	#
429	265138	31	39	44	#
430	381503	8	28	32	#
431	959503	5	18	61	#
432	816316	7	30	57	#
433	417135	20	21	61	#
434	849186	0	17	25	#
435	898455	13	21	58	#
436	352062	24	26	36	#
437	701788	12	32	33	#
438	365616	3	26	55	#
439	580354	1	29	30	#
440	201147	0	39	56	#
441	905050	10	22	41	#
442	202915	11	15	29	#
443	879976	29	42	59	#
444	24924	16	38	44	#
445	469631	44	48	56	#
446	222503	29	35	40	#
447	496572	0	43	48	#
448	936517	14	24	58	#
449	755023	1	3	10	#
450	456878	5	9	16	#
451	308603	39	52	56	#
452	492052	20	50	60	#
453	143103	20	31	63	#
454	42516	24	31	55	#
455	307158	17	18	56	#
456	878721	15	18	43	#
457	656290	13	40	43	#
458	787367	34	43	63	#
459	424439	9	22	31	#
460	678593	20	34	46	#
461	107989	12	26	45	#
462	670044	10	44	59	#
463	206191	25	28	53	#
464	509782	20	41	58	#
465	102706	2	40	61	#
466	75854	12	25	61	#
467	909247	40	57	59	#
468	352280	11	36	52	#
469	347728	45	46	49	#
470	365087	16	52	60	#
471	138398	15	34	56	#
472	813410	16	21	33	#
473	153730	39	52	53	#
474	818485	30	55	61	#
475	966107	4	31	45	#
476	49410	4	37	43	#
477	713511	50	54	57	#
478	85949	33	47	51	#
479	431085	4	6	38	#
480	430381	2	40	60	#
481	126313	11	15	55	#
482	567010	41	54	55	#
483	911678	9	27	37	#
484	603575	7	49	62	#
485	451060	13	25	39	#
486	824770	9	55	59	#
487	262073	3	33	51	#
488	672979	17	31	53	#
489	276144	19	27	58	#
490	138457	14	20	35	#
491	919618	4	14	51	#
492	696903	33	43	61	#
493	815540	44	48	58	#
494	436788	6	13	52	#
495	429371	7	21	56	#
496	730519	11	61	63	#
497	662066	14	25	31	#
498	524848	0	1	38	#
499	4688	18	26	58	#
500	516482	0	55	62	#
501	972483	41	46	61	#
502	729503	1	50	62	#
503	712484	16	33	49	#
504	852549	19	24	31	#
505	166407	12	21	52	#
506	52632	43	45	57	#
507	515849	5	11	36	#
508	367294	28	34	52	#
509	17957	24	48	57	#
510	509992	16	40	62	#
511	607837	10	55	62	#
512	480261	10	22	38	#
513	89139	7	50	51	#
514	404096	25	27	54	#
515	981336	6	29	35	#
516	980200	29	42	60	#
517	995515	6	9	59	#
518	14178	1	9	12	#
519	670105	6	46	59	#
520	785463	29	43	60	#
521	913742	11	40	57	#
522	410698	0	17	56	#
523	74582	22	37	63	#
524	942499	22	47	63	#
525	683661	14	28	32	#
526	673960	4	13	28	#
527	204503	39	44	57	#
528	6976	26	42	56	#
529	559359	16	31	35	#
530	217719	2	11	47	#
531	765457	15	23	63	#
532	111569	18	33	44	#
533	737425	37	44	51	#
534	948102	1	51	61	#
535	765217	13	51	52	#
536	484434	3	4	8	#
537	660289	11	38	47	#
538	109339	7	38	53	#
539	684689	14	27	48	#
540	38410	10	20	53	#
541	225780	6	25	53	#
542	15703	32	56	61	#
543	446153	2	14	30	#
544	293695	11	41	43	#
545	861306	16	33	59	#
546	119012	4	11	31	#
547	437900	7	21	24	#
548	261093	15	20	42	#
549	364592	21	57	61	#
550	262516	31	52	61	#
551	847958	17	20	56	#
552	134789	7	11	51	#
553	977010	3	10	58	#
554	983813	12	49	55	#
555	730419	18	25	30	#
556	106682	37	48	61	#
557	99424	4	5	11	#
558	681834	3	8	37	#
559	575019	7	26	47	#
560	314750	36	37	51	#
561	504769	7	18	62	#
562	586384	0	6	45	#
563	387856	33	35	60	#
564	137257	31	36	41	#
565	295645	4	17	62	#
566	275760	10	37	38	#
567	902911	0	36	41	#
568	912713	23	30	55	#
569	193958	20	36	47	#
570	218932	16	31	40	#
571	346098	3	5	44	#
572	400532	3	4	18	#
573	839569	15	46	51	#
574	140926	12	25	50	#
575	521569	8	41	56	#
576	835480	39	50	60	#
577	127686	8	35	49	#
578	696637	2	6	47	#
579	966113	2	29	41	#
580	855222	5	12	48	#
581	970268	24	27	48	#
582	838120	15	34	35	#
583	522824	11	27	63	#
584	484788	1	20	24	#
585	76683	7	9	52	#
586	947780	22	39	43	#
587	126765	9	14	29	#
588	153903	1	16	48	#
589	271043	1	9	27	#
590	990314	9	29	40	#
591	940074	10	14	47	#
592	523819	29	50	59	#
593	871362	16	19	38	#
594	761821	1	8	59	#
595	558180	14	25	44	#
596	819826	8	35	43	#
597	67437	14	33	46	#
598	334001	5	20	28	#
599	49889	19	39	61	#
600	111454	11	25	59	#
601	500653	16	32	49	#
602	315754	30	58	60	#
603	220673	5	18	39	#
604	868674	10	29	33	#
605	743841	12	32	53	#
606	85278	12	34	52	#
607	182699	16	39	51	#
608	887673	27	56	57	#
609	363180	11	16	17	#
610	579805	4	49	55	#
611	232163	2	18	56	#
612	339336	24	31	33	#
613	776459	3	16	57	#
614	876108	46	58	61	#
615	842357	44	51	54	#
616	143963	3	35	47	#
617	453252	14	49	59	#
618	640990	4	15	60	#
619	656482	28	31	39	#
620	622385	5	14	60	#
621	565454	9	32	59	#
622	205843	3	31	51	#
623	832088	9	26	37	#
624	758235	12	20	25	#
625	887073	13	20	32	#
626	430766	10	26	36	#
627	994975	12	16	33	#
628	89907	2	6	23	#
629	495618	39	49	53	#
630	997960	21	54	63	#
631	794012	4	7	14	#
632	443178	44	49	55	#
633	598620	10	56	57	#
634	705982	16	31	33	#
635	99281	17	30	62	#
636	216080	17	24	44	#
637	645155	9	11	61	#
638	199733	0	17	47	#
639	358772	21	42	51	#
640	58938	11	44	63	#
641	662784	22	52	60	#
642	736321	22	49	60	#
643	572134	7	14	16	#
644	619004	28	29	36	#
645	59050	35	38	48	#
646	749213	22	42	45	#
647	640828	1	23	48	#
648	733723	13	48	63	#
649	890201	4	35	39	#
650	491413	29	30	39	#
651	622464	11	12	26	#
652	928779	34	42	60	#
653	347613	2	32	37	#
654	669354	9	25	62	#
655	82433	12	14	56	#
656	21496	6	50	52	#
657	401600	14	25	27	#
658	295793	30	40	52	#
659	160561	34	37	48	#
660	916333	27	31	49	#
661	709694	34	45	49	#
662	509322	23	33	49	#
663	886427	18	23	43	#
664	298086	6	8	33	#
665	901955	3	44	47	#
666	685205	37	40	56	#
667	369014	24	43	50	#
668	860557	25	50	52	#
669	753364	10	33	51	#
670	638321	7	12	49	#
671	473964	4	33	39	#
672	496457	6	30	32	#
673	725493	2	46	47	#
674	968983	5	18	40	#
675	851731	7	40	56	#
676	263654	15	53	63	#
677	759458	14	38	44	#
678	852427	13	45	50	#
679	429902	1	9	43	#
680	78346	9	37	56	#
681	822741	6	14	17	#
682	732972	3	31	38	#
683	236511	37	38	39	#
684	847982	4	27	32	#
685	352031	9	29	58	#
686	642852	39	48	54	#
687	313472	30	55	59	#
688	352606	15	19	27	#
689	275583	6	16	18	#
690	190002	19	40	50	#
691	609942	13	20	30	#
692	797074	26	45	48	#
693	45378	3	29	55	#
694	559091	17	20	48	#
695	278371	29	39	53	#
696	568944	4	32	60	#
697	441037	6	7	20	#
698	64950	19	41	62	#
699	318343	20	35	53	#
700	479062	12	15	20	#
701	329827	3	29	41	#
702	594602	6	19	40	#
703	31975	36	39	49	#
704	685041	0	5	51	#
705	497786	9	43	59	#
706	82054	0	1	47	#
707	366423	2	54	62	#
708	360957	13	46	59	#
709	165361	21	28	42	#
710	221135	5	11	38	#
711	600343	21	32	47	#
712	876800	1	30	49	#
713	782597	5	25	42	#
714	7336	3	34	53	#
715	242066	2	25	31	#
716	701359	0	12	14	#
717	736177	5	29	30	#
718	482884	11	17	32	#
719	456563	15	34	54	#
720	844733	16	34	46	#
721	73584	9	19	51	#
722	164006	1	23	63	#
723	958410	25	26	47	#
724	548860	48	49	53	#
725	67909	17	27	46	#
726	389432	12	23	39	#
727	529381	2	5	57	#
728	515651	34	48	54	#
729	920144	21	25	60	#
730	900826	39	50	62	#
731	601264	24	40	59	#
732	792251	1	49	54	#
733	235224	26	31	44	#
734	998715	27	30	35	#
735	819705	18	53	61	#
736	947594	2	39	42	#
737	762190	0	27	63	#
738	710395	10	17	38	#
739	758282	6	31	38	#
740	622078	5	6	17	#
741	70686	2	19	25	#
742	536750	10	19	63	#
743	452758	2	25	51	#
744	305835	27	46	63	#
745	416089	20	46	63	#
746	919091	9	37	47	#
747	991427	2	17	25	#
748	890292	17	36	53	#
749	921288	1	13	62	#
750	642692	25	39	52	#
751	248709	24	54	61	#
752	336666	14	43	63	#
753	453176	31	36	44	#
754	145862	5	43	60	#
755	586722	15	25	35	#
756	790938	2	8	55	#
757	134650	3	21	34	#
758	986930	18	42	58	#
759	19939	1	29	32	#
760	865628	7	23	53	#
761	62480	12	16	49	#
762	923796	21	24	39	#
763	844972	16	23	35	#
764	620250	3	7	46	#
765	97865	19	40	62	#
766	446367	28	29	59	#
767	446784	20	44	58	#
768	531082	26	49	55	#
769	925933	28	52	60	#
770	854369	15	32	41	#
771	621410	11	23	39	#
772	841799	7	12	19	#
773	934344	1	4	43	#
774	297368	43	57	62	#
775	685149	15	19	51	#
776	472603	2	25	28	#
777	371164	13	44	55	#
778	996135	2	9	10	#
779	108268	23	27	55	#
780	863932	17	23	55	#
781	741572	39	54	56	#
782	627555	28	33	34	#
783	281901	6	50	62	#
784	831040	4	13	33	#
785	801816	15	49	59	#
786	686218	31	46	48	#
787	387060	19	33	39	#
788	519302	57	58	60	#
789	731861	12	47	54	#
790	110545	5	9	50	#
791	473566	9	15	44	#
792	267009	10	42	61	#
793	489267	3	24	30	#
794	942169	0	16	58	#
795	80851	8	41	54	#
796	987445	4	22	37	#
797	583595	30	37	43	#
798	919291	1	33	47	#
799	117884	12	25	60	#
800	373963	9	25	33	#
801	384976	14	36	61	#
802	689561	28	38	63	#
803	491201	11	44	53	#
804	773777	39	40	50	#
805	995861	0	16	17	#
806	341067	40	43	56	#
807	438733	30	44	59	#
808	16715	26	42	45	#
809	48745	3	15	38	#
810	382889	18	30	39	#
811	434030	38	41	61	#
812	468544	7	42	59	#
813	58427	2	10	52	#
814	18058	16	34	58	#
815	220671	11	25	31	#
816	112699	4	15	18	#
817	69847	3	50	54	#
818	364596	23	43	47	#
819	914356	17	18	35	#
820	954572	6	16	35	#
821	711506	5	24	43	#
822	243262	19	43	49	#
823	160968	16	17	53	#
824	549163	13	25	52	#
825	267743	9	17	42	#
826	957791	9	18	50	#
827	588888	11	13	58	#
828	702857	20	22	59	#
829	633157	25	28	59	#
830	743409	35	47	63	#
831	43839	33	39	51	#
832	650116	39	47	56	#
833	262443	10	56	59	#
834	809401	7	9	21	#
835	344544	11	46	55	#
836	255873	7	17	21	#
837	478943	29	34	58	#
838	151520	37	43	62	#
839	547480	3	15	29	#
840	44394	0	26	33	#
841	755171	41	53	55	#
842	560004	1	30	58	#
843	810823	0	27	31	#
844	831781	6	37	59	#
845	741504	23	26	60	#
846	112012	9	26	51	#
847	766898	24	46	55	#
848	928275	21	45	63	#
849	336445	0	42	55	#
850	168226	4	7	35	#
851	771976	3	40	59	#
852	409089	12	33	53	#
853	750178	24	41	50	#
854	492290	17	28	38	#
855	329703	4	20	38	#
856	579274	6	41	60	#
857	1694	42	56	57	#
858	7606	44	47	56	#
859	243507	8	43	60	#
860	33095	13	25	58	#
861	837608	27	28	63	#
862	591512	1	14	18	#
863	781132	10	20	36	#
864	803349	9	28	57	#
865	956287	6	54	63	#
866	469231	12	24	44	#
867	857782	46	50	63	#
868	996879	12	32	61	#
869	580676	8	16	44	#
870	769983	21	25	35	#
871	960532	1	7	11	#
872	677701	28	32	39	#
873	655427	23	43	50	#
874	786682	11	26	31	#
875	405803	38	49	54	#
876	770284	1	17	23	#
877	680586	7	15	22	#
878	818676	1	12	49	#
879	343858	29	52	56	#
880	144522	3	8	13	#
881	297412	35	50	54	#
882	308280	17	35	52	#
883	490775	45	46	59	#
884	291510	4	18	27	#
885	661144	3	17	45	#
886	392646	8	16	54	#
887	152638	4	38	47	#
888	189649	15	41	54	#
889	149619	2	43	50	#
890	535217	9	27	52	#
891	925420	2	29	49	#
892	70176	16	42	46	#
893	255691	17	25	47	#
894	972131	15	29	37	#
895	974650	1	15	16	#
896	165222	16	29	44	#
897	762915	38	41	48	#
898	262767	7	11	14	#
899	647151	22	54	60	#
900	585813	2	5	19	#
901	364649	15	55	59	#
902	957114	10	18	53	#
903	700046	29	33	45	#
904	177463	0	1	35	#
905	136736	11	47	58	#
906	62588	27	55	58	#
907	682153	12	16	45	#
908	451039	37	54	55	#
909	523914	12	19	41	#
910	906981	17	29	45	#
911	252955	5	19	45	#
912	936521	26	30	38	#
913	750121	29	52	59	#
914	412179	10	33	60	#
915	474273	9	32	55	#
916	812840	25	41	51	#
917	281029	25	44	54	#
918	359826	6	21	31	#
919	872959	15	19	44	#
920	471652	2	19	62	#
921	70014	2	9	51	#
922	217810	8	32	47	#
923	287275	7	11	55	#
924	891139	6	21	60	#
925	370379	21	44	59	#
926	571672	8	35	44	#
927	570645	1	24	44	#
928	848309	22	29	33	#
929	570380	4	12	13	#
930	694219	4	6	50	#
931	293034	3	10	17	#
932	664683	25	37	48	#
933	459301	15	26	27	#
934	115668	7	30	33	#
935	88770	0	12	52	#
936	567663	9	57	58	#
937	178942	3	51	55	#
938	848441	4	11	36	#
939	496534	9	10	37	#
940	79914	8	43	63	#
941	450634	27	43	47	#
942	775427	22	43	61	#
943	919968	2	16	58	#
944	282211	10	18	62	#
945	287625	3	19	50	#
946	821624	9	15	50	#
947	658490	6	35	41	#
948	792380	4	31	40	#
949	28574	2	19	29	#
950	249019	13	21	57	#
951	125643	1	21	52	#
952	371202	31	37	49	#
953	746966	49	51	58	#
954	298991	1	26	57	#
955	682733	17	19	42	#
956	925075	0	5	40	#
957	732603	43	54	56	#
958	106991	12	48	60	#
959	898065	43	49	62	#
960	290712	19	29	55	#
961	564720	3	26	47	#
962	721521	26	27	55	#
963	376310	15	26	30	#
964	258928	4	6	44	#
965	546235	23	46	63	#
966	309470	22	42	50	#
967	552530	11	30	43	#
968	544515	34	52	55	#
969	518682	25	40	44	#
970	879806	3	47	61	#
971	95398	8	24	58	#
972	659268	9	25	29	#
973	327349	11	16	53	#
974	107682	24	31	45	#
975	814136	6	20	61	#
976	895172	2	10	54	#
977	456153	15	37	39	#
978	90968	2	8	46	#
979	213716	21	33	46	#
980	874795	0	19	20	#
981	601792	31	60	63	#
982	121253	21	25	62	#
983	92836	38	41	47	#
984	375905	29	32	37	#
985	206690	7	18	29	#
986	801344	14	30	55	#
987	829222	9	27	29	#
988	387352	32	42	61	#
989	220278	1	28	30	#
990	91290	11	40	48	#
991	399998	21	34	46	#
992	603247	24	51	63	#
993	608140	12	24	51	#
994	114966	6	14	57	#
995	209089	0	35	39	#
996	812461	16	50	60	#
997	378553	19	30	33	#
998	809248	16	30	56	#
999	333903	28	35	41	#
1000	890479	6	22	57	#
1001	145951	5	30	57	#
1002	747808	12	14	55	#
1003	472964	43	52	62	#
1004	350650	8	41	51	#
1005	791619	1	60	62	#
1006	721568	44	51	52	#
1007	851887	9	11	14	#
1008	661842	44	53	63	#
1009	705766	39	58	60	#
1010	907827	9	12	55	#
1011	14507	11	23	52	#
1012	789560	7	24	59	#
1013	486632	12	29	39	#
1014	710113	41	45	46	#
1015	966274	35	36	42	#
1016	667535	37	42	55	#
1017	939298	28	35	61	#
1018	600777	17	28	45	#
1019	161211	11	27	42	#
1020	556830	3	26	27	#
1021	820591	6	17	24	#
1022	548365	10	25	50	#
1023	226965	25	32	55	#
1024	499490	29	33	39	#
1025	743490	26	29	46	#
1026	552192	34	42	57	#
1027	858950	35	44	55	#
1028	164507	7	20	58	#
1029	847788	8	32	46	#
1030	613834	35	42	53	#
1031	91819	19	32	57	#
1032	587391	33	35	39	#
1033	307264	5	12	14	#
1034	438649	24	29	32	#
1035	353593	22	28	30	#
1036	943022	5	17	21	#
1037	832261	2	45	52	#
1038	544709	35	38	51	#
1039	759505	41	43	49	#
1040	739262	16	21	28	#
1041	104595	10	27	49	#
1042	760436	0	28	39	#
1043	892580	3	16	40	#
1044	620003	22	41	61	#
1045	157757	31	47	55	#
1046	405024	5	11	42	#
1047	399843	51	54	56	#
1048	624543	16	37	51	#
1049	512438	10	34	57	#
1050	407837	6	17	60	#
1051	126109	1	6	7	#
1052	329603	7	33	47	#
1053	326383	10	13	49	#
1054	886818	11	27	57	#
1055	481839	5	18	20	#
1056	527751	19	37	42	#
1057	905895	7	59	61	#
1058	169043	1	47	53	#
1059	486492	19	49	52	#
1060	880466	13	14	33	#
1061	610218	0	1	57	#
1062	437439	31	49	60	#
1063	806098	14	21	49	#
1064	868191	4	8	53	#
1065	539116	16	26	27	#
1066	955421	13	36	43	#
1067	494697	0	62	63	#
1068	891587	4	15	20	#
1069	512743	45	50	53	#
1070	932463	37	39	50	#
1071	53460	34	52	62	#
1072	945355	38	40	55	#
1073	707089	2	54	58	#
1074	206371	15	42	62	#
1075	795786	1	8	14	#
1076	665416	22	23	38	#
1077	558293	6	36	41	#
1078	168060	1	22	46	#
1079	346812	16	25	48	#
1080	261041	31	42	52	#
1081	710465	47	48	51	#
1082	755973	19	29	46	#
1083	686903	1	5	14	#
1084	345339	9	13	57	#
1085	243717	47	59	62	#
1086	17911	26	36	46	#
1087	550694	13	14	19	#
1088	732116	1	21	46	#
1089	451167	1	11	12	#
1090	459902	27	28	40	#
1091	155497	16	40	57	#
1092	877652	4	30	54	#
1093	538208	0	15	60	#
1094	283618	35	40	43	#
1095	978395	1	29	39	#
1096	638216	0	46	51	#
1097	363310	38	55	59	#
1098	954408	17	22	36	#
1099	870891	1	29	35	#
1100	326478	8	16	47	#
1101	79986	9	19	39	#
1102	661069	24	46	51	#
1103	743141	20	27	56	#
1104	87771	11	21	32	#
1105	454946	1	22	58	#
1106	228358	11	51	59	#
1107	590668	6	11	46	#
1108	313723	5	46	58	#
1109	848467	24	25	60	#
1110	79133	6	26	32	#
1111	113921	10	38	40	#
1112	784419	0	38	61	#
1113	681331	26	47	57	#
1114	161992	15	46	59	#
1115	779772	5	16	29	#
1116	988906	29	41	43	#
1117	436489	1	9	60	#
1118	384780	15	32	51	#
1119	731206	12	36	59	#
1120	12362	5	34	55	#
1121	449806	23	25	37	#
1122	406059	24	28	53	#
1123	719502	10	13	40	#
1124	425560	12	40	50	#
1125	264916	12	37	46	#
1126	309468	5	36	42	#
1127	16356	8	19	43	#
1128	142631	21	59	61	#
1129	905647	28	39	45	#
1130	347202	22	41	45	#
1131	583239	6	29	56	#
1132	444451	23	44	62	#
1133	35424	14	43	49	#
1134	751119	27	37	47	#
1135	470116	6	10	20	#
1136	815468	6	26	56	#
1137	248138	34	39	48	#
1138	187325	13	40	46	#
1139	579785	8	17	36	#
1140	250148	15	19	33	#
1141	730817	10	39	58	#
1142	8230	17	34	59	#
1143	37728	2	40	59	#
1144	918426	16	31	46	#
1145	119040	11	12	25	#
1146	83313	13	23	47	#
1147	287533	25	47	49	#
1148	381518	20	27	41	#
1149	317734	8	9	37	#
1150	834392	0	3	60	#
1151	783178	22	25	44	#
1152	185965	4	32	57	#
1153	945347	34	58	59	#
1154	911885	4	19	25	#
1155	855013	41	43	54	#
1156	815985	23	24	37	#
1157	194892	33	41	50	#
1158	155416	26	45	47	#
1159	535979	20	40	49	#
1160	329836	15	26	38	#
1161	912972	8	21	38	#
1162	859295	9	42	53	#
1163	267342	40	45	63	#
1164	739596	0	41	45	#
1165	290653	3	9	30	#
1166	628174	5	60	62	#
1167	143149	3	22	25	#
1168	84014	29	55	62	#
1169	371244	4	5	8	#
1170	261932	7	17	57	#
1171	102438	46	49	53	#
1172	44502	6	21	45	#
1173	257307	30	42	48	#
1174	584219	42	45	62	#
1175	85621	33	36	37	#
1176	623938	4	33	61	#
1177	807234	4	15	45	#
1178	518326	21	46	63	#
1179	64049	25	31	44	#
1180	809666	8	11	19	#
1181	941059	3	11	40	#
1182	735966	41	44	57	#
1183	427166	17	50	54	#
1184	874041	29	54	56	#
1185	175661	21	37	39	#
1186	212332	26	31	34	#
1187	518129	17	24	63	#
1188	525546	20	27	63	#
1189	74141	1	32	59	#
1190	705475	21	34	36	#
1191	72115	24	30	33	#
1192	242757	0	14	33	#
1193	590211	5	13	46	#
1194	684174	18	26	49	#
1195	384187	21	58	63	#
1196	426249	7	21	48	#
1197	833358	39	41	53	#
1198	648261	5	31	42	#
1199	806328	28	37	52	#
1200	536456	18	37	47	#
1201	924923	5	12	46	#
1202	206085	18	20	27	#
1203	787752	41	47	58	#
1204	889064	1	26	33	#
1205	204089	10	46	50	#
1206	22403	15	29	54	#
1207	384271	6	11	63	#
1208	846215	8	41	61	#
1209	334571	46	54	55	#
1210	999969	32	37	63	#
1211	412499	19	43	52	#
1212	391807	10	22	26	#
1213	112775	16	22	35	#
1214	308114	4	39	41	#
1215	674669	8	27	63	#
1216	28225	1	29	47	#
1217	121585	2	41	55	#
1218	929852	12	29	63	#
1219	589389	9	20	37	#
1220	877021	23	34	38	#
1221	182941	6	28	60	#
1222	537359	4	48	54	#
1223	388590	8	30	56	#
1224	979122	6	24	54	#
1225	551766	2	40	45	#
1226	222413	7	31	44	#
1227	800231	22	26	54	#
1228	154001	0	9	53	#
1229	469692	1	15	18	#
1230	936010	4	54	61	#
1231	28922	8	56	58	#
1232	581508	1	24	52	#
1233	864454	21	40	50	#
1234	995778	2	5	7	#
1235	877756	30	45	54	#
1236	812634	22	32	41	#
1237	433795	16	31	63	#
1238	534925	30	46	51	#
1239	568060	19	41	42	#
1240	172094	32	44	57	#
1241	866838	15	29	43	#
1242	628776	7	28	37	#
1243	557154	20	37	63	#
1244	831230	26	28	47	#
1245	909649	4	30	60	#
1246	803418	13	18	61	#
1247	879445	1	3	49	#
1248	452227	8	22	50	#
1249	482092	21	27	49	#
1250	767172	12	23	58	#
1251	842668	1	19	52	#
1252	773305	14	22	53	#
1253	243283	8	55	63	#
1254	614198	35	39	57	#
1255	859265	46	53	54	#
1256	397911	15	22	23	#
1257	530275	7	17	31	#
1258	843829	4	35	38	#
1259	23092	16	17	26	#
1260	62273	31	33	36	#
1261	942818	7	10	63	#
1262	823461	29	58	61	#
1263	115689	23	35	47	#
1264	49116	1	48	60	#
1265	701375	4	46	52	#
1266	909505	4	27	49	#
1267	255929	8	13	56	#
1268	727713	17	26	41	#
1269	33101	8	23	26	#
1270	733627	5	33	60	#
1271	801854	6	30	42	#
1272	500480	5	61	63	#
1273	396407	45	48	61	#
1274	118350	42	47	61	#
1275	506042	22	43	56	#
1276	571166	2	43	44	#
1277	297203	14	27	33	#
1278	484320	54	58	59	#
1279	622666	24	27	36	#
1280	485653	25	32	60	#
1281	841369	22	23	49	#
1282	280684	12	19	20	#
1283	628520	35	45	56	#
1284	41940	24	31	54	#
1285	584983	18	26	61	#
1286	513641	27	38	56	#
1287	491059	5	23	44	#
1288	597299	2	15	40	#
1289	992179	6	27	55	#
1290	954248	48	55	59	#
1291	352635	26	34	61	#
1292	337924	3	4	42	#
1293	668379	7	8	44	#
1294	951684	24	33	60	#
1295	591038	21	31	38	#
1296	117247	1	21	53	#
1297	182692	30	39	62	#
1298	934311	47	54	55	#
1299	994576	15	28	32	#
1300	413697	1	12	19	#
1301	842766	10	23	28	#
1302	774330	18	47	58	#
1303	168052	7	19	26	#
1304	982979	32	55	56	#
1305	78465	0	2	58	#
1306	101630	4	19	55	#
1307	98151	33	44	46	#
1308	992789	13	18	54	#
1309	363927	6	25	60	#
1310	22797	13	36	47	#
1311	301861	3	14	23	#
1312	580130	24	32	62	#
1313	82060	10	54	57	#
1314	550867	29	44	55	#
1315	691786	9	15	53	#
1316	271443	9	12	61	#
1317	997370	7	18	38	#
1318	415061	19	41	63	#
1319	563947	1	24	36	#
1320	763796	17	50	60	#
1321	910090	2	24	54	#
1322	57636	2	34	49	#
1323	898232	11	33	39	#
1324	288409	7	14	25	#
1325	70715	28	37	55	#
1326	635648	0	3	43	#
1327	586054	4	12	56	#
1328	351802	0	11	38	#
1329	295786	1	18	53	#
1330	830807	27	29	60	#
1331	486741	1	5	52	#
1332	30107	3	19	57	#
1333	3954	5	8	55	#
1334	463430	35	50	61	#
1335	794249	29	30	31	#
1336	739273	15	45	55	#
1337	464763	0	41	59	#
1338	270722	11	19	30	#
1339	936861	6	9	51	#
1340	760689	21	29	31	#
1341	684071	32	36	39	#
1342	493255	14	57	62	#
1343	180214	4	7	10	#
1344	833773	1	7	46	#
1345	426253	27	30	61	#
1346	834440	15	27	41	#
1347	397	31	45	61	#
1348	831901	1	30	44	#
1349	963954	9	40	42	#
1350	931643	0	34	63	#
1351	195449	33	47	52	#
1352	903097	4	5	29	#
1353	791439	4	18	22	#
1354	530671	20	34	43	#
1355	796233	6	46	53	#
1356	937065	23	55	59	#
1357	430367	42	49	52	#
1358	313108	20	24	40	#
1359	75442	2	7	30	#
1360	820633	26	44	46	#
1361	957355	5	13	45	#
1362	172565	9	21	34	#
1363	370955	43	59	61	#
1364	867544	12	17	55	#
1365	436168	0	5	12	#
1366	158609	26	55	57	#
1367	794564	24	34	49	#
1368	132897	23	33	34	#
1369	85448	7	20	61	#
1370	715774	13	20	38	#
1371	735890	42	56	61	#
1372	572971	21	47	52	#
1373	288440	14	23	26	#
1374	255622	6	11	32	#
1375	279693	29	50	53	#
1376	959306	9	37	61	#
1377	545269	7	10	50	#
1378	990214	6	25	48	#
1379	326111	3	29	38	#
1380	595195	1	36	63	#
1381	816305	4	8	9	#
1382	807452	16	20	46	#
1383	998578	14	46	62	#
1384	689583	35	49	52	#
1385	420865	7	48	49	#
1386	722111	21	37	51	#
1387	954892	16	33	54	#
1388	548308	16	17	56	#
1389	20443	44	46	56	#
1390	923308	5	39	52	#
1391	402575	16	37	45	#
1392	848465	27	51	57	#
1393	69273	12	23	59	#
1394	248153	3	32	43	#
1395	366773	12	46	47	#
1396	781589	28	34	38	#
1397	720769	28	31	58	#
1398	898817	3	25	28	#
1399	503920	23	59	63	#
1400	47884	5	37	57	#
1401	43571	16	21	58	#
1402	19311	38	43	45	#
1403	838325	17	34	35	#
1404	774335	2	24	57	#
1405	928071	13	19	38	#
1406	744977	42	60	61	#
1407	516869	7	40	55	#
1408	406100	3	20	47	#
1409	890011	17	37	49	#
1410	977305	45	50	62	#
1411	494216	4	25	56	#
1412	445192	0	54	62	#
1413	163949	35	37	40	#
1414	541322	50	52	61	#
1415	154775	8	37	53	#
1416	24197	17	32	33	#
1417	848472	17	55	57	#
1418	619244	28	47	58	#
1419	234839	19	32	43	#
1420	416612	0	19	55	#
1421	398619	17	20	47	#
1422	318213	28	38	58	#
1423	640366	26	45	51	#
1424	851281	15	34	45	#
1425	771261	22	49	50	#
1426	872743	6	30	35	#
1427	667784	3	6	32	#
1428	713179	22	43	55	#
1429	367763	16	44	51	#
1430	413031	11	20	52	#
1431	544064	6	22	23	#
1432	39437	29	51	61	#
1433	681790	20	24	50	#
1434	582414	22	33	34	#
1435	789819	4	7	26	#
1436	363460	16	23	54	#
1437	583705	8	32	38	#
1438	340273	21	43	46	#
1439	514130	4	48	52	#
1440	440945	5	18	52	#
1441	744337	32	56	60	#
1442	262973	34	42	45	#
1443	447681	28	52	62	#
1444	64194	21	48	60	#
1445	893134	26	48	49	#
1446	853436	0	9	14	#
1447	717513	8	23	29	#
1448	933552	4	22	51	#
1449	836155	0	7	63	#
1450	438771	0	16	28	#
1451	866562	21	37	42	#
1452	790202	33	36	40	#
1453	679221	37	38	40	#
1454	293318	3	9	58	#
1455	72475	5	17	23	#
1456	238420	6	11	15	#
1457	763103	27	28	37	#
1458	442304	19	21	49	#
1459	197789	28	40	61	#
1460	250044	23	54	63	#
1461	385916	5	19	56	#
1462	689602	11	12	17	#
1463	273563	8	28	39	#
1464	847415	31	54	57	#
1465	561286	27	45	52	#
1466	305761	11	31	50	#
1467	344015	12	25	35	#
1468	785296	29	32	51	#
1469	811289	22	36	59	#
1470	376338	5	8	25	#
1471	684086	19	33	48	#
1472	153113	39	54	58	#
1473	534315	0	34	51	#
1474	266583	23	26	42	#
1475	248172	29	52	53	#
1476	348447	5	31	61	#
1477	823809	30	34	51	#
1478	53514	9	40	41	#
1479	49911	2	12	58	#
1480	317331	14	32	44	#
1481	14341	38	55	57	#
1482	638687	28	37	48	#
1483	498102	6	7	42	#
1484	830905	1	19	60	#
1485	274399	3	14	24	#
1486	377778	23	30	61	#
1487	12711	43	46	56	#
1488	482798	40	54	57	#
1489	397132	7	17	33	#
1490	618188	3	21	45	#
1491	876010	12	33	37	#
1492	655328	16	18	59	#
1493	989978	8	14	17	#
1494	409482	17	49	55	#
1495	462253	1	9	48	#
1496	770516	36	44	62	#
1497	522218	6	31	54	#
1498	164208	11	54	56	#
1499	785831	29	43	48	#
1500	435269	2	22	25	#
1501	35943	24	49	55	#
1502	161777	6	29	44	#
1503	148886	26	39	42	#
1504	223343	11	58	59	#
1505	176302	7	42	58	#
1506	239421	14	32	62	#
1507	333666	28	48	57	#
1508	643566	30	33	45	#
1509	882823	24	28	40	#
1510	807420	12	31	39	#
1511	680002	22	24	55	#
1512	693331	17	33	44	#
1513	362042	17	19	62	#
1514	427533	21	45	50	#
1515	270395	6	20	35	#
1516	616587	13	38	41	#
1517	64208	20	23	52	#
1518	737196	5	40	48	#
1519	302351	22	24	56	#
1520	881538	23	33	36	#
1521	880721	24	37	43	#
1522	286391	3	25	53	#
1523	658400	24	43	46	#
1524	502053	4	16	54	#
1525	323212	2	24	38	#
1526	865389	4	19	21	#
1527	470117	0	16	63	#
1528	379805	1	13	33	#
1529	69959	39	40	58	#
1530	324707	18	23	61	#
1531	991430	2	37	43	#
1532	917956	27	40	49	#
1533	5739	36	45	50	#
1534	137058	0	38	51	#
1535	751297	8	17	19	#
1536	368309	3	9	25	#
1537	464859	3	28	51	#
1538	897853	3	14	36	#
1539	207581	36	45	55	#
1540	780604	15	18	39	#
1541	26144	14	41	55	#
1542	753394	0	19	33	#
1543	871191	10	29	47	#
1544	133316	25	38	43	#
1545	679302	43	55	62	#
1546	421350	8	43	58	#
1547	813426	26	41	44	#
1548	178287	0	5	45	#
1549	798520	1	36	56	#
1550	493250	48	53	58	#
1551	235134	30	33	53	#
1552	960019	0	23	50	#
1553	420060	6	13	51	#
1554	857559	4	17	25	#
1555	947807	2	23	24	#
1556	177371	32	37	61	#
1557	114842	9	38	44	#
1558	434978	22	25	63	#
1559	40774	3	30	55	#
1560	498820	6	20	62	#
1561	606855	18	51	57	#
1562	79586	14	35	63	#
1563	732753	9	31	34	#
1564	748450	30	35	42	#
1565	922549	11	18	60	#
1566	174033	18	23	28	#
1567	872972	15	42	59	#
1568	696399	2	28	34	#
1569	282540	25	32	44	#
1570	829627	6	46	49	#
1571	197867	3	15	47	#
1572	588365	0	27	44	#
1573	49478	13	28	60	#
1574	122757	6	15	53	#
1575	209555	19	29	62	#
1576	793108	11	31	53	#
1577	656917	24	35	44	#
1578	929441	5	35	40	#
1579	599521	12	35	41	#
1580	306525	10	11	28	#
1581	757801	36	41	51	#
1582	106607	21	29	43	#
1583	117579	0	11	37	#
1584	606855	0	4	36	#
1585	673021	11	30	59	#
1586	601358	0	28	33	#
1587	925275	31	46	61	#
1588	56376	8	47	51	#
1589	714133	18	24	27	#
1590	113942	4	26	57	#
1591	24965	15	31	63	#
1592	918931	14	50	61	#
1593	295728	16	26	42	#
1594	204770	12	14	24	#
1595	61707	27	38	60	#
1596	182958	4	40	47	#
1597	386026	46	58	60	#
1598	407578	15	19	22	#
1599	415559	13	46	63	#
1600	193201	15	18	60	#
1601	574715	6	38	56	#
1602	853062	56	60	63	#
1603	363688	17	56	58	#
1604	494097	3	27	31	#
1605	463107	5	41	59	#
1606	863619	13	38	43	#
1607	717174	23	27	34	#
1608	36787	5	35	58	#
1609	191608	8	35	36	#
1610	742811	8	45	53	#
1611	860119	7	9	10	#
1612	930891	47	52	61	#
1613	24515	15	33	51	#
1614	329690	10	35	59	#
1615	555150	1	19	25	#
1616	748185	3	24	60	#
1617	728463	20	30	31	#
1618	811305	24	37	62	#
1619	174378	0	31	34	#
1620	840097	45	48	57	#
1621	53935	2	16	50	#
1622	852775	20	32	48	#
1623	869789	14	45	56	#
1624	210852	13	28	39	#
1625	375651	5	11	52	#
1626	895520	17	50	58	#
1627	454874	12	50	51	#
1628	247610	16	31	43	#
1629	141801	18	34	58	#
1630	719656	5	17	62	#
1631	784927	33	44	62	#
1632	687807	14	61	62	#
1633	530430	32	38	47	#
1634	298850	20	22	33	#
1635	716383	44	52	55	#
1636	9375	20	26	35	#
1637	311116	12	19	59	#
1638	365448	24	33	45	#
1639	744460	19	28	56	#
1640	383495	33	41	48	#
1641	733437	17	18	62	#
1642	810355	17	29	47	#
1643	414091	28	37	43	#
1644	521942	28	38	50	#
1645	525701	27	39	43	#
1646	457639	15	30	31	#
1647	484437	0	14	48	#
1648	781503	3	8	62	#
1649	930602	6	17	42	#
1650	411528	5	13	30	#
1651	736914	33	52	58	#
1652	664702	8	12	16	#
1653	524860	27	44	58	#
1654	528238	17	22	62	#
1655	451967	2	53	57	#
1656	986354	7	29	45	#
1657	404901	6	46	62	#
1658	907137	2	13	21	#
1659	761649	10	20	39	#
1660	885281	16	38	56	#
1661	87988	0	11	25	#
1662	864481	11	25	52	#
1663	848752	33	53	55	#
1664	405194	13	23	41	#
1665	170181	12	28	40	#
1666	501838	7	44	49	#
1667	72843	20	30	38	#
1668	278167	24	56	63	#
1669	291609	19	39	43	#
1670	292803	20	21	33	#
1671	850584	5	32	60	#
1672	134202	17	39	52	#
1673	242611	13	46	52	#
1674	876486	12	25	36	#
1675	7900	10	23	59	#
1676	464846	9	16	27	#
1677	133547	18	21	53	#
1678	974570	3	57	59	#
1679	290094	5	18	22	#
1680	945075	4	19	36	#
1681	320733	34	50	59	#
1682	709195	12	19	42	#
1683	97702	11	35	56	#
1684	683213	5	17	57	#
1685	20644	18	60	63	#
1686	149571	17	18	39	#
1687	468571	0	30	49	#
1688	178959	33	43	55	#
1689	524082	6	43	52	#
1690	858437	0	23	59	#
1691	422410	24	33	62	#
1692	31558	13	36	44	#
1693	250075	10	31	48	#
1694	870707	12	31	45	#
1695	110369	3	8	55	#
1696	89805	3	11	23	#
1697	546239	46	61	62	#
1698	170316	14	24	56	#
1699	477872	1	12	22	#
1700	622562	11	29	38	#
1701	566176	7	17	52	#
1702	307744	35	42	63	#
1703	293142	2	5	27	#
1704	294863	24	36	41	#
1705	925294	40	45	60	#
1706	205096	4	21	46	#
1707	361112	17	31	32	#
1708	264441	6	16	38	#
1709	828226	1	28	48	#
1710	921606	15	19	52	#
1711	371162	0	4	40	#
1712	669247	9	42	56	#
1713	103255	4	12	17	#
1714	531571	44	46	54	#
1715	56242	30	34	52	#
1716	521998	6	51	54	#
1717	657159	26	35	42	#
1718	626474	7	33	59	#
1719	973599	24	56	61	#
1720	340745	4	33	36	#
1721	977095	15	43	62	#
1722	627428	0	1	21	#
1723	18998	3	15	37	#
1724	131901	10	30	60	#
1725	493095	0	6	18	#
1726	327068	7	36	56	#
1727	930191	9	35	58	#
1728	717488	49	60	61	#
1729	79544	3	42	61	#
1730	246127	12	34	45	#
1731	439216	12	15	38	#
1732	563033	37	47	54	#
1733	437572	20	40	44	#
1734	563075	0	2	33	#
1735	474113	34	37	40	#
1736	382761	5	12	41	#
1737	724088	29	56	60	#
1738	838301	2	42	59	#
1739	85258	7	16	22	#
1740	631139	29	44	59	#
1741	362687	30	54	60	#
1742	886950	0	33	50	#
1743	717830	15	47	53	#
1744	997185	18	22	33	#
1745	854883	30	50	58	#
1746	776564	29	36	44	#
1747	789138	11	50	56	#
1748	294652	13	34	61	#
1749	452747	14	42	56	#
1750	223111	30	45	48	#
1751	186637	8	38	50	#
1752	511855	15	54	63	#
1753	634206	22	39	45	#
1754	502202	4	9	15	#
1755	235484	4	29	31	#
1756	177465	17	24	27	#
1757	880290	47	60	61	#
1758	880760	21	32	57	#
1759	889518	6	13	27	#
1760	476983	0	9	49	#
1761	581297	9	20	22	#
1762	347054	3	51	62	#
1763	418023	17	20	60	#
1764	919899	39	52	59	#
1765	875787	8	49	59	#
1766	671284	14	29	30	#
1767	978086	4	7	55	#
1768	556182	2	47	52	#
1769	377994	26	38	40	#
1770	52883	24	30	55	#
1771	136131	3	33	45	#
1772	772255	19	21	22	#
1773	850889	46	55	59	#
1774	695912	15	51	61	#
1775	845395	2	49	61	#
1776	12536	22	36	52	#
1777	766220	10	33	37	#
1778	200738	18	25	50	#
1779	79179	17	18	34	#
1780	801486	0	52	62	#
1781	24402	17	56	62	#
1782	145012	12	44	53	#
1783	51814	0	26	50	#
1784	204358	4	45	49	#
1785	147342	12	51	58	#
1786	436178	8	20	30	#
1787	852444	7	38	61	#
1788	939152	13	53	54	#
1789	511345	12	38	61	#
1790	387459	25	33	40	#
1791	220062	8	34	35	#
1792	271531	7	42	61	#
1793	911236	24	27	31	#
1794	416749	4	16	61	#
1795	680098	13	17	60	#
1796	204407	5	12	35	#
1797	700883	4	25	51	#
1798	718917	28	42	54	#
1799	970514	13	19	25	#
1800	517014	20	40	63	#
1801	459717	5	18	25	#
1802	670615	3	13	50	#
1803	884724	24	31	46	#
1804	886819	16	26	41	#
1805	813712	6	33	54	#
1806	775168	9	13	17	#
1807	104340	27	37	54	#
1808	880094	11	14	15	#
1809	153463	7	14	60	#
1810	312641	4	48	60	#
1811	534247	7	12	13	#
1812	420475	16	22	55	#
1813	972621	19	39	41	#
1814	889228	9	34	58	#
1815	636028	1	54	62	#
1816	335692	31	43	44	#
1817	303114	10	20	44	#
1818	386213	14	51	61	#
1819	113077	26	30	62	#
1820	897125	0	8	32	#
1821	319236	3	15	30	#
1822	349024	13	22	58	#
1823	549392	1	4	63	#
1824	44919	31	50	51	#
1825	744539	7	9	18	#
1826	864363	5	16	47	#
1827	103994	26	46	56	#
1828	695689	5	26	44	#
1829	369476	6	24	59	#
1830	805847	11	28	35	#
1831	574667	8	13	27	#
1832	840603	11	52	57	#
1833	236842	22	28	40	#
1834	572512	6	21	43	#
1835	764639	1	59	62	#
1836	650061	8	44	46	#
1837	874470	14	21	50	#
1838	694563	6	34	62	#
1839	260035	18	33	56	#
1840	15168	0	39	54	#
1841	778265	11	30	41	#
1842	459275	9	30	57	#
1843	538976	34	55	63	#
1844	177068	23	36	44	#
1845	232135	0	39	40	#
1846	857737	6	7	60	#
1847	432859	19	23	25	#
1848	841825	18	20	23	#
1849	941924	1	24	41	#
1850	52722	13	25	42	#
1851	529110	0	21	60	#
1852	703029	3	8	44	#
1853	412561	17	47	59	#
1854	900460	8	11	44	#
1855	828246	8	11	61	#
1856	249572	8	21	40	#
1857	21916	16	38	60	#
1858	902301	18	40	59	#
1859	562209	24	42	60	#
1860	448617	9	38	58	#
1861	370376	4	61	62	#
1862	258781	16	28	31	#
1863	636496	0	48	55	#
1864	744431	11	25	47	#
1865	901150	19	46	58	#
1866	125248	9	42	58	#
1867	563358	5	26	59	#
1868	417952	5	23	57	#
1869	645861	13	15	50	#
1870	340770	11	24	50	#
1871	144803	21	22	38	#
1872	307155	29	49	56	#
1873	751691	30	52	55	#
1874	188338	35	46	59	#
1875	441183	1	28	46	#
1876	633682	10	41	42	#
1877	110657	10	22	58	#
1878	258326	16	19	21	#
1879	56138	17	25	62	#
1880	574032	7	13	62	#
1881	754670	2	33	63	#
1882	389270	11	13	15	#
1883	978295	3	23	30	#
1884	927829	25	31	41	#
1885	410730	8	41	62	#
1886	675246	1	8	31	#
1887	355381	9	29	33	#
1888	586179	5	26	56	#
1889	527539	26	40	45	#
1890	224365	3	27	58	#
1891	578415	18	44	47	#
1892	261591	29	48	63	#
1893	251078	53	58	63	#
1894	137707	22	46	47	#
1895	920683	4	26	41	#
1896	166406	21	46	47	#
1897	678172	29	37	61	#
1898	486304	28	37	59	#
1899	888452	2	3	18	#
1900	866566	47	53	62	#
1901	2223	25	32	47	#
1902	444629	15	40	62	#
1903	811534	5	49	54	#
1904	213542	20	56	61	#
1905	180540	30	37	56	#
1906	882530	19	22	62	#
1907	126022	37	41	55	#
1908	574837	43	51	63	#
1909	96930	1	9	22	#
1910	136411	27	58	62	#
1911	71958	1	2	26	#
1912	575460	6	30	36	#
1913	990386	5	16	55	#
1914	224904	19	29	56	#
1915	359577	1	50	52	#
1916	17021	24	54	59	#
1917	514869	1	29	38	#
1918	469852	1	3	50	#
1919	648678	7	14	23	#
1920	83076	0	14	17	#
1921	70660	18	35	57	#
1922	488138	16	49	51	#
1923	675760	39	56	63	#
1924	474715	27	51	58	#
1925	601999	0	21	41	#
1926	546007	1	11	25	#
1927	291988	5	21	49	#
1928	815452	1	3	17	#
1929	42510	0	20	60	#
1930	123547	18	21	55	#
1931	258094	1	29	34	#
1932	912248	12	29	58	#
1933	127909	20	43	57	#
1934	57021	2	23	54	#
1935	895876	0	1	58	#
1936	67510	6	35	61	#
1937	348497	6	55	61	#
1938	364922	1	6	46	#
1939	745844	39	48	61	#
1940	304215	1	33	59	#
1941	76023	5	12	40	#
1942	410342	15	37	62	#
1943	736555	12	28	32	#
1944	582118	23	24	32	#
1945	948670	39	41	42	#
1946	397960	35	46	48	#
1947	819202	34	57	58	#
1948	569140	2	36	63	#
1949	685776	10	13	26	#
1950	230711	2	7	37	#
1951	614799	8	12	60	#
1952	709698	14	44	49	#
1953	202725	31	47	48	#
1954	745378	1	4	13	#
1955	564825	10	20	41	#
1956	626971	22	48	51	#
1957	574344	7	9	62	#
1958	832896	7	16	31	#
1959	218376	16	37	38	#
1960	839026	19	22	45	#
1961	966604	49	57	58	#
1962	972622	18	58	61	#
1963	596958	20	38	53	#
1964	219362	27	51	54	#
1965	402072	38	53	55	#
1966	537179	9	41	54	#
1967	758914	15	33	61	#
1968	217177	39	47	49	#
1969	531253	1	6	42	#
1970	506596	8	43	46	#
1971	585823	2	43	48	#
1972	678785	24	28	46	#
1973	965034	21	41	61	#
1974	552532	15	35	51	#
1975	904635	15	39	47	#
1976	186745	14	28	58	#
1977	433751	42	52	55	#
1978	556122	15	42	52	#
1979	944814	10	36	55	#
1980	766180	5	16	33	#
1981	555119	2	32	46	#
1982	57463	22	39	49	#
1983	786075	8	31	47	#
1984	802772	19	37	38	#
1985	588089	29	40	43	#
1986	824180	24	28	42	#
1987	790596	31	51	61	#
1988	671800	3	46	49	#
1989	978197	2	36	50	#
1990	83817	32	41	43	#
1991	444076	20	31	52	#
1992	752079	22	36	53	#
1993	263442	4	16	53	#
1994	924772	22	52	63	#
1995	202598	34	50	55	#
1996	133361	23	28	49	#
1997	763231	1	29	59	#
1998	857880	5	18	54	#
1999	765510	3	7	34	#
