%% File generated by CATS v.2.1Wed Jun 19 17:40:31 2013

%% The CATS webpage is http://robotics.stanford.edu/CATS

%% PARAMETER SETTINGS:
% Goods: 64; Bids: 2000; Distribution: L3; Runs: 50; Seed: 1371658681
% Legacy distribution parameters:
% Number of goods chosen according to Constant distribution (const_goods = 3).
% Price chosen according to Fixed Random distribution (low_fixed = 0, high_fixed = 1000).


goods 64
bids 2000
dummy 0

0	161161	11	41	53	#
1	706474	43	46	47	#
2	740278	17	37	58	#
3	237915	32	39	56	#
4	187843	21	32	55	#
5	104998	38	46	59	#
6	21903	20	35	51	#
7	579041	7	18	49	#
8	540637	15	18	60	#
9	909105	9	15	17	#
10	447960	3	15	18	#
11	817489	19	27	53	#
12	156648	35	40	42	#
13	290652	0	25	39	#
14	586382	4	15	60	#
15	297317	47	51	63	#
16	611540	0	19	63	#
17	874025	15	29	53	#
18	818598	13	27	41	#
19	899625	21	24	54	#
20	340924	16	49	53	#
21	462711	1	28	43	#
22	106016	0	5	7	#
23	388651	10	49	53	#
24	641478	0	22	32	#
25	685511	35	40	44	#
26	938231	27	35	61	#
27	146334	23	38	61	#
28	536693	13	55	56	#
29	404794	38	51	58	#
30	92272	9	24	25	#
31	457091	4	22	62	#
32	939622	17	24	43	#
33	34979	29	30	35	#
34	570123	22	50	61	#
35	243198	27	39	55	#
36	512609	16	35	39	#
37	21885	0	35	54	#
38	891556	14	19	38	#
39	861757	11	12	34	#
40	928936	9	40	52	#
41	504178	18	22	23	#
42	344397	9	22	55	#
43	750344	22	46	53	#
44	839420	9	20	44	#
45	406573	10	34	59	#
46	782666	34	41	51	#
47	92041	33	42	43	#
48	297289	7	23	33	#
49	987088	9	11	44	#
50	605996	8	31	63	#
51	216830	44	48	53	#
52	728485	45	49	63	#
53	194692	20	33	39	#
54	500224	24	28	36	#
55	786605	8	24	40	#
56	943694	39	55	62	#
57	599007	8	12	20	#
58	293799	15	17	24	#
59	42404	32	39	53	#
60	655835	12	28	40	#
61	77146	11	51	54	#
62	386103	10	26	45	#
63	709182	5	47	56	#
64	545428	17	44	55	#
65	370980	12	45	55	#
66	473034	19	55	60	#
67	296384	9	12	35	#
68	226652	13	23	59	#
69	878102	10	38	59	#
70	346895	10	11	15	#
71	782626	4	6	20	#
72	914887	5	6	61	#
73	289782	1	31	54	#
74	194279	11	15	52	#
75	922739	5	28	31	#
76	846509	36	49	59	#
77	901582	0	53	63	#
78	263990	5	8	47	#
79	11991	39	44	63	#
80	594714	9	29	63	#
81	421686	21	22	27	#
82	195159	35	48	62	#
83	957515	1	33	36	#
84	36862	42	49	56	#
85	657582	9	39	56	#
86	456952	7	39	57	#
87	261282	39	46	56	#
88	877750	16	29	60	#
89	175065	2	26	31	#
90	130210	2	23	27	#
91	642267	4	30	49	#
92	567112	20	22	56	#
93	121430	6	17	63	#
94	6725	14	19	42	#
95	982863	20	21	58	#
96	298143	10	15	42	#
97	184231	7	50	60	#
98	327750	2	38	55	#
99	817419	4	17	18	#
100	970896	2	4	41	#
101	806605	3	6	42	#
102	833656	10	13	45	#
103	581435	22	32	55	#
104	626611	4	39	63	#
105	249361	33	50	55	#
106	665944	25	33	50	#
107	647686	4	28	62	#
108	306667	0	8	14	#
109	668517	41	53	59	#
110	78649	22	27	62	#
111	418802	16	26	30	#
112	918187	16	49	56	#
113	102806	5	39	44	#
114	166150	16	18	24	#
115	995833	2	26	56	#
116	938331	21	38	57	#
117	515689	20	25	55	#
118	64448	15	32	56	#
119	192341	0	40	47	#
120	227854	3	5	9	#
121	383326	0	14	54	#
122	202486	13	18	27	#
123	579776	6	54	62	#
124	805224	11	22	60	#
125	972460	9	18	54	#
126	441298	32	40	47	#
127	546039	1	8	50	#
128	101491	16	42	46	#
129	368064	17	48	55	#
130	832284	21	45	52	#
131	416962	15	60	61	#
132	924509	1	28	49	#
133	646017	3	17	30	#
134	37354	20	22	26	#
135	211587	21	49	63	#
136	155188	41	45	56	#
137	115102	4	17	62	#
138	486639	32	50	59	#
139	860926	8	53	59	#
140	158469	12	24	32	#
141	115949	5	32	46	#
142	831251	1	11	20	#
143	771821	6	23	43	#
144	169472	11	16	24	#
145	705260	20	37	58	#
146	57451	7	41	42	#
147	861902	15	20	23	#
148	860687	5	26	57	#
149	718972	21	44	49	#
150	493374	14	39	63	#
151	761826	29	42	58	#
152	207056	11	40	46	#
153	247833	7	29	49	#
154	583305	0	30	33	#
155	182696	23	44	47	#
156	820248	16	23	55	#
157	56695	27	34	39	#
158	14690	3	58	61	#
159	363044	8	33	63	#
160	179155	4	14	20	#
161	433320	19	54	63	#
162	636145	9	52	56	#
163	412020	6	18	41	#
164	872731	0	1	43	#
165	12984	1	6	42	#
166	341813	4	20	57	#
167	319852	0	10	55	#
168	247173	17	24	31	#
169	106461	11	24	25	#
170	312738	21	36	41	#
171	107638	2	3	38	#
172	776171	6	19	57	#
173	648785	6	30	51	#
174	283604	5	12	19	#
175	15047	24	49	59	#
176	664187	0	2	4	#
177	13823	28	35	55	#
178	756705	22	52	54	#
179	742487	7	41	61	#
180	62703	4	15	43	#
181	164013	6	45	56	#
182	312237	15	25	28	#
183	340269	22	41	44	#
184	402094	13	52	54	#
185	76056	20	28	59	#
186	469818	18	25	46	#
187	286550	3	15	16	#
188	129556	0	37	38	#
189	616620	29	51	56	#
190	314723	13	21	42	#
191	712559	14	28	41	#
192	747643	5	15	36	#
193	75096	29	39	51	#
194	787789	1	15	56	#
195	607130	26	30	44	#
196	297932	35	55	62	#
197	810419	2	7	14	#
198	536879	3	26	62	#
199	580782	11	52	61	#
200	284955	5	19	49	#
201	756214	41	46	53	#
202	766025	6	7	20	#
203	280122	42	48	50	#
204	560858	6	20	44	#
205	242846	26	35	39	#
206	548941	18	34	39	#
207	460563	1	48	53	#
208	380020	11	20	47	#
209	709823	5	11	57	#
210	52426	9	16	53	#
211	21646	17	44	46	#
212	904922	45	48	56	#
213	853595	21	57	63	#
214	333398	6	12	15	#
215	888869	2	28	57	#
216	488922	29	42	44	#
217	673393	8	32	49	#
218	68469	41	52	59	#
219	295022	2	24	46	#
220	378074	39	54	63	#
221	912334	1	8	53	#
222	765505	2	42	44	#
223	364821	2	13	44	#
224	589663	23	31	48	#
225	892777	14	30	59	#
226	86093	11	12	17	#
227	694220	28	56	58	#
228	938705	19	54	60	#
229	219507	24	30	45	#
230	157810	28	30	50	#
231	865822	34	38	54	#
232	685915	4	28	49	#
233	655227	0	34	61	#
234	5212	22	24	61	#
235	91797	25	39	41	#
236	904516	8	18	36	#
237	246690	9	33	62	#
238	478438	9	19	46	#
239	425703	33	47	60	#
240	377862	4	39	53	#
241	610711	11	16	17	#
242	656219	11	25	44	#
243	234627	3	10	57	#
244	781803	12	40	60	#
245	748871	3	57	62	#
246	167045	0	13	18	#
247	873043	39	49	58	#
248	155677	1	13	51	#
249	378386	13	54	57	#
250	862862	16	48	63	#
251	749797	18	62	63	#
252	915846	12	13	47	#
253	95561	30	40	60	#
254	48421	13	27	44	#
255	229633	10	18	30	#
256	915675	17	28	49	#
257	70974	7	31	63	#
258	60647	11	16	22	#
259	305877	18	39	59	#
260	163593	1	21	27	#
261	843750	0	9	13	#
262	269099	17	40	56	#
263	199105	18	22	59	#
264	307839	3	4	11	#
265	867268	12	14	22	#
266	712973	41	54	57	#
267	392717	45	56	57	#
268	843991	1	43	54	#
269	957399	1	33	61	#
270	314429	21	24	27	#
271	782374	19	36	39	#
272	686847	9	10	30	#
273	231369	11	44	63	#
274	792042	18	19	50	#
275	907250	2	44	54	#
276	123388	17	37	60	#
277	783023	1	21	56	#
278	598960	2	4	13	#
279	968862	19	31	43	#
280	780181	37	62	63	#
281	906655	6	16	18	#
282	940309	11	29	50	#
283	491367	31	43	54	#
284	639017	38	49	54	#
285	363153	12	30	60	#
286	704989	18	51	62	#
287	534978	4	12	51	#
288	719334	13	22	51	#
289	19446	3	8	50	#
290	760395	11	19	59	#
291	433851	17	38	47	#
292	157175	5	36	43	#
293	275656	5	15	53	#
294	887912	19	47	58	#
295	323350	12	18	22	#
296	834638	6	37	58	#
297	46946	18	40	54	#
298	791948	6	24	32	#
299	564049	2	27	38	#
300	887993	9	29	49	#
301	752981	12	49	55	#
302	23805	7	22	61	#
303	412764	31	48	54	#
304	418524	3	7	8	#
305	294333	4	6	47	#
306	985764	10	38	48	#
307	858475	8	32	47	#
308	95812	9	36	59	#
309	666442	15	24	52	#
310	508772	16	45	59	#
311	547479	3	4	32	#
312	425569	16	46	60	#
313	487501	3	24	53	#
314	721612	5	28	61	#
315	443677	8	12	61	#
316	261159	43	54	57	#
317	605219	13	14	49	#
318	801221	20	29	57	#
319	105066	21	52	61	#
320	339903	16	30	46	#
321	743521	26	33	39	#
322	471929	17	51	60	#
323	681360	11	47	63	#
324	765493	16	17	29	#
325	160632	48	51	53	#
326	143665	19	60	62	#
327	100313	32	38	39	#
328	754972	4	13	35	#
329	363329	8	15	17	#
330	508343	11	30	48	#
331	950108	33	37	51	#
332	423594	6	43	49	#
333	699722	25	41	44	#
334	720661	25	35	56	#
335	921245	18	36	56	#
336	139341	24	33	54	#
337	686826	26	42	63	#
338	40079	6	19	25	#
339	258782	27	60	62	#
340	151190	16	17	59	#
341	573251	9	34	59	#
342	231231	6	31	33	#
343	309339	24	26	41	#
344	974781	8	17	52	#
345	835439	5	11	33	#
346	205750	11	59	63	#
347	243315	2	12	59	#
348	774374	1	20	48	#
349	755744	16	25	54	#
350	602378	2	12	18	#
351	24972	5	28	44	#
352	5380	21	23	61	#
353	226901	39	42	59	#
354	762406	23	24	62	#
355	399913	22	45	47	#
356	399465	22	47	53	#
357	177394	3	56	57	#
358	807464	14	25	55	#
359	919483	48	55	60	#
360	624286	4	44	46	#
361	262276	14	49	50	#
362	776708	21	23	29	#
363	504274	10	14	48	#
364	175574	16	24	43	#
365	657193	11	15	49	#
366	864518	16	58	60	#
367	916450	29	54	63	#
368	159812	51	52	54	#
369	419960	1	11	42	#
370	784037	17	44	62	#
371	320423	3	20	63	#
372	779469	24	33	49	#
373	328014	13	21	51	#
374	455179	8	21	57	#
375	202283	1	40	50	#
376	590140	22	27	39	#
377	108818	45	52	56	#
378	101703	17	33	53	#
379	921286	15	58	61	#
380	833727	51	54	59	#
381	745718	40	57	58	#
382	427014	1	9	13	#
383	237610	23	26	43	#
384	76076	22	35	51	#
385	12110	37	46	60	#
386	347073	22	39	55	#
387	589364	18	20	28	#
388	801766	15	44	50	#
389	934865	6	21	26	#
390	439463	17	22	28	#
391	342665	11	41	57	#
392	702868	2	46	60	#
393	212133	0	26	42	#
394	636274	10	45	55	#
395	981472	4	51	55	#
396	521769	3	14	46	#
397	929138	29	30	40	#
398	856428	37	49	53	#
399	851219	8	49	50	#
400	305570	6	46	51	#
401	980712	44	51	62	#
402	273068	3	35	51	#
403	922840	15	25	54	#
404	1226	2	8	10	#
405	267478	40	56	61	#
406	961349	9	13	35	#
407	716470	17	30	43	#
408	847465	1	21	43	#
409	900868	18	61	62	#
410	328712	30	49	55	#
411	667472	31	37	55	#
412	719608	10	17	31	#
413	152818	28	42	58	#
414	817517	12	32	47	#
415	611700	8	34	37	#
416	206318	19	46	61	#
417	871606	31	50	61	#
418	455813	24	58	59	#
419	851638	19	25	47	#
420	492175	3	8	61	#
421	707174	41	42	52	#
422	113417	16	24	29	#
423	787539	16	27	50	#
424	988759	18	32	63	#
425	891841	15	32	45	#
426	402875	14	27	37	#
427	887202	25	37	59	#
428	173647	2	18	31	#
429	613979	45	54	61	#
430	447974	1	35	44	#
431	144161	12	18	19	#
432	661641	29	35	40	#
433	881996	9	24	34	#
434	480837	14	20	50	#
435	699988	30	32	38	#
436	313487	13	17	41	#
437	288758	19	26	42	#
438	479528	7	20	43	#
439	165881	8	33	44	#
440	411515	18	30	61	#
441	336628	4	12	62	#
442	320380	23	39	47	#
443	428691	23	33	46	#
444	605939	26	57	62	#
445	233267	21	47	53	#
446	917678	15	46	55	#
447	976534	5	26	56	#
448	178597	38	51	63	#
449	683463	8	36	40	#
450	994948	2	36	54	#
451	2755	2	4	62	#
452	841648	27	31	33	#
453	141493	13	34	54	#
454	654510	17	28	32	#
455	588881	40	45	53	#
456	389235	5	33	53	#
457	23808	25	32	40	#
458	752839	7	35	62	#
459	438274	35	38	47	#
460	239385	9	31	50	#
461	753916	22	47	49	#
462	494455	1	7	8	#
463	922512	48	54	63	#
464	939199	5	50	53	#
465	795280	25	30	54	#
466	331824	38	45	53	#
467	495989	45	48	51	#
468	347749	34	45	53	#
469	639345	32	33	48	#
470	319189	14	44	59	#
471	498800	42	43	61	#
472	990785	21	37	59	#
473	146902	3	26	52	#
474	519920	15	34	40	#
475	666463	4	32	37	#
476	487401	3	11	29	#
477	700209	38	53	54	#
478	101593	25	29	38	#
479	131839	1	18	63	#
480	939368	10	18	55	#
481	993719	7	26	55	#
482	146752	0	36	60	#
483	283347	6	14	45	#
484	662947	10	24	50	#
485	412045	32	46	50	#
486	24376	8	41	61	#
487	371735	24	60	62	#
488	284810	10	25	56	#
489	523110	19	22	24	#
490	449322	14	16	24	#
491	4161	21	26	60	#
492	710517	21	23	27	#
493	932727	10	20	22	#
494	405450	8	22	41	#
495	45344	0	1	18	#
496	147677	2	5	17	#
497	515673	2	15	61	#
498	31374	21	25	35	#
499	976907	3	13	36	#
500	152989	0	10	37	#
501	943995	17	27	59	#
502	950861	9	35	56	#
503	487491	21	30	34	#
504	24313	9	13	52	#
505	803466	2	15	39	#
506	161144	19	35	55	#
507	219426	8	9	10	#
508	276056	3	31	38	#
509	477947	44	52	55	#
510	842449	5	23	34	#
511	847739	4	27	50	#
512	186149	20	24	60	#
513	726105	7	16	54	#
514	780356	14	29	60	#
515	746883	14	33	36	#
516	568928	5	9	18	#
517	131953	41	50	51	#
518	955986	42	55	63	#
519	682609	5	25	59	#
520	55801	6	13	55	#
521	53819	6	25	45	#
522	517835	10	33	43	#
523	162837	26	38	49	#
524	578680	8	34	39	#
525	8439	12	30	31	#
526	528493	1	35	61	#
527	579945	3	26	47	#
528	686709	30	42	55	#
529	596046	45	59	62	#
530	962245	10	52	62	#
531	298800	34	44	46	#
532	999893	16	51	58	#
533	294790	18	26	58	#
534	581171	1	31	32	#
535	483250	5	54	56	#
536	511317	47	50	52	#
537	440097	20	26	58	#
538	568905	9	11	19	#
539	237145	7	16	42	#
540	220485	24	41	48	#
541	567377	22	32	58	#
542	709906	3	16	55	#
543	220018	24	27	39	#
544	820439	15	27	48	#
545	403226	22	24	47	#
546	77575	5	41	52	#
547	411292	61	62	63	#
548	40290	4	19	28	#
549	328884	35	46	58	#
550	837321	4	29	45	#
551	462855	17	33	39	#
552	80927	7	33	41	#
553	953159	16	53	55	#
554	708925	12	14	18	#
555	499003	5	36	57	#
556	784854	26	41	57	#
557	72691	30	50	62	#
558	900423	12	20	58	#
559	226436	8	10	11	#
560	505901	1	8	16	#
561	90167	0	25	46	#
562	89991	16	35	50	#
563	941215	7	28	31	#
564	52273	36	38	44	#
565	59725	2	22	40	#
566	157378	13	28	63	#
567	308377	19	47	54	#
568	867433	7	31	52	#
569	71868	8	37	45	#
570	336888	4	9	55	#
571	702353	36	59	61	#
572	216592	8	11	45	#
573	553658	9	39	58	#
574	563339	7	26	36	#
575	235644	20	35	60	#
576	175835	16	22	63	#
577	85325	1	14	19	#
578	34471	12	14	60	#
579	54981	4	29	62	#
580	35023	2	9	26	#
581	285003	6	20	59	#
582	875296	4	7	55	#
583	801078	9	37	56	#
584	778950	29	34	59	#
585	553645	19	45	54	#
586	722202	3	5	46	#
587	452105	31	33	41	#
588	966758	22	45	61	#
589	137126	25	31	37	#
590	996316	31	40	53	#
591	981401	4	50	56	#
592	404138	5	19	25	#
593	212587	2	11	43	#
594	885669	0	16	49	#
595	111695	16	25	45	#
596	252844	24	28	55	#
597	956029	3	40	52	#
598	305699	1	36	43	#
599	747846	54	55	57	#
600	472065	23	26	56	#
601	798215	2	31	33	#
602	357613	21	24	39	#
603	920151	5	23	36	#
604	736161	10	15	44	#
605	325885	1	5	47	#
606	54146	22	27	40	#
607	320234	11	37	58	#
608	223326	4	28	29	#
609	535332	31	34	44	#
610	332246	17	59	60	#
611	761563	40	43	52	#
612	919680	7	16	19	#
613	395365	28	47	51	#
614	622215	35	36	42	#
615	146618	8	31	48	#
616	640895	1	22	49	#
617	926691	3	39	47	#
618	492841	4	23	33	#
619	772743	15	32	37	#
620	991908	0	34	44	#
621	47067	0	14	58	#
622	258483	25	55	62	#
623	490812	13	25	61	#
624	191035	15	58	60	#
625	966263	31	56	62	#
626	299190	13	29	50	#
627	993680	10	49	55	#
628	954495	5	7	55	#
629	998269	2	26	34	#
630	874128	12	25	59	#
631	877266	28	29	31	#
632	661130	3	33	36	#
633	67401	2	7	29	#
634	739093	0	22	47	#
635	191003	4	10	61	#
636	438292	9	20	29	#
637	437096	14	25	57	#
638	397837	19	25	51	#
639	856165	5	12	20	#
640	910344	4	17	31	#
641	292322	5	34	38	#
642	744011	0	4	49	#
643	696616	7	52	62	#
644	345717	9	41	58	#
645	511503	34	35	48	#
646	45638	15	45	48	#
647	188015	8	12	31	#
648	799953	0	3	26	#
649	488695	25	49	52	#
650	190143	14	33	39	#
651	629089	7	8	26	#
652	711010	0	6	24	#
653	387512	20	24	47	#
654	875402	6	7	26	#
655	817693	8	19	40	#
656	652270	5	20	57	#
657	27089	11	43	46	#
658	74731	19	31	57	#
659	66697	34	50	53	#
660	820284	16	36	63	#
661	967406	5	31	43	#
662	132728	15	23	45	#
663	353480	8	26	63	#
664	865488	2	8	43	#
665	313557	24	29	59	#
666	833025	24	26	33	#
667	10816	2	46	54	#
668	251828	6	27	44	#
669	939328	18	38	54	#
670	140371	11	21	39	#
671	59726	21	22	43	#
672	777824	5	12	30	#
673	311409	10	37	48	#
674	158224	2	32	33	#
675	2578	32	37	47	#
676	235001	5	27	48	#
677	539214	22	37	54	#
678	175488	0	13	36	#
679	738992	2	46	47	#
680	896803	7	10	59	#
681	287674	22	34	61	#
682	612515	7	35	44	#
683	236858	7	37	43	#
684	983741	2	9	11	#
685	970859	1	12	13	#
686	738846	11	23	58	#
687	922147	6	25	29	#
688	302673	37	42	57	#
689	308961	4	52	54	#
690	59223	0	32	41	#
691	851263	15	25	37	#
692	360996	17	19	53	#
693	836813	13	42	43	#
694	293659	6	16	46	#
695	404192	10	45	51	#
696	506536	12	42	43	#
697	528758	36	46	53	#
698	127342	26	28	31	#
699	486760	2	27	51	#
700	893917	44	45	61	#
701	827266	7	24	43	#
702	156162	2	47	51	#
703	480262	7	30	46	#
704	241431	19	47	48	#
705	474134	34	50	55	#
706	526849	47	59	60	#
707	398899	15	18	61	#
708	534429	12	26	47	#
709	859746	41	42	50	#
710	880044	36	37	61	#
711	275462	23	33	54	#
712	378662	3	26	30	#
713	194358	18	29	34	#
714	995593	16	20	33	#
715	345327	13	59	60	#
716	496077	2	30	42	#
717	553838	12	28	35	#
718	545388	28	32	41	#
719	991219	10	24	39	#
720	934488	14	39	57	#
721	891310	14	54	57	#
722	335287	2	19	42	#
723	778336	28	48	59	#
724	382629	24	37	46	#
725	160136	18	24	56	#
726	965010	8	13	49	#
727	641493	1	45	61	#
728	290564	17	26	55	#
729	800006	38	54	59	#
730	635721	8	19	50	#
731	710880	13	16	33	#
732	680970	34	57	60	#
733	707226	10	17	59	#
734	991495	40	46	51	#
735	818880	9	13	24	#
736	510044	22	38	50	#
737	345464	18	43	61	#
738	895166	7	31	40	#
739	188360	18	56	61	#
740	160063	0	47	60	#
741	891452	16	54	58	#
742	345605	36	42	63	#
743	821937	33	35	48	#
744	895623	17	41	56	#
745	560210	15	57	61	#
746	993436	19	34	38	#
747	361772	7	8	47	#
748	365600	0	33	36	#
749	504291	12	25	28	#
750	962241	27	30	51	#
751	439413	19	24	39	#
752	482851	19	23	30	#
753	931600	41	43	61	#
754	932277	26	58	62	#
755	785220	3	19	37	#
756	263702	28	38	60	#
757	336314	1	48	63	#
758	693727	9	10	47	#
759	616906	0	9	29	#
760	459233	25	57	58	#
761	987421	16	45	62	#
762	626538	0	16	62	#
763	76717	3	11	16	#
764	60413	5	54	57	#
765	69432	3	36	40	#
766	80209	23	28	38	#
767	422335	17	54	55	#
768	726778	17	28	62	#
769	336594	9	44	50	#
770	824033	7	35	53	#
771	193439	21	58	61	#
772	211520	0	24	30	#
773	664934	25	42	44	#
774	133970	26	38	58	#
775	645711	45	49	60	#
776	508804	7	20	40	#
777	145754	9	32	58	#
778	920663	10	15	60	#
779	924886	3	7	35	#
780	122587	3	48	49	#
781	693013	12	42	53	#
782	435315	2	21	59	#
783	651454	4	39	49	#
784	498234	5	46	56	#
785	733632	12	22	44	#
786	486616	2	19	25	#
787	892715	24	27	42	#
788	477201	19	56	58	#
789	179266	20	42	53	#
790	117781	2	8	63	#
791	153741	9	12	52	#
792	136340	34	45	51	#
793	386660	15	33	52	#
794	511445	50	54	61	#
795	413568	7	18	62	#
796	317942	1	2	15	#
797	532366	6	17	46	#
798	360674	19	33	41	#
799	257395	0	9	21	#
800	713794	2	31	36	#
801	77623	28	31	36	#
802	194390	16	49	52	#
803	405576	13	17	55	#
804	616534	2	29	42	#
805	249149	3	35	53	#
806	395474	11	30	34	#
807	190173	8	33	45	#
808	701588	30	35	45	#
809	711661	8	21	34	#
810	899852	20	31	41	#
811	779874	10	15	62	#
812	452957	22	24	54	#
813	857879	14	46	53	#
814	814820	1	2	8	#
815	529572	3	21	23	#
816	96160	14	20	25	#
817	391805	6	26	28	#
818	444904	15	31	39	#
819	476637	42	51	56	#
820	151585	4	47	48	#
821	131055	27	52	54	#
822	463536	13	24	55	#
823	370951	15	24	59	#
824	971550	9	38	56	#
825	345205	34	54	60	#
826	218821	4	21	30	#
827	984214	7	21	43	#
828	890992	14	24	46	#
829	64893	35	51	63	#
830	749022	22	24	49	#
831	914049	16	35	56	#
832	615599	12	19	35	#
833	532941	33	38	42	#
834	247721	2	45	59	#
835	479006	36	44	58	#
836	568580	48	56	61	#
837	251170	3	42	46	#
838	989597	5	6	20	#
839	93623	5	18	45	#
840	683232	12	31	48	#
841	829455	10	36	56	#
842	528875	12	21	35	#
843	725133	21	24	51	#
844	904358	8	9	12	#
845	18920	6	22	47	#
846	102030	38	43	55	#
847	822886	11	19	42	#
848	507122	12	31	56	#
849	917001	9	20	36	#
850	916514	28	49	51	#
851	378200	13	20	62	#
852	403016	30	53	57	#
853	588629	15	23	32	#
854	236743	2	45	56	#
855	222588	18	22	30	#
856	389385	4	10	45	#
857	477273	11	19	48	#
858	457968	0	11	40	#
859	37001	1	18	37	#
860	576119	5	31	34	#
861	241312	5	23	42	#
862	399309	5	10	28	#
863	160666	10	25	53	#
864	134299	46	57	60	#
865	441107	14	50	58	#
866	498097	1	30	53	#
867	863583	6	40	60	#
868	693691	6	16	30	#
869	755419	27	50	51	#
870	36142	46	53	62	#
871	378124	24	41	54	#
872	87758	2	19	62	#
873	654673	25	37	62	#
874	946765	6	40	49	#
875	185613	3	11	19	#
876	799434	6	22	42	#
877	282880	9	25	37	#
878	469593	27	37	56	#
879	977575	4	26	61	#
880	930041	2	32	44	#
881	624967	6	21	62	#
882	442289	10	37	40	#
883	584178	41	44	53	#
884	964648	16	25	32	#
885	751760	8	14	51	#
886	348615	6	17	54	#
887	758035	13	45	62	#
888	629605	17	43	59	#
889	175999	39	50	54	#
890	410479	7	10	58	#
891	619794	13	25	39	#
892	934939	16	19	21	#
893	952756	20	36	38	#
894	237632	4	28	45	#
895	889915	5	28	41	#
896	154158	11	51	58	#
897	8078	2	15	19	#
898	630031	35	49	60	#
899	935279	9	15	22	#
900	547426	9	40	53	#
901	272317	2	33	50	#
902	943735	14	58	60	#
903	23823	8	55	57	#
904	882136	17	34	39	#
905	838725	30	52	56	#
906	437136	5	6	62	#
907	939566	10	29	36	#
908	213397	49	51	62	#
909	339098	12	18	46	#
910	825007	10	41	46	#
911	4197	17	31	51	#
912	329720	32	36	42	#
913	22688	20	51	55	#
914	86344	4	16	17	#
915	630405	40	46	62	#
916	883335	18	19	39	#
917	163820	22	36	49	#
918	472767	12	37	41	#
919	617840	31	60	61	#
920	836259	16	36	59	#
921	508882	4	24	31	#
922	608056	4	31	58	#
923	491216	13	14	42	#
924	85357	22	34	43	#
925	167084	5	7	34	#
926	933357	5	28	50	#
927	379723	5	39	45	#
928	770420	4	14	42	#
929	872442	1	16	28	#
930	607941	28	29	32	#
931	893623	1	46	50	#
932	379652	14	37	43	#
933	797037	4	21	63	#
934	932761	18	24	37	#
935	68309	20	40	44	#
936	60378	26	41	59	#
937	210931	37	45	63	#
938	94240	8	23	60	#
939	368683	11	22	46	#
940	954159	6	20	52	#
941	361125	18	24	44	#
942	105664	37	43	50	#
943	366499	2	17	27	#
944	819617	5	6	24	#
945	147533	11	14	29	#
946	859992	27	49	51	#
947	447285	12	36	53	#
948	670973	18	25	52	#
949	967637	22	45	63	#
950	143941	19	24	26	#
951	878946	4	33	56	#
952	111164	4	31	32	#
953	265007	6	56	58	#
954	283124	17	31	53	#
955	21106	17	24	28	#
956	973811	33	55	58	#
957	444517	1	20	29	#
958	453742	22	41	48	#
959	426301	16	22	42	#
960	635989	9	39	47	#
961	258509	28	50	56	#
962	869608	18	21	31	#
963	214422	21	35	37	#
964	906697	4	12	48	#
965	436646	32	35	56	#
966	970976	14	47	48	#
967	118088	12	36	54	#
968	259074	52	55	61	#
969	567262	13	20	31	#
970	265330	5	16	52	#
971	512087	18	21	33	#
972	36676	11	15	57	#
973	459481	12	20	36	#
974	617252	20	45	58	#
975	48730	0	12	15	#
976	954613	11	28	46	#
977	262851	31	37	43	#
978	381810	3	53	58	#
979	944739	7	42	54	#
980	383662	12	19	38	#
981	165377	13	43	57	#
982	670640	7	41	55	#
983	571202	17	19	28	#
984	619973	4	37	45	#
985	619893	8	19	49	#
986	970063	5	9	40	#
987	237327	3	7	14	#
988	192059	46	48	54	#
989	343478	7	9	26	#
990	807741	5	38	43	#
991	148784	39	51	57	#
992	285118	6	9	36	#
993	967052	11	39	46	#
994	413220	9	48	53	#
995	880043	0	6	45	#
996	184121	22	34	40	#
997	65181	9	12	18	#
998	815967	41	58	60	#
999	616492	5	18	33	#
1000	88381	5	13	46	#
1001	480619	18	60	62	#
1002	834172	12	41	42	#
1003	694563	39	51	54	#
1004	999903	18	29	62	#
1005	807547	23	32	51	#
1006	581786	1	8	44	#
1007	708023	29	41	45	#
1008	101778	6	28	48	#
1009	385163	8	14	41	#
1010	266470	22	49	52	#
1011	902936	5	17	62	#
1012	91264	2	24	30	#
1013	818978	5	14	28	#
1014	742058	25	41	42	#
1015	515819	1	14	53	#
1016	97653	39	41	58	#
1017	428625	29	38	56	#
1018	568318	3	41	50	#
1019	951465	55	62	63	#
1020	19399	5	26	47	#
1021	883229	38	46	49	#
1022	743633	6	24	48	#
1023	634648	5	31	44	#
1024	371702	25	43	51	#
1025	817705	43	46	59	#
1026	330661	43	51	61	#
1027	568450	0	17	41	#
1028	401935	14	18	20	#
1029	201408	13	28	56	#
1030	463540	0	16	57	#
1031	177535	5	6	23	#
1032	793148	37	41	56	#
1033	88906	22	23	49	#
1034	441263	17	19	43	#
1035	272397	4	22	23	#
1036	38230	1	6	20	#
1037	846611	0	44	57	#
1038	664065	25	37	47	#
1039	430045	43	45	57	#
1040	718916	1	20	34	#
1041	305768	11	35	60	#
1042	358447	21	27	56	#
1043	221539	15	57	63	#
1044	322949	10	11	32	#
1045	548334	8	39	55	#
1046	95273	13	26	47	#
1047	330981	21	42	46	#
1048	168417	37	42	61	#
1049	470077	6	42	56	#
1050	651779	28	31	34	#
1051	45931	36	41	58	#
1052	391413	1	21	60	#
1053	632241	45	53	60	#
1054	757159	7	59	62	#
1055	815334	5	40	62	#
1056	258269	15	16	22	#
1057	160322	39	41	61	#
1058	453244	2	27	35	#
1059	101209	2	8	26	#
1060	922957	33	48	62	#
1061	228761	3	42	54	#
1062	158477	22	45	60	#
1063	396476	42	43	53	#
1064	698010	1	37	40	#
1065	917492	7	20	26	#
1066	469346	8	17	47	#
1067	658425	20	30	60	#
1068	65137	7	40	56	#
1069	822292	13	16	50	#
1070	805941	42	48	56	#
1071	939365	3	12	42	#
1072	513837	45	48	62	#
1073	526177	17	34	50	#
1074	963796	39	43	55	#
1075	3426	9	17	57	#
1076	578624	37	40	62	#
1077	390236	6	35	39	#
1078	438202	29	49	51	#
1079	625292	3	29	32	#
1080	84858	9	15	28	#
1081	104596	3	25	46	#
1082	924093	6	36	47	#
1083	295517	34	40	56	#
1084	856875	5	20	38	#
1085	482778	12	17	27	#
1086	967450	34	50	58	#
1087	776567	3	18	56	#
1088	933689	6	27	34	#
1089	73312	12	18	20	#
1090	558794	23	37	48	#
1091	547024	0	29	41	#
1092	398527	5	16	28	#
1093	398438	29	34	39	#
1094	902557	41	47	51	#
1095	551483	46	51	62	#
1096	417952	6	28	45	#
1097	947257	3	15	35	#
1098	412500	9	41	51	#
1099	696036	0	14	24	#
1100	401539	29	47	61	#
1101	239440	7	31	45	#
1102	827485	22	25	43	#
1103	744970	1	49	53	#
1104	671504	22	52	57	#
1105	291701	24	36	48	#
1106	677925	2	7	39	#
1107	591176	12	43	55	#
1108	566267	28	35	51	#
1109	937717	8	15	31	#
1110	637580	18	44	62	#
1111	688658	3	17	57	#
1112	505357	40	56	58	#
1113	430982	14	17	25	#
1114	12077	6	22	30	#
1115	562570	12	42	54	#
1116	838431	2	44	46	#
1117	790302	27	36	53	#
1118	916409	12	44	47	#
1119	30380	3	6	20	#
1120	118700	41	52	58	#
1121	540539	26	40	42	#
1122	946136	40	45	46	#
1123	197822	27	36	52	#
1124	354176	24	37	53	#
1125	262356	20	29	48	#
1126	873971	5	22	35	#
1127	923530	16	48	49	#
1128	427363	14	16	22	#
1129	220519	17	37	54	#
1130	264281	15	25	36	#
1131	867492	13	47	49	#
1132	4523	7	47	56	#
1133	95689	19	29	38	#
1134	630154	29	30	52	#
1135	738850	17	26	51	#
1136	859996	0	33	47	#
1137	308984	29	50	54	#
1138	320254	4	27	35	#
1139	736198	12	32	49	#
1140	323059	22	40	41	#
1141	779334	7	26	33	#
1142	29415	8	31	33	#
1143	853433	8	27	62	#
1144	360818	5	9	22	#
1145	165509	4	50	61	#
1146	338666	11	23	62	#
1147	601920	14	25	26	#
1148	660439	10	36	41	#
1149	768611	8	28	60	#
1150	357779	14	25	35	#
1151	949753	1	54	63	#
1152	323980	30	39	40	#
1153	520819	8	10	31	#
1154	347013	9	40	50	#
1155	528912	42	45	62	#
1156	611396	34	39	48	#
1157	736136	2	10	34	#
1158	715145	14	35	60	#
1159	411076	1	23	63	#
1160	839074	7	16	17	#
1161	548967	1	8	52	#
1162	132063	15	24	30	#
1163	2881	17	27	41	#
1164	814911	40	47	52	#
1165	216262	8	42	51	#
1166	744200	1	49	59	#
1167	861413	20	50	61	#
1168	393681	2	4	10	#
1169	709038	2	5	9	#
1170	731093	18	51	63	#
1171	480698	21	47	56	#
1172	45498	17	26	29	#
1173	269050	34	38	60	#
1174	691358	5	14	53	#
1175	349996	20	38	60	#
1176	532949	3	10	20	#
1177	856384	17	28	60	#
1178	596341	17	33	41	#
1179	834647	16	23	32	#
1180	66071	0	7	37	#
1181	663773	10	25	34	#
1182	299743	23	37	62	#
1183	680288	5	40	60	#
1184	976195	8	35	44	#
1185	123394	0	9	57	#
1186	841499	4	29	36	#
1187	191194	6	12	32	#
1188	771928	6	9	37	#
1189	81947	8	30	63	#
1190	34186	0	30	31	#
1191	383528	23	29	37	#
1192	690552	22	44	45	#
1193	69790	9	16	63	#
1194	70239	10	20	45	#
1195	419306	30	44	57	#
1196	885508	38	40	51	#
1197	495298	25	42	54	#
1198	323155	0	42	55	#
1199	280554	20	26	60	#
1200	3738	0	38	53	#
1201	741064	37	48	50	#
1202	873865	29	54	61	#
1203	574984	28	47	54	#
1204	513674	25	38	50	#
1205	359537	5	18	39	#
1206	572356	12	37	58	#
1207	935813	50	52	60	#
1208	362915	22	26	28	#
1209	19893	15	19	50	#
1210	514708	34	57	59	#
1211	855215	19	26	43	#
1212	861131	9	56	63	#
1213	713438	17	20	40	#
1214	621055	16	20	42	#
1215	208278	18	24	33	#
1216	393187	13	39	41	#
1217	740112	19	50	61	#
1218	268715	18	49	50	#
1219	265667	17	44	48	#
1220	872227	20	35	49	#
1221	760076	12	58	60	#
1222	891155	26	50	58	#
1223	921123	13	41	63	#
1224	783278	10	11	52	#
1225	180517	18	54	59	#
1226	96560	6	35	59	#
1227	348642	5	6	55	#
1228	565158	2	5	53	#
1229	221759	18	31	40	#
1230	712235	8	18	23	#
1231	85900	15	20	41	#
1232	536525	17	30	37	#
1233	980073	24	37	49	#
1234	876157	3	45	62	#
1235	613561	28	39	41	#
1236	341165	7	28	29	#
1237	645596	2	29	43	#
1238	285136	15	49	61	#
1239	630436	6	42	47	#
1240	146867	39	51	55	#
1241	306810	44	51	57	#
1242	634449	5	43	45	#
1243	67953	17	45	60	#
1244	647095	13	19	25	#
1245	386924	27	30	41	#
1246	534089	3	14	33	#
1247	691608	22	37	63	#
1248	684810	19	21	39	#
1249	436799	2	61	62	#
1250	387045	8	9	38	#
1251	294211	12	50	58	#
1252	243136	23	30	52	#
1253	363043	17	21	58	#
1254	478422	1	8	34	#
1255	663709	42	48	54	#
1256	516385	42	55	59	#
1257	458063	1	34	56	#
1258	676725	15	40	56	#
1259	858365	12	17	42	#
1260	561375	11	17	19	#
1261	666193	31	53	61	#
1262	505682	14	49	62	#
1263	33872	20	43	45	#
1264	222973	8	30	40	#
1265	57571	3	16	34	#
1266	276114	18	21	32	#
1267	96600	2	5	13	#
1268	813431	27	48	57	#
1269	495602	22	35	50	#
1270	685632	4	32	62	#
1271	580671	1	25	49	#
1272	887323	2	54	57	#
1273	240626	22	46	58	#
1274	997515	12	22	29	#
1275	728959	33	42	57	#
1276	411901	3	38	40	#
1277	204100	11	16	45	#
1278	800060	20	41	43	#
1279	708781	17	29	37	#
1280	793607	24	35	58	#
1281	508444	12	30	47	#
1282	839484	27	53	54	#
1283	581313	20	49	52	#
1284	695402	3	15	30	#
1285	289252	24	56	57	#
1286	277278	7	24	31	#
1287	975628	19	22	45	#
1288	232975	0	34	40	#
1289	74739	9	44	56	#
1290	715456	2	21	61	#
1291	249771	8	12	26	#
1292	696546	5	8	29	#
1293	291928	12	23	40	#
1294	734128	44	48	50	#
1295	701395	6	23	35	#
1296	56369	27	29	49	#
1297	703896	17	18	56	#
1298	652921	7	8	11	#
1299	841686	16	35	63	#
1300	192834	14	28	59	#
1301	972884	13	14	23	#
1302	218800	13	14	43	#
1303	971020	5	29	43	#
1304	603460	6	10	15	#
1305	280987	21	24	28	#
1306	695931	13	24	30	#
1307	935287	19	33	63	#
1308	893257	10	17	30	#
1309	962671	38	61	62	#
1310	611973	27	46	48	#
1311	424795	2	3	33	#
1312	320727	29	30	59	#
1313	728994	16	18	44	#
1314	774076	20	39	62	#
1315	983646	4	21	57	#
1316	634130	9	33	48	#
1317	303819	18	48	61	#
1318	918513	25	43	55	#
1319	729089	37	57	61	#
1320	62074	25	40	53	#
1321	385765	2	55	58	#
1322	523284	5	8	49	#
1323	593576	3	21	60	#
1324	865161	13	45	55	#
1325	632812	15	23	54	#
1326	358847	4	33	54	#
1327	878401	2	57	61	#
1328	311625	3	33	62	#
1329	670279	26	39	48	#
1330	321528	4	12	18	#
1331	932763	20	36	37	#
1332	666025	2	20	53	#
1333	795097	2	16	47	#
1334	826989	26	48	61	#
1335	253644	7	32	40	#
1336	764129	38	45	47	#
1337	358542	19	24	62	#
1338	249182	6	15	41	#
1339	522114	3	31	59	#
1340	545003	19	27	28	#
1341	186501	19	23	62	#
1342	183338	9	13	44	#
1343	846300	29	40	49	#
1344	990631	3	4	7	#
1345	808951	15	34	47	#
1346	312926	1	40	62	#
1347	813855	13	36	59	#
1348	830662	15	19	45	#
1349	114792	2	18	19	#
1350	92864	8	14	22	#
1351	583820	12	13	42	#
1352	80539	4	30	50	#
1353	972802	19	29	40	#
1354	476078	39	42	53	#
1355	477493	8	31	61	#
1356	27858	5	18	24	#
1357	780	17	47	50	#
1358	74215	16	37	53	#
1359	61705	10	36	46	#
1360	203699	36	45	47	#
1361	125507	7	21	48	#
1362	157469	12	40	52	#
1363	802840	2	15	38	#
1364	615843	21	51	62	#
1365	230581	7	40	47	#
1366	953367	1	13	32	#
1367	217134	2	36	50	#
1368	395424	6	36	55	#
1369	411909	32	48	49	#
1370	841658	0	12	60	#
1371	163606	10	32	36	#
1372	645610	2	45	58	#
1373	17852	3	23	25	#
1374	736843	25	31	54	#
1375	856580	24	38	51	#
1376	419114	11	43	57	#
1377	113620	0	56	57	#
1378	696345	8	30	45	#
1379	997153	32	47	55	#
1380	126243	16	40	45	#
1381	348015	37	48	53	#
1382	188718	37	44	51	#
1383	538040	12	20	46	#
1384	552687	0	8	57	#
1385	297681	1	10	35	#
1386	101728	2	31	56	#
1387	968811	24	30	60	#
1388	835748	7	53	54	#
1389	221960	18	20	44	#
1390	149568	11	44	60	#
1391	62202	11	31	60	#
1392	226189	15	23	38	#
1393	589678	2	21	24	#
1394	533283	21	26	36	#
1395	753485	6	32	58	#
1396	304222	21	43	57	#
1397	662968	42	52	62	#
1398	735335	28	41	56	#
1399	373992	14	39	59	#
1400	280089	5	18	25	#
1401	666296	18	28	42	#
1402	720087	48	61	63	#
1403	2403	3	30	32	#
1404	786627	13	17	60	#
1405	386224	0	25	44	#
1406	971990	9	19	24	#
1407	219429	29	33	42	#
1408	926691	3	12	48	#
1409	539774	23	24	50	#
1410	678651	12	30	37	#
1411	217928	0	35	46	#
1412	9210	19	20	31	#
1413	788029	1	36	38	#
1414	362834	1	33	48	#
1415	592041	3	22	51	#
1416	500385	18	40	58	#
1417	829124	37	41	53	#
1418	345086	22	38	60	#
1419	918630	3	12	58	#
1420	115815	11	19	23	#
1421	308942	21	32	51	#
1422	894119	2	37	45	#
1423	229344	0	4	8	#
1424	537761	15	22	23	#
1425	250555	5	11	18	#
1426	841202	12	28	63	#
1427	24390	24	36	40	#
1428	574796	35	38	48	#
1429	655615	25	27	61	#
1430	470394	7	28	41	#
1431	347313	1	13	48	#
1432	604258	11	28	37	#
1433	411639	23	26	28	#
1434	457917	38	41	43	#
1435	719202	28	32	43	#
1436	262725	34	36	55	#
1437	749760	31	34	51	#
1438	731609	9	34	53	#
1439	220715	1	47	62	#
1440	381004	6	51	63	#
1441	106414	32	37	39	#
1442	300989	18	21	35	#
1443	124420	6	24	31	#
1444	719599	15	52	58	#
1445	697286	13	40	48	#
1446	981099	0	26	43	#
1447	6484	10	46	47	#
1448	34451	7	47	62	#
1449	173984	5	9	26	#
1450	489260	15	17	59	#
1451	978309	4	36	53	#
1452	999356	17	39	42	#
1453	94716	38	59	61	#
1454	129238	6	7	16	#
1455	345269	14	41	51	#
1456	412775	24	45	54	#
1457	840906	28	37	50	#
1458	911350	0	8	40	#
1459	167994	1	36	59	#
1460	103583	6	27	58	#
1461	386355	11	21	33	#
1462	384544	8	17	27	#
1463	889148	7	41	57	#
1464	286619	22	31	46	#
1465	323751	6	14	48	#
1466	840525	13	23	35	#
1467	642657	5	34	43	#
1468	386329	8	32	62	#
1469	956348	1	51	53	#
1470	217810	18	42	53	#
1471	238237	32	38	43	#
1472	542363	7	42	63	#
1473	727240	13	55	57	#
1474	640170	9	57	61	#
1475	509954	18	48	54	#
1476	116054	33	45	61	#
1477	285141	4	7	56	#
1478	627452	11	35	43	#
1479	639187	12	17	25	#
1480	790319	5	10	51	#
1481	443855	20	23	51	#
1482	882379	2	18	35	#
1483	86052	30	33	62	#
1484	464124	0	28	33	#
1485	505995	9	29	40	#
1486	320165	8	32	52	#
1487	985329	5	14	16	#
1488	825454	11	23	49	#
1489	476120	8	43	52	#
1490	443634	5	36	42	#
1491	84457	10	11	20	#
1492	697543	29	38	58	#
1493	348675	23	30	39	#
1494	826984	28	39	40	#
1495	668586	4	47	58	#
1496	88969	5	37	42	#
1497	191363	3	4	52	#
1498	712681	16	23	59	#
1499	876874	5	9	38	#
1500	548486	8	25	34	#
1501	395709	25	54	59	#
1502	218979	0	3	37	#
1503	611386	7	9	39	#
1504	933056	17	22	54	#
1505	982659	16	24	51	#
1506	474013	38	60	63	#
1507	945419	11	39	41	#
1508	843999	18	24	39	#
1509	13147	23	32	58	#
1510	366716	15	40	57	#
1511	109175	16	34	37	#
1512	137299	20	31	50	#
1513	557320	1	38	45	#
1514	783822	38	43	48	#
1515	805427	16	43	53	#
1516	650814	8	21	25	#
1517	250500	33	43	47	#
1518	39563	21	33	43	#
1519	199136	43	44	52	#
1520	195702	19	49	62	#
1521	693283	31	32	60	#
1522	321409	7	16	39	#
1523	658865	18	37	53	#
1524	7804	29	35	36	#
1525	593615	36	42	58	#
1526	132452	14	41	47	#
1527	800497	6	58	59	#
1528	447628	11	37	44	#
1529	994377	31	37	53	#
1530	796841	4	18	48	#
1531	962161	2	29	51	#
1532	614574	5	27	35	#
1533	217631	7	37	53	#
1534	611652	20	31	33	#
1535	826399	8	34	35	#
1536	640357	7	17	25	#
1537	959388	30	38	43	#
1538	314757	0	44	56	#
1539	583314	0	52	60	#
1540	924001	19	26	53	#
1541	354616	11	20	38	#
1542	647054	10	23	47	#
1543	828453	18	44	50	#
1544	26878	2	46	51	#
1545	387282	24	49	61	#
1546	224095	5	32	62	#
1547	341825	11	18	43	#
1548	582107	0	37	58	#
1549	499638	8	15	63	#
1550	53392	17	49	51	#
1551	613566	15	31	53	#
1552	320443	4	43	48	#
1553	76787	22	49	63	#
1554	158953	11	22	35	#
1555	514989	14	26	61	#
1556	928760	6	19	33	#
1557	231748	26	41	48	#
1558	81115	6	19	43	#
1559	764369	5	20	27	#
1560	317653	3	17	34	#
1561	200918	8	9	48	#
1562	176099	12	33	44	#
1563	510823	24	49	62	#
1564	789088	1	40	55	#
1565	30401	27	44	60	#
1566	916820	3	57	61	#
1567	956557	0	7	8	#
1568	925390	12	16	57	#
1569	60419	8	46	56	#
1570	41729	14	24	33	#
1571	196634	17	29	45	#
1572	754960	20	45	54	#
1573	537356	18	22	54	#
1574	584188	16	53	60	#
1575	649045	24	30	40	#
1576	602440	31	32	62	#
1577	454720	9	39	43	#
1578	541678	7	8	27	#
1579	974649	4	13	43	#
1580	782529	13	15	18	#
1581	639717	14	24	43	#
1582	851028	15	23	30	#
1583	835864	19	54	55	#
1584	202060	8	23	27	#
1585	580241	0	11	34	#
1586	199854	27	40	61	#
1587	846706	11	17	45	#
1588	279270	10	36	39	#
1589	637076	2	44	49	#
1590	825571	32	42	56	#
1591	776646	41	54	55	#
1592	414511	6	8	37	#
1593	256919	8	23	29	#
1594	762952	10	23	48	#
1595	683647	12	39	41	#
1596	489770	20	43	60	#
1597	276036	10	30	41	#
1598	827384	4	52	62	#
1599	582169	1	2	63	#
1600	419297	3	21	35	#
1601	739382	18	23	61	#
1602	490064	7	14	27	#
1603	217006	41	42	45	#
1604	97068	0	43	57	#
1605	249395	0	9	25	#
1606	843905	11	39	59	#
1607	115742	25	52	57	#
1608	331509	2	36	40	#
1609	68292	5	10	48	#
1610	649119	0	2	15	#
1611	581208	2	38	40	#
1612	429023	29	44	54	#
1613	397715	34	42	45	#
1614	30112	33	39	42	#
1615	174067	29	33	45	#
1616	89863	7	43	53	#
1617	142694	39	40	42	#
1618	793624	13	15	37	#
1619	233341	12	23	32	#
1620	468986	17	26	59	#
1621	447570	26	58	60	#
1622	377932	19	26	30	#
1623	447350	36	38	59	#
1624	847212	25	41	49	#
1625	609625	46	58	61	#
1626	489174	28	43	62	#
1627	535735	44	48	58	#
1628	3264	47	50	54	#
1629	525968	22	45	49	#
1630	392395	19	20	41	#
1631	973201	6	54	55	#
1632	879181	0	9	22	#
1633	916068	11	42	63	#
1634	288262	9	18	44	#
1635	290085	12	47	49	#
1636	841624	13	16	34	#
1637	168739	48	54	56	#
1638	821608	3	54	62	#
1639	579966	6	17	32	#
1640	613934	15	17	31	#
1641	937957	8	52	59	#
1642	736771	29	52	54	#
1643	546293	5	46	60	#
1644	834317	12	48	60	#
1645	10224	8	31	37	#
1646	22978	18	35	56	#
1647	650940	29	55	57	#
1648	920457	29	34	62	#
1649	506288	37	41	58	#
1650	321777	13	43	52	#
1651	531488	3	43	60	#
1652	480649	10	16	35	#
1653	426879	18	37	60	#
1654	576451	2	6	28	#
1655	114449	0	17	46	#
1656	286076	36	42	62	#
1657	260902	5	34	53	#
1658	626211	25	26	52	#
1659	797359	29	39	56	#
1660	822646	13	15	38	#
1661	411358	14	16	44	#
1662	446309	12	46	56	#
1663	990043	8	17	58	#
1664	927284	26	30	56	#
1665	19106	7	37	48	#
1666	920161	22	33	62	#
1667	996727	17	21	31	#
1668	546151	16	50	56	#
1669	426379	5	34	37	#
1670	779810	28	41	47	#
1671	803806	17	30	31	#
1672	659232	15	16	55	#
1673	99783	34	39	60	#
1674	183141	20	23	39	#
1675	127977	1	34	40	#
1676	599140	2	5	16	#
1677	231165	1	32	51	#
1678	284442	8	32	42	#
1679	919255	29	33	56	#
1680	573729	8	48	55	#
1681	449028	8	13	14	#
1682	698341	17	25	47	#
1683	848170	22	25	59	#
1684	466854	19	40	59	#
1685	555155	9	14	38	#
1686	439134	3	10	29	#
1687	671697	1	3	33	#
1688	124295	39	47	57	#
1689	486628	5	50	56	#
1690	932074	3	29	54	#
1691	312093	0	20	58	#
1692	801115	24	27	50	#
1693	326118	7	35	58	#
1694	285011	30	48	63	#
1695	999131	3	6	58	#
1696	36442	33	54	63	#
1697	627208	26	29	40	#
1698	380008	15	29	35	#
1699	667447	29	53	62	#
1700	802792	29	54	60	#
1701	276658	6	40	44	#
1702	313165	9	31	35	#
1703	953368	30	55	59	#
1704	636485	12	31	60	#
1705	141385	14	45	55	#
1706	243279	23	25	58	#
1707	256520	3	30	47	#
1708	56183	30	40	54	#
1709	654645	12	20	22	#
1710	76388	24	43	60	#
1711	186446	6	9	53	#
1712	41382	10	35	39	#
1713	426250	16	24	26	#
1714	369380	2	37	50	#
1715	768162	11	33	61	#
1716	109478	9	28	36	#
1717	214697	2	10	54	#
1718	445028	4	34	39	#
1719	592142	20	38	42	#
1720	832189	31	33	53	#
1721	577542	11	13	51	#
1722	617260	1	5	56	#
1723	982591	38	56	63	#
1724	208077	44	57	63	#
1725	393866	14	21	59	#
1726	20215	22	29	46	#
1727	833642	0	28	40	#
1728	758506	1	30	63	#
1729	312439	3	23	57	#
1730	822741	1	14	18	#
1731	599951	6	9	34	#
1732	802203	18	21	23	#
1733	558485	18	25	50	#
1734	545152	43	54	63	#
1735	868742	15	33	49	#
1736	178322	6	8	16	#
1737	505187	22	55	59	#
1738	837494	10	46	51	#
1739	953551	1	9	30	#
1740	521951	1	42	62	#
1741	32082	6	13	32	#
1742	757778	9	15	25	#
1743	893142	1	19	37	#
1744	804384	18	20	51	#
1745	207184	5	43	53	#
1746	18399	17	40	44	#
1747	680767	29	39	61	#
1748	613679	48	54	59	#
1749	73406	19	21	25	#
1750	871602	11	22	48	#
1751	564598	12	36	60	#
1752	803960	24	31	43	#
1753	417114	2	15	32	#
1754	552244	13	24	34	#
1755	453896	36	43	48	#
1756	603924	10	20	39	#
1757	355215	11	22	63	#
1758	583868	2	17	26	#
1759	890678	7	9	27	#
1760	59745	40	45	52	#
1761	627863	20	54	62	#
1762	657276	10	14	32	#
1763	194227	5	30	39	#
1764	605394	14	15	20	#
1765	547785	11	27	30	#
1766	566619	40	54	57	#
1767	28983	7	34	47	#
1768	43781	14	47	59	#
1769	25483	35	57	59	#
1770	753969	19	39	40	#
1771	4762	2	43	50	#
1772	161357	18	21	57	#
1773	583607	11	38	56	#
1774	617957	18	28	29	#
1775	866514	18	20	27	#
1776	846060	0	18	59	#
1777	262625	41	56	60	#
1778	10109	1	3	25	#
1779	958889	42	56	62	#
1780	246516	27	47	50	#
1781	309988	4	5	24	#
1782	328107	6	12	43	#
1783	171795	2	31	61	#
1784	816600	12	17	37	#
1785	460020	34	45	55	#
1786	139559	5	22	27	#
1787	376795	29	39	50	#
1788	517517	1	3	18	#
1789	815404	21	49	52	#
1790	562454	24	32	53	#
1791	426905	19	26	60	#
1792	958494	17	22	42	#
1793	314917	11	12	53	#
1794	389970	1	42	52	#
1795	945054	2	4	45	#
1796	683732	7	8	52	#
1797	634467	3	16	41	#
1798	902321	5	51	53	#
1799	14889	8	35	52	#
1800	770718	16	22	35	#
1801	872826	5	10	24	#
1802	243657	2	17	33	#
1803	789340	11	20	37	#
1804	853259	18	54	63	#
1805	17264	20	24	55	#
1806	57789	8	24	31	#
1807	66614	27	32	53	#
1808	381578	37	43	59	#
1809	928782	32	56	58	#
1810	459223	10	40	49	#
1811	720280	10	40	55	#
1812	81245	6	21	47	#
1813	136839	0	20	63	#
1814	733273	17	21	62	#
1815	61057	18	28	58	#
1816	450325	27	36	50	#
1817	753518	11	24	28	#
1818	376034	0	21	59	#
1819	239763	18	37	54	#
1820	62630	34	44	47	#
1821	87648	30	44	61	#
1822	778908	15	21	46	#
1823	454099	8	24	61	#
1824	481134	11	23	37	#
1825	621188	4	10	50	#
1826	645761	30	36	49	#
1827	238448	17	18	26	#
1828	863034	42	43	55	#
1829	141708	24	31	40	#
1830	947019	22	28	48	#
1831	928297	4	48	59	#
1832	330255	6	13	19	#
1833	434257	17	46	54	#
1834	680216	6	35	63	#
1835	881313	34	35	49	#
1836	999925	16	29	37	#
1837	739649	18	39	60	#
1838	956531	24	28	61	#
1839	287098	14	51	52	#
1840	819356	26	31	51	#
1841	436205	3	53	61	#
1842	182844	5	24	44	#
1843	647663	17	42	55	#
1844	600064	20	32	57	#
1845	651964	16	39	49	#
1846	260651	24	58	61	#
1847	895346	27	36	51	#
1848	764419	6	38	52	#
1849	758733	5	21	26	#
1850	287331	9	23	47	#
1851	615968	10	51	59	#
1852	994786	5	21	55	#
1853	517003	36	37	51	#
1854	237407	9	18	60	#
1855	528474	42	48	63	#
1856	553858	11	18	50	#
1857	887913	29	42	59	#
1858	952667	6	47	52	#
1859	30654	32	50	61	#
1860	46451	22	58	63	#
1861	198105	9	19	20	#
1862	421498	20	30	55	#
1863	848715	20	46	53	#
1864	91504	20	37	40	#
1865	761936	5	24	54	#
1866	6312	38	56	61	#
1867	550658	5	13	59	#
1868	364833	6	12	41	#
1869	279051	5	9	33	#
1870	980768	3	18	45	#
1871	515829	42	44	50	#
1872	301387	18	33	38	#
1873	701232	11	22	57	#
1874	857092	27	42	54	#
1875	150290	8	27	44	#
1876	177411	2	16	42	#
1877	446533	29	39	52	#
1878	437534	10	47	60	#
1879	621085	30	32	41	#
1880	565588	25	29	52	#
1881	825771	5	12	44	#
1882	237947	6	7	48	#
1883	22453	42	49	62	#
1884	581815	0	21	41	#
1885	592435	9	36	52	#
1886	317552	6	35	62	#
1887	68548	26	43	63	#
1888	439598	28	32	55	#
1889	233089	8	13	58	#
1890	390364	14	46	61	#
1891	704188	19	25	52	#
1892	295160	2	3	48	#
1893	816912	12	20	21	#
1894	210025	6	34	48	#
1895	761293	6	29	58	#
1896	316315	2	7	49	#
1897	134812	4	7	34	#
1898	543269	15	23	63	#
1899	30161	39	47	58	#
1900	125102	7	12	60	#
1901	512697	28	38	58	#
1902	640877	23	30	41	#
1903	527782	22	35	44	#
1904	976312	13	23	39	#
1905	407086	21	33	46	#
1906	376997	10	23	63	#
1907	816909	13	31	40	#
1908	311603	9	31	36	#
1909	400527	8	42	52	#
1910	921552	19	46	59	#
1911	206423	19	30	56	#
1912	966854	29	40	51	#
1913	216656	6	57	62	#
1914	27308	14	29	36	#
1915	543374	33	57	61	#
1916	43483	11	13	49	#
1917	549370	23	43	60	#
1918	263877	5	34	47	#
1919	776997	9	28	46	#
1920	759526	10	33	41	#
1921	470630	14	36	42	#
1922	313652	30	59	60	#
1923	358676	3	23	29	#
1924	398040	35	37	57	#
1925	316974	18	23	44	#
1926	720761	1	6	54	#
1927	814008	37	41	51	#
1928	780951	17	31	61	#
1929	99452	52	54	60	#
1930	520157	13	47	54	#
1931	743888	32	48	60	#
1932	975425	4	44	60	#
1933	564498	44	46	63	#
1934	362043	30	37	52	#
1935	421759	3	7	9	#
1936	978598	37	58	61	#
1937	894762	23	38	51	#
1938	276167	4	14	33	#
1939	819557	2	35	43	#
1940	899332	3	53	63	#
1941	476831	1	44	53	#
1942	580180	18	29	55	#
1943	146871	3	25	31	#
1944	319287	7	23	58	#
1945	274549	7	43	61	#
1946	106768	29	51	57	#
1947	952361	13	29	33	#
1948	827179	1	35	53	#
1949	842544	8	37	39	#
1950	870924	46	56	62	#
1951	130399	8	9	56	#
1952	118697	10	49	63	#
1953	789262	26	41	49	#
1954	563721	27	29	36	#
1955	105966	13	39	42	#
1956	744408	13	38	46	#
1957	361847	3	48	51	#
1958	466345	43	49	55	#
1959	638166	7	33	45	#
1960	767363	0	17	27	#
1961	862131	18	33	57	#
1962	727772	30	44	52	#
1963	448006	23	29	41	#
1964	61591	9	16	28	#
1965	175014	23	27	48	#
1966	465550	32	53	60	#
1967	124326	19	38	60	#
1968	985600	35	39	40	#
1969	823921	18	22	38	#
1970	244137	4	6	15	#
1971	362394	0	8	26	#
1972	404538	8	29	58	#
1973	710015	43	58	62	#
1974	905911	11	24	31	#
1975	141732	1	32	36	#
1976	888603	5	24	58	#
1977	497621	25	39	53	#
1978	274975	8	36	43	#
1979	513353	2	41	56	#
1980	670158	5	34	46	#
1981	606575	22	39	59	#
1982	314673	12	23	59	#
1983	45201	5	10	47	#
1984	608322	3	32	52	#
1985	922324	23	39	62	#
1986	830053	0	7	44	#
1987	290966	33	41	51	#
1988	608411	22	36	61	#
1989	874896	49	54	57	#
1990	868819	22	30	54	#
1991	675826	9	16	45	#
1992	547599	14	41	60	#
1993	447655	13	49	50	#
1994	711556	2	13	61	#
1995	259240	9	16	60	#
1996	614479	39	47	52	#
1997	595010	15	21	30	#
1998	39239	14	39	50	#
1999	589387	8	37	42	#
