%% File generated by CATS v.2.1Wed Jun 19 17:40:32 2013

%% The CATS webpage is http://robotics.stanford.edu/CATS

%% PARAMETER SETTINGS:
% Goods: 64; Bids: 2000; Distribution: L3; Runs: 50; Seed: 1371658681
% Legacy distribution parameters:
% Number of goods chosen according to Constant distribution (const_goods = 3).
% Price chosen according to Fixed Random distribution (low_fixed = 0, high_fixed = 1000).


goods 64
bids 2000
dummy 0

0	814914	14	31	52	#
1	5757	22	24	25	#
2	333191	11	13	45	#
3	223899	19	39	61	#
4	447004	14	30	55	#
5	720322	1	43	60	#
6	438150	10	15	45	#
7	608321	33	50	63	#
8	117026	11	19	37	#
9	66579	5	35	55	#
10	612099	9	22	37	#
11	993917	9	37	51	#
12	187883	6	13	40	#
13	217767	9	26	58	#
14	963400	27	32	46	#
15	603461	32	44	55	#
16	329868	14	26	55	#
17	916279	7	14	21	#
18	703845	3	19	33	#
19	582185	8	19	60	#
20	523799	16	43	59	#
21	903198	40	56	57	#
22	338983	14	25	53	#
23	192387	11	56	60	#
24	25929	14	29	62	#
25	17249	9	47	54	#
26	703008	4	7	9	#
27	243155	2	11	18	#
28	601032	5	28	42	#
29	599351	3	34	61	#
30	971446	6	20	24	#
31	32332	15	26	54	#
32	961608	22	31	43	#
33	452322	8	30	42	#
34	434450	18	29	54	#
35	42093	19	21	32	#
36	38978	10	34	52	#
37	231112	10	11	50	#
38	70042	11	35	50	#
39	423359	21	25	57	#
40	897512	37	55	61	#
41	1838	11	17	44	#
42	786523	2	12	16	#
43	25071	4	26	31	#
44	930617	28	46	48	#
45	563079	35	36	52	#
46	780198	11	18	27	#
47	667416	12	27	47	#
48	969676	4	9	23	#
49	232293	1	18	42	#
50	914722	1	21	45	#
51	840188	35	40	52	#
52	13706	24	31	37	#
53	10568	8	13	51	#
54	849562	2	5	22	#
55	635091	10	39	47	#
56	698431	38	42	46	#
57	82912	17	41	60	#
58	539708	3	27	49	#
59	254580	9	18	45	#
60	802035	12	20	39	#
61	829473	2	33	51	#
62	456214	9	10	14	#
63	920262	27	46	49	#
64	979034	5	17	38	#
65	114806	13	35	54	#
66	838548	22	36	54	#
67	613715	25	30	60	#
68	462145	36	54	63	#
69	920080	28	38	46	#
70	450173	21	24	29	#
71	241297	4	58	60	#
72	612898	13	22	43	#
73	101247	6	23	45	#
74	435236	9	18	57	#
75	87628	0	19	30	#
76	570426	8	17	53	#
77	69951	6	31	52	#
78	6679	31	47	62	#
79	702251	5	8	60	#
80	238419	3	43	63	#
81	800091	0	9	33	#
82	576737	2	31	54	#
83	209020	9	10	59	#
84	6794	10	16	28	#
85	817540	54	56	61	#
86	718421	1	4	55	#
87	258556	24	26	43	#
88	49715	18	30	48	#
89	242704	18	32	52	#
90	123439	1	31	63	#
91	397609	27	41	46	#
92	27323	4	22	37	#
93	949032	11	24	41	#
94	991925	23	50	62	#
95	573060	16	33	59	#
96	653472	8	20	45	#
97	272856	5	49	52	#
98	154157	46	52	56	#
99	189205	19	26	27	#
100	528660	6	26	53	#
101	840966	2	21	23	#
102	553178	3	38	50	#
103	409724	9	28	63	#
104	992069	15	32	39	#
105	332335	5	7	22	#
106	967225	11	49	53	#
107	645751	30	36	60	#
108	996605	8	12	14	#
109	240380	28	43	49	#
110	100869	2	6	27	#
111	421446	16	40	59	#
112	260870	6	21	22	#
113	952194	23	47	52	#
114	423781	11	27	45	#
115	58473	24	48	56	#
116	201940	0	5	16	#
117	820517	11	34	44	#
118	386013	38	40	59	#
119	870796	24	49	57	#
120	402885	0	10	60	#
121	279144	0	46	49	#
122	888721	7	44	55	#
123	811193	26	33	61	#
124	618917	10	33	45	#
125	365352	6	9	44	#
126	139223	22	40	61	#
127	760903	35	42	50	#
128	576084	26	51	53	#
129	137111	1	18	41	#
130	269301	14	33	51	#
131	903799	1	27	55	#
132	66404	1	27	31	#
133	608916	21	42	58	#
134	741386	33	38	52	#
135	957836	5	7	40	#
136	332613	12	18	26	#
137	137602	8	34	55	#
138	324359	32	35	36	#
139	885562	3	24	41	#
140	552907	34	49	55	#
141	945494	1	32	44	#
142	757288	5	14	30	#
143	119413	12	18	61	#
144	975697	1	28	29	#
145	329386	4	6	48	#
146	44275	10	29	41	#
147	582309	20	21	61	#
148	527265	22	37	51	#
149	954279	2	30	41	#
150	959297	0	33	59	#
151	841027	0	19	37	#
152	238600	20	35	56	#
153	757052	4	12	41	#
154	374148	30	51	58	#
155	908457	5	14	44	#
156	560307	12	32	55	#
157	613124	0	7	35	#
158	729259	30	31	57	#
159	396753	3	19	52	#
160	314534	30	54	62	#
161	254413	14	35	41	#
162	948187	37	55	57	#
163	134655	21	53	62	#
164	176843	5	39	63	#
165	346547	11	22	28	#
166	612264	25	51	62	#
167	93898	3	9	21	#
168	525705	3	30	58	#
169	336169	3	32	52	#
170	506144	0	4	38	#
171	586002	12	37	45	#
172	505230	20	37	59	#
173	707472	7	8	41	#
174	442118	1	12	44	#
175	869470	14	28	53	#
176	857368	48	53	60	#
177	65695	34	36	53	#
178	710896	23	26	27	#
179	756792	34	37	41	#
180	267878	8	12	17	#
181	847597	28	38	61	#
182	202677	7	33	43	#
183	140506	11	35	59	#
184	430922	6	10	15	#
185	441619	16	29	60	#
186	987609	6	17	21	#
187	73379	33	36	55	#
188	7800	37	41	46	#
189	46145	12	28	51	#
190	273450	10	14	25	#
191	854695	3	8	50	#
192	208836	2	11	57	#
193	737695	38	51	63	#
194	782271	8	10	42	#
195	652359	0	55	57	#
196	851943	4	43	54	#
197	354514	45	60	62	#
198	830465	7	25	35	#
199	717353	6	54	56	#
200	510001	10	41	49	#
201	617773	11	22	47	#
202	452617	12	28	48	#
203	321758	4	29	58	#
204	492504	9	25	29	#
205	966806	43	50	61	#
206	183619	11	17	24	#
207	82350	2	57	58	#
208	875567	17	25	53	#
209	49591	3	27	33	#
210	733651	49	60	62	#
211	739033	5	42	63	#
212	496593	0	25	48	#
213	432212	2	42	49	#
214	274193	15	43	55	#
215	533502	0	8	10	#
216	227244	37	62	63	#
217	508553	12	45	59	#
218	543305	13	37	43	#
219	947829	15	19	48	#
220	724489	2	45	63	#
221	646879	15	35	45	#
222	837179	6	40	54	#
223	119384	4	19	33	#
224	38658	23	30	32	#
225	14695	10	34	49	#
226	391909	20	25	48	#
227	498486	6	22	24	#
228	707387	7	32	52	#
229	773300	9	20	45	#
230	909350	29	36	57	#
231	565206	16	17	48	#
232	214377	0	17	21	#
233	583426	22	27	51	#
234	230995	14	21	35	#
235	523865	18	19	35	#
236	963109	13	15	50	#
237	185647	11	23	35	#
238	894318	4	16	61	#
239	115371	1	23	57	#
240	76663	11	37	62	#
241	170570	4	12	55	#
242	584517	8	17	39	#
243	405804	27	40	45	#
244	994211	33	36	41	#
245	545487	35	42	53	#
246	249390	9	16	22	#
247	563531	1	40	58	#
248	493109	8	13	49	#
249	579156	23	33	46	#
250	574594	34	47	52	#
251	626911	4	33	38	#
252	615322	15	21	41	#
253	113774	35	40	55	#
254	102127	35	48	57	#
255	937387	17	29	57	#
256	464245	19	48	56	#
257	306812	8	20	41	#
258	986768	20	29	55	#
259	280882	19	26	41	#
260	214701	8	36	60	#
261	919047	32	44	52	#
262	709841	6	34	58	#
263	725796	7	37	45	#
264	136934	0	3	7	#
265	762090	15	32	52	#
266	176114	8	9	17	#
267	395877	8	28	42	#
268	685342	22	45	56	#
269	759898	17	19	23	#
270	869586	31	32	49	#
271	666245	24	40	54	#
272	952767	12	39	60	#
273	598972	27	38	56	#
274	993954	56	60	62	#
275	520857	25	33	52	#
276	41093	3	16	45	#
277	746301	17	42	49	#
278	773544	17	43	53	#
279	59694	23	46	50	#
280	148951	33	34	35	#
281	755355	14	20	34	#
282	340491	40	49	57	#
283	393945	26	29	60	#
284	427308	13	48	58	#
285	416391	6	18	57	#
286	883927	16	34	45	#
287	417468	0	46	47	#
288	903720	2	16	25	#
289	448564	15	56	58	#
290	986992	30	42	56	#
291	192826	8	31	48	#
292	26028	32	58	62	#
293	235713	13	29	59	#
294	327419	9	20	39	#
295	159156	33	52	61	#
296	418362	1	33	51	#
297	483346	44	49	63	#
298	203972	15	21	24	#
299	704450	2	3	59	#
300	944745	3	15	49	#
301	32596	23	31	56	#
302	337183	28	35	52	#
303	666768	10	52	62	#
304	590337	45	46	56	#
305	341683	35	48	54	#
306	690208	4	54	60	#
307	158191	13	28	38	#
308	471764	38	50	63	#
309	63351	15	26	41	#
310	824353	13	19	51	#
311	293727	0	12	51	#
312	581571	20	27	63	#
313	211075	15	49	55	#
314	587895	1	8	12	#
315	653333	47	49	59	#
316	980601	41	52	55	#
317	720579	1	33	62	#
318	196756	3	8	43	#
319	293331	16	47	54	#
320	855514	35	53	56	#
321	167467	1	23	38	#
322	431214	20	28	41	#
323	180573	1	29	40	#
324	411156	7	41	45	#
325	740370	12	39	61	#
326	338837	18	23	50	#
327	657218	0	7	42	#
328	110749	6	20	57	#
329	970983	22	43	50	#
330	682866	5	20	27	#
331	911043	6	7	20	#
332	549023	0	5	13	#
333	387548	11	28	60	#
334	958429	12	36	40	#
335	659829	14	37	41	#
336	355140	14	20	52	#
337	289026	22	32	59	#
338	763293	1	19	47	#
339	14502	0	22	37	#
340	197383	4	50	60	#
341	885723	6	18	58	#
342	794164	15	26	50	#
343	910092	7	9	45	#
344	719324	13	36	41	#
345	424730	1	4	26	#
346	155053	13	19	39	#
347	426131	12	31	44	#
348	853547	10	30	54	#
349	513329	22	34	48	#
350	326688	15	25	32	#
351	781873	14	19	26	#
352	170668	4	28	50	#
353	567200	14	47	54	#
354	603255	2	29	39	#
355	324683	16	51	52	#
356	919150	1	3	20	#
357	584461	6	51	58	#
358	189419	0	10	23	#
359	237157	1	33	59	#
360	435881	16	30	50	#
361	516613	22	43	44	#
362	804889	27	38	54	#
363	930406	14	27	59	#
364	39373	3	19	30	#
365	559803	13	23	35	#
366	853659	7	8	55	#
367	701585	4	6	24	#
368	652505	21	51	59	#
369	592774	5	16	50	#
370	403958	21	27	57	#
371	979230	39	48	54	#
372	375035	14	21	56	#
373	120236	12	17	52	#
374	869924	25	31	41	#
375	496893	2	26	29	#
376	72282	2	45	58	#
377	850585	19	41	48	#
378	586400	4	19	50	#
379	154581	20	27	45	#
380	296395	7	26	50	#
381	810849	13	21	57	#
382	787929	20	26	58	#
383	856050	2	23	52	#
384	711756	3	48	57	#
385	680137	44	47	50	#
386	171137	32	41	60	#
387	380355	26	49	58	#
388	54865	10	20	42	#
389	232152	19	38	45	#
390	320716	30	45	52	#
391	95098	4	33	40	#
392	254435	12	32	51	#
393	654729	16	36	37	#
394	973335	17	36	41	#
395	894750	10	27	42	#
396	760770	50	51	57	#
397	419788	21	23	25	#
398	319462	8	35	46	#
399	88856	5	10	54	#
400	919261	33	60	62	#
401	574477	0	2	14	#
402	96888	9	22	43	#
403	725347	1	11	18	#
404	993717	14	24	56	#
405	191207	15	16	60	#
406	461896	30	32	44	#
407	670888	11	44	51	#
408	829573	27	56	63	#
409	889905	8	33	62	#
410	190619	33	56	59	#
411	878789	4	5	22	#
412	551518	1	8	55	#
413	243957	15	21	52	#
414	826022	0	2	62	#
415	896669	37	46	57	#
416	504991	41	42	63	#
417	509232	9	38	61	#
418	736075	4	16	53	#
419	47325	18	25	55	#
420	236350	4	17	59	#
421	367712	38	42	55	#
422	930781	1	9	29	#
423	873096	6	50	58	#
424	460319	51	56	58	#
425	418755	2	4	37	#
426	735706	20	42	55	#
427	870319	0	51	61	#
428	526515	0	39	51	#
429	889174	13	20	22	#
430	669674	8	13	22	#
431	57593	28	37	43	#
432	857727	14	33	41	#
433	597279	2	47	61	#
434	124278	14	38	48	#
435	357869	7	38	42	#
436	82574	19	23	63	#
437	456043	22	41	50	#
438	692870	17	20	54	#
439	807250	8	23	37	#
440	956398	15	25	48	#
441	60160	12	20	26	#
442	896467	19	21	58	#
443	377682	6	9	43	#
444	396853	15	45	55	#
445	230279	1	40	57	#
446	233572	10	18	43	#
447	57380	3	10	43	#
448	97394	10	11	48	#
449	781820	22	27	44	#
450	391589	10	11	39	#
451	861203	16	18	52	#
452	219706	0	5	52	#
453	52449	20	41	61	#
454	946347	29	40	59	#
455	917383	38	39	45	#
456	163086	6	8	19	#
457	33802	24	39	54	#
458	885648	10	11	38	#
459	626412	10	16	29	#
460	782458	7	23	25	#
461	867328	3	4	54	#
462	616786	7	23	51	#
463	244021	4	12	30	#
464	564510	19	23	39	#
465	522427	4	34	61	#
466	27512	30	53	57	#
467	869116	20	21	54	#
468	927011	22	34	47	#
469	638750	3	32	51	#
470	231600	15	21	47	#
471	181745	19	34	51	#
472	651552	7	16	57	#
473	781888	5	42	54	#
474	13949	23	42	43	#
475	494830	0	22	51	#
476	822443	21	22	25	#
477	225730	30	43	54	#
478	900980	4	9	52	#
479	857976	6	43	49	#
480	822561	7	31	53	#
481	624783	0	2	52	#
482	32127	18	21	49	#
483	201612	20	31	63	#
484	186924	1	32	42	#
485	189716	0	13	41	#
486	258189	6	40	43	#
487	759770	9	16	62	#
488	364775	17	44	49	#
489	229428	8	33	41	#
490	142336	6	10	58	#
491	259757	13	17	54	#
492	690948	29	35	56	#
493	172912	6	18	30	#
494	789543	6	32	45	#
495	617028	13	18	38	#
496	117316	4	16	48	#
497	434196	1	5	48	#
498	680236	6	57	62	#
499	123520	18	42	48	#
500	505085	30	35	50	#
501	418781	1	3	24	#
502	868158	27	30	44	#
503	741565	29	33	57	#
504	799911	37	42	45	#
505	753676	13	24	32	#
506	126209	5	18	34	#
507	450383	27	29	62	#
508	808993	2	26	34	#
509	468135	45	50	53	#
510	850557	46	61	63	#
511	728574	0	7	54	#
512	425095	3	5	38	#
513	122225	7	27	41	#
514	277746	35	47	55	#
515	282021	26	32	48	#
516	360443	19	37	46	#
517	20046	19	20	37	#
518	797945	1	20	28	#
519	427780	1	44	53	#
520	59565	33	51	61	#
521	945295	26	43	57	#
522	818499	24	25	61	#
523	735499	0	20	58	#
524	905388	17	41	51	#
525	498285	0	8	22	#
526	425439	26	40	47	#
527	270056	14	33	42	#
528	722848	5	30	59	#
529	194707	12	47	58	#
530	830930	38	43	57	#
531	610935	1	2	60	#
532	692139	1	42	56	#
533	974096	4	24	37	#
534	689329	5	25	41	#
535	996609	12	18	42	#
536	667000	7	36	62	#
537	125957	4	12	17	#
538	975474	5	40	54	#
539	758850	20	25	54	#
540	952802	28	39	52	#
541	423612	7	42	55	#
542	202779	7	32	37	#
543	900662	26	59	63	#
544	252124	2	10	54	#
545	774166	13	34	36	#
546	394598	8	23	51	#
547	273619	38	42	52	#
548	581416	10	12	22	#
549	877952	30	31	45	#
550	519490	8	32	54	#
551	506727	15	47	58	#
552	989512	53	54	62	#
553	332140	29	37	41	#
554	930237	3	20	32	#
555	844475	10	12	56	#
556	345177	23	29	50	#
557	40813	3	4	53	#
558	866080	35	38	53	#
559	633403	47	49	60	#
560	485320	4	52	62	#
561	632093	25	31	45	#
562	505436	3	43	51	#
563	980616	13	31	60	#
564	824339	4	35	47	#
565	820345	14	28	50	#
566	755615	13	43	54	#
567	651802	13	21	42	#
568	576837	9	32	52	#
569	514872	21	37	44	#
570	60441	13	26	48	#
571	515834	16	30	34	#
572	244658	19	37	45	#
573	730029	40	61	63	#
574	78527	5	43	50	#
575	842707	24	39	53	#
576	162786	6	24	37	#
577	774933	3	9	59	#
578	337882	29	59	60	#
579	495495	5	39	46	#
580	840078	10	15	19	#
581	566650	7	36	45	#
582	540928	26	29	55	#
583	454648	4	40	49	#
584	686865	15	33	47	#
585	360649	2	54	55	#
586	654025	16	46	51	#
587	322251	1	13	33	#
588	707051	27	32	56	#
589	677993	0	33	35	#
590	882266	39	47	56	#
591	906654	3	28	40	#
592	681363	1	52	56	#
593	593172	38	45	55	#
594	578533	22	43	61	#
595	606730	7	28	54	#
596	445073	11	33	42	#
597	987550	21	24	52	#
598	372213	8	11	48	#
599	219787	11	43	47	#
600	36561	9	21	30	#
601	14891	25	36	63	#
602	136443	1	28	34	#
603	647700	2	19	38	#
604	712757	22	23	57	#
605	477178	16	37	62	#
606	36190	18	32	56	#
607	981813	27	37	50	#
608	600399	16	35	47	#
609	151649	16	18	37	#
610	432722	14	22	29	#
611	955196	1	20	40	#
612	790443	6	32	53	#
613	625343	27	30	37	#
614	323334	1	12	17	#
615	467030	19	45	50	#
616	952134	9	33	48	#
617	525939	24	38	62	#
618	37833	15	16	29	#
619	217719	18	53	58	#
620	898053	5	29	43	#
621	966284	3	24	38	#
622	364538	16	46	56	#
623	483332	14	23	25	#
624	869693	27	39	60	#
625	284624	4	17	30	#
626	500311	25	55	58	#
627	477369	26	27	41	#
628	563082	42	52	60	#
629	412602	1	17	36	#
630	469156	19	27	34	#
631	12300	18	43	55	#
632	163993	7	12	25	#
633	453008	11	20	45	#
634	903918	2	23	47	#
635	416102	34	36	44	#
636	912258	23	31	41	#
637	299362	17	30	42	#
638	335606	3	13	57	#
639	625375	13	44	54	#
640	964741	26	39	61	#
641	379322	9	33	55	#
642	384886	3	27	52	#
643	162063	22	28	42	#
644	576475	0	9	55	#
645	175930	5	17	25	#
646	822871	23	50	52	#
647	612796	3	54	62	#
648	168298	37	47	53	#
649	90577	19	27	57	#
650	392307	29	56	58	#
651	507846	7	57	58	#
652	597814	0	3	31	#
653	287819	39	53	55	#
654	111934	11	25	34	#
655	939589	5	19	20	#
656	932585	5	8	37	#
657	362327	13	17	51	#
658	830442	14	45	59	#
659	617057	10	13	56	#
660	137797	12	18	20	#
661	420605	14	22	28	#
662	692938	17	22	51	#
663	658215	0	8	37	#
664	288237	2	15	19	#
665	975307	22	28	31	#
666	317919	0	48	50	#
667	506433	22	52	61	#
668	973381	16	41	47	#
669	814660	13	14	45	#
670	563656	26	46	59	#
671	504279	1	8	34	#
672	588020	26	50	55	#
673	624690	17	23	59	#
674	149771	30	40	43	#
675	839720	11	27	60	#
676	905516	34	53	61	#
677	484617	7	39	62	#
678	445847	2	42	54	#
679	640866	38	49	57	#
680	308045	1	5	14	#
681	389919	44	54	55	#
682	41268	12	19	33	#
683	419330	12	36	43	#
684	703	21	34	43	#
685	434428	4	16	24	#
686	966947	19	24	51	#
687	552204	12	14	15	#
688	69662	16	53	54	#
689	435890	10	52	58	#
690	523338	5	45	55	#
691	545736	3	18	44	#
692	176174	34	45	46	#
693	15300	9	45	60	#
694	897506	3	4	42	#
695	827601	1	11	57	#
696	384849	9	35	58	#
697	161764	13	42	60	#
698	58577	47	54	60	#
699	8334	12	50	63	#
700	330376	23	26	32	#
701	410224	18	26	63	#
702	681077	2	12	57	#
703	976309	29	55	58	#
704	664085	15	50	62	#
705	635933	9	46	63	#
706	162573	15	27	41	#
707	971764	3	18	53	#
708	719605	1	14	27	#
709	118148	8	23	30	#
710	225951	11	29	59	#
711	168003	5	48	58	#
712	454114	1	15	19	#
713	125178	42	45	50	#
714	958675	46	47	48	#
715	100996	27	53	61	#
716	969523	20	27	40	#
717	767693	9	12	33	#
718	252971	0	15	31	#
719	514579	10	18	54	#
720	920237	7	50	62	#
721	571955	22	57	59	#
722	596509	34	46	58	#
723	660573	27	28	34	#
724	474833	29	38	51	#
725	136577	17	28	36	#
726	905013	32	46	51	#
727	703969	19	20	52	#
728	778036	16	30	55	#
729	349980	4	10	38	#
730	858170	10	34	41	#
731	640237	4	51	57	#
732	387696	4	17	34	#
733	354699	19	45	59	#
734	743376	11	12	17	#
735	111862	2	31	51	#
736	659083	8	18	32	#
737	922281	10	26	45	#
738	545629	18	51	52	#
739	123381	7	24	63	#
740	736678	17	36	47	#
741	252827	9	56	61	#
742	68742	27	28	54	#
743	100958	1	33	39	#
744	63590	13	15	37	#
745	558766	0	17	27	#
746	123020	7	29	30	#
747	35135	25	29	56	#
748	568781	20	55	60	#
749	155534	3	11	25	#
750	64555	19	49	55	#
751	249468	18	28	35	#
752	231552	3	31	38	#
753	82164	24	29	32	#
754	871706	39	47	50	#
755	945839	43	49	63	#
756	477742	5	26	43	#
757	979248	6	36	45	#
758	356726	1	39	63	#
759	185850	30	45	50	#
760	507494	5	33	54	#
761	549497	1	7	55	#
762	993732	18	51	59	#
763	325459	4	32	41	#
764	216463	19	28	29	#
765	51866	4	7	8	#
766	563154	10	11	60	#
767	979945	4	27	31	#
768	267082	19	21	27	#
769	431035	5	54	58	#
770	823309	5	51	59	#
771	54157	12	27	59	#
772	976555	7	24	48	#
773	79987	29	37	39	#
774	121447	20	27	51	#
775	445432	6	11	29	#
776	937085	18	32	39	#
777	97520	42	47	56	#
778	215544	4	10	39	#
779	747516	7	33	58	#
780	633694	0	13	53	#
781	596078	1	35	38	#
782	574806	40	41	48	#
783	794339	16	21	31	#
784	501016	3	44	57	#
785	485285	26	34	52	#
786	44978	19	34	59	#
787	405611	1	36	43	#
788	101825	5	60	62	#
789	370744	17	28	59	#
790	132340	1	4	40	#
791	490123	5	15	34	#
792	697475	6	15	23	#
793	101842	17	23	37	#
794	342601	23	27	49	#
795	168283	10	15	63	#
796	858982	1	7	40	#
797	610071	4	31	53	#
798	838953	10	42	48	#
799	218656	10	37	51	#
800	87094	36	45	58	#
801	511083	17	35	45	#
802	586524	25	29	42	#
803	819967	20	34	46	#
804	730237	12	41	57	#
805	383984	22	40	48	#
806	298348	23	37	51	#
807	85428	3	9	45	#
808	798089	37	42	43	#
809	197779	18	20	60	#
810	846530	8	25	58	#
811	170774	25	30	34	#
812	774716	2	32	52	#
813	788081	42	59	63	#
814	933736	2	11	24	#
815	327251	44	56	59	#
816	70687	9	22	23	#
817	290303	13	50	62	#
818	971567	10	16	20	#
819	359511	1	12	54	#
820	678516	24	25	55	#
821	858953	1	34	49	#
822	980400	33	40	46	#
823	409578	1	9	22	#
824	548601	18	38	41	#
825	654060	6	9	37	#
826	43968	1	46	53	#
827	897409	1	49	60	#
828	756240	12	14	23	#
829	260285	20	51	63	#
830	853850	20	42	54	#
831	474214	34	45	56	#
832	119880	8	17	49	#
833	761354	33	52	63	#
834	129020	17	59	61	#
835	336183	10	33	59	#
836	180757	11	12	38	#
837	942498	38	41	57	#
838	945610	0	14	23	#
839	496282	3	11	21	#
840	704074	4	8	48	#
841	343526	20	25	63	#
842	262053	4	10	28	#
843	861780	30	38	50	#
844	111893	46	48	56	#
845	135211	3	48	52	#
846	174753	4	30	55	#
847	215153	4	22	35	#
848	507874	35	41	51	#
849	41627	1	25	43	#
850	689437	5	30	47	#
851	446022	9	15	20	#
852	204032	3	5	7	#
853	72887	4	32	57	#
854	14569	2	59	62	#
855	215932	16	29	39	#
856	857997	21	38	48	#
857	703856	14	44	62	#
858	818502	4	45	54	#
859	246911	0	12	47	#
860	385061	7	56	63	#
861	618140	22	30	59	#
862	371943	18	49	51	#
863	790159	38	39	58	#
864	527703	0	28	61	#
865	557415	11	17	50	#
866	796345	8	14	21	#
867	843770	19	39	58	#
868	782330	0	14	33	#
869	925112	0	26	39	#
870	360739	17	24	63	#
871	47270	11	20	63	#
872	871937	42	46	61	#
873	68335	7	35	40	#
874	772755	9	16	25	#
875	994935	16	55	58	#
876	287513	18	51	55	#
877	775647	4	10	32	#
878	347392	7	17	20	#
879	267665	10	50	59	#
880	229679	27	43	51	#
881	66676	5	6	20	#
882	635560	14	37	38	#
883	77969	36	39	51	#
884	41578	35	40	54	#
885	986658	8	30	43	#
886	344435	12	38	45	#
887	672567	17	44	50	#
888	659654	25	27	46	#
889	397719	17	39	57	#
890	715864	16	33	57	#
891	391549	21	34	60	#
892	752806	20	46	48	#
893	4903	15	27	45	#
894	959200	3	25	35	#
895	666776	3	28	30	#
896	41247	1	9	50	#
897	200530	6	19	49	#
898	845743	13	46	61	#
899	722943	16	37	52	#
900	167141	24	36	48	#
901	135419	11	19	48	#
902	615173	25	29	62	#
903	103381	3	5	37	#
904	142665	16	49	56	#
905	173718	26	43	46	#
906	37507	27	29	48	#
907	921309	10	13	49	#
908	623758	49	56	60	#
909	527329	29	39	60	#
910	873269	1	29	32	#
911	874779	1	50	54	#
912	744927	30	40	42	#
913	585068	20	27	49	#
914	275387	12	31	59	#
915	176969	23	24	31	#
916	818248	13	14	31	#
917	349468	2	3	39	#
918	536832	14	42	58	#
919	391373	4	59	63	#
920	222275	31	49	52	#
921	334747	12	25	51	#
922	700999	37	48	61	#
923	489798	14	27	53	#
924	194256	4	9	31	#
925	425567	21	45	60	#
926	997330	2	5	12	#
927	293796	4	21	30	#
928	757125	0	25	28	#
929	525705	21	22	29	#
930	414424	18	53	54	#
931	191593	13	20	41	#
932	241350	2	37	40	#
933	267982	42	44	52	#
934	978645	16	46	50	#
935	374124	38	60	63	#
936	57330	5	56	62	#
937	527853	12	36	41	#
938	505261	8	31	56	#
939	649197	30	36	54	#
940	871742	6	10	20	#
941	783502	10	21	22	#
942	711890	42	47	61	#
943	11102	0	50	53	#
944	3663	10	25	37	#
945	5223	5	23	42	#
946	802927	13	32	34	#
947	666031	19	57	60	#
948	975980	9	20	62	#
949	259188	11	13	44	#
950	149119	3	33	56	#
951	702329	10	15	22	#
952	191469	1	21	42	#
953	884304	0	3	29	#
954	154742	11	43	59	#
955	834326	13	28	30	#
956	419988	6	40	45	#
957	806133	9	13	31	#
958	220527	23	27	50	#
959	11186	18	19	52	#
960	869673	31	39	42	#
961	560152	16	23	25	#
962	781513	28	36	37	#
963	153346	3	35	46	#
964	670036	22	24	52	#
965	198505	18	35	40	#
966	544946	7	19	46	#
967	328223	14	15	36	#
968	869526	16	40	60	#
969	739551	2	21	47	#
970	649276	18	54	60	#
971	384731	8	15	53	#
972	279593	3	19	54	#
973	804723	46	49	55	#
974	696599	26	27	50	#
975	316117	2	26	37	#
976	747274	4	6	32	#
977	337239	18	28	29	#
978	723397	37	54	61	#
979	413730	37	48	62	#
980	58195	6	27	61	#
981	471037	4	27	44	#
982	161705	9	22	60	#
983	809003	16	54	55	#
984	409762	18	42	54	#
985	727128	7	42	54	#
986	792742	20	58	63	#
987	669496	7	8	56	#
988	391686	6	44	56	#
989	304016	3	15	20	#
990	765966	12	16	51	#
991	969709	12	16	28	#
992	134483	15	26	31	#
993	174860	33	55	58	#
994	822369	0	13	25	#
995	227500	2	4	42	#
996	41078	10	20	36	#
997	519738	33	42	43	#
998	109826	28	35	57	#
999	418117	9	40	58	#
1000	297591	4	17	24	#
1001	674092	26	43	58	#
1002	567451	33	45	60	#
1003	761884	2	25	45	#
1004	575383	0	20	41	#
1005	948195	38	39	54	#
1006	471431	14	15	35	#
1007	285209	5	47	49	#
1008	995634	13	15	52	#
1009	70073	32	44	54	#
1010	127673	16	27	34	#
1011	904584	21	57	62	#
1012	627038	22	46	61	#
1013	524338	3	26	37	#
1014	992581	16	32	33	#
1015	716450	12	20	52	#
1016	959002	9	43	59	#
1017	603708	14	45	52	#
1018	661289	29	31	44	#
1019	384038	25	31	54	#
1020	925706	6	44	45	#
1021	474844	1	43	59	#
1022	818457	3	23	51	#
1023	471186	3	38	63	#
1024	459138	3	27	32	#
1025	968379	24	32	56	#
1026	763303	13	34	40	#
1027	735219	32	40	46	#
1028	216983	3	23	57	#
1029	825731	14	42	49	#
1030	5672	6	27	33	#
1031	61232	25	29	52	#
1032	821308	32	46	59	#
1033	363959	41	46	61	#
1034	453001	0	46	55	#
1035	367828	16	18	46	#
1036	342032	21	25	56	#
1037	454252	3	22	45	#
1038	24767	11	34	35	#
1039	128723	0	15	53	#
1040	576332	0	37	59	#
1041	129797	8	12	13	#
1042	418479	13	52	62	#
1043	439935	0	9	35	#
1044	915324	7	53	58	#
1045	554797	30	40	59	#
1046	275104	20	24	31	#
1047	106375	5	10	13	#
1048	454223	18	45	59	#
1049	351815	5	35	58	#
1050	726029	31	43	56	#
1051	469709	8	39	49	#
1052	923481	13	42	48	#
1053	281199	5	27	36	#
1054	139185	0	3	50	#
1055	497911	10	20	28	#
1056	412426	9	20	58	#
1057	581171	13	33	63	#
1058	979681	8	21	54	#
1059	659240	4	22	59	#
1060	83865	7	18	21	#
1061	567409	20	54	58	#
1062	632750	4	49	62	#
1063	262501	9	17	33	#
1064	687395	37	40	60	#
1065	592156	13	46	48	#
1066	242294	29	34	39	#
1067	36371	31	43	54	#
1068	337397	34	36	39	#
1069	187963	38	39	53	#
1070	840884	16	19	43	#
1071	916596	16	29	57	#
1072	482697	21	25	46	#
1073	453762	5	26	62	#
1074	595179	10	35	47	#
1075	600324	20	47	48	#
1076	457512	21	28	38	#
1077	838098	12	14	48	#
1078	880714	8	16	41	#
1079	696590	5	15	44	#
1080	71347	4	11	38	#
1081	505328	4	34	50	#
1082	915238	12	44	46	#
1083	139585	26	48	56	#
1084	913877	7	53	57	#
1085	129558	7	31	36	#
1086	37702	10	11	53	#
1087	335975	7	27	58	#
1088	969968	5	6	57	#
1089	875306	9	14	40	#
1090	625809	16	51	63	#
1091	79396	17	27	45	#
1092	124375	45	55	62	#
1093	724530	35	37	39	#
1094	795255	4	19	42	#
1095	371400	16	22	62	#
1096	859962	16	45	56	#
1097	420128	1	23	32	#
1098	145069	24	27	36	#
1099	403439	13	26	33	#
1100	555686	37	43	47	#
1101	116294	43	44	61	#
1102	66238	18	44	63	#
1103	411712	8	47	60	#
1104	670131	0	6	31	#
1105	880238	28	32	34	#
1106	70662	7	14	47	#
1107	174409	21	43	45	#
1108	892638	3	40	61	#
1109	439834	19	32	33	#
1110	847466	44	53	61	#
1111	170879	6	39	55	#
1112	594055	34	38	39	#
1113	821697	8	27	44	#
1114	3694	7	43	47	#
1115	672258	21	57	59	#
1116	793760	12	24	51	#
1117	942250	2	31	41	#
1118	860105	7	19	41	#
1119	662902	15	18	32	#
1120	92143	13	27	56	#
1121	677598	27	33	37	#
1122	789007	1	33	46	#
1123	842186	1	44	46	#
1124	928712	20	30	39	#
1125	434640	34	37	43	#
1126	128741	22	43	62	#
1127	512989	19	37	48	#
1128	265911	18	37	50	#
1129	26959	36	40	44	#
1130	210647	0	17	59	#
1131	485910	0	31	36	#
1132	626515	0	38	63	#
1133	469199	11	31	37	#
1134	685117	7	22	23	#
1135	345300	14	26	34	#
1136	850959	25	53	54	#
1137	603988	9	16	44	#
1138	852034	20	32	42	#
1139	886599	31	44	46	#
1140	273177	9	22	59	#
1141	11260	42	45	47	#
1142	561767	31	52	59	#
1143	33167	13	22	26	#
1144	331810	16	20	39	#
1145	214186	2	54	59	#
1146	777971	13	32	59	#
1147	212161	14	32	41	#
1148	135049	14	35	61	#
1149	102619	11	22	48	#
1150	823009	5	36	57	#
1151	495398	34	42	43	#
1152	976363	14	31	48	#
1153	225747	20	61	62	#
1154	581350	15	23	26	#
1155	163979	13	28	34	#
1156	566915	12	13	37	#
1157	825587	13	20	44	#
1158	345680	6	28	55	#
1159	192332	13	25	54	#
1160	160076	28	51	61	#
1161	816584	17	36	48	#
1162	892029	8	41	63	#
1163	190111	12	27	53	#
1164	238706	6	41	59	#
1165	954251	14	22	23	#
1166	504509	6	20	38	#
1167	88793	8	18	45	#
1168	536013	22	26	55	#
1169	31470	15	32	36	#
1170	594888	38	41	51	#
1171	942236	35	43	53	#
1172	921179	8	35	57	#
1173	991210	24	46	63	#
1174	979526	2	24	45	#
1175	165577	22	31	35	#
1176	563602	16	29	48	#
1177	357061	37	38	60	#
1178	578990	31	36	60	#
1179	137132	19	27	63	#
1180	651839	23	31	62	#
1181	678812	16	17	39	#
1182	753402	21	29	52	#
1183	946429	19	43	55	#
1184	599633	13	46	56	#
1185	979371	2	41	49	#
1186	412768	28	36	51	#
1187	707987	19	53	58	#
1188	470039	0	53	54	#
1189	565526	3	10	17	#
1190	27169	18	42	56	#
1191	825170	3	11	19	#
1192	980779	9	20	30	#
1193	553032	7	43	60	#
1194	397968	10	28	47	#
1195	229354	8	45	62	#
1196	456656	8	32	43	#
1197	639871	19	48	52	#
1198	951827	28	46	56	#
1199	811940	14	45	46	#
1200	517959	4	37	48	#
1201	779721	12	19	21	#
1202	94590	6	33	43	#
1203	713665	0	14	60	#
1204	456313	15	51	57	#
1205	923511	27	40	56	#
1206	814252	16	31	36	#
1207	429169	23	38	45	#
1208	929359	5	19	41	#
1209	534249	6	45	51	#
1210	115617	13	41	58	#
1211	868111	22	26	56	#
1212	726018	3	26	52	#
1213	569794	15	28	32	#
1214	282742	40	54	62	#
1215	527654	7	18	58	#
1216	5217	2	27	50	#
1217	611261	26	28	50	#
1218	649665	8	46	56	#
1219	294017	15	32	60	#
1220	190304	29	32	37	#
1221	909339	25	31	40	#
1222	698533	5	35	36	#
1223	247726	8	39	55	#
1224	737429	12	15	61	#
1225	751808	4	5	28	#
1226	392398	1	10	41	#
1227	408245	5	9	43	#
1228	237644	40	50	55	#
1229	126793	10	35	57	#
1230	991312	36	40	48	#
1231	264241	8	42	49	#
1232	439148	1	15	53	#
1233	879318	12	34	37	#
1234	837348	43	45	55	#
1235	362534	1	7	60	#
1236	42936	22	24	28	#
1237	89781	5	24	27	#
1238	659665	19	25	47	#
1239	448999	6	38	43	#
1240	91914	20	54	62	#
1241	87855	20	56	59	#
1242	953109	19	23	27	#
1243	83814	6	23	51	#
1244	128425	32	34	42	#
1245	364441	5	10	57	#
1246	597717	33	52	54	#
1247	945344	1	6	59	#
1248	469671	18	33	63	#
1249	283050	1	3	58	#
1250	384462	24	44	61	#
1251	125167	12	39	57	#
1252	663976	2	41	59	#
1253	974816	14	33	57	#
1254	710702	12	56	58	#
1255	76646	23	31	57	#
1256	877904	0	3	35	#
1257	649722	30	31	58	#
1258	44290	4	9	58	#
1259	664429	5	14	60	#
1260	918388	17	57	63	#
1261	913217	4	13	35	#
1262	312582	24	37	53	#
1263	361688	42	46	53	#
1264	15751	12	27	29	#
1265	568063	3	13	53	#
1266	438727	6	31	35	#
1267	829403	9	37	52	#
1268	385053	23	47	61	#
1269	821521	37	49	51	#
1270	40698	2	9	32	#
1271	220900	3	17	57	#
1272	801890	26	39	48	#
1273	818439	38	46	61	#
1274	48139	7	16	56	#
1275	457729	4	32	44	#
1276	90468	7	51	54	#
1277	804777	7	32	50	#
1278	386874	31	41	48	#
1279	268403	2	6	12	#
1280	900624	23	49	56	#
1281	302016	26	33	62	#
1282	203737	8	34	45	#
1283	881011	20	37	39	#
1284	257080	33	40	59	#
1285	294729	8	42	60	#
1286	408832	10	23	31	#
1287	517890	8	27	62	#
1288	44730	32	43	48	#
1289	333675	17	22	39	#
1290	496300	24	27	45	#
1291	69057	10	22	62	#
1292	267422	13	16	46	#
1293	272748	18	23	42	#
1294	374909	5	9	62	#
1295	917088	15	17	35	#
1296	615390	23	40	50	#
1297	868625	15	43	60	#
1298	136059	40	52	59	#
1299	126508	10	13	57	#
1300	672402	34	57	59	#
1301	797328	22	27	59	#
1302	537251	12	16	41	#
1303	976504	0	47	60	#
1304	565989	20	32	49	#
1305	797816	6	32	61	#
1306	284230	15	21	49	#
1307	683296	51	52	59	#
1308	199060	34	42	53	#
1309	295265	1	9	33	#
1310	49999	3	8	39	#
1311	260617	17	38	63	#
1312	16076	8	58	63	#
1313	285301	12	17	24	#
1314	938845	17	27	57	#
1315	106062	20	25	30	#
1316	465916	10	32	55	#
1317	836824	8	28	47	#
1318	645560	14	25	48	#
1319	658742	27	28	41	#
1320	910148	11	20	26	#
1321	475765	0	21	34	#
1322	574683	24	58	63	#
1323	111676	23	28	35	#
1324	946406	15	56	59	#
1325	859913	24	41	49	#
1326	892418	11	17	35	#
1327	714092	13	17	20	#
1328	244517	5	37	44	#
1329	404978	27	39	52	#
1330	733888	29	30	46	#
1331	448789	3	21	58	#
1332	243043	14	35	63	#
1333	772037	0	3	17	#
1334	38375	5	8	43	#
1335	119717	12	18	28	#
1336	303891	8	47	48	#
1337	376536	3	11	46	#
1338	134926	4	30	39	#
1339	172650	5	16	33	#
1340	328983	13	55	62	#
1341	253005	9	28	40	#
1342	520050	26	45	59	#
1343	842306	12	15	27	#
1344	467508	7	29	51	#
1345	574722	18	55	60	#
1346	947477	26	49	59	#
1347	392427	1	28	47	#
1348	311529	30	49	58	#
1349	816355	9	31	49	#
1350	830472	15	17	49	#
1351	662987	8	34	41	#
1352	517799	41	60	61	#
1353	668606	4	35	50	#
1354	495865	6	7	49	#
1355	566431	33	42	50	#
1356	220086	17	19	22	#
1357	476086	26	50	60	#
1358	269526	28	48	54	#
1359	119548	26	49	62	#
1360	531343	1	23	63	#
1361	25743	8	35	62	#
1362	995560	31	47	54	#
1363	995180	16	33	61	#
1364	27592	9	28	36	#
1365	381661	6	25	55	#
1366	550505	2	31	45	#
1367	70146	13	36	48	#
1368	611217	10	18	61	#
1369	287576	9	18	52	#
1370	833515	16	30	33	#
1371	867007	2	35	52	#
1372	941451	5	23	24	#
1373	383797	21	48	51	#
1374	919115	11	29	61	#
1375	721893	13	26	61	#
1376	426064	34	57	58	#
1377	774029	7	12	56	#
1378	783534	4	15	40	#
1379	729677	11	36	38	#
1380	807459	25	42	47	#
1381	482708	25	29	58	#
1382	901989	17	23	30	#
1383	800496	15	33	60	#
1384	590080	4	14	22	#
1385	265064	1	7	15	#
1386	424852	4	16	30	#
1387	916192	4	40	58	#
1388	258171	33	40	44	#
1389	997795	17	34	61	#
1390	55126	14	35	49	#
1391	882388	8	9	14	#
1392	239287	4	19	28	#
1393	794525	8	15	23	#
1394	489219	4	27	52	#
1395	617935	5	8	24	#
1396	777122	22	27	37	#
1397	907014	32	39	57	#
1398	784334	6	34	42	#
1399	498444	32	37	51	#
1400	597019	10	28	35	#
1401	754903	21	33	46	#
1402	460628	7	55	63	#
1403	346220	10	47	60	#
1404	499663	7	8	57	#
1405	183440	22	49	55	#
1406	511582	10	20	58	#
1407	106784	14	38	44	#
1408	232429	0	23	49	#
1409	336846	20	40	54	#
1410	944396	8	9	58	#
1411	584109	3	22	53	#
1412	487083	30	32	54	#
1413	474209	17	50	53	#
1414	373185	3	33	48	#
1415	434781	40	43	47	#
1416	216816	13	35	38	#
1417	828489	19	40	48	#
1418	459199	25	53	59	#
1419	144669	0	16	31	#
1420	235758	0	14	39	#
1421	245175	17	22	46	#
1422	431404	34	45	62	#
1423	333633	2	18	21	#
1424	83442	15	41	48	#
1425	415782	2	23	36	#
1426	1769	12	57	58	#
1427	787547	23	33	48	#
1428	96633	25	42	54	#
1429	187344	37	38	61	#
1430	334877	30	32	63	#
1431	427084	17	21	39	#
1432	420801	4	21	38	#
1433	792134	17	29	38	#
1434	554348	20	32	55	#
1435	560508	23	56	62	#
1436	227325	14	22	59	#
1437	309555	55	61	62	#
1438	694316	0	44	60	#
1439	190385	11	17	49	#
1440	895113	16	51	57	#
1441	982767	11	14	28	#
1442	462824	12	27	42	#
1443	634762	32	55	60	#
1444	28708	25	28	33	#
1445	268733	5	11	30	#
1446	50022	34	46	52	#
1447	804851	9	11	48	#
1448	333445	7	41	60	#
1449	719287	2	23	29	#
1450	430075	16	35	57	#
1451	466367	8	27	46	#
1452	249230	31	40	41	#
1453	703403	16	29	32	#
1454	588972	5	49	60	#
1455	536069	15	28	43	#
1456	745374	10	48	61	#
1457	812085	40	43	46	#
1458	320548	0	41	49	#
1459	527068	9	38	54	#
1460	853639	23	48	51	#
1461	993815	0	55	59	#
1462	944553	6	36	63	#
1463	851919	23	27	37	#
1464	523353	14	18	57	#
1465	625267	52	56	59	#
1466	552595	11	13	53	#
1467	891614	10	17	49	#
1468	335355	5	30	45	#
1469	177371	0	5	21	#
1470	945442	1	7	59	#
1471	829133	13	28	56	#
1472	572983	4	37	53	#
1473	481442	16	22	56	#
1474	872143	12	14	62	#
1475	379742	2	6	20	#
1476	26097	1	15	61	#
1477	517445	4	35	45	#
1478	395503	18	32	55	#
1479	78594	8	25	36	#
1480	795186	17	41	50	#
1481	85960	49	50	58	#
1482	998976	3	32	62	#
1483	893035	13	48	59	#
1484	292521	0	6	29	#
1485	236199	10	35	45	#
1486	384084	3	28	37	#
1487	336255	5	22	33	#
1488	732684	18	23	41	#
1489	186598	6	15	55	#
1490	86331	15	25	49	#
1491	914148	6	29	57	#
1492	401821	11	24	56	#
1493	437435	1	19	56	#
1494	477009	23	54	58	#
1495	131103	29	53	57	#
1496	501784	3	20	33	#
1497	978282	42	44	63	#
1498	377976	1	21	38	#
1499	188263	32	34	48	#
1500	948251	23	25	26	#
1501	558681	22	39	62	#
1502	153919	12	16	44	#
1503	569433	3	21	62	#
1504	927720	19	60	62	#
1505	309781	3	19	32	#
1506	320023	11	23	58	#
1507	860634	0	39	55	#
1508	955531	42	61	62	#
1509	680743	25	28	43	#
1510	422421	1	7	62	#
1511	878545	15	18	53	#
1512	607054	5	36	37	#
1513	990674	26	35	49	#
1514	304683	15	40	62	#
1515	33628	12	36	49	#
1516	660308	12	29	63	#
1517	146885	27	33	61	#
1518	638302	28	33	53	#
1519	330256	27	32	60	#
1520	727806	0	26	41	#
1521	843846	26	43	49	#
1522	989376	4	26	48	#
1523	698476	10	16	40	#
1524	261714	16	29	53	#
1525	108107	18	31	59	#
1526	393819	14	21	24	#
1527	407954	14	24	41	#
1528	109397	12	16	39	#
1529	409303	27	60	62	#
1530	935062	21	26	38	#
1531	505175	28	45	46	#
1532	540340	24	34	62	#
1533	92199	6	23	28	#
1534	123702	13	37	47	#
1535	488275	0	7	41	#
1536	671162	4	49	59	#
1537	546131	8	19	35	#
1538	12661	1	4	52	#
1539	589641	33	53	62	#
1540	606316	16	21	25	#
1541	735320	44	45	54	#
1542	237089	10	53	58	#
1543	643288	49	50	60	#
1544	393557	13	18	29	#
1545	709224	21	29	46	#
1546	693034	4	23	31	#
1547	986378	9	36	63	#
1548	261041	11	24	36	#
1549	352122	5	40	48	#
1550	123996	1	4	48	#
1551	587088	17	23	61	#
1552	85199	39	45	48	#
1553	408224	4	9	35	#
1554	418477	0	17	18	#
1555	50667	23	37	41	#
1556	887920	31	35	38	#
1557	20298	38	43	56	#
1558	179268	40	58	62	#
1559	536025	33	42	45	#
1560	689949	7	45	52	#
1561	67677	2	26	39	#
1562	643541	3	22	28	#
1563	1454	26	40	62	#
1564	850393	10	16	34	#
1565	937457	5	10	50	#
1566	612106	13	15	39	#
1567	318554	8	42	45	#
1568	5488	15	39	47	#
1569	64651	0	21	38	#
1570	2992	22	33	34	#
1571	164625	6	45	55	#
1572	8315	14	18	42	#
1573	249428	6	41	46	#
1574	97291	27	49	54	#
1575	338011	8	23	41	#
1576	745233	18	29	49	#
1577	966631	14	29	53	#
1578	866777	12	39	51	#
1579	597471	9	40	52	#
1580	95328	38	41	47	#
1581	594592	23	25	41	#
1582	302837	28	40	50	#
1583	970888	2	5	63	#
1584	439038	7	21	38	#
1585	743455	6	55	62	#
1586	293706	2	29	30	#
1587	399858	40	43	61	#
1588	841138	23	24	57	#
1589	674050	51	53	56	#
1590	412974	1	17	23	#
1591	558250	37	45	57	#
1592	63658	0	27	50	#
1593	235862	11	14	33	#
1594	142243	2	27	41	#
1595	410571	6	7	13	#
1596	594339	2	30	38	#
1597	639043	6	26	36	#
1598	575872	28	31	50	#
1599	137189	10	24	37	#
1600	53469	28	41	45	#
1601	318308	9	43	58	#
1602	995854	16	24	26	#
1603	656306	33	46	53	#
1604	898748	7	23	26	#
1605	466646	7	25	61	#
1606	297985	16	23	39	#
1607	238023	8	12	57	#
1608	727488	13	40	50	#
1609	352636	21	40	57	#
1610	886785	3	25	49	#
1611	186799	23	45	54	#
1612	744666	16	34	59	#
1613	686149	13	18	34	#
1614	798726	16	38	39	#
1615	643525	1	16	43	#
1616	734974	46	50	54	#
1617	72590	9	31	57	#
1618	287342	18	52	53	#
1619	266607	9	16	19	#
1620	183844	12	18	50	#
1621	359285	16	37	39	#
1622	684288	35	48	49	#
1623	463394	30	38	57	#
1624	363886	5	49	51	#
1625	752934	14	30	45	#
1626	477737	29	32	58	#
1627	175867	16	40	54	#
1628	912668	17	62	63	#
1629	730709	31	54	60	#
1630	682298	22	27	30	#
1631	57868	10	16	27	#
1632	413908	1	9	47	#
1633	524999	10	37	52	#
1634	961831	11	37	40	#
1635	52105	2	42	56	#
1636	520075	28	43	50	#
1637	87531	6	10	25	#
1638	53195	33	44	48	#
1639	950392	50	56	62	#
1640	655409	2	40	54	#
1641	813219	9	26	45	#
1642	925843	12	17	20	#
1643	147082	23	46	60	#
1644	496523	2	4	17	#
1645	362302	35	57	60	#
1646	338243	8	27	43	#
1647	434583	4	6	22	#
1648	826041	10	38	56	#
1649	635474	12	29	58	#
1650	96455	4	7	14	#
1651	708769	9	22	31	#
1652	827527	7	17	27	#
1653	984024	26	31	34	#
1654	14738	23	36	38	#
1655	561717	15	38	47	#
1656	153534	5	38	60	#
1657	521384	16	30	36	#
1658	316723	2	10	43	#
1659	632487	16	24	47	#
1660	230353	5	26	30	#
1661	168370	0	27	49	#
1662	58505	41	48	53	#
1663	896447	12	17	30	#
1664	452496	22	24	31	#
1665	637812	44	52	58	#
1666	625564	25	27	63	#
1667	118432	13	34	50	#
1668	460888	12	24	32	#
1669	222214	16	21	43	#
1670	470703	11	25	58	#
1671	776977	0	15	63	#
1672	103963	8	25	40	#
1673	961547	39	45	59	#
1674	542377	17	29	56	#
1675	30217	13	32	43	#
1676	877776	4	34	43	#
1677	918350	1	36	57	#
1678	159136	14	16	40	#
1679	249632	2	6	9	#
1680	168688	25	33	40	#
1681	477660	3	14	60	#
1682	326736	12	23	26	#
1683	559423	3	41	59	#
1684	812408	0	28	50	#
1685	209417	49	51	62	#
1686	629461	7	59	61	#
1687	389963	19	23	34	#
1688	788905	3	25	27	#
1689	402209	47	48	53	#
1690	205168	19	28	44	#
1691	55026	19	20	30	#
1692	364209	37	43	62	#
1693	166086	10	19	23	#
1694	276108	1	52	59	#
1695	435288	16	39	49	#
1696	440759	22	25	41	#
1697	339223	20	36	41	#
1698	352071	25	30	31	#
1699	114946	9	34	49	#
1700	323850	12	17	47	#
1701	741713	41	52	56	#
1702	855115	16	42	48	#
1703	625218	13	43	51	#
1704	25417	7	38	47	#
1705	769525	41	43	51	#
1706	740349	37	52	53	#
1707	509803	54	57	59	#
1708	506469	0	6	12	#
1709	143948	0	5	57	#
1710	815068	4	39	43	#
1711	596794	7	49	55	#
1712	729475	24	37	56	#
1713	2893	17	34	62	#
1714	356369	24	34	41	#
1715	945568	18	28	39	#
1716	650230	12	38	48	#
1717	715353	7	58	59	#
1718	329407	2	28	60	#
1719	626016	6	12	44	#
1720	183179	7	40	51	#
1721	830514	24	40	47	#
1722	169480	18	19	50	#
1723	368245	9	43	56	#
1724	753704	8	57	58	#
1725	949032	10	12	24	#
1726	964697	2	17	61	#
1727	339901	1	45	57	#
1728	677120	15	21	51	#
1729	197207	20	47	55	#
1730	485952	17	32	33	#
1731	99492	2	46	57	#
1732	447211	22	27	60	#
1733	467499	42	51	61	#
1734	839794	17	18	42	#
1735	678370	15	19	60	#
1736	29666	53	55	62	#
1737	126160	5	22	24	#
1738	535485	31	48	54	#
1739	858861	16	20	34	#
1740	569859	17	32	49	#
1741	556579	1	33	55	#
1742	157568	8	14	26	#
1743	651640	9	14	36	#
1744	529234	0	2	12	#
1745	520970	23	44	51	#
1746	46438	4	32	33	#
1747	558440	15	22	56	#
1748	54929	10	11	14	#
1749	558177	39	48	59	#
1750	384116	11	12	53	#
1751	847269	0	36	50	#
1752	221585	3	17	18	#
1753	659190	0	43	53	#
1754	395937	25	33	37	#
1755	292885	0	1	40	#
1756	66388	22	42	52	#
1757	772702	37	39	59	#
1758	937809	25	42	55	#
1759	123871	1	27	41	#
1760	252869	7	22	34	#
1761	543036	35	38	39	#
1762	193564	20	55	61	#
1763	662678	4	51	60	#
1764	883838	5	19	58	#
1765	330686	17	46	49	#
1766	933860	6	11	52	#
1767	976573	31	37	63	#
1768	138364	21	42	44	#
1769	671605	30	34	52	#
1770	183235	0	5	32	#
1771	113030	15	32	34	#
1772	747058	19	22	24	#
1773	719667	23	35	41	#
1774	254589	6	49	59	#
1775	591091	15	37	61	#
1776	53790	21	53	61	#
1777	426604	26	40	61	#
1778	757682	30	33	43	#
1779	481301	3	18	62	#
1780	26086	9	34	60	#
1781	571095	19	33	56	#
1782	699977	50	54	62	#
1783	729397	20	22	34	#
1784	365216	13	45	52	#
1785	412261	12	44	49	#
1786	616567	2	14	38	#
1787	694158	6	39	48	#
1788	50585	4	7	32	#
1789	843626	2	9	28	#
1790	716928	0	25	51	#
1791	472501	4	39	50	#
1792	784102	24	41	57	#
1793	624848	31	39	51	#
1794	906241	5	6	48	#
1795	275156	23	42	62	#
1796	458425	18	20	23	#
1797	990252	17	27	50	#
1798	293160	34	47	53	#
1799	777317	10	21	46	#
1800	844613	44	51	54	#
1801	673011	0	5	20	#
1802	733138	0	35	51	#
1803	258298	19	21	45	#
1804	179814	30	32	38	#
1805	268256	4	32	55	#
1806	736615	5	29	44	#
1807	920350	33	52	58	#
1808	666440	27	53	57	#
1809	724585	17	20	44	#
1810	597181	1	14	35	#
1811	974793	22	25	58	#
1812	62217	15	44	49	#
1813	528084	3	8	17	#
1814	422078	9	16	63	#
1815	261295	17	36	42	#
1816	27602	15	28	62	#
1817	639820	15	27	39	#
1818	494740	38	60	62	#
1819	414442	19	51	59	#
1820	126992	3	34	37	#
1821	654589	4	11	30	#
1822	426763	8	22	37	#
1823	893789	28	46	53	#
1824	32488	26	39	53	#
1825	636746	3	28	49	#
1826	220077	2	38	50	#
1827	857346	53	56	59	#
1828	315303	26	42	48	#
1829	403023	26	39	59	#
1830	977941	1	9	16	#
1831	413301	15	42	52	#
1832	339043	29	32	46	#
1833	958977	11	24	42	#
1834	399446	4	33	53	#
1835	113256	46	49	60	#
1836	930629	2	37	61	#
1837	577337	23	50	60	#
1838	358311	8	47	51	#
1839	318520	6	15	36	#
1840	249043	32	51	58	#
1841	396845	18	46	49	#
1842	640948	28	50	59	#
1843	191171	27	36	51	#
1844	607615	12	50	54	#
1845	233980	1	43	44	#
1846	573351	21	30	42	#
1847	736777	8	31	42	#
1848	385191	3	17	48	#
1849	814973	0	44	55	#
1850	23291	15	30	56	#
1851	763579	1	47	59	#
1852	61877	15	35	62	#
1853	224842	6	40	47	#
1854	609056	1	14	55	#
1855	933613	37	43	46	#
1856	564116	37	44	53	#
1857	352261	4	48	56	#
1858	422597	31	40	56	#
1859	914155	22	34	39	#
1860	532232	19	47	56	#
1861	783213	35	61	63	#
1862	656953	12	13	25	#
1863	6750	15	61	63	#
1864	941547	46	54	58	#
1865	689823	43	50	62	#
1866	958316	20	37	41	#
1867	351511	1	42	47	#
1868	737235	12	30	55	#
1869	937029	27	32	48	#
1870	54322	20	24	25	#
1871	393054	20	29	38	#
1872	879736	15	20	21	#
1873	306410	24	29	38	#
1874	834614	12	29	62	#
1875	554139	12	48	53	#
1876	573123	13	29	35	#
1877	655529	6	18	47	#
1878	41362	28	37	56	#
1879	173985	14	56	57	#
1880	368753	2	29	50	#
1881	504348	27	35	54	#
1882	134972	14	22	47	#
1883	805789	13	49	54	#
1884	119137	16	22	42	#
1885	324192	40	42	51	#
1886	982693	33	34	46	#
1887	463422	9	46	59	#
1888	815610	14	52	58	#
1889	565233	29	38	39	#
1890	676421	4	14	40	#
1891	916844	10	55	60	#
1892	164057	29	41	54	#
1893	741377	1	3	21	#
1894	942088	3	28	43	#
1895	849417	35	46	51	#
1896	664231	22	38	43	#
1897	721503	12	26	57	#
1898	587499	12	28	52	#
1899	487785	1	6	50	#
1900	557104	22	28	61	#
1901	532590	27	46	53	#
1902	560000	3	13	19	#
1903	980077	28	41	52	#
1904	993394	37	59	63	#
1905	560246	29	46	59	#
1906	811060	26	46	58	#
1907	708533	0	43	60	#
1908	566777	7	24	32	#
1909	36687	47	48	50	#
1910	474570	1	7	61	#
1911	282576	27	36	45	#
1912	741887	8	40	57	#
1913	39097	19	32	56	#
1914	134802	22	32	46	#
1915	756134	4	18	43	#
1916	417516	14	29	45	#
1917	932539	19	43	44	#
1918	211500	15	18	42	#
1919	221318	21	37	47	#
1920	185472	6	48	54	#
1921	429977	14	25	28	#
1922	636757	15	17	42	#
1923	688040	35	42	60	#
1924	205293	9	38	49	#
1925	375029	5	24	48	#
1926	673431	21	59	61	#
1927	754736	52	55	61	#
1928	547841	13	23	48	#
1929	645402	3	20	36	#
1930	394275	6	30	61	#
1931	870475	17	43	46	#
1932	701564	24	42	54	#
1933	226260	6	27	32	#
1934	354345	8	48	50	#
1935	588799	18	60	61	#
1936	838492	34	52	59	#
1937	355030	15	36	46	#
1938	268696	3	29	47	#
1939	482528	0	49	53	#
1940	148037	33	56	63	#
1941	212990	4	34	39	#
1942	705132	13	28	37	#
1943	422550	20	26	38	#
1944	46363	29	42	53	#
1945	707595	0	16	59	#
1946	138651	13	27	59	#
1947	459912	5	31	41	#
1948	711076	52	58	62	#
1949	580475	41	45	47	#
1950	637259	1	11	37	#
1951	282968	8	16	18	#
1952	740313	19	49	51	#
1953	646110	28	46	55	#
1954	248296	18	46	53	#
1955	188149	2	32	61	#
1956	320481	14	23	41	#
1957	163402	15	30	36	#
1958	459228	7	26	37	#
1959	260507	1	8	52	#
1960	173718	6	27	28	#
1961	150381	2	15	49	#
1962	455881	15	19	52	#
1963	5893	5	10	41	#
1964	257812	28	29	51	#
1965	990254	9	34	62	#
1966	962315	2	7	29	#
1967	995840	2	31	42	#
1968	676359	33	44	46	#
1969	907788	3	25	41	#
1970	596751	25	37	49	#
1971	976742	4	21	41	#
1972	559932	40	52	53	#
1973	337155	6	21	51	#
1974	275546	13	42	43	#
1975	119798	23	27	42	#
1976	487282	3	45	55	#
1977	961901	40	56	63	#
1978	271277	32	46	55	#
1979	786793	6	31	56	#
1980	427455	19	21	49	#
1981	524879	30	39	48	#
1982	459465	24	27	62	#
1983	64213	33	62	63	#
1984	335557	13	20	54	#
1985	828472	3	34	56	#
1986	950121	0	33	39	#
1987	922047	37	54	60	#
1988	440932	13	46	59	#
1989	532967	25	41	62	#
1990	33776	12	26	36	#
1991	883964	17	41	42	#
1992	796421	4	7	29	#
1993	463342	12	27	50	#
1994	913325	6	13	44	#
1995	401775	9	51	56	#
1996	730028	4	58	61	#
1997	333673	34	35	51	#
1998	955459	13	18	33	#
1999	222957	8	21	60	#
