%% File generated by CATS v.2.1Wed Jun 19 17:40:30 2013

%% The CATS webpage is http://robotics.stanford.edu/CATS

%% PARAMETER SETTINGS:
% Goods: 64; Bids: 2000; Distribution: L3; Runs: 50; Seed: 1371658681
% Legacy distribution parameters:
% Number of goods chosen according to Constant distribution (const_goods = 3).
% Price chosen according to Fixed Random distribution (low_fixed = 0, high_fixed = 1000).


goods 64
bids 2000
dummy 0

0	667065	23	30	48	#
1	380973	28	51	58	#
2	146049	22	35	53	#
3	472838	18	19	45	#
4	81535	5	27	37	#
5	312962	4	15	20	#
6	239448	2	23	56	#
7	374317	14	23	32	#
8	827301	25	31	52	#
9	145075	38	39	40	#
10	400377	33	38	54	#
11	392121	25	62	63	#
12	210209	26	38	44	#
13	94766	3	33	41	#
14	448059	30	49	62	#
15	438679	5	17	51	#
16	941524	3	21	61	#
17	370818	28	30	63	#
18	348836	18	27	50	#
19	369101	19	30	36	#
20	808995	55	59	62	#
21	112894	15	16	60	#
22	383958	23	32	58	#
23	311659	8	18	52	#
24	535111	0	48	62	#
25	551673	11	21	24	#
26	869405	9	31	56	#
27	654470	3	18	22	#
28	914942	2	45	47	#
29	306717	31	42	47	#
30	432464	16	48	51	#
31	9490	42	56	58	#
32	482566	5	32	47	#
33	219555	15	33	47	#
34	51664	32	51	56	#
35	74493	9	16	44	#
36	235973	10	20	27	#
37	603234	18	23	28	#
38	220893	10	35	46	#
39	267580	35	38	61	#
40	237039	23	48	55	#
41	870055	26	36	52	#
42	8139	9	20	54	#
43	683631	34	52	54	#
44	375160	21	34	38	#
45	544473	14	25	34	#
46	453076	12	46	58	#
47	445340	17	32	34	#
48	504574	31	42	61	#
49	831757	30	49	59	#
50	370328	11	25	50	#
51	777535	27	52	56	#
52	11772	6	21	37	#
53	920266	0	33	54	#
54	442048	3	23	26	#
55	22796	13	55	58	#
56	821762	29	44	47	#
57	293275	9	17	25	#
58	778416	12	36	56	#
59	144233	16	34	53	#
60	71875	1	9	43	#
61	900232	31	37	58	#
62	572917	19	31	55	#
63	74012	43	47	58	#
64	147937	11	36	52	#
65	222606	3	21	34	#
66	450067	1	23	63	#
67	314918	11	25	49	#
68	166898	2	28	60	#
69	64101	23	30	39	#
70	337824	10	25	51	#
71	278451	19	22	32	#
72	278863	40	42	56	#
73	958508	0	23	37	#
74	419579	49	59	61	#
75	210722	20	32	35	#
76	405469	1	20	58	#
77	709552	12	32	42	#
78	210887	5	51	59	#
79	689506	16	19	61	#
80	786174	2	39	50	#
81	198272	33	45	63	#
82	636095	13	26	56	#
83	318005	6	41	51	#
84	423221	5	35	59	#
85	848784	2	20	60	#
86	758851	31	60	61	#
87	309144	2	4	56	#
88	771399	1	6	55	#
89	863440	10	13	29	#
90	991657	5	10	22	#
91	446959	29	36	48	#
92	350667	0	15	22	#
93	927061	0	12	20	#
94	897599	48	60	62	#
95	612271	22	24	45	#
96	913879	11	40	59	#
97	801127	20	30	55	#
98	674257	14	43	58	#
99	348713	10	53	61	#
100	472230	17	19	44	#
101	421204	4	7	49	#
102	953661	5	45	51	#
103	707372	22	45	51	#
104	229215	3	48	49	#
105	360881	0	2	39	#
106	69227	11	30	32	#
107	858349	15	23	29	#
108	723875	11	27	59	#
109	775512	19	24	53	#
110	557061	27	43	47	#
111	70038	1	7	15	#
112	779203	15	44	46	#
113	969880	27	28	60	#
114	497254	16	44	48	#
115	601234	26	52	63	#
116	510948	23	54	59	#
117	466419	21	25	42	#
118	674175	3	28	33	#
119	857318	18	22	49	#
120	785545	2	15	59	#
121	508822	5	46	55	#
122	267901	19	27	48	#
123	28979	16	25	42	#
124	286769	30	40	43	#
125	120148	27	57	58	#
126	773026	10	17	46	#
127	988893	29	44	63	#
128	74634	50	54	61	#
129	740804	11	28	51	#
130	610553	8	18	26	#
131	121163	10	54	57	#
132	309922	21	30	57	#
133	141388	8	23	45	#
134	428830	6	46	55	#
135	645288	5	42	54	#
136	185208	7	8	60	#
137	459301	3	18	63	#
138	169278	10	26	48	#
139	275895	6	12	59	#
140	118992	5	19	24	#
141	466063	5	47	59	#
142	233962	14	18	47	#
143	846666	9	10	13	#
144	430233	39	55	63	#
145	501552	21	54	57	#
146	38705	15	30	56	#
147	360841	0	3	44	#
148	969870	22	32	50	#
149	317266	12	42	58	#
150	226094	4	30	57	#
151	169328	5	12	62	#
152	510018	17	23	24	#
153	935289	20	31	51	#
154	913964	22	35	54	#
155	721131	2	26	27	#
156	762440	20	27	57	#
157	86668	7	50	55	#
158	166838	3	6	33	#
159	204995	42	45	62	#
160	453404	38	44	61	#
161	360671	10	18	35	#
162	724477	28	32	44	#
163	915320	6	36	39	#
164	355897	4	21	63	#
165	343054	17	29	46	#
166	61364	14	20	45	#
167	398570	46	52	61	#
168	866640	15	27	32	#
169	161174	3	10	58	#
170	116705	2	6	14	#
171	59445	19	31	61	#
172	270070	7	32	38	#
173	128566	47	55	58	#
174	73459	12	16	59	#
175	356479	0	31	50	#
176	657422	25	30	50	#
177	701789	5	46	50	#
178	271539	9	17	45	#
179	753227	33	38	44	#
180	648382	19	30	49	#
181	315400	0	9	38	#
182	767172	4	24	31	#
183	729083	23	33	44	#
184	210245	3	41	62	#
185	232598	32	43	56	#
186	6262	2	32	40	#
187	269052	18	32	35	#
188	328421	12	43	59	#
189	74303	19	38	62	#
190	800519	15	46	59	#
191	237677	9	42	43	#
192	184861	4	8	20	#
193	469169	2	23	58	#
194	365555	4	39	62	#
195	794138	12	20	25	#
196	563494	2	5	61	#
197	147418	5	12	51	#
198	235945	46	52	59	#
199	871044	2	30	49	#
200	580124	11	40	45	#
201	397541	15	29	33	#
202	176340	21	29	39	#
203	989167	28	29	50	#
204	151033	8	24	60	#
205	866515	27	38	63	#
206	149521	8	19	42	#
207	308136	24	51	55	#
208	529890	17	26	43	#
209	268229	24	28	60	#
210	434640	19	44	56	#
211	164125	7	29	42	#
212	356355	17	18	21	#
213	653507	23	33	46	#
214	741593	4	20	55	#
215	238807	27	50	56	#
216	236547	2	26	56	#
217	201243	8	12	49	#
218	233661	3	19	50	#
219	63265	19	44	63	#
220	965362	17	18	47	#
221	415531	8	20	33	#
222	490587	21	52	57	#
223	408711	16	24	32	#
224	452745	10	25	63	#
225	615335	18	43	54	#
226	673737	14	28	55	#
227	186558	10	18	63	#
228	202851	10	56	57	#
229	629716	18	61	62	#
230	890504	16	37	43	#
231	433880	14	25	41	#
232	138508	4	10	15	#
233	176422	4	19	20	#
234	743439	29	30	37	#
235	265482	12	31	54	#
236	476985	30	31	53	#
237	826134	8	45	62	#
238	379272	13	51	60	#
239	114176	9	38	49	#
240	753121	9	27	34	#
241	88562	28	35	40	#
242	797365	22	32	60	#
243	676812	28	44	59	#
244	923821	7	12	49	#
245	65192	43	50	62	#
246	658143	5	10	11	#
247	700135	10	52	58	#
248	884475	15	57	60	#
249	896907	28	41	48	#
250	234242	10	20	63	#
251	408458	3	23	50	#
252	747180	11	18	55	#
253	739547	17	27	44	#
254	692489	7	32	51	#
255	150366	6	23	49	#
256	337777	2	11	17	#
257	761396	21	53	57	#
258	955169	35	47	55	#
259	280635	7	44	53	#
260	260046	0	25	45	#
261	387037	8	34	37	#
262	943699	13	15	30	#
263	472965	52	55	58	#
264	83253	21	25	32	#
265	273629	14	43	63	#
266	990535	10	12	14	#
267	892944	30	39	45	#
268	496143	46	49	63	#
269	872940	18	32	40	#
270	755765	4	22	63	#
271	247780	10	37	43	#
272	412904	16	38	62	#
273	973666	3	12	36	#
274	355447	1	12	63	#
275	732336	10	25	37	#
276	363126	12	18	26	#
277	868562	22	33	35	#
278	658698	2	21	58	#
279	140997	43	46	47	#
280	747784	13	41	54	#
281	40926	6	20	51	#
282	960582	13	15	63	#
283	664901	16	53	63	#
284	793286	25	37	52	#
285	514960	22	33	48	#
286	487822	21	48	58	#
287	144061	15	18	41	#
288	285609	35	49	58	#
289	264546	5	39	54	#
290	444367	16	41	52	#
291	793926	33	47	52	#
292	416553	0	46	56	#
293	324953	11	38	43	#
294	553847	8	10	43	#
295	675880	22	44	59	#
296	324155	17	50	55	#
297	502033	12	25	44	#
298	438051	3	38	55	#
299	431247	45	57	60	#
300	159280	2	10	36	#
301	823408	4	27	58	#
302	363726	22	32	51	#
303	48308	11	53	62	#
304	760432	2	25	47	#
305	126198	6	17	28	#
306	838928	6	16	55	#
307	681869	9	14	36	#
308	268810	16	29	63	#
309	425814	5	52	63	#
310	392291	3	25	62	#
311	860821	9	30	59	#
312	328495	7	24	55	#
313	683823	4	16	20	#
314	778135	16	57	58	#
315	376080	23	34	58	#
316	725340	12	32	62	#
317	655033	18	28	62	#
318	662822	9	19	53	#
319	721690	0	19	49	#
320	45684	7	57	59	#
321	26911	18	20	24	#
322	982466	34	59	60	#
323	906588	54	56	61	#
324	364988	30	51	59	#
325	78073	15	39	48	#
326	778703	15	27	52	#
327	87602	5	8	16	#
328	492777	6	23	45	#
329	943965	39	46	54	#
330	52762	35	38	49	#
331	725452	28	30	59	#
332	128600	0	13	57	#
333	905098	23	32	60	#
334	306826	19	40	53	#
335	503503	52	57	60	#
336	458236	11	44	54	#
337	949028	3	31	37	#
338	160898	27	38	41	#
339	469791	9	24	41	#
340	666052	4	9	35	#
341	133308	18	19	38	#
342	920513	15	20	42	#
343	146212	2	21	52	#
344	859611	1	41	50	#
345	959023	18	54	61	#
346	683863	0	35	54	#
347	322158	20	37	48	#
348	303730	7	24	60	#
349	702684	10	28	57	#
350	790013	36	42	61	#
351	862166	12	23	34	#
352	344003	24	29	51	#
353	610062	7	40	61	#
354	87473	10	30	34	#
355	763684	5	8	20	#
356	4822	7	30	56	#
357	643627	50	52	58	#
358	183138	15	24	59	#
359	12650	8	35	51	#
360	90707	7	46	61	#
361	226344	9	27	36	#
362	10442	5	12	41	#
363	505545	25	41	61	#
364	901948	5	9	51	#
365	663267	4	38	47	#
366	904410	18	37	40	#
367	323068	28	29	43	#
368	412226	6	29	32	#
369	651086	31	35	51	#
370	526236	32	35	47	#
371	55673	40	43	56	#
372	469187	6	14	62	#
373	150777	30	36	63	#
374	204992	3	5	12	#
375	23409	18	20	40	#
376	238388	6	33	45	#
377	531215	10	33	59	#
378	77330	14	26	34	#
379	201369	1	3	53	#
380	716909	5	11	63	#
381	30873	4	5	47	#
382	194555	45	51	59	#
383	929148	8	19	52	#
384	193736	36	43	50	#
385	1306	19	31	56	#
386	29782	7	10	35	#
387	680062	21	32	62	#
388	864209	10	24	35	#
389	180080	1	29	50	#
390	662799	17	38	42	#
391	870605	2	3	35	#
392	260967	17	33	36	#
393	940556	13	32	49	#
394	697173	8	16	54	#
395	164831	26	60	61	#
396	757496	18	26	38	#
397	671384	13	30	60	#
398	679123	4	14	52	#
399	355713	5	9	40	#
400	22330	23	29	60	#
401	992723	25	30	39	#
402	37694	24	31	60	#
403	155484	8	11	34	#
404	262583	33	51	60	#
405	766228	33	57	60	#
406	815767	3	7	25	#
407	477021	8	20	57	#
408	957195	0	48	58	#
409	105825	7	13	48	#
410	711428	3	27	33	#
411	38278	20	41	57	#
412	740912	9	25	58	#
413	846313	25	44	54	#
414	199236	14	25	45	#
415	371812	8	36	51	#
416	994692	48	49	62	#
417	176823	19	31	59	#
418	750914	1	23	53	#
419	571429	3	53	58	#
420	764068	34	49	62	#
421	396165	17	34	61	#
422	425002	13	48	58	#
423	357989	34	38	41	#
424	899971	1	20	24	#
425	997087	26	46	48	#
426	344990	3	18	38	#
427	296389	1	25	41	#
428	566563	29	55	57	#
429	536494	6	18	61	#
430	835486	48	57	62	#
431	245761	17	38	50	#
432	510610	13	39	58	#
433	998640	2	24	34	#
434	235917	43	59	63	#
435	374920	2	21	48	#
436	736910	25	35	47	#
437	608334	27	47	55	#
438	661328	4	17	43	#
439	325092	19	26	52	#
440	484330	0	26	38	#
441	301190	39	52	62	#
442	229786	10	30	61	#
443	351940	2	29	59	#
444	646970	6	28	37	#
445	307955	46	49	54	#
446	525932	3	36	56	#
447	528945	5	14	34	#
448	34983	2	17	43	#
449	559935	18	39	47	#
450	320208	8	20	60	#
451	344148	3	36	48	#
452	119591	36	39	50	#
453	872567	2	46	56	#
454	813295	7	10	12	#
455	272299	14	57	59	#
456	156827	33	36	62	#
457	114154	13	60	63	#
458	925282	5	39	45	#
459	154440	1	12	15	#
460	834520	21	22	62	#
461	816799	7	33	50	#
462	399115	6	35	48	#
463	466952	4	35	60	#
464	837081	29	31	48	#
465	936578	0	7	12	#
466	737841	20	21	29	#
467	812099	1	30	34	#
468	972595	43	61	63	#
469	719962	2	7	60	#
470	245185	4	48	57	#
471	212100	25	36	56	#
472	756763	12	32	41	#
473	883545	2	47	52	#
474	688991	28	40	53	#
475	38764	8	30	63	#
476	598227	5	36	42	#
477	564090	10	27	33	#
478	357062	18	40	60	#
479	660705	17	22	45	#
480	979804	17	32	42	#
481	745932	15	36	40	#
482	524919	19	26	35	#
483	140190	11	39	50	#
484	122768	19	40	61	#
485	605022	13	23	46	#
486	561635	43	52	59	#
487	130449	7	20	61	#
488	600868	6	37	50	#
489	380419	0	10	40	#
490	449888	28	44	51	#
491	105600	44	52	54	#
492	750524	10	17	24	#
493	664044	38	42	58	#
494	996829	2	33	43	#
495	162226	14	41	56	#
496	948730	16	51	58	#
497	810528	28	33	53	#
498	974035	16	31	36	#
499	111386	10	16	38	#
500	151523	36	45	59	#
501	460790	6	31	42	#
502	234089	41	53	56	#
503	672027	33	42	63	#
504	631791	10	19	34	#
505	606066	32	36	52	#
506	636943	14	24	37	#
507	185306	4	5	35	#
508	21013	0	9	10	#
509	758392	13	14	62	#
510	746813	10	35	44	#
511	88908	4	12	50	#
512	512785	7	9	59	#
513	346002	4	17	34	#
514	183102	41	44	55	#
515	88084	44	49	57	#
516	489497	16	32	37	#
517	488893	25	45	58	#
518	266259	3	29	43	#
519	969875	11	31	55	#
520	289956	16	22	49	#
521	831128	11	33	52	#
522	489537	14	38	59	#
523	598867	10	38	48	#
524	792362	2	20	41	#
525	127365	19	31	52	#
526	232034	20	35	58	#
527	986649	7	22	60	#
528	837595	5	9	39	#
529	952159	39	53	63	#
530	437948	11	12	53	#
531	166945	7	36	59	#
532	50800	9	20	41	#
533	476964	35	39	50	#
534	832932	40	59	63	#
535	388262	1	38	40	#
536	687686	13	46	57	#
537	505046	17	24	30	#
538	755491	8	41	53	#
539	766313	10	56	61	#
540	184887	1	23	32	#
541	40648	30	54	58	#
542	77880	1	23	39	#
543	203952	7	54	60	#
544	535693	1	5	36	#
545	122753	2	4	58	#
546	544430	22	38	60	#
547	544840	14	34	41	#
548	34926	27	44	63	#
549	759304	4	45	63	#
550	827010	22	46	57	#
551	29680	7	41	54	#
552	325643	9	28	62	#
553	226737	14	23	44	#
554	774881	7	36	39	#
555	791566	16	18	28	#
556	595309	1	17	42	#
557	144949	7	22	27	#
558	685490	16	32	60	#
559	56146	8	22	56	#
560	22273	38	53	59	#
561	364300	4	27	60	#
562	483605	18	19	47	#
563	942039	9	24	56	#
564	238181	4	17	19	#
565	669532	10	28	49	#
566	87091	3	34	44	#
567	424600	29	46	54	#
568	88193	3	4	15	#
569	522482	46	61	62	#
570	566398	6	21	42	#
571	6986	37	43	57	#
572	103179	7	21	22	#
573	746184	4	5	54	#
574	451108	34	36	51	#
575	28972	13	21	47	#
576	703072	1	5	47	#
577	633230	12	41	50	#
578	141963	16	33	35	#
579	193623	9	41	63	#
580	620766	12	25	41	#
581	456124	4	23	52	#
582	638060	8	18	24	#
583	141632	13	19	62	#
584	8998	33	37	60	#
585	489213	18	37	38	#
586	574607	10	36	57	#
587	132558	0	35	45	#
588	789616	30	37	45	#
589	81978	21	48	60	#
590	885611	20	25	35	#
591	164431	2	29	31	#
592	900564	9	32	59	#
593	111553	16	28	50	#
594	921445	21	24	62	#
595	181954	7	15	38	#
596	473536	35	53	54	#
597	931575	4	57	62	#
598	108245	25	26	37	#
599	504709	3	24	38	#
600	890614	3	6	50	#
601	608287	34	35	55	#
602	668396	10	16	55	#
603	153380	24	31	42	#
604	716466	7	31	50	#
605	400347	3	38	62	#
606	593530	31	40	46	#
607	327887	41	44	61	#
608	822483	6	48	59	#
609	861270	11	42	47	#
610	311425	8	22	35	#
611	541340	28	36	42	#
612	269297	6	14	35	#
613	193376	25	43	49	#
614	738219	22	24	36	#
615	163732	15	27	51	#
616	764051	13	48	56	#
617	732190	1	24	41	#
618	657354	0	12	27	#
619	379256	19	21	28	#
620	690168	10	30	38	#
621	616635	41	58	59	#
622	811172	6	21	54	#
623	506800	4	13	31	#
624	538670	1	23	41	#
625	784833	1	18	29	#
626	318115	19	30	41	#
627	642011	16	36	53	#
628	657088	44	54	61	#
629	459220	14	38	53	#
630	858804	4	36	63	#
631	264583	21	22	48	#
632	557363	16	27	33	#
633	918865	9	13	49	#
634	64257	13	35	59	#
635	624769	8	34	51	#
636	265953	5	16	60	#
637	560508	33	44	47	#
638	446963	18	31	43	#
639	853134	21	34	57	#
640	748287	31	40	52	#
641	317054	14	48	57	#
642	594327	20	33	47	#
643	895798	27	28	63	#
644	656553	11	38	47	#
645	867094	13	16	41	#
646	880193	3	21	47	#
647	739351	1	2	41	#
648	464478	35	42	45	#
649	615208	4	35	52	#
650	457486	32	36	40	#
651	783276	31	32	51	#
652	803385	3	4	24	#
653	54104	39	40	52	#
654	262879	17	31	47	#
655	17527	6	7	61	#
656	616919	2	3	55	#
657	379797	0	12	28	#
658	827989	2	13	46	#
659	322482	28	30	36	#
660	777516	9	44	50	#
661	198004	1	5	39	#
662	214928	15	30	46	#
663	189930	1	3	14	#
664	530569	27	34	42	#
665	537784	26	41	62	#
666	395023	14	24	48	#
667	806615	31	53	55	#
668	360840	5	16	27	#
669	693438	40	60	62	#
670	675838	0	9	56	#
671	68154	8	26	50	#
672	731986	10	17	38	#
673	24690	34	39	47	#
674	563262	1	19	25	#
675	142133	8	51	53	#
676	423820	1	10	60	#
677	460434	43	54	58	#
678	627000	46	51	62	#
679	455960	11	19	56	#
680	202122	6	14	40	#
681	155469	28	47	60	#
682	829425	17	19	30	#
683	271852	2	6	32	#
684	609814	30	37	39	#
685	315076	11	25	31	#
686	657339	36	38	61	#
687	912666	21	44	52	#
688	106514	12	34	46	#
689	642658	27	33	62	#
690	55589	8	40	47	#
691	881035	33	41	45	#
692	595250	19	46	52	#
693	200109	14	45	55	#
694	822343	44	50	61	#
695	855018	3	26	40	#
696	574860	5	20	36	#
697	713026	17	22	51	#
698	978727	17	19	41	#
699	453697	20	43	61	#
700	540944	14	26	58	#
701	143459	24	51	53	#
702	848308	5	10	36	#
703	605111	19	42	50	#
704	439435	8	43	62	#
705	954187	4	42	55	#
706	340445	4	24	59	#
707	433234	2	3	16	#
708	678956	21	28	32	#
709	869355	45	48	57	#
710	684169	27	30	38	#
711	26040	29	32	48	#
712	860671	6	13	49	#
713	51674	3	22	58	#
714	617853	20	37	47	#
715	489135	27	45	56	#
716	771120	1	13	28	#
717	819063	44	52	61	#
718	742991	18	25	56	#
719	455763	9	10	17	#
720	999891	28	31	32	#
721	306953	2	9	16	#
722	749123	23	53	57	#
723	901998	4	21	59	#
724	107042	17	23	31	#
725	978658	23	38	53	#
726	569902	1	15	30	#
727	391263	5	44	51	#
728	623694	28	39	58	#
729	263155	16	29	61	#
730	240447	8	22	63	#
731	766405	4	19	56	#
732	825848	17	34	57	#
733	279670	14	43	51	#
734	906657	14	40	60	#
735	726842	18	24	62	#
736	476279	12	33	57	#
737	357141	15	50	59	#
738	453006	17	43	48	#
739	91557	17	42	47	#
740	147791	7	19	62	#
741	831056	37	43	54	#
742	987082	7	12	23	#
743	798732	0	4	40	#
744	991111	11	18	53	#
745	71073	3	29	45	#
746	669156	2	11	30	#
747	942795	14	43	44	#
748	60709	2	14	53	#
749	665184	32	35	57	#
750	625070	37	48	60	#
751	399655	12	15	16	#
752	561820	26	37	62	#
753	936229	2	10	12	#
754	930714	19	29	43	#
755	840926	28	43	49	#
756	631949	24	31	54	#
757	216517	11	22	42	#
758	906380	3	39	60	#
759	187903	48	55	60	#
760	520143	29	30	41	#
761	556349	6	27	59	#
762	209275	19	44	53	#
763	806076	22	25	51	#
764	277314	11	22	47	#
765	792226	0	17	31	#
766	462471	5	25	47	#
767	294271	14	16	20	#
768	630035	6	15	22	#
769	736999	18	32	37	#
770	826108	15	33	60	#
771	992920	9	34	43	#
772	478620	4	14	59	#
773	139958	21	22	38	#
774	225796	13	17	21	#
775	370748	13	26	55	#
776	48818	10	28	51	#
777	379741	38	52	53	#
778	461564	10	12	62	#
779	393722	5	49	50	#
780	950455	22	52	63	#
781	825012	30	32	40	#
782	366827	5	55	59	#
783	418220	10	53	57	#
784	881489	9	49	58	#
785	934302	7	19	44	#
786	799587	14	32	58	#
787	869737	18	32	60	#
788	3624	0	26	58	#
789	444018	11	20	34	#
790	43475	27	53	63	#
791	105245	19	23	33	#
792	924438	1	23	45	#
793	101441	4	13	57	#
794	457874	0	22	33	#
795	244362	30	33	51	#
796	633671	11	17	34	#
797	852856	4	6	38	#
798	849787	18	22	32	#
799	4491	15	41	44	#
800	991328	0	33	56	#
801	646985	5	9	24	#
802	290095	39	48	52	#
803	825079	41	44	46	#
804	615268	5	14	60	#
805	263867	10	22	29	#
806	346875	10	48	50	#
807	816159	20	59	63	#
808	265908	34	42	47	#
809	829348	0	1	36	#
810	958427	25	39	50	#
811	316324	1	43	61	#
812	75733	1	25	61	#
813	925333	5	51	60	#
814	418658	7	9	55	#
815	95300	3	8	10	#
816	221234	1	27	28	#
817	486262	28	33	55	#
818	884955	23	34	37	#
819	679853	7	21	55	#
820	339161	8	14	44	#
821	201903	16	23	62	#
822	783965	18	32	50	#
823	82422	23	36	51	#
824	469521	28	60	62	#
825	365747	17	19	47	#
826	67151	11	35	50	#
827	214593	1	11	45	#
828	736645	18	43	53	#
829	497164	4	14	45	#
830	680164	6	35	38	#
831	838742	36	45	53	#
832	300010	9	14	54	#
833	776643	26	59	62	#
834	612474	6	22	25	#
835	393295	1	15	17	#
836	111625	24	44	50	#
837	698649	0	48	63	#
838	405497	2	17	49	#
839	268573	18	22	38	#
840	257849	2	16	40	#
841	814843	10	25	35	#
842	622701	10	28	54	#
843	516510	5	22	24	#
844	833019	49	57	59	#
845	209981	13	38	39	#
846	922581	24	30	34	#
847	355495	27	33	52	#
848	518462	13	28	33	#
849	563034	22	28	38	#
850	790030	25	36	37	#
851	3300	29	40	59	#
852	359715	29	56	58	#
853	249565	14	38	63	#
854	860072	31	50	58	#
855	782351	3	9	52	#
856	800741	3	4	42	#
857	9899	2	25	38	#
858	628866	29	47	61	#
859	868046	18	20	58	#
860	334740	1	3	8	#
861	943387	10	21	49	#
862	414254	24	29	39	#
863	813190	6	19	63	#
864	397526	19	24	36	#
865	309965	18	56	60	#
866	501728	10	36	54	#
867	95358	2	3	58	#
868	221006	4	9	62	#
869	11068	24	29	55	#
870	827517	0	41	55	#
871	163707	7	29	41	#
872	825013	6	42	63	#
873	596065	17	28	60	#
874	369989	29	35	47	#
875	698982	18	20	50	#
876	940103	7	13	55	#
877	226032	29	46	57	#
878	237644	8	19	56	#
879	887502	0	13	15	#
880	781304	15	22	39	#
881	20640	25	36	38	#
882	691984	25	35	45	#
883	759901	4	5	34	#
884	615939	35	46	51	#
885	463949	8	30	44	#
886	593544	24	62	63	#
887	476528	11	27	32	#
888	964215	27	46	56	#
889	365310	4	22	39	#
890	450862	26	39	41	#
891	86999	28	41	57	#
892	283940	2	10	40	#
893	978918	13	42	57	#
894	314651	31	59	62	#
895	270711	28	47	59	#
896	210378	11	34	56	#
897	455550	16	35	49	#
898	148736	2	24	42	#
899	913580	19	30	47	#
900	748101	34	38	40	#
901	889910	22	33	34	#
902	700636	8	21	35	#
903	699747	2	16	21	#
904	317352	37	49	56	#
905	700686	10	22	54	#
906	125105	1	36	55	#
907	382712	10	15	31	#
908	43453	9	34	52	#
909	538418	8	36	48	#
910	376808	8	15	25	#
911	569983	0	1	14	#
912	948364	35	43	52	#
913	923037	20	28	46	#
914	970156	7	9	24	#
915	198736	14	25	44	#
916	315394	16	34	63	#
917	94877	20	26	34	#
918	935410	7	25	33	#
919	30902	16	23	38	#
920	70716	32	55	61	#
921	359393	10	56	62	#
922	485269	21	59	61	#
923	840952	22	42	51	#
924	960158	17	22	24	#
925	149646	6	36	43	#
926	402256	4	11	62	#
927	928384	3	4	33	#
928	358700	23	37	63	#
929	884281	6	30	63	#
930	324282	50	56	63	#
931	311545	13	49	63	#
932	632202	45	47	57	#
933	868333	22	30	56	#
934	198370	0	45	47	#
935	786457	5	32	62	#
936	120865	7	24	26	#
937	877361	47	48	53	#
938	23869	30	40	61	#
939	538633	9	11	26	#
940	79337	23	33	57	#
941	462377	50	51	57	#
942	882396	8	19	60	#
943	900071	10	19	52	#
944	372506	11	32	63	#
945	148159	3	19	25	#
946	696629	7	20	27	#
947	384381	24	26	46	#
948	196499	9	44	51	#
949	901193	1	18	21	#
950	470712	8	30	40	#
951	992987	34	56	62	#
952	28625	9	50	58	#
953	581817	3	14	38	#
954	881526	43	45	59	#
955	923427	7	31	32	#
956	491949	17	27	55	#
957	232298	3	6	37	#
958	402449	34	35	38	#
959	416635	14	15	32	#
960	547377	4	9	39	#
961	925792	23	25	58	#
962	653533	18	38	52	#
963	306232	0	5	38	#
964	986801	27	32	49	#
965	605049	2	32	58	#
966	23516	8	35	41	#
967	554402	2	26	31	#
968	410256	15	25	52	#
969	922809	35	52	57	#
970	337880	3	27	46	#
971	67616	38	52	55	#
972	853336	4	52	63	#
973	443623	1	34	61	#
974	679754	28	41	58	#
975	152671	43	46	53	#
976	29253	5	22	57	#
977	995491	9	21	60	#
978	113427	7	54	59	#
979	962608	3	7	50	#
980	258703	27	44	52	#
981	377954	12	56	60	#
982	815962	13	34	56	#
983	428663	20	38	61	#
984	605044	20	29	40	#
985	868449	11	40	54	#
986	225081	24	34	50	#
987	899609	24	41	44	#
988	402513	4	12	28	#
989	631780	10	18	25	#
990	658002	2	34	55	#
991	227948	21	53	62	#
992	863755	10	44	62	#
993	765365	37	40	50	#
994	840459	21	25	54	#
995	902440	24	56	63	#
996	972136	8	14	62	#
997	287439	17	53	58	#
998	927558	32	61	62	#
999	270797	9	47	55	#
1000	968494	5	30	41	#
1001	890050	29	55	62	#
1002	997881	2	47	60	#
1003	284904	5	17	26	#
1004	455135	11	52	62	#
1005	669660	21	41	46	#
1006	401164	0	49	63	#
1007	741208	29	38	56	#
1008	652235	20	28	60	#
1009	933003	49	59	62	#
1010	619714	41	50	56	#
1011	238955	25	29	36	#
1012	591802	2	18	37	#
1013	425848	9	25	34	#
1014	553708	18	36	50	#
1015	328906	2	12	40	#
1016	284360	12	38	48	#
1017	582343	1	29	55	#
1018	390541	9	29	58	#
1019	575208	41	52	61	#
1020	143497	30	52	59	#
1021	642571	21	30	35	#
1022	468374	8	17	53	#
1023	503060	3	44	63	#
1024	203456	22	45	55	#
1025	735998	1	14	16	#
1026	794046	21	32	45	#
1027	654852	31	40	44	#
1028	438630	32	35	36	#
1029	3471	27	52	53	#
1030	108313	12	21	53	#
1031	422814	16	46	48	#
1032	159371	44	51	54	#
1033	641570	9	38	60	#
1034	914720	16	43	53	#
1035	688930	32	55	60	#
1036	706226	27	35	57	#
1037	899590	14	20	53	#
1038	866978	25	46	47	#
1039	823662	21	55	63	#
1040	381279	17	19	53	#
1041	19517	20	37	62	#
1042	656171	15	35	46	#
1043	738565	11	14	49	#
1044	412161	8	52	57	#
1045	203255	11	46	51	#
1046	276687	20	39	49	#
1047	970742	5	19	22	#
1048	540317	0	6	60	#
1049	38746	18	34	48	#
1050	279256	8	36	46	#
1051	628961	35	36	43	#
1052	182198	17	18	22	#
1053	457254	30	42	47	#
1054	872878	19	24	39	#
1055	741158	3	40	52	#
1056	604347	23	39	44	#
1057	671090	5	52	59	#
1058	445961	14	52	54	#
1059	55587	3	7	55	#
1060	626714	26	37	57	#
1061	857214	13	36	52	#
1062	957258	5	13	19	#
1063	313437	30	36	53	#
1064	901049	2	41	59	#
1065	943513	4	37	51	#
1066	69195	3	26	50	#
1067	109241	2	16	56	#
1068	998109	20	31	47	#
1069	846305	3	7	56	#
1070	326550	41	51	54	#
1071	858713	31	55	61	#
1072	469705	7	12	42	#
1073	901821	4	9	15	#
1074	227243	1	49	63	#
1075	518697	18	28	37	#
1076	726439	6	54	58	#
1077	442812	22	32	37	#
1078	550313	5	19	21	#
1079	6814	21	44	53	#
1080	808770	26	36	57	#
1081	930932	4	33	52	#
1082	392374	5	13	59	#
1083	43270	27	39	48	#
1084	477530	18	51	57	#
1085	819354	25	30	45	#
1086	758000	4	8	40	#
1087	631151	31	43	62	#
1088	115428	12	38	53	#
1089	970761	0	5	42	#
1090	616842	13	35	60	#
1091	173958	14	37	40	#
1092	71847	31	34	43	#
1093	779101	17	20	34	#
1094	508155	20	22	56	#
1095	548566	13	38	54	#
1096	831375	11	32	56	#
1097	352651	47	55	61	#
1098	623424	47	50	58	#
1099	570065	16	24	45	#
1100	503676	5	13	55	#
1101	394415	9	14	58	#
1102	727910	4	30	33	#
1103	732380	22	40	56	#
1104	439998	8	14	46	#
1105	496266	27	40	44	#
1106	370622	19	20	61	#
1107	363130	0	37	41	#
1108	267487	19	27	55	#
1109	925123	31	40	57	#
1110	520909	4	16	23	#
1111	308971	39	56	63	#
1112	344029	33	56	57	#
1113	487644	0	10	43	#
1114	786964	3	12	56	#
1115	465379	26	52	58	#
1116	470782	40	45	62	#
1117	814560	25	58	61	#
1118	835189	21	46	52	#
1119	8743	1	3	62	#
1120	872189	1	2	25	#
1121	555989	7	15	17	#
1122	13818	25	34	43	#
1123	62387	12	54	59	#
1124	402357	6	15	58	#
1125	592159	15	49	56	#
1126	604902	21	28	63	#
1127	937959	26	46	63	#
1128	831227	22	42	63	#
1129	230332	18	33	34	#
1130	655522	8	27	45	#
1131	8949	23	24	32	#
1132	678858	6	32	50	#
1133	638579	6	44	45	#
1134	853732	16	38	46	#
1135	418584	53	59	60	#
1136	860981	4	37	59	#
1137	856797	4	32	55	#
1138	754532	12	35	52	#
1139	356957	37	50	57	#
1140	70952	12	19	48	#
1141	3441	8	13	23	#
1142	738384	32	35	42	#
1143	217869	9	21	49	#
1144	413469	11	38	51	#
1145	809216	21	29	36	#
1146	325012	2	25	31	#
1147	342386	21	27	44	#
1148	309590	4	22	55	#
1149	809775	16	19	24	#
1150	487026	6	37	60	#
1151	306175	17	19	39	#
1152	942580	3	35	56	#
1153	779436	15	19	63	#
1154	857884	1	5	43	#
1155	957619	11	29	40	#
1156	764136	4	5	49	#
1157	237961	3	17	21	#
1158	978737	31	33	49	#
1159	663765	33	34	58	#
1160	830486	14	47	48	#
1161	112431	33	57	62	#
1162	978691	12	30	57	#
1163	471129	10	11	49	#
1164	987935	15	26	60	#
1165	886231	9	12	61	#
1166	333002	20	23	57	#
1167	138380	36	37	55	#
1168	177350	22	29	58	#
1169	817201	1	7	16	#
1170	593751	31	39	41	#
1171	247949	4	33	56	#
1172	377152	26	41	45	#
1173	56958	16	31	33	#
1174	237515	19	26	47	#
1175	853590	5	13	30	#
1176	954311	23	42	57	#
1177	753445	38	40	46	#
1178	24584	25	26	56	#
1179	370913	11	17	19	#
1180	442902	17	41	60	#
1181	468719	15	55	59	#
1182	514237	9	55	56	#
1183	667937	2	19	22	#
1184	19745	1	50	61	#
1185	494018	10	39	49	#
1186	630622	7	16	35	#
1187	562686	2	29	57	#
1188	196652	43	47	57	#
1189	894144	1	22	42	#
1190	423758	40	47	58	#
1191	184851	8	32	35	#
1192	498821	4	6	32	#
1193	363173	20	27	52	#
1194	420205	7	10	36	#
1195	908573	3	11	38	#
1196	223549	4	51	53	#
1197	207923	5	9	54	#
1198	813348	0	19	25	#
1199	26319	23	55	57	#
1200	150574	14	27	52	#
1201	149852	17	44	59	#
1202	880109	29	31	38	#
1203	421200	24	42	63	#
1204	454339	1	4	22	#
1205	370751	49	62	63	#
1206	525975	27	29	43	#
1207	492891	11	28	56	#
1208	325425	9	11	61	#
1209	860074	27	55	62	#
1210	417259	3	12	63	#
1211	621774	6	29	30	#
1212	172607	10	42	51	#
1213	270788	8	13	60	#
1214	265008	39	40	41	#
1215	236340	5	18	23	#
1216	267286	5	40	61	#
1217	723988	4	18	29	#
1218	49837	2	51	63	#
1219	52878	6	41	55	#
1220	426284	7	36	51	#
1221	307056	18	20	22	#
1222	416991	26	45	51	#
1223	684556	2	3	20	#
1224	625714	38	43	59	#
1225	540100	13	31	54	#
1226	807038	35	55	60	#
1227	289329	15	17	59	#
1228	852322	3	44	52	#
1229	596357	6	22	48	#
1230	79357	44	48	55	#
1231	378195	48	50	60	#
1232	162552	7	28	49	#
1233	634878	15	19	43	#
1234	538279	21	30	40	#
1235	397587	1	13	48	#
1236	957476	7	45	57	#
1237	898613	3	21	45	#
1238	369299	46	51	58	#
1239	764163	3	5	28	#
1240	940270	31	48	55	#
1241	689178	31	50	54	#
1242	614112	8	29	53	#
1243	505696	13	44	51	#
1244	155107	16	34	56	#
1245	961094	13	19	55	#
1246	413501	1	33	54	#
1247	92066	13	29	46	#
1248	794242	13	29	61	#
1249	434636	16	34	62	#
1250	832795	14	42	52	#
1251	274358	12	36	37	#
1252	741502	13	24	42	#
1253	280788	16	30	42	#
1254	736712	9	24	30	#
1255	76052	34	43	60	#
1256	777778	35	37	38	#
1257	225833	7	46	63	#
1258	920902	24	27	51	#
1259	654505	20	46	47	#
1260	958932	5	27	38	#
1261	496405	20	37	46	#
1262	354679	10	60	63	#
1263	358048	11	25	39	#
1264	466306	8	13	43	#
1265	378460	11	19	52	#
1266	732247	15	53	57	#
1267	25666	19	29	39	#
1268	240871	14	23	42	#
1269	429763	16	45	53	#
1270	715540	17	39	62	#
1271	460299	1	22	34	#
1272	269448	30	47	50	#
1273	21806	16	20	21	#
1274	399266	21	38	49	#
1275	610872	34	47	61	#
1276	355048	1	15	21	#
1277	600299	17	26	55	#
1278	761598	2	7	58	#
1279	840278	1	46	63	#
1280	880176	35	48	59	#
1281	962968	9	51	57	#
1282	957234	17	46	59	#
1283	713059	0	34	45	#
1284	299235	13	41	52	#
1285	984004	6	41	43	#
1286	811281	2	46	63	#
1287	999265	38	47	52	#
1288	742112	8	29	35	#
1289	910965	17	34	38	#
1290	289203	22	37	39	#
1291	327548	3	30	51	#
1292	535065	15	22	51	#
1293	927606	17	18	53	#
1294	909462	35	44	48	#
1295	48405	21	46	60	#
1296	319666	11	36	54	#
1297	981129	0	15	31	#
1298	762453	8	35	62	#
1299	807283	47	51	53	#
1300	676774	18	42	53	#
1301	704553	7	22	59	#
1302	2607	27	47	54	#
1303	172389	14	17	31	#
1304	617979	6	22	41	#
1305	481601	22	48	52	#
1306	980174	15	38	49	#
1307	265916	41	48	58	#
1308	724753	21	51	54	#
1309	239324	52	55	63	#
1310	520331	21	36	50	#
1311	549864	20	21	35	#
1312	952642	28	30	50	#
1313	216559	1	5	54	#
1314	198287	1	42	45	#
1315	900392	25	34	60	#
1316	624580	23	24	44	#
1317	992633	6	19	27	#
1318	169408	1	37	55	#
1319	483875	6	22	34	#
1320	935304	12	58	63	#
1321	211269	5	26	40	#
1322	704266	25	40	57	#
1323	169516	27	48	58	#
1324	442583	12	51	59	#
1325	848139	6	54	56	#
1326	918134	29	59	60	#
1327	566111	3	43	48	#
1328	183908	4	37	57	#
1329	674837	23	48	56	#
1330	252769	7	11	60	#
1331	68243	6	43	44	#
1332	727733	4	38	58	#
1333	926129	7	59	62	#
1334	458656	7	25	60	#
1335	514514	0	21	57	#
1336	386369	44	54	56	#
1337	192974	14	19	27	#
1338	839183	39	40	51	#
1339	375906	35	51	54	#
1340	626171	2	15	16	#
1341	13529	15	20	34	#
1342	99100	32	33	57	#
1343	778665	30	47	57	#
1344	835423	3	31	46	#
1345	593194	31	50	56	#
1346	265876	17	39	63	#
1347	591539	16	18	61	#
1348	453903	11	35	48	#
1349	348485	21	56	58	#
1350	79595	10	23	34	#
1351	638727	24	40	48	#
1352	803928	4	19	29	#
1353	180933	2	23	24	#
1354	575613	3	24	46	#
1355	217311	17	24	44	#
1356	245684	12	41	55	#
1357	409539	7	14	62	#
1358	312988	24	59	61	#
1359	68055	9	28	42	#
1360	487963	34	40	48	#
1361	174103	15	35	43	#
1362	32654	1	16	43	#
1363	2522	4	21	37	#
1364	511612	15	16	25	#
1365	408203	42	56	62	#
1366	671367	45	47	62	#
1367	224	20	34	44	#
1368	655418	45	53	59	#
1369	495086	27	51	56	#
1370	711	15	47	61	#
1371	362296	9	43	61	#
1372	480251	6	20	48	#
1373	152797	16	40	59	#
1374	429601	3	46	61	#
1375	963751	0	29	57	#
1376	397196	21	30	49	#
1377	662015	1	58	63	#
1378	386658	1	38	57	#
1379	858311	26	34	61	#
1380	552310	7	9	52	#
1381	628973	8	17	63	#
1382	519286	40	58	62	#
1383	442316	23	34	43	#
1384	165515	15	20	51	#
1385	159410	11	13	16	#
1386	757681	2	13	59	#
1387	329298	10	25	44	#
1388	14246	11	29	54	#
1389	59552	5	30	61	#
1390	58560	24	29	61	#
1391	487592	8	10	50	#
1392	347515	25	26	45	#
1393	653277	10	26	49	#
1394	843804	24	32	39	#
1395	844626	18	22	52	#
1396	350846	3	23	53	#
1397	961120	8	34	35	#
1398	342282	12	48	50	#
1399	528438	18	49	60	#
1400	441268	13	17	49	#
1401	181532	31	36	37	#
1402	966893	5	39	48	#
1403	353638	28	42	49	#
1404	297352	25	58	59	#
1405	597755	48	52	58	#
1406	549394	36	49	63	#
1407	404997	4	20	28	#
1408	956106	18	38	41	#
1409	607951	25	45	54	#
1410	375003	55	59	60	#
1411	243398	13	15	57	#
1412	970228	34	38	53	#
1413	141999	36	44	62	#
1414	860365	34	55	56	#
1415	818220	9	31	46	#
1416	469725	13	21	23	#
1417	70683	23	53	56	#
1418	298430	11	26	28	#
1419	71306	8	35	42	#
1420	835482	1	19	50	#
1421	620968	1	4	37	#
1422	378975	50	55	60	#
1423	598963	10	13	41	#
1424	244961	4	49	59	#
1425	780967	3	12	49	#
1426	131787	14	28	56	#
1427	821963	0	24	63	#
1428	258953	46	50	63	#
1429	215671	2	22	33	#
1430	568511	24	54	60	#
1431	197511	3	17	55	#
1432	15645	1	29	47	#
1433	632112	3	32	54	#
1434	45657	9	37	59	#
1435	77859	29	47	54	#
1436	242663	11	15	39	#
1437	248368	22	55	61	#
1438	456181	21	22	45	#
1439	209887	16	27	57	#
1440	296874	2	15	42	#
1441	156471	13	14	15	#
1442	900368	6	26	43	#
1443	912916	27	35	48	#
1444	245583	31	32	52	#
1445	277203	7	10	23	#
1446	75337	21	41	45	#
1447	537789	9	10	48	#
1448	18730	31	47	48	#
1449	630998	33	54	61	#
1450	472843	32	46	48	#
1451	439877	48	54	58	#
1452	165538	24	61	63	#
1453	678284	13	29	51	#
1454	91639	14	42	54	#
1455	652581	20	24	59	#
1456	691550	37	51	55	#
1457	948221	3	26	51	#
1458	724374	14	18	34	#
1459	749620	9	18	58	#
1460	276826	16	23	61	#
1461	69107	3	10	12	#
1462	780775	13	33	63	#
1463	47761	2	8	63	#
1464	860087	11	42	56	#
1465	558178	9	37	62	#
1466	714283	19	37	49	#
1467	490050	17	37	50	#
1468	375552	19	21	26	#
1469	738381	36	37	53	#
1470	814723	37	46	53	#
1471	776526	2	26	40	#
1472	76582	1	8	62	#
1473	188726	16	28	58	#
1474	171360	8	56	59	#
1475	752521	23	26	56	#
1476	192870	11	28	52	#
1477	374058	21	28	48	#
1478	994144	10	31	43	#
1479	555270	6	26	30	#
1480	893006	29	46	58	#
1481	229148	16	22	31	#
1482	302879	4	25	40	#
1483	737789	7	14	57	#
1484	888224	14	30	54	#
1485	447638	42	43	49	#
1486	987301	17	21	52	#
1487	862415	9	10	16	#
1488	702739	29	39	54	#
1489	776944	5	7	18	#
1490	904328	8	49	62	#
1491	182415	15	45	56	#
1492	77868	18	25	28	#
1493	43354	1	36	56	#
1494	963385	13	22	36	#
1495	420092	27	31	50	#
1496	491606	9	34	38	#
1497	891839	10	16	56	#
1498	992335	9	29	50	#
1499	862380	20	57	60	#
1500	144570	22	23	29	#
1501	799229	17	50	63	#
1502	784105	16	54	58	#
1503	376124	24	44	48	#
1504	615288	30	35	43	#
1505	495473	29	30	42	#
1506	400209	14	22	33	#
1507	294665	39	40	57	#
1508	710832	17	55	57	#
1509	542912	14	23	62	#
1510	361542	31	34	50	#
1511	212298	38	41	53	#
1512	680556	17	29	35	#
1513	88669	12	21	40	#
1514	518006	2	58	63	#
1515	899226	42	52	53	#
1516	591211	22	54	62	#
1517	920960	26	27	53	#
1518	736235	4	13	27	#
1519	436388	0	19	28	#
1520	788083	0	21	60	#
1521	687494	4	40	53	#
1522	129999	31	37	52	#
1523	4694	26	36	49	#
1524	777182	0	26	27	#
1525	583062	2	25	39	#
1526	164670	6	11	33	#
1527	649134	5	10	39	#
1528	606354	11	38	61	#
1529	626500	20	35	39	#
1530	818950	7	20	38	#
1531	924969	43	44	45	#
1532	936982	16	25	37	#
1533	922595	3	29	60	#
1534	999035	0	39	53	#
1535	818546	8	16	42	#
1536	847186	7	10	19	#
1537	961711	8	9	45	#
1538	319858	1	26	47	#
1539	555488	4	7	46	#
1540	352664	27	29	58	#
1541	878256	34	42	44	#
1542	903104	16	18	56	#
1543	957519	13	20	63	#
1544	839362	8	20	32	#
1545	872505	4	22	56	#
1546	544267	7	24	52	#
1547	734698	7	31	45	#
1548	438534	24	36	63	#
1549	316476	17	40	60	#
1550	734371	5	14	58	#
1551	4439	16	30	62	#
1552	802368	3	5	62	#
1553	256471	26	28	32	#
1554	361560	0	6	35	#
1555	208617	20	23	38	#
1556	641794	6	26	59	#
1557	943868	1	48	52	#
1558	161053	0	17	26	#
1559	189674	14	40	56	#
1560	760727	8	17	26	#
1561	175383	19	32	63	#
1562	621804	8	24	51	#
1563	165722	16	21	55	#
1564	219031	25	30	58	#
1565	7911	12	20	28	#
1566	480995	14	50	54	#
1567	305693	1	33	39	#
1568	324565	1	7	14	#
1569	701789	7	34	54	#
1570	241007	5	30	38	#
1571	149632	14	16	36	#
1572	151072	42	46	51	#
1573	985965	2	27	61	#
1574	317657	15	35	47	#
1575	77754	14	41	62	#
1576	707201	14	20	51	#
1577	310045	2	21	50	#
1578	824730	12	44	61	#
1579	205832	14	38	61	#
1580	712529	42	48	62	#
1581	524619	19	40	49	#
1582	498711	6	28	55	#
1583	273321	51	54	56	#
1584	609471	22	26	42	#
1585	681283	15	39	52	#
1586	912171	21	22	49	#
1587	372327	24	44	61	#
1588	880563	7	14	35	#
1589	557700	17	26	42	#
1590	980754	3	20	51	#
1591	764507	58	60	62	#
1592	852768	4	39	45	#
1593	388450	1	19	40	#
1594	758246	8	23	52	#
1595	980547	9	60	63	#
1596	854403	3	18	52	#
1597	675077	2	35	51	#
1598	557651	3	5	61	#
1599	855754	14	22	24	#
1600	370174	14	37	56	#
1601	763469	7	12	30	#
1602	475488	3	7	59	#
1603	666417	20	35	59	#
1604	61655	6	50	62	#
1605	689886	29	41	55	#
1606	248545	3	12	50	#
1607	509119	36	43	57	#
1608	800953	36	46	51	#
1609	152428	34	48	59	#
1610	291296	26	49	54	#
1611	33889	1	6	59	#
1612	950819	10	36	37	#
1613	863208	2	9	13	#
1614	179668	19	40	56	#
1615	264949	15	56	59	#
1616	972716	36	39	49	#
1617	780138	27	29	56	#
1618	371431	4	34	60	#
1619	420297	40	48	53	#
1620	419141	6	22	32	#
1621	97323	9	11	51	#
1622	119759	13	49	59	#
1623	62164	0	27	43	#
1624	329897	1	51	57	#
1625	951085	24	32	59	#
1626	849505	18	19	32	#
1627	160374	16	40	58	#
1628	968246	12	23	41	#
1629	48665	0	9	30	#
1630	515707	33	37	41	#
1631	900633	5	14	30	#
1632	78	56	61	63	#
1633	676615	5	16	31	#
1634	713872	29	41	61	#
1635	319797	22	53	63	#
1636	135448	17	21	59	#
1637	795934	18	26	36	#
1638	561552	22	39	50	#
1639	100118	43	57	58	#
1640	668769	4	12	30	#
1641	180949	17	43	44	#
1642	618625	3	26	57	#
1643	268958	9	14	47	#
1644	914784	23	42	61	#
1645	920095	2	7	12	#
1646	359878	38	42	44	#
1647	552823	20	32	45	#
1648	907958	29	34	56	#
1649	120340	6	38	49	#
1650	460361	18	25	50	#
1651	201952	27	30	39	#
1652	698399	20	28	51	#
1653	702454	7	9	27	#
1654	842551	6	61	63	#
1655	702271	7	37	54	#
1656	339667	19	50	51	#
1657	850981	19	24	37	#
1658	394691	34	50	58	#
1659	2478	14	37	50	#
1660	209765	12	27	38	#
1661	626974	6	22	26	#
1662	771037	34	39	63	#
1663	903177	6	31	56	#
1664	893564	20	29	49	#
1665	895679	53	54	60	#
1666	876662	3	32	63	#
1667	855525	2	48	55	#
1668	742268	13	16	55	#
1669	762508	21	26	39	#
1670	455122	6	20	23	#
1671	539110	7	23	46	#
1672	267603	3	10	27	#
1673	115026	5	27	28	#
1674	237689	14	28	53	#
1675	703397	27	39	44	#
1676	862335	16	46	51	#
1677	805435	22	45	61	#
1678	769352	3	49	58	#
1679	756250	18	37	48	#
1680	964643	11	34	51	#
1681	813100	19	33	58	#
1682	85765	9	14	42	#
1683	757063	5	11	36	#
1684	348112	4	19	46	#
1685	730068	19	40	50	#
1686	386641	12	24	50	#
1687	561483	24	26	57	#
1688	993897	41	44	63	#
1689	151907	20	23	31	#
1690	834207	4	38	40	#
1691	576547	20	53	62	#
1692	574258	0	8	20	#
1693	446553	0	12	32	#
1694	511874	18	39	58	#
1695	723884	29	31	36	#
1696	707660	2	16	61	#
1697	623785	17	20	55	#
1698	828289	6	26	62	#
1699	458645	28	58	61	#
1700	513927	15	34	44	#
1701	350736	28	39	63	#
1702	981215	18	22	54	#
1703	309848	7	26	53	#
1704	953459	8	24	62	#
1705	733328	24	33	52	#
1706	173614	5	35	49	#
1707	466400	14	30	47	#
1708	61910	2	29	51	#
1709	509889	18	43	44	#
1710	278171	28	53	63	#
1711	304194	11	47	48	#
1712	836680	16	31	48	#
1713	249980	21	38	47	#
1714	914088	8	32	59	#
1715	848047	53	56	57	#
1716	64855	10	18	57	#
1717	930289	28	51	52	#
1718	188907	32	39	48	#
1719	82290	7	18	54	#
1720	862465	31	51	57	#
1721	627222	3	11	19	#
1722	897403	4	36	43	#
1723	859467	19	57	60	#
1724	248324	10	40	45	#
1725	849554	9	22	57	#
1726	448817	16	18	29	#
1727	762169	3	47	61	#
1728	412383	27	44	51	#
1729	219118	2	8	39	#
1730	476071	34	45	50	#
1731	348904	3	22	46	#
1732	286735	51	55	61	#
1733	281149	6	12	14	#
1734	704539	1	15	24	#
1735	228967	27	37	52	#
1736	273549	12	36	50	#
1737	498662	9	26	34	#
1738	724634	11	34	53	#
1739	618266	2	10	46	#
1740	491289	2	32	34	#
1741	17153	2	30	47	#
1742	66843	28	42	50	#
1743	871386	25	31	62	#
1744	648882	30	47	53	#
1745	703964	4	48	60	#
1746	477019	0	37	45	#
1747	307533	13	27	37	#
1748	35587	40	46	48	#
1749	80740	19	34	57	#
1750	469446	29	30	50	#
1751	920085	6	10	43	#
1752	605900	4	28	33	#
1753	199315	18	38	50	#
1754	144938	2	10	52	#
1755	766586	7	9	46	#
1756	444528	36	46	54	#
1757	270795	15	30	36	#
1758	648826	13	15	25	#
1759	350482	20	22	61	#
1760	729663	33	52	53	#
1761	55971	26	40	44	#
1762	967275	1	7	53	#
1763	426152	2	31	36	#
1764	847916	9	47	62	#
1765	442506	9	27	54	#
1766	264205	15	21	58	#
1767	529725	23	48	61	#
1768	329128	2	4	39	#
1769	45196	38	39	61	#
1770	573358	2	43	59	#
1771	832085	16	40	61	#
1772	296306	8	45	47	#
1773	314315	5	32	39	#
1774	498960	1	19	62	#
1775	189227	9	31	41	#
1776	522511	6	7	10	#
1777	611165	13	47	54	#
1778	372415	8	20	21	#
1779	377076	11	13	23	#
1780	503984	2	30	52	#
1781	53883	10	26	60	#
1782	899043	30	36	43	#
1783	591492	41	51	63	#
1784	721840	9	51	54	#
1785	693279	7	53	60	#
1786	664339	21	41	50	#
1787	676453	17	29	34	#
1788	806018	24	28	42	#
1789	652292	20	27	54	#
1790	490367	5	6	58	#
1791	655096	30	34	50	#
1792	759343	15	51	63	#
1793	486100	17	40	43	#
1794	742332	14	57	58	#
1795	502066	10	37	51	#
1796	291818	18	27	35	#
1797	843445	39	41	56	#
1798	333776	37	49	55	#
1799	988620	5	35	61	#
1800	808088	5	12	25	#
1801	193593	42	43	44	#
1802	262713	12	18	20	#
1803	330564	36	56	61	#
1804	135109	13	23	32	#
1805	874212	14	27	56	#
1806	505342	10	17	61	#
1807	301105	5	22	39	#
1808	637578	26	37	60	#
1809	965477	2	11	13	#
1810	593760	32	34	62	#
1811	68769	1	6	61	#
1812	900569	23	50	53	#
1813	774712	21	39	56	#
1814	470475	16	27	41	#
1815	754441	17	48	60	#
1816	198852	2	23	37	#
1817	872026	8	15	30	#
1818	65512	34	56	57	#
1819	812476	10	21	54	#
1820	495303	8	30	50	#
1821	208361	7	12	63	#
1822	985963	3	23	25	#
1823	253072	8	27	39	#
1824	781197	29	56	59	#
1825	449741	27	40	49	#
1826	739646	15	22	45	#
1827	91933	11	19	38	#
1828	812546	26	29	57	#
1829	623571	17	34	43	#
1830	673587	23	26	43	#
1831	278285	0	30	57	#
1832	524818	27	34	62	#
1833	246725	10	18	53	#
1834	609294	7	23	63	#
1835	814759	3	10	46	#
1836	997496	24	49	56	#
1837	814561	9	22	54	#
1838	207470	0	31	53	#
1839	306485	21	35	48	#
1840	36053	6	44	63	#
1841	55100	22	27	32	#
1842	702156	1	37	59	#
1843	414533	5	52	62	#
1844	32983	6	28	56	#
1845	696266	8	33	37	#
1846	960163	28	44	58	#
1847	956803	4	26	62	#
1848	35203	6	50	52	#
1849	413115	25	41	48	#
1850	22251	1	5	18	#
1851	370544	26	39	48	#
1852	881084	12	44	62	#
1853	630843	35	39	60	#
1854	837293	13	48	49	#
1855	520411	13	43	48	#
1856	109348	1	50	62	#
1857	367040	2	10	51	#
1858	621006	13	36	55	#
1859	880548	13	26	42	#
1860	485128	13	45	63	#
1861	731764	1	15	32	#
1862	420167	1	28	60	#
1863	892081	15	38	44	#
1864	196295	9	12	51	#
1865	831731	22	28	33	#
1866	784654	24	28	35	#
1867	537233	4	46	53	#
1868	466488	19	22	59	#
1869	736109	22	35	47	#
1870	898146	12	16	62	#
1871	34328	5	38	40	#
1872	273472	2	18	32	#
1873	895612	10	33	36	#
1874	276854	31	39	51	#
1875	521572	15	18	19	#
1876	478192	6	26	32	#
1877	727805	16	18	36	#
1878	853462	33	40	49	#
1879	540069	0	50	62	#
1880	590417	9	17	22	#
1881	820261	5	17	53	#
1882	373069	30	31	56	#
1883	494325	33	49	57	#
1884	630926	5	13	54	#
1885	562692	9	32	35	#
1886	773504	43	50	54	#
1887	117111	19	40	41	#
1888	720628	13	15	33	#
1889	982280	9	26	45	#
1890	260620	8	39	42	#
1891	574471	1	44	56	#
1892	870536	7	36	47	#
1893	431115	5	26	30	#
1894	459050	8	24	31	#
1895	975497	6	7	36	#
1896	289373	23	32	39	#
1897	923657	32	48	52	#
1898	795199	30	32	38	#
1899	689268	36	42	43	#
1900	211190	12	27	43	#
1901	764199	2	8	58	#
1902	39739	22	48	60	#
1903	624345	35	53	56	#
1904	751770	20	28	47	#
1905	851918	9	25	29	#
1906	276514	6	52	55	#
1907	588243	25	31	47	#
1908	773717	5	22	53	#
1909	135214	9	32	44	#
1910	901444	23	42	44	#
1911	508887	17	30	31	#
1912	293600	7	25	45	#
1913	15331	21	24	30	#
1914	243572	15	31	32	#
1915	466676	15	52	53	#
1916	653803	41	55	63	#
1917	484408	0	22	39	#
1918	155891	0	20	56	#
1919	447322	36	39	43	#
1920	931750	21	41	52	#
1921	33132	2	10	39	#
1922	173615	33	46	52	#
1923	975597	10	49	63	#
1924	309139	37	43	61	#
1925	613125	16	21	38	#
1926	87555	3	50	56	#
1927	40160	16	20	49	#
1928	373866	15	33	42	#
1929	189255	2	25	42	#
1930	30243	3	6	25	#
1931	969623	3	4	50	#
1932	577277	3	10	31	#
1933	598781	2	8	13	#
1934	827716	4	23	49	#
1935	272307	13	30	48	#
1936	920940	12	13	49	#
1937	358253	0	20	40	#
1938	875127	3	6	7	#
1939	162760	14	32	44	#
1940	453041	5	21	45	#
1941	56479	11	19	53	#
1942	672879	4	48	59	#
1943	761877	10	22	33	#
1944	17016	33	34	46	#
1945	397634	8	9	44	#
1946	750324	33	50	53	#
1947	496193	0	30	55	#
1948	706900	10	22	30	#
1949	293524	27	57	63	#
1950	490412	52	58	62	#
1951	589460	37	59	62	#
1952	664783	31	44	48	#
1953	10270	1	8	37	#
1954	416755	5	7	46	#
1955	296792	13	35	40	#
1956	259020	21	48	49	#
1957	490995	40	48	58	#
1958	632440	14	16	30	#
1959	316695	25	26	59	#
1960	286116	3	8	9	#
1961	710140	5	12	13	#
1962	768463	33	47	54	#
1963	625123	9	40	60	#
1964	984519	13	22	53	#
1965	562493	37	43	58	#
1966	53039	18	28	29	#
1967	755366	7	15	40	#
1968	631497	7	10	18	#
1969	579024	4	51	60	#
1970	467942	1	46	48	#
1971	548472	8	48	54	#
1972	185710	32	33	60	#
1973	216764	5	23	57	#
1974	210336	32	37	48	#
1975	393714	1	11	29	#
1976	307551	33	40	60	#
1977	367248	37	50	52	#
1978	417115	0	9	25	#
1979	228640	1	7	49	#
1980	339244	38	43	49	#
1981	978053	2	18	60	#
1982	358783	11	34	43	#
1983	818238	14	17	43	#
1984	76766	2	25	59	#
1985	931974	14	24	27	#
1986	559913	3	15	52	#
1987	892222	8	32	44	#
1988	411593	5	8	59	#
1989	928098	4	10	41	#
1990	38502	7	33	37	#
1991	509882	18	19	51	#
1992	176056	2	35	59	#
1993	610500	3	33	38	#
1994	235820	9	34	55	#
1995	876125	2	18	22	#
1996	330538	17	19	35	#
1997	953689	30	40	46	#
1998	655978	10	38	50	#
1999	718975	7	51	56	#
