%% File generated by CATS v.2.1Wed Jun 19 17:40:31 2013

%% The CATS webpage is http://robotics.stanford.edu/CATS

%% PARAMETER SETTINGS:
% Goods: 64; Bids: 2000; Distribution: L3; Runs: 50; Seed: 1371658681
% Legacy distribution parameters:
% Number of goods chosen according to Constant distribution (const_goods = 3).
% Price chosen according to Fixed Random distribution (low_fixed = 0, high_fixed = 1000).


goods 64
bids 2000
dummy 0

0	560144	13	33	49	#
1	690282	0	14	50	#
2	581993	18	29	39	#
3	527200	17	32	50	#
4	791017	5	7	24	#
5	221562	10	11	61	#
6	739155	13	24	27	#
7	499327	45	51	58	#
8	151480	26	41	63	#
9	892578	41	52	56	#
10	40069	45	54	61	#
11	497921	0	9	16	#
12	516984	25	46	55	#
13	154306	34	42	60	#
14	597573	50	52	63	#
15	933811	18	36	39	#
16	627844	4	42	44	#
17	129455	38	39	61	#
18	185084	15	27	62	#
19	585548	11	26	63	#
20	172256	5	40	53	#
21	418048	19	29	56	#
22	762957	17	26	52	#
23	506929	6	15	38	#
24	204289	0	3	59	#
25	243995	14	16	41	#
26	591871	33	55	59	#
27	937178	12	33	52	#
28	334045	0	9	25	#
29	365387	8	9	18	#
30	508930	4	43	47	#
31	133458	26	31	47	#
32	30370	2	20	43	#
33	854723	3	22	36	#
34	707159	20	25	41	#
35	172258	34	60	61	#
36	491610	8	47	63	#
37	821144	2	15	21	#
38	160048	4	7	58	#
39	79020	19	46	54	#
40	682936	3	21	32	#
41	759626	15	23	40	#
42	62881	14	25	43	#
43	502661	13	31	51	#
44	345489	5	40	52	#
45	618165	21	56	57	#
46	841070	8	20	40	#
47	154768	45	47	53	#
48	334453	17	23	62	#
49	178528	21	42	59	#
50	205657	27	45	58	#
51	472724	24	27	56	#
52	935945	21	23	52	#
53	998829	0	61	62	#
54	431787	13	20	52	#
55	495057	31	35	45	#
56	963509	10	18	41	#
57	531218	28	34	60	#
58	285922	3	43	53	#
59	760281	33	34	57	#
60	684991	11	17	19	#
61	277958	41	44	47	#
62	277576	13	42	62	#
63	706562	1	6	9	#
64	880587	6	18	58	#
65	99183	3	18	54	#
66	161357	17	43	53	#
67	343342	14	17	46	#
68	582822	24	53	59	#
69	35595	0	12	17	#
70	865094	1	14	16	#
71	128445	13	47	53	#
72	299270	0	19	55	#
73	259412	11	14	17	#
74	269836	0	18	21	#
75	343703	1	38	51	#
76	768775	50	58	63	#
77	16816	3	5	56	#
78	517495	9	18	54	#
79	424541	1	21	32	#
80	347879	9	31	37	#
81	748925	15	24	27	#
82	403873	13	46	63	#
83	114791	19	36	61	#
84	72038	5	24	35	#
85	308217	15	39	62	#
86	833825	26	31	40	#
87	951823	9	41	63	#
88	976819	17	36	38	#
89	504312	2	31	48	#
90	397611	4	11	29	#
91	98247	22	26	38	#
92	364167	12	15	45	#
93	111629	6	45	47	#
94	647144	6	49	52	#
95	394129	17	48	49	#
96	867084	37	47	52	#
97	449410	3	46	50	#
98	767636	9	23	52	#
99	606397	1	21	45	#
100	952284	2	40	47	#
101	845308	25	28	60	#
102	342497	2	11	31	#
103	559750	13	30	48	#
104	139163	29	37	38	#
105	588577	44	50	56	#
106	229343	6	8	30	#
107	887115	21	42	58	#
108	470475	12	20	29	#
109	539977	25	29	50	#
110	900228	20	24	26	#
111	314942	21	49	63	#
112	205084	17	26	45	#
113	839719	21	50	54	#
114	154725	11	46	47	#
115	163825	8	22	35	#
116	577438	42	46	59	#
117	976634	35	42	61	#
118	851190	15	24	55	#
119	292626	43	49	56	#
120	815666	5	42	63	#
121	986216	2	37	61	#
122	472496	7	28	50	#
123	161052	2	10	56	#
124	834052	31	40	63	#
125	972454	19	49	63	#
126	805602	15	35	42	#
127	186731	2	7	45	#
128	41298	0	27	60	#
129	457372	6	15	35	#
130	301354	12	35	48	#
131	25680	4	21	56	#
132	398431	26	27	48	#
133	949977	5	26	56	#
134	310215	17	21	40	#
135	762144	0	22	39	#
136	47109	21	29	42	#
137	433906	24	46	48	#
138	801097	23	34	36	#
139	705521	23	38	52	#
140	701293	4	38	41	#
141	26654	9	41	60	#
142	852145	17	28	61	#
143	571831	25	32	62	#
144	687209	10	52	63	#
145	76433	2	47	54	#
146	333229	5	24	56	#
147	202110	28	35	39	#
148	309142	4	47	53	#
149	598517	4	5	31	#
150	420738	13	26	52	#
151	692537	5	22	24	#
152	169799	5	22	40	#
153	506651	15	31	43	#
154	219817	22	24	51	#
155	484883	20	46	55	#
156	153848	46	56	58	#
157	387743	26	49	54	#
158	44133	2	42	52	#
159	806877	9	43	57	#
160	516785	23	28	42	#
161	854690	14	38	44	#
162	227277	12	42	56	#
163	753962	14	60	63	#
164	317493	10	22	46	#
165	976916	18	32	47	#
166	559762	7	31	34	#
167	301241	29	35	37	#
168	789486	9	11	42	#
169	795040	6	26	39	#
170	472443	20	39	43	#
171	198954	0	8	44	#
172	548282	24	57	59	#
173	847974	7	22	42	#
174	44113	23	59	62	#
175	739566	7	21	60	#
176	433072	6	9	30	#
177	286573	12	46	55	#
178	588733	15	33	63	#
179	277746	22	30	32	#
180	843446	2	11	48	#
181	320250	18	39	62	#
182	97171	9	10	60	#
183	862935	38	44	53	#
184	143088	28	43	46	#
185	807028	11	43	51	#
186	377265	5	39	42	#
187	477434	5	19	29	#
188	841857	3	11	31	#
189	775756	15	18	25	#
190	114832	16	19	43	#
191	665182	2	21	39	#
192	903895	4	33	59	#
193	747788	15	21	23	#
194	328298	50	54	62	#
195	238703	42	49	55	#
196	691937	35	38	48	#
197	893194	13	15	18	#
198	92768	19	49	55	#
199	699524	33	61	62	#
200	290031	12	31	53	#
201	496775	14	40	49	#
202	929267	15	16	29	#
203	752089	8	21	60	#
204	884038	2	5	56	#
205	708425	26	36	59	#
206	615188	15	18	21	#
207	2833	13	15	48	#
208	627530	32	48	63	#
209	426329	2	37	46	#
210	392789	36	52	59	#
211	430959	38	52	61	#
212	745289	48	61	62	#
213	580522	20	61	63	#
214	938237	10	28	57	#
215	388444	6	25	32	#
216	399360	0	39	41	#
217	889642	3	12	16	#
218	178674	8	61	63	#
219	852790	4	12	24	#
220	648660	33	57	63	#
221	755188	0	6	13	#
222	555089	3	35	41	#
223	514553	7	13	63	#
224	396699	24	42	63	#
225	500325	2	10	19	#
226	691009	28	33	47	#
227	531681	15	30	57	#
228	471912	10	45	47	#
229	410265	27	30	31	#
230	796047	1	3	33	#
231	32695	9	37	54	#
232	235169	39	43	46	#
233	281255	28	39	48	#
234	688152	8	13	18	#
235	700734	9	45	58	#
236	358971	30	36	42	#
237	435192	34	38	58	#
238	415968	8	41	45	#
239	39143	4	8	54	#
240	335847	14	42	60	#
241	657365	10	21	63	#
242	308193	6	62	63	#
243	188923	28	32	40	#
244	926729	12	23	27	#
245	170967	26	42	43	#
246	62672	1	59	62	#
247	421101	31	51	58	#
248	931877	1	15	62	#
249	868361	0	27	45	#
250	648818	31	53	61	#
251	93949	22	27	50	#
252	334657	14	33	37	#
253	889752	16	30	63	#
254	338117	0	30	62	#
255	344488	2	13	63	#
256	922683	22	37	40	#
257	610896	32	42	59	#
258	332121	22	24	45	#
259	776130	29	36	37	#
260	90558	0	5	38	#
261	945964	20	21	48	#
262	847455	5	15	29	#
263	123181	1	46	51	#
264	711465	14	22	48	#
265	847314	16	32	46	#
266	508352	44	52	61	#
267	560277	5	30	43	#
268	864272	0	4	58	#
269	366773	36	46	51	#
270	279445	11	19	52	#
271	291386	21	38	49	#
272	86368	13	21	34	#
273	467067	22	37	43	#
274	22845	13	35	40	#
275	690719	11	13	50	#
276	439007	23	32	53	#
277	711594	6	46	48	#
278	601492	4	10	29	#
279	52787	8	11	37	#
280	58913	11	26	58	#
281	445583	13	22	29	#
282	314991	42	59	62	#
283	478509	24	26	56	#
284	119201	17	27	61	#
285	424239	6	25	60	#
286	529495	20	45	56	#
287	292105	8	12	27	#
288	527655	25	29	59	#
289	558425	6	24	40	#
290	271493	6	40	48	#
291	140218	7	13	33	#
292	823662	25	37	43	#
293	452577	26	50	62	#
294	211130	4	10	46	#
295	317652	31	35	47	#
296	630318	6	25	43	#
297	226283	31	56	61	#
298	765969	2	45	53	#
299	971899	11	14	63	#
300	542602	3	17	36	#
301	158790	14	27	62	#
302	496347	13	20	48	#
303	867119	14	27	55	#
304	995360	12	22	58	#
305	689634	48	58	61	#
306	674673	23	32	41	#
307	445924	3	26	63	#
308	745316	23	48	60	#
309	627091	0	32	57	#
310	287711	1	19	54	#
311	27045	22	41	60	#
312	245819	35	59	60	#
313	76216	15	28	50	#
314	601173	24	37	48	#
315	124920	27	31	46	#
316	170422	17	43	62	#
317	181158	31	42	59	#
318	988607	8	35	51	#
319	286312	43	51	62	#
320	438604	3	37	42	#
321	516984	21	38	47	#
322	145958	17	35	50	#
323	402669	0	3	63	#
324	889865	2	50	52	#
325	639911	11	34	45	#
326	111894	23	24	52	#
327	820910	2	25	40	#
328	147859	7	38	52	#
329	382325	28	32	51	#
330	766012	6	47	51	#
331	216785	8	57	63	#
332	171881	47	57	62	#
333	277627	14	29	38	#
334	681929	29	57	58	#
335	892357	19	24	48	#
336	361573	2	33	53	#
337	108291	3	8	44	#
338	891120	16	44	51	#
339	750482	22	47	50	#
340	153128	27	39	55	#
341	610644	3	28	43	#
342	525846	0	2	30	#
343	951841	0	12	56	#
344	811598	22	23	37	#
345	695553	13	34	49	#
346	546081	11	29	32	#
347	209885	9	11	40	#
348	965573	23	40	42	#
349	774170	8	18	29	#
350	366	14	37	57	#
351	313281	16	36	38	#
352	41885	25	37	54	#
353	368338	32	33	52	#
354	907859	31	42	43	#
355	494255	12	15	51	#
356	803063	21	44	50	#
357	148016	39	53	56	#
358	57987	27	40	57	#
359	335577	17	39	49	#
360	298091	3	13	31	#
361	967990	7	9	39	#
362	421377	30	57	59	#
363	547432	3	15	30	#
364	183290	23	41	56	#
365	552847	13	53	63	#
366	251120	27	44	51	#
367	168200	12	22	44	#
368	393864	6	11	60	#
369	398151	0	4	13	#
370	793022	16	30	52	#
371	224500	15	22	54	#
372	658739	20	34	35	#
373	260279	10	34	38	#
374	732947	19	24	33	#
375	935625	33	36	45	#
376	594324	5	16	53	#
377	322165	34	50	57	#
378	8999	9	29	51	#
379	47343	38	41	60	#
380	181284	7	48	60	#
381	876130	55	57	59	#
382	650314	2	30	43	#
383	444757	4	6	55	#
384	751317	14	23	42	#
385	661834	39	60	63	#
386	1427	3	18	39	#
387	125036	3	35	45	#
388	353001	2	7	38	#
389	421196	6	23	38	#
390	847627	0	2	48	#
391	517774	28	31	42	#
392	569900	11	27	40	#
393	213218	11	13	44	#
394	477805	41	46	47	#
395	150516	0	30	49	#
396	324416	5	38	53	#
397	311636	40	52	53	#
398	825828	43	51	60	#
399	718116	19	41	52	#
400	490501	31	37	53	#
401	856981	11	43	61	#
402	772297	15	17	22	#
403	301405	35	42	51	#
404	112770	22	56	62	#
405	101925	8	34	47	#
406	997882	33	37	49	#
407	786764	22	34	38	#
408	370102	30	35	44	#
409	228719	41	45	54	#
410	608940	11	43	46	#
411	211302	13	15	38	#
412	821280	10	18	53	#
413	258238	1	7	49	#
414	367436	1	11	21	#
415	178152	11	26	36	#
416	389704	22	28	34	#
417	743258	28	51	60	#
418	884046	9	15	58	#
419	512415	15	25	53	#
420	687829	7	48	52	#
421	797072	32	45	56	#
422	505856	17	25	55	#
423	762947	18	41	43	#
424	429152	21	22	49	#
425	3728	22	35	43	#
426	575104	33	35	40	#
427	515101	18	39	50	#
428	732746	5	13	57	#
429	715043	17	42	50	#
430	127713	4	5	10	#
431	687649	20	38	56	#
432	968151	16	24	55	#
433	560311	18	23	32	#
434	911464	14	20	29	#
435	717506	47	59	60	#
436	838861	35	42	60	#
437	120519	15	26	58	#
438	726915	8	14	58	#
439	855405	36	49	55	#
440	487684	14	19	40	#
441	466238	3	50	53	#
442	952639	2	5	48	#
443	421732	34	49	50	#
444	246777	14	30	36	#
445	13705	11	36	50	#
446	76720	28	30	36	#
447	425522	29	38	50	#
448	40549	16	46	52	#
449	509345	23	26	51	#
450	534923	6	17	24	#
451	934400	15	51	60	#
452	980051	9	12	48	#
453	230111	26	48	54	#
454	916181	20	35	59	#
455	159048	2	42	45	#
456	764444	12	13	40	#
457	672050	21	27	54	#
458	690465	0	5	8	#
459	421510	8	38	63	#
460	60876	10	15	37	#
461	438677	3	14	20	#
462	440869	34	49	53	#
463	116972	4	16	45	#
464	705628	26	51	53	#
465	386230	19	54	60	#
466	594192	42	46	51	#
467	590875	27	41	43	#
468	81033	16	34	39	#
469	289267	17	33	41	#
470	633366	12	27	54	#
471	131294	8	52	63	#
472	487712	9	55	56	#
473	13608	5	33	49	#
474	999060	17	21	36	#
475	260503	6	11	55	#
476	946467	0	3	62	#
477	167455	30	37	52	#
478	158770	9	45	60	#
479	659987	35	51	62	#
480	533176	8	25	48	#
481	562989	17	52	62	#
482	224446	18	51	56	#
483	531229	10	26	60	#
484	360778	28	39	55	#
485	258654	17	23	36	#
486	678158	29	41	56	#
487	491950	6	43	53	#
488	264907	12	24	63	#
489	609118	29	55	59	#
490	537895	32	36	48	#
491	998298	23	33	60	#
492	953802	5	19	22	#
493	875283	22	31	56	#
494	680454	20	39	59	#
495	551510	8	19	22	#
496	816007	2	12	46	#
497	550207	2	43	47	#
498	684236	25	45	61	#
499	659156	2	16	47	#
500	440524	17	32	37	#
501	342334	10	37	45	#
502	398630	1	36	46	#
503	254969	8	19	59	#
504	883785	22	26	51	#
505	80170	12	26	35	#
506	219471	20	48	57	#
507	285209	17	21	24	#
508	663207	4	39	63	#
509	681615	6	11	23	#
510	720935	6	56	60	#
511	865659	6	7	28	#
512	290125	33	56	57	#
513	714439	36	51	61	#
514	508440	42	58	60	#
515	277764	3	13	23	#
516	17857	13	32	54	#
517	36155	33	46	63	#
518	593339	16	36	51	#
519	796290	10	37	54	#
520	730719	11	13	45	#
521	251576	15	46	56	#
522	840181	2	42	58	#
523	74510	2	7	44	#
524	149732	16	55	56	#
525	976354	7	14	53	#
526	287329	33	55	61	#
527	95654	10	24	37	#
528	780835	10	53	58	#
529	144757	31	34	42	#
530	391706	39	48	52	#
531	158444	13	34	57	#
532	281369	10	12	37	#
533	849987	12	35	42	#
534	498458	19	22	24	#
535	647274	4	24	45	#
536	170614	25	37	44	#
537	455303	26	30	57	#
538	86311	9	23	45	#
539	71225	0	23	34	#
540	60159	9	30	40	#
541	964243	36	39	43	#
542	589410	3	10	26	#
543	825064	17	36	52	#
544	829900	8	27	49	#
545	888224	2	17	49	#
546	846409	31	32	40	#
547	535508	10	44	49	#
548	425430	17	52	55	#
549	99791	21	30	42	#
550	477609	25	42	63	#
551	106037	1	10	23	#
552	202607	32	34	49	#
553	409811	28	31	36	#
554	740906	10	33	41	#
555	823535	21	35	50	#
556	995087	17	18	26	#
557	856881	22	57	58	#
558	667353	13	23	44	#
559	140038	1	11	36	#
560	330603	10	59	60	#
561	947245	39	42	44	#
562	527096	2	26	52	#
563	992879	1	24	41	#
564	471761	27	52	58	#
565	333478	22	41	59	#
566	926478	7	14	54	#
567	855488	0	20	60	#
568	207143	4	59	62	#
569	670249	14	25	54	#
570	87094	14	36	38	#
571	329226	10	39	56	#
572	568502	6	43	50	#
573	635417	16	41	46	#
574	107559	22	41	49	#
575	548255	19	47	58	#
576	899817	5	32	61	#
577	354761	14	45	61	#
578	258802	50	58	61	#
579	496187	1	36	53	#
580	954002	33	35	61	#
581	718607	6	30	44	#
582	613634	9	16	21	#
583	290035	4	39	57	#
584	401391	31	43	45	#
585	151079	7	8	46	#
586	969079	55	58	60	#
587	461221	43	59	60	#
588	642580	7	8	32	#
589	155376	30	33	56	#
590	660802	23	39	59	#
591	283477	41	56	62	#
592	660907	19	25	27	#
593	244773	13	22	58	#
594	155625	16	25	43	#
595	120388	13	31	36	#
596	788827	6	30	51	#
597	199606	5	10	41	#
598	971064	1	8	58	#
599	855163	27	56	60	#
600	823390	31	38	47	#
601	796589	19	37	49	#
602	740825	4	40	46	#
603	284055	2	7	59	#
604	16722	16	24	52	#
605	822971	13	25	36	#
606	591229	5	34	37	#
607	407617	25	30	51	#
608	669360	18	21	53	#
609	27506	0	26	49	#
610	941586	3	12	15	#
611	119230	26	59	62	#
612	640012	17	51	62	#
613	997136	2	3	37	#
614	208097	10	41	61	#
615	843069	10	13	36	#
616	77396	13	31	52	#
617	823862	17	33	61	#
618	711276	31	34	54	#
619	657754	6	16	30	#
620	691310	5	29	54	#
621	29919	30	34	62	#
622	854599	19	34	62	#
623	34855	28	29	52	#
624	162479	9	33	34	#
625	560429	5	27	49	#
626	407398	10	44	53	#
627	894567	2	48	51	#
628	540970	19	45	50	#
629	817913	7	26	54	#
630	741239	0	30	40	#
631	369334	4	7	51	#
632	139025	14	21	62	#
633	538607	17	28	52	#
634	331161	34	49	55	#
635	876710	2	54	61	#
636	422723	13	24	46	#
637	481536	16	17	61	#
638	360870	2	10	20	#
639	408342	0	9	33	#
640	749641	12	41	42	#
641	997511	50	53	54	#
642	168079	42	45	56	#
643	523357	29	31	36	#
644	253320	29	32	63	#
645	385055	3	33	40	#
646	455774	31	36	60	#
647	784444	4	49	59	#
648	425289	9	16	39	#
649	465309	2	25	36	#
650	458513	3	26	27	#
651	624898	38	59	61	#
652	195445	30	31	40	#
653	550793	6	31	62	#
654	396343	9	24	62	#
655	906891	21	54	62	#
656	561569	15	53	62	#
657	671311	10	18	42	#
658	171653	2	6	54	#
659	505444	24	29	60	#
660	68752	1	31	46	#
661	170273	12	19	57	#
662	768876	29	46	49	#
663	117785	3	53	59	#
664	689521	12	29	54	#
665	34731	11	44	52	#
666	998679	1	41	53	#
667	517369	0	28	54	#
668	905439	19	40	51	#
669	572387	33	36	39	#
670	732913	3	29	48	#
671	259850	25	26	54	#
672	40967	11	13	59	#
673	298875	11	13	19	#
674	399264	19	32	36	#
675	867876	3	13	44	#
676	150356	29	47	57	#
677	148594	22	28	39	#
678	648095	3	34	53	#
679	386797	12	43	49	#
680	8376	17	32	43	#
681	372356	3	16	47	#
682	367243	5	39	54	#
683	277594	4	36	48	#
684	609509	15	16	40	#
685	79950	43	44	60	#
686	726997	0	18	36	#
687	206737	13	17	61	#
688	472616	2	28	33	#
689	402212	2	23	25	#
690	78903	22	28	61	#
691	387360	46	50	51	#
692	986359	32	42	44	#
693	547844	14	26	54	#
694	74849	3	8	18	#
695	397959	19	50	63	#
696	897407	3	16	37	#
697	882644	6	15	23	#
698	709650	21	43	49	#
699	832532	23	31	61	#
700	789784	5	24	44	#
701	102351	23	26	60	#
702	211259	7	16	61	#
703	673711	0	48	50	#
704	650393	0	20	44	#
705	301165	12	24	46	#
706	624728	19	21	38	#
707	859538	0	5	45	#
708	152638	4	31	53	#
709	410857	24	31	55	#
710	200678	13	25	37	#
711	150832	52	54	59	#
712	442376	11	36	59	#
713	817676	5	7	37	#
714	790661	8	30	44	#
715	850171	42	56	59	#
716	885853	7	22	34	#
717	688632	45	51	59	#
718	666548	25	31	50	#
719	166301	23	37	44	#
720	911645	15	30	32	#
721	297008	39	45	62	#
722	821548	11	27	60	#
723	102773	1	10	58	#
724	817436	9	28	31	#
725	43737	8	26	46	#
726	200157	7	18	37	#
727	433926	18	36	62	#
728	670085	31	44	58	#
729	175928	18	36	59	#
730	749759	10	31	40	#
731	857960	7	29	53	#
732	458565	4	28	33	#
733	758813	0	31	59	#
734	985780	46	48	61	#
735	431417	31	43	60	#
736	887598	33	36	53	#
737	563833	16	27	44	#
738	613963	2	34	43	#
739	798674	0	9	35	#
740	190723	2	47	50	#
741	904620	15	49	58	#
742	970976	12	51	52	#
743	946637	14	44	58	#
744	930895	4	18	45	#
745	750299	45	56	63	#
746	638228	16	47	54	#
747	341868	29	50	60	#
748	63145	14	35	39	#
749	847761	28	33	60	#
750	388924	10	35	59	#
751	448874	32	42	61	#
752	539338	3	24	53	#
753	287029	2	46	48	#
754	265898	10	43	53	#
755	555875	19	49	58	#
756	293876	30	42	51	#
757	216582	3	39	56	#
758	105299	30	33	60	#
759	392919	11	30	61	#
760	853443	1	36	37	#
761	520821	11	37	54	#
762	554096	11	55	56	#
763	754317	19	30	38	#
764	13605	5	29	41	#
765	962669	2	7	43	#
766	416977	1	6	33	#
767	892868	4	19	50	#
768	40594	25	33	52	#
769	717109	19	36	58	#
770	70950	24	27	48	#
771	236647	45	47	56	#
772	416503	6	23	36	#
773	471430	3	13	22	#
774	935900	7	13	23	#
775	229160	33	36	42	#
776	948208	10	11	32	#
777	517969	10	14	37	#
778	239405	18	37	41	#
779	343613	11	50	52	#
780	34289	34	57	63	#
781	515125	0	16	42	#
782	564080	21	52	55	#
783	572115	11	16	55	#
784	927371	1	9	21	#
785	842424	10	29	31	#
786	557298	24	39	53	#
787	777217	18	25	51	#
788	99561	8	9	16	#
789	593220	33	51	59	#
790	698688	11	15	30	#
791	750049	8	17	22	#
792	117657	11	13	38	#
793	98684	35	36	42	#
794	871131	4	30	62	#
795	507323	20	29	32	#
796	30888	15	22	25	#
797	881040	33	37	53	#
798	950678	0	16	45	#
799	121728	20	21	22	#
800	436153	18	59	60	#
801	575744	2	26	57	#
802	446494	39	52	56	#
803	803880	11	17	59	#
804	900432	2	21	60	#
805	459513	22	25	27	#
806	991477	13	26	30	#
807	453397	32	40	51	#
808	754900	48	52	61	#
809	500664	22	26	31	#
810	390172	17	22	41	#
811	457429	21	61	63	#
812	34823	18	24	58	#
813	853071	40	42	44	#
814	221804	29	42	61	#
815	529701	0	12	27	#
816	536217	30	33	62	#
817	275509	33	41	47	#
818	339115	5	6	59	#
819	379789	15	17	47	#
820	592513	14	40	55	#
821	999204	17	30	50	#
822	734029	16	24	32	#
823	263021	21	23	50	#
824	202321	26	29	36	#
825	484001	15	25	27	#
826	235812	4	47	63	#
827	188899	7	28	39	#
828	789166	14	39	45	#
829	538750	29	56	63	#
830	133799	13	46	55	#
831	543678	10	26	43	#
832	876998	2	20	27	#
833	438170	18	23	57	#
834	185202	46	50	55	#
835	256578	35	46	51	#
836	954165	34	40	60	#
837	164547	24	41	54	#
838	865236	9	31	44	#
839	115486	43	48	53	#
840	872475	10	19	35	#
841	529267	22	30	57	#
842	246004	1	13	44	#
843	773326	7	26	27	#
844	458115	36	60	63	#
845	715600	21	48	52	#
846	266060	26	35	58	#
847	514264	30	56	59	#
848	997252	5	53	62	#
849	375462	6	31	34	#
850	107436	8	33	52	#
851	414250	21	32	56	#
852	908062	33	39	57	#
853	265561	17	19	29	#
854	180669	23	44	62	#
855	311535	8	17	31	#
856	987902	9	21	54	#
857	342687	6	8	41	#
858	558360	21	54	57	#
859	423737	1	9	45	#
860	616330	20	31	63	#
861	504307	6	30	49	#
862	449143	12	21	35	#
863	486274	16	28	51	#
864	78957	6	46	49	#
865	867883	9	21	47	#
866	407886	8	10	16	#
867	8871	2	22	61	#
868	109236	5	36	38	#
869	323562	14	46	48	#
870	959546	3	15	56	#
871	426945	49	56	57	#
872	120744	0	34	56	#
873	527909	26	37	41	#
874	672106	43	51	54	#
875	613626	9	40	44	#
876	977552	3	28	41	#
877	197509	5	24	34	#
878	781542	7	36	43	#
879	767573	11	20	22	#
880	955766	1	16	61	#
881	860492	20	21	30	#
882	98197	2	14	40	#
883	584341	39	41	48	#
884	36895	26	56	63	#
885	127863	7	56	61	#
886	725624	31	54	63	#
887	223402	26	36	54	#
888	445441	13	30	61	#
889	347876	11	38	57	#
890	210120	7	24	53	#
891	909969	2	15	16	#
892	247200	7	8	62	#
893	822416	12	29	62	#
894	277363	13	40	51	#
895	487241	1	16	58	#
896	682962	44	56	62	#
897	230615	13	40	50	#
898	556001	28	37	48	#
899	743065	28	33	49	#
900	978060	1	22	42	#
901	634338	8	29	44	#
902	864441	20	36	55	#
903	337060	17	29	41	#
904	471233	2	17	20	#
905	248164	1	6	37	#
906	668939	26	53	58	#
907	758648	41	48	53	#
908	647312	13	25	55	#
909	681642	38	46	50	#
910	885272	4	12	15	#
911	646667	10	35	62	#
912	542524	19	45	52	#
913	791053	22	37	41	#
914	149477	9	49	54	#
915	193729	10	31	61	#
916	710874	19	33	36	#
917	687098	15	40	49	#
918	998377	3	24	34	#
919	860328	29	38	43	#
920	766735	22	38	44	#
921	558312	7	10	41	#
922	146439	47	51	55	#
923	73041	10	32	50	#
924	708166	44	55	57	#
925	696245	23	30	63	#
926	897651	49	52	54	#
927	19456	50	58	59	#
928	454258	3	5	26	#
929	389539	4	16	61	#
930	56095	46	49	51	#
931	549710	16	22	45	#
932	185742	28	34	53	#
933	984765	10	22	37	#
934	995545	9	38	55	#
935	548791	19	23	24	#
936	714138	7	16	22	#
937	669458	10	42	45	#
938	54793	29	35	36	#
939	795061	10	20	28	#
940	161394	24	52	62	#
941	778796	45	53	59	#
942	859287	31	35	54	#
943	579340	3	32	58	#
944	365918	3	46	53	#
945	997600	15	25	32	#
946	160178	16	34	57	#
947	166586	2	44	63	#
948	409507	8	57	60	#
949	210284	28	29	51	#
950	432182	38	51	55	#
951	909736	6	17	18	#
952	636626	23	32	40	#
953	946512	32	38	62	#
954	254894	36	45	56	#
955	972299	7	47	49	#
956	417880	1	29	52	#
957	498269	10	36	50	#
958	498500	3	8	54	#
959	788292	2	47	61	#
960	15870	4	53	56	#
961	459785	29	31	59	#
962	276876	47	51	63	#
963	42683	2	29	47	#
964	887839	11	57	60	#
965	802457	26	28	39	#
966	920715	22	37	39	#
967	874983	1	6	15	#
968	917598	39	40	50	#
969	363741	23	24	61	#
970	316572	3	18	44	#
971	542084	3	35	53	#
972	602883	19	28	54	#
973	914997	9	36	55	#
974	302579	30	52	55	#
975	568418	45	46	49	#
976	25493	17	24	62	#
977	223857	4	5	30	#
978	132454	30	39	40	#
979	498695	6	33	53	#
980	388444	32	37	58	#
981	545875	31	41	42	#
982	16686	28	43	62	#
983	510467	1	27	60	#
984	847090	4	36	45	#
985	911730	30	39	63	#
986	665874	17	38	49	#
987	166781	1	2	14	#
988	223517	3	5	49	#
989	285785	11	43	45	#
990	638331	0	1	14	#
991	758585	13	24	41	#
992	536885	17	25	32	#
993	498657	37	56	60	#
994	924832	3	6	59	#
995	331882	18	28	53	#
996	929590	0	44	55	#
997	894467	17	50	56	#
998	776191	14	28	41	#
999	561773	16	32	43	#
1000	112816	2	19	21	#
1001	605144	14	35	62	#
1002	525779	18	19	48	#
1003	987339	22	32	45	#
1004	480794	11	46	60	#
1005	873155	17	43	59	#
1006	619251	5	21	24	#
1007	461013	15	27	33	#
1008	22277	1	20	22	#
1009	466988	14	29	43	#
1010	239641	24	29	49	#
1011	9004	29	46	52	#
1012	281358	0	4	56	#
1013	673753	1	20	53	#
1014	995017	4	6	19	#
1015	547552	23	26	27	#
1016	758880	5	26	27	#
1017	504662	8	18	28	#
1018	679127	13	26	37	#
1019	864922	43	46	62	#
1020	238562	8	32	62	#
1021	583448	29	42	55	#
1022	298077	27	31	60	#
1023	855785	50	57	59	#
1024	313450	8	11	48	#
1025	672085	16	23	36	#
1026	574948	17	36	49	#
1027	54941	20	26	43	#
1028	486611	9	37	39	#
1029	587750	29	42	47	#
1030	160597	6	26	54	#
1031	5439	26	46	54	#
1032	482116	17	55	62	#
1033	76617	10	26	30	#
1034	207743	5	25	63	#
1035	805646	25	56	58	#
1036	113454	26	39	52	#
1037	201201	24	47	48	#
1038	678858	10	12	30	#
1039	39281	3	20	22	#
1040	597342	10	58	59	#
1041	932147	1	41	63	#
1042	43555	26	49	59	#
1043	2555	12	28	32	#
1044	688992	14	22	33	#
1045	937854	7	18	63	#
1046	227550	31	36	39	#
1047	838092	5	30	48	#
1048	982424	14	25	63	#
1049	748842	1	37	45	#
1050	45266	20	28	63	#
1051	256488	9	18	63	#
1052	303444	5	14	49	#
1053	909759	12	32	59	#
1054	544466	32	45	51	#
1055	981280	24	41	49	#
1056	756148	5	25	34	#
1057	77553	12	34	53	#
1058	408108	11	19	37	#
1059	866660	10	36	37	#
1060	130739	6	29	38	#
1061	614181	3	14	27	#
1062	346721	2	19	30	#
1063	533803	16	20	61	#
1064	413252	6	44	60	#
1065	490881	16	20	44	#
1066	962444	5	18	22	#
1067	364337	9	33	40	#
1068	462484	9	21	39	#
1069	447600	0	1	53	#
1070	637333	4	32	61	#
1071	792199	18	49	53	#
1072	531600	3	11	54	#
1073	753794	0	5	9	#
1074	764079	22	55	56	#
1075	609095	10	40	50	#
1076	28020	12	16	56	#
1077	355060	21	22	47	#
1078	549316	11	16	25	#
1079	460681	38	46	52	#
1080	152328	3	21	39	#
1081	45731	38	41	43	#
1082	302729	5	16	17	#
1083	946233	22	34	60	#
1084	997795	4	13	17	#
1085	664142	4	10	18	#
1086	473769	3	14	44	#
1087	967832	24	53	54	#
1088	41701	3	25	33	#
1089	709787	14	19	29	#
1090	40416	9	19	32	#
1091	868032	2	25	46	#
1092	809075	28	30	61	#
1093	421365	8	17	58	#
1094	147399	31	45	58	#
1095	560483	3	37	38	#
1096	183070	18	19	58	#
1097	16010	13	34	52	#
1098	855978	19	23	44	#
1099	389316	7	17	41	#
1100	40469	48	52	58	#
1101	181583	0	31	51	#
1102	839429	0	2	7	#
1103	682418	32	36	55	#
1104	253005	11	12	43	#
1105	1359	25	30	43	#
1106	249939	33	58	61	#
1107	303954	0	15	27	#
1108	250948	28	31	58	#
1109	748653	21	40	56	#
1110	171272	21	22	54	#
1111	463465	31	48	52	#
1112	633403	16	26	41	#
1113	51700	12	40	42	#
1114	225472	13	21	59	#
1115	655277	8	31	48	#
1116	832753	14	21	58	#
1117	761773	1	45	62	#
1118	465897	21	22	61	#
1119	429153	3	12	44	#
1120	387668	14	19	53	#
1121	171420	0	29	39	#
1122	166872	2	13	41	#
1123	413765	16	22	57	#
1124	797600	3	7	24	#
1125	390937	12	14	42	#
1126	822427	16	40	41	#
1127	906437	5	26	44	#
1128	395252	13	27	29	#
1129	70386	15	37	51	#
1130	872813	15	29	44	#
1131	990326	14	44	49	#
1132	833457	3	35	59	#
1133	401934	22	51	61	#
1134	387580	15	44	49	#
1135	395554	13	29	32	#
1136	266216	7	54	63	#
1137	719663	8	30	59	#
1138	452577	3	9	63	#
1139	980010	30	44	54	#
1140	234883	3	19	43	#
1141	14216	0	15	22	#
1142	303884	8	28	45	#
1143	406051	26	36	57	#
1144	703522	6	24	37	#
1145	699483	18	32	39	#
1146	605653	19	23	27	#
1147	247642	5	53	60	#
1148	412948	25	27	54	#
1149	769083	28	42	53	#
1150	980125	14	55	60	#
1151	822242	9	18	19	#
1152	131835	26	47	60	#
1153	959239	14	19	20	#
1154	584679	6	50	59	#
1155	930553	0	26	62	#
1156	770028	13	18	31	#
1157	212171	35	49	55	#
1158	166857	8	12	49	#
1159	436496	1	10	63	#
1160	881632	2	37	63	#
1161	538808	32	40	63	#
1162	420866	4	9	11	#
1163	240934	14	43	54	#
1164	753849	29	32	43	#
1165	350613	21	31	41	#
1166	36101	11	17	28	#
1167	796795	24	38	45	#
1168	468427	35	45	49	#
1169	653594	13	24	57	#
1170	642442	18	23	37	#
1171	47194	0	3	57	#
1172	380649	21	22	27	#
1173	762905	25	35	61	#
1174	517629	13	23	62	#
1175	573616	10	42	49	#
1176	221097	6	14	43	#
1177	724940	9	53	57	#
1178	430798	16	28	33	#
1179	647150	36	37	52	#
1180	667714	12	20	41	#
1181	325631	24	34	39	#
1182	204061	13	14	53	#
1183	337105	0	1	51	#
1184	113165	37	59	60	#
1185	751526	20	34	50	#
1186	851451	23	28	30	#
1187	759363	43	45	51	#
1188	110461	3	35	47	#
1189	180266	7	17	57	#
1190	308942	21	27	38	#
1191	567475	13	21	47	#
1192	591154	33	42	62	#
1193	574277	2	32	41	#
1194	403047	21	29	53	#
1195	794480	0	44	54	#
1196	741563	23	28	61	#
1197	63250	12	31	54	#
1198	87341	21	24	58	#
1199	510333	1	13	43	#
1200	977398	15	24	54	#
1201	494613	11	45	54	#
1202	146757	30	48	49	#
1203	366936	25	50	54	#
1204	448885	11	19	25	#
1205	752419	30	34	54	#
1206	112349	13	39	63	#
1207	245458	4	30	42	#
1208	333074	16	36	52	#
1209	529384	3	35	54	#
1210	924472	6	32	56	#
1211	183887	3	30	48	#
1212	573866	9	18	24	#
1213	104997	15	40	51	#
1214	845960	10	44	59	#
1215	718594	11	12	21	#
1216	9512	39	47	59	#
1217	473566	31	33	52	#
1218	890577	19	21	27	#
1219	264612	22	36	51	#
1220	151777	7	16	21	#
1221	62411	6	30	50	#
1222	370923	2	3	16	#
1223	195507	2	6	17	#
1224	491406	3	24	26	#
1225	672185	4	20	35	#
1226	410526	2	7	17	#
1227	399416	26	34	63	#
1228	32996	0	25	34	#
1229	697868	3	9	55	#
1230	400290	1	3	45	#
1231	850655	0	8	27	#
1232	126675	36	51	54	#
1233	174651	3	6	9	#
1234	290360	11	20	54	#
1235	398253	23	25	32	#
1236	950576	28	34	50	#
1237	917943	35	61	63	#
1238	851773	24	39	44	#
1239	719409	6	19	60	#
1240	868215	16	42	43	#
1241	352920	19	33	41	#
1242	429731	51	54	55	#
1243	19370	0	22	57	#
1244	67014	4	47	49	#
1245	442441	11	55	58	#
1246	429608	10	27	36	#
1247	622035	10	27	56	#
1248	176825	9	24	54	#
1249	226920	10	15	29	#
1250	844369	7	12	46	#
1251	651180	17	30	44	#
1252	931180	0	20	24	#
1253	676733	0	17	31	#
1254	256723	8	34	62	#
1255	493747	1	6	29	#
1256	643792	10	20	21	#
1257	663853	6	8	38	#
1258	893060	1	8	52	#
1259	850265	21	36	52	#
1260	832954	46	50	61	#
1261	784445	0	51	54	#
1262	952113	9	20	54	#
1263	22045	5	32	56	#
1264	162365	34	35	44	#
1265	391961	41	57	58	#
1266	778447	24	25	29	#
1267	735410	19	48	55	#
1268	416605	9	34	54	#
1269	315835	7	16	34	#
1270	684402	13	27	59	#
1271	461167	3	9	27	#
1272	506903	5	8	27	#
1273	47216	25	45	50	#
1274	161789	15	33	36	#
1275	322373	10	20	22	#
1276	717977	32	46	53	#
1277	789071	13	53	54	#
1278	164877	11	27	33	#
1279	216285	10	14	33	#
1280	124355	21	30	49	#
1281	659300	5	17	42	#
1282	471354	43	55	57	#
1283	332745	13	41	58	#
1284	424489	3	37	53	#
1285	933831	9	54	59	#
1286	184526	3	25	55	#
1287	544991	21	41	50	#
1288	996503	0	38	55	#
1289	558559	20	33	61	#
1290	590367	44	47	54	#
1291	160892	10	22	35	#
1292	414342	14	20	26	#
1293	139377	19	24	40	#
1294	983414	2	34	44	#
1295	265600	25	46	63	#
1296	980203	12	37	49	#
1297	981174	16	21	61	#
1298	310907	3	54	63	#
1299	809938	38	39	55	#
1300	994602	9	19	24	#
1301	194059	14	57	61	#
1302	609257	5	20	63	#
1303	393867	13	56	61	#
1304	451958	23	42	63	#
1305	980015	22	29	58	#
1306	658880	9	32	58	#
1307	957595	23	32	62	#
1308	161441	32	40	46	#
1309	867136	40	48	57	#
1310	46524	10	21	42	#
1311	755116	36	57	59	#
1312	749569	12	47	52	#
1313	684394	28	31	56	#
1314	44670	6	20	49	#
1315	402709	14	18	25	#
1316	930365	1	10	36	#
1317	585174	46	51	53	#
1318	2834	1	42	62	#
1319	376580	13	14	51	#
1320	149310	21	27	57	#
1321	226173	9	14	23	#
1322	417791	7	13	52	#
1323	577994	8	22	26	#
1324	743938	10	16	26	#
1325	869250	0	31	46	#
1326	348176	15	33	43	#
1327	75	4	14	41	#
1328	318501	31	36	55	#
1329	593903	10	13	48	#
1330	417326	2	12	33	#
1331	860446	33	50	54	#
1332	407402	7	19	37	#
1333	514457	9	13	20	#
1334	30149	12	43	60	#
1335	167969	11	13	25	#
1336	929374	34	45	56	#
1337	491608	32	43	48	#
1338	662471	3	42	51	#
1339	520843	8	10	24	#
1340	343628	40	45	62	#
1341	730981	27	31	55	#
1342	924756	9	34	55	#
1343	940387	11	16	59	#
1344	648709	34	43	52	#
1345	714247	1	25	49	#
1346	785480	5	18	41	#
1347	603355	7	23	50	#
1348	959258	42	44	58	#
1349	838871	8	14	52	#
1350	691861	33	54	56	#
1351	164041	4	6	23	#
1352	112926	37	43	54	#
1353	265490	1	49	60	#
1354	796889	35	39	63	#
1355	197238	21	42	54	#
1356	164310	3	24	37	#
1357	605749	13	38	52	#
1358	675539	17	35	37	#
1359	704678	9	14	17	#
1360	842002	31	55	63	#
1361	702817	37	46	48	#
1362	663434	32	45	53	#
1363	49900	30	43	50	#
1364	88615	28	44	53	#
1365	432311	28	40	50	#
1366	492675	14	38	60	#
1367	924354	15	27	35	#
1368	965813	39	52	54	#
1369	80654	42	44	51	#
1370	416255	23	29	50	#
1371	41353	21	28	46	#
1372	104556	4	23	43	#
1373	914190	13	41	59	#
1374	246845	17	28	34	#
1375	796153	0	20	59	#
1376	751371	29	31	55	#
1377	802297	26	45	51	#
1378	985731	33	35	45	#
1379	380434	3	45	46	#
1380	711396	16	18	48	#
1381	7807	38	53	58	#
1382	967675	0	57	58	#
1383	89472	17	39	50	#
1384	739007	61	62	63	#
1385	587350	11	20	36	#
1386	742472	9	34	60	#
1387	968714	5	52	55	#
1388	798573	33	41	54	#
1389	501618	17	53	60	#
1390	24714	31	34	55	#
1391	877508	3	24	25	#
1392	635864	1	51	56	#
1393	231494	23	46	48	#
1394	353765	21	59	63	#
1395	688621	20	29	54	#
1396	954578	13	32	59	#
1397	627073	20	23	63	#
1398	246117	1	7	13	#
1399	419796	31	48	61	#
1400	224928	11	14	50	#
1401	88898	16	25	45	#
1402	351989	1	7	11	#
1403	261298	21	22	24	#
1404	49420	9	18	46	#
1405	720137	16	17	20	#
1406	997349	11	32	36	#
1407	554719	39	46	58	#
1408	30709	0	53	62	#
1409	842997	16	52	63	#
1410	427634	25	58	60	#
1411	177899	1	11	57	#
1412	188540	20	34	51	#
1413	954818	19	29	54	#
1414	824019	31	43	59	#
1415	657125	9	17	46	#
1416	503030	27	29	34	#
1417	305449	26	34	43	#
1418	707644	7	27	50	#
1419	862036	6	27	50	#
1420	25979	28	61	63	#
1421	382419	10	50	53	#
1422	481544	22	47	56	#
1423	488928	26	39	62	#
1424	845064	3	26	55	#
1425	303984	15	21	42	#
1426	703963	1	12	22	#
1427	325891	8	25	37	#
1428	675048	20	26	52	#
1429	37499	4	15	48	#
1430	491653	31	36	63	#
1431	236166	3	11	34	#
1432	893785	32	47	52	#
1433	159255	32	43	56	#
1434	495771	28	33	45	#
1435	829826	20	28	33	#
1436	86122	38	42	61	#
1437	167149	17	27	54	#
1438	217819	46	48	60	#
1439	771805	6	53	60	#
1440	216562	14	24	43	#
1441	267520	9	13	45	#
1442	153255	4	16	54	#
1443	593073	5	52	58	#
1444	522178	27	39	52	#
1445	779218	11	31	61	#
1446	523592	3	35	48	#
1447	168423	0	8	46	#
1448	787936	38	46	49	#
1449	739308	7	9	31	#
1450	98553	33	41	42	#
1451	183045	17	27	40	#
1452	170828	7	16	17	#
1453	645554	38	57	62	#
1454	827854	10	13	40	#
1455	597210	25	38	60	#
1456	976223	28	29	49	#
1457	120845	1	32	50	#
1458	630274	4	54	56	#
1459	19221	35	38	54	#
1460	859071	7	18	27	#
1461	534706	19	21	40	#
1462	937670	26	28	47	#
1463	712276	19	41	49	#
1464	242091	5	24	48	#
1465	42070	25	42	59	#
1466	506479	32	55	59	#
1467	978251	0	16	48	#
1468	379300	7	14	38	#
1469	588684	4	10	56	#
1470	852060	25	26	40	#
1471	531148	28	38	61	#
1472	707464	3	13	28	#
1473	90252	0	40	47	#
1474	646492	3	10	38	#
1475	631703	1	44	47	#
1476	608052	4	8	52	#
1477	140497	17	29	51	#
1478	627666	11	47	59	#
1479	594401	17	23	53	#
1480	889505	0	39	43	#
1481	188099	9	39	62	#
1482	493255	0	17	21	#
1483	999755	16	38	47	#
1484	116590	20	39	60	#
1485	482537	20	42	46	#
1486	886967	40	44	45	#
1487	383304	6	49	59	#
1488	964661	4	5	45	#
1489	172999	19	35	63	#
1490	274385	32	36	51	#
1491	819621	4	36	60	#
1492	320287	1	23	46	#
1493	31966	10	26	47	#
1494	954124	6	50	62	#
1495	641747	16	20	41	#
1496	944747	26	45	46	#
1497	395075	40	45	57	#
1498	211974	33	41	60	#
1499	121959	36	52	54	#
1500	736597	0	25	37	#
1501	708423	7	42	54	#
1502	317057	1	22	52	#
1503	701368	3	11	13	#
1504	719294	2	31	50	#
1505	558078	20	22	36	#
1506	8906	29	44	50	#
1507	919269	10	29	56	#
1508	929303	19	37	50	#
1509	640956	35	40	56	#
1510	318685	52	53	54	#
1511	418139	28	43	51	#
1512	697583	1	9	50	#
1513	351508	28	44	47	#
1514	685857	35	44	49	#
1515	951721	28	33	51	#
1516	394337	26	45	62	#
1517	635116	7	36	49	#
1518	949297	8	23	61	#
1519	764530	29	41	43	#
1520	474524	14	20	36	#
1521	430594	26	30	32	#
1522	18432	26	30	60	#
1523	238747	1	32	39	#
1524	683343	20	21	26	#
1525	498474	18	22	52	#
1526	485888	34	37	52	#
1527	102113	19	36	62	#
1528	136409	22	50	59	#
1529	442460	2	11	42	#
1530	823916	13	43	53	#
1531	225740	6	30	40	#
1532	848688	9	44	60	#
1533	910898	12	52	59	#
1534	276508	4	23	46	#
1535	240754	14	24	36	#
1536	395458	40	42	46	#
1537	559887	42	52	62	#
1538	418575	10	22	29	#
1539	727486	19	51	60	#
1540	147642	32	56	59	#
1541	644427	27	48	49	#
1542	355227	3	23	26	#
1543	843574	21	46	47	#
1544	451729	7	32	61	#
1545	223845	4	14	53	#
1546	930956	0	2	14	#
1547	33269	8	54	57	#
1548	470817	0	4	29	#
1549	17741	36	53	54	#
1550	81182	23	35	42	#
1551	572963	2	42	46	#
1552	421034	10	25	53	#
1553	855457	10	14	19	#
1554	796108	9	33	44	#
1555	934849	0	3	9	#
1556	153804	36	42	57	#
1557	372976	6	16	37	#
1558	581085	25	38	48	#
1559	2306	9	49	53	#
1560	433263	6	45	51	#
1561	359504	5	37	41	#
1562	654817	0	2	25	#
1563	371599	37	47	51	#
1564	253462	7	36	37	#
1565	315039	22	31	44	#
1566	827142	10	22	38	#
1567	52147	16	44	55	#
1568	514531	27	43	54	#
1569	205963	19	49	60	#
1570	88416	12	33	59	#
1571	899975	19	42	48	#
1572	721088	12	33	62	#
1573	897539	14	41	54	#
1574	422855	25	45	60	#
1575	999757	35	37	49	#
1576	772314	35	45	56	#
1577	425872	33	41	58	#
1578	472143	9	23	27	#
1579	6527	4	14	43	#
1580	681591	12	16	21	#
1581	675418	9	15	63	#
1582	840175	0	12	22	#
1583	241902	1	26	32	#
1584	897291	0	42	55	#
1585	580453	4	28	58	#
1586	218882	20	34	43	#
1587	955016	11	51	52	#
1588	481490	9	37	51	#
1589	321148	8	24	35	#
1590	485860	19	22	47	#
1591	71069	18	24	55	#
1592	29372	18	20	59	#
1593	420957	25	44	48	#
1594	387276	5	32	55	#
1595	821666	10	12	51	#
1596	94056	2	46	62	#
1597	394150	1	50	54	#
1598	958250	18	60	61	#
1599	405295	0	36	42	#
1600	67303	8	32	38	#
1601	154399	7	31	44	#
1602	56650	3	20	21	#
1603	445961	4	7	57	#
1604	491952	6	16	40	#
1605	558409	36	43	44	#
1606	8086	8	15	40	#
1607	726198	18	19	25	#
1608	785418	19	46	60	#
1609	658369	1	9	23	#
1610	244392	39	50	62	#
1611	710199	27	36	49	#
1612	22184	19	20	28	#
1613	883849	11	26	28	#
1614	331131	10	43	63	#
1615	872709	24	53	58	#
1616	397310	17	47	59	#
1617	871364	46	47	53	#
1618	91087	29	49	58	#
1619	204320	0	32	36	#
1620	31274	13	37	60	#
1621	102815	1	22	23	#
1622	735020	1	3	35	#
1623	956765	35	48	49	#
1624	513218	46	52	62	#
1625	987472	0	6	18	#
1626	696115	11	25	61	#
1627	25874	13	18	20	#
1628	29889	6	12	59	#
1629	156424	39	56	60	#
1630	296868	3	21	25	#
1631	447779	6	11	44	#
1632	270805	9	26	53	#
1633	75576	17	18	31	#
1634	562600	16	17	33	#
1635	968920	17	24	55	#
1636	792990	37	46	54	#
1637	625205	0	10	63	#
1638	427312	26	39	49	#
1639	540861	23	47	56	#
1640	748445	3	29	39	#
1641	235078	27	34	60	#
1642	233439	0	13	41	#
1643	643625	26	35	53	#
1644	587650	35	57	60	#
1645	702309	10	17	53	#
1646	41186	32	43	52	#
1647	502385	11	23	43	#
1648	942113	17	19	46	#
1649	842391	37	46	51	#
1650	793429	47	52	61	#
1651	782218	23	25	45	#
1652	220516	39	51	58	#
1653	827004	30	38	52	#
1654	787764	28	39	50	#
1655	897189	1	20	29	#
1656	671887	51	56	62	#
1657	230153	5	18	19	#
1658	239444	31	42	44	#
1659	607160	32	41	50	#
1660	968104	36	40	48	#
1661	358875	11	13	40	#
1662	629216	34	42	49	#
1663	318559	1	34	44	#
1664	564595	5	21	62	#
1665	264106	7	12	43	#
1666	972803	13	23	37	#
1667	418407	0	45	51	#
1668	342683	14	40	52	#
1669	262111	40	42	52	#
1670	566778	4	12	36	#
1671	253654	2	19	45	#
1672	807613	33	45	46	#
1673	48501	3	33	58	#
1674	605345	11	16	30	#
1675	462886	18	40	46	#
1676	357290	8	54	61	#
1677	736873	19	23	63	#
1678	312558	1	12	39	#
1679	617410	20	22	61	#
1680	393957	6	14	29	#
1681	404103	25	33	46	#
1682	378760	25	26	61	#
1683	297459	32	51	57	#
1684	974324	38	41	49	#
1685	586074	13	30	38	#
1686	124748	0	12	38	#
1687	125060	20	54	55	#
1688	4206	25	51	55	#
1689	367802	15	21	30	#
1690	41857	13	26	47	#
1691	251814	20	39	56	#
1692	790419	40	41	45	#
1693	217355	3	6	43	#
1694	755080	11	19	28	#
1695	270394	3	30	44	#
1696	897119	22	59	63	#
1697	185508	2	8	47	#
1698	210325	16	18	58	#
1699	461906	1	4	24	#
1700	213652	38	53	54	#
1701	627057	14	46	56	#
1702	867518	46	50	54	#
1703	856044	2	21	33	#
1704	140563	5	8	15	#
1705	161095	23	29	37	#
1706	274370	12	16	41	#
1707	816281	33	36	54	#
1708	914060	43	53	58	#
1709	624523	18	24	27	#
1710	337536	25	26	38	#
1711	140535	25	43	47	#
1712	964087	3	40	61	#
1713	121913	3	28	45	#
1714	201314	7	30	61	#
1715	859657	22	27	54	#
1716	725530	9	28	36	#
1717	403659	1	50	53	#
1718	233122	11	17	52	#
1719	469187	0	26	38	#
1720	549019	23	32	34	#
1721	987186	25	26	59	#
1722	733292	7	50	57	#
1723	844175	33	43	55	#
1724	488027	9	29	52	#
1725	346832	2	32	54	#
1726	734031	4	11	41	#
1727	341813	1	37	51	#
1728	700517	11	31	63	#
1729	723166	30	35	59	#
1730	250838	1	18	32	#
1731	267644	28	54	55	#
1732	453445	19	54	59	#
1733	520816	23	47	59	#
1734	927529	11	33	40	#
1735	711651	22	44	53	#
1736	104728	6	11	38	#
1737	217083	1	21	57	#
1738	717320	0	27	37	#
1739	379807	10	33	52	#
1740	551870	3	33	57	#
1741	273016	20	48	63	#
1742	730745	9	34	50	#
1743	961749	21	45	57	#
1744	17168	3	14	54	#
1745	930484	2	5	44	#
1746	902522	5	17	49	#
1747	93884	18	25	44	#
1748	964125	30	47	60	#
1749	628503	10	21	26	#
1750	154015	31	33	57	#
1751	308022	15	20	37	#
1752	345419	2	25	38	#
1753	587234	4	8	10	#
1754	58973	40	41	59	#
1755	116515	24	29	45	#
1756	706072	7	22	56	#
1757	988140	13	24	37	#
1758	449983	10	34	39	#
1759	173743	12	19	37	#
1760	44501	15	28	46	#
1761	372852	12	34	57	#
1762	748048	0	10	47	#
1763	629044	4	31	60	#
1764	631083	2	37	39	#
1765	533143	6	8	52	#
1766	800344	24	31	37	#
1767	284001	13	14	24	#
1768	516153	38	52	54	#
1769	705607	12	18	41	#
1770	212966	3	9	58	#
1771	274558	7	20	62	#
1772	615577	10	55	63	#
1773	933616	14	22	41	#
1774	700790	15	50	60	#
1775	745023	30	37	63	#
1776	305309	7	17	46	#
1777	208491	5	25	61	#
1778	601627	11	44	58	#
1779	755004	0	15	56	#
1780	695381	10	30	39	#
1781	358702	48	59	62	#
1782	626604	7	60	63	#
1783	473631	39	44	60	#
1784	944403	27	34	50	#
1785	130279	4	14	61	#
1786	183894	3	10	54	#
1787	501522	3	18	46	#
1788	998133	19	31	51	#
1789	572388	13	17	35	#
1790	463086	9	36	59	#
1791	192518	34	48	50	#
1792	457831	5	30	55	#
1793	962778	20	22	57	#
1794	526200	5	14	56	#
1795	304967	14	47	61	#
1796	976206	1	21	25	#
1797	10825	4	22	62	#
1798	4755	0	30	63	#
1799	147188	21	40	63	#
1800	844466	39	51	61	#
1801	433221	41	50	58	#
1802	469246	30	35	40	#
1803	198400	30	41	50	#
1804	81515	17	23	60	#
1805	328114	15	34	53	#
1806	258214	5	30	62	#
1807	775237	30	39	58	#
1808	773011	10	21	29	#
1809	277323	21	56	63	#
1810	840825	18	33	40	#
1811	127491	4	38	59	#
1812	368581	3	41	53	#
1813	145669	0	37	38	#
1814	705243	2	17	39	#
1815	305115	4	8	56	#
1816	81677	15	27	32	#
1817	21756	21	42	44	#
1818	996966	1	36	58	#
1819	808418	13	17	24	#
1820	359395	25	55	57	#
1821	302732	2	11	12	#
1822	7347	25	30	39	#
1823	981018	21	44	45	#
1824	608245	35	46	56	#
1825	92612	13	19	54	#
1826	268063	24	28	39	#
1827	440376	10	29	54	#
1828	414212	1	11	29	#
1829	126723	6	15	56	#
1830	571988	4	34	54	#
1831	164889	5	10	19	#
1832	176307	12	38	61	#
1833	347213	32	41	61	#
1834	559237	24	40	42	#
1835	383389	35	51	55	#
1836	154851	53	54	55	#
1837	458201	17	46	63	#
1838	789293	10	21	47	#
1839	691251	13	35	59	#
1840	615959	2	4	40	#
1841	146424	20	26	35	#
1842	547235	41	50	62	#
1843	358804	24	34	55	#
1844	315829	14	21	61	#
1845	104291	5	7	17	#
1846	665227	1	9	61	#
1847	2164	9	21	30	#
1848	112876	32	52	55	#
1849	620957	9	25	43	#
1850	570210	45	50	59	#
1851	322298	4	41	53	#
1852	488249	21	26	36	#
1853	356172	42	45	60	#
1854	428402	5	50	55	#
1855	68279	35	38	60	#
1856	590602	10	24	49	#
1857	591958	10	22	32	#
1858	475257	20	29	39	#
1859	57974	14	28	46	#
1860	774404	17	21	52	#
1861	352460	16	22	44	#
1862	552529	4	31	35	#
1863	593223	22	41	61	#
1864	515245	21	45	49	#
1865	220144	4	42	53	#
1866	665838	3	10	19	#
1867	512545	22	32	44	#
1868	335909	4	12	29	#
1869	148482	8	17	61	#
1870	577169	16	22	63	#
1871	502057	30	32	56	#
1872	92493	27	32	54	#
1873	949204	29	36	50	#
1874	79576	33	36	44	#
1875	874151	18	24	48	#
1876	170996	4	17	57	#
1877	83178	9	18	28	#
1878	86603	8	47	55	#
1879	932891	18	62	63	#
1880	826302	0	28	62	#
1881	230076	16	26	48	#
1882	872896	8	10	40	#
1883	333104	29	32	49	#
1884	66897	12	17	38	#
1885	786780	17	23	27	#
1886	151030	21	41	42	#
1887	306694	0	6	8	#
1888	498972	31	35	42	#
1889	164169	0	14	49	#
1890	863587	1	8	54	#
1891	68226	2	8	45	#
1892	448283	6	8	33	#
1893	837466	8	43	45	#
1894	656411	8	52	56	#
1895	652404	12	16	29	#
1896	643711	1	15	29	#
1897	245783	1	38	43	#
1898	961548	20	29	34	#
1899	118570	2	24	25	#
1900	341138	13	36	52	#
1901	366841	27	29	62	#
1902	689820	38	54	61	#
1903	128636	1	10	62	#
1904	425674	6	59	61	#
1905	554950	34	45	48	#
1906	736052	22	41	53	#
1907	584093	2	45	50	#
1908	448042	0	1	15	#
1909	38726	5	22	37	#
1910	704931	1	4	8	#
1911	783634	16	36	55	#
1912	495758	6	13	47	#
1913	241859	24	41	46	#
1914	323132	16	19	63	#
1915	762484	2	29	33	#
1916	396412	2	50	60	#
1917	680933	10	29	38	#
1918	257578	16	18	27	#
1919	52974	8	30	48	#
1920	184361	0	25	46	#
1921	635300	10	25	38	#
1922	800215	17	23	39	#
1923	244611	4	13	30	#
1924	922352	1	32	54	#
1925	19868	23	29	61	#
1926	900524	3	8	20	#
1927	417177	2	15	19	#
1928	53956	34	40	58	#
1929	661403	4	8	45	#
1930	823990	4	37	40	#
1931	595156	12	37	40	#
1932	413092	11	43	52	#
1933	862774	6	10	16	#
1934	89310	20	38	39	#
1935	130007	4	47	60	#
1936	588306	27	39	42	#
1937	935221	5	22	31	#
1938	810823	10	49	62	#
1939	337224	15	50	56	#
1940	319129	11	12	57	#
1941	596032	11	35	45	#
1942	788606	11	38	51	#
1943	259873	10	14	48	#
1944	736249	20	27	31	#
1945	251776	12	32	63	#
1946	920323	14	30	49	#
1947	210633	10	13	20	#
1948	480034	25	50	53	#
1949	386652	4	40	53	#
1950	435314	22	51	53	#
1951	428035	27	43	63	#
1952	96998	15	38	59	#
1953	956016	8	17	63	#
1954	697233	4	22	32	#
1955	632592	15	33	45	#
1956	675016	11	20	59	#
1957	246325	16	49	61	#
1958	445735	37	48	63	#
1959	368541	13	15	44	#
1960	981826	26	42	45	#
1961	185948	14	37	62	#
1962	879	13	17	38	#
1963	993979	2	17	34	#
1964	223997	7	21	63	#
1965	329825	27	28	53	#
1966	834807	26	28	30	#
1967	106928	2	33	54	#
1968	592405	29	51	63	#
1969	505578	2	41	53	#
1970	424143	33	34	43	#
1971	650613	2	26	50	#
1972	331441	12	39	52	#
1973	831937	10	48	51	#
1974	685603	3	37	46	#
1975	852006	15	30	62	#
1976	659080	31	41	59	#
1977	757315	2	8	27	#
1978	498256	4	59	61	#
1979	285688	31	39	50	#
1980	778765	1	25	56	#
1981	304515	10	20	26	#
1982	316863	16	25	41	#
1983	947004	26	33	40	#
1984	384609	16	34	35	#
1985	660217	9	36	46	#
1986	156437	18	43	60	#
1987	39793	18	42	46	#
1988	597566	3	46	49	#
1989	896703	3	21	36	#
1990	107303	28	37	56	#
1991	494554	2	13	26	#
1992	364022	1	6	40	#
1993	920345	26	33	46	#
1994	983673	10	18	26	#
1995	107276	8	30	55	#
1996	799961	1	27	52	#
1997	115102	1	6	7	#
1998	801869	12	18	26	#
1999	891696	17	27	59	#
