%% File generated by CATS v.2.1Wed Jun 19 17:40:30 2013

%% The CATS webpage is http://robotics.stanford.edu/CATS

%% PARAMETER SETTINGS:
% Goods: 64; Bids: 2000; Distribution: L3; Runs: 50; Seed: 1371658681
% Legacy distribution parameters:
% Number of goods chosen according to Constant distribution (const_goods = 3).
% Price chosen according to Fixed Random distribution (low_fixed = 0, high_fixed = 1000).


goods 64
bids 2000
dummy 0

0	551363	5	12	43	#
1	999259	28	31	57	#
2	608415	28	32	62	#
3	665570	21	24	63	#
4	432695	18	56	59	#
5	377636	2	35	57	#
6	123893	13	23	37	#
7	652846	5	19	51	#
8	581575	28	49	58	#
9	741881	5	44	61	#
10	879864	27	30	45	#
11	596098	15	58	59	#
12	510350	4	10	28	#
13	371637	35	37	62	#
14	456742	24	28	61	#
15	74063	17	36	54	#
16	483761	16	19	24	#
17	681597	8	11	22	#
18	597932	21	25	52	#
19	613312	23	29	62	#
20	369394	14	31	55	#
21	593197	6	13	40	#
22	691545	31	58	62	#
23	801876	22	28	62	#
24	599278	3	17	30	#
25	704787	0	31	32	#
26	966762	6	28	41	#
27	98969	23	28	34	#
28	262162	40	42	63	#
29	730177	4	41	44	#
30	49400	3	14	18	#
31	192755	30	46	54	#
32	407764	24	49	59	#
33	199466	24	42	49	#
34	754563	23	36	43	#
35	328754	14	42	48	#
36	630117	1	16	42	#
37	956365	18	21	25	#
38	828550	10	24	25	#
39	106716	33	43	48	#
40	373251	1	39	58	#
41	729713	6	9	53	#
42	648357	2	19	32	#
43	305792	9	35	60	#
44	261442	27	43	55	#
45	170816	4	27	62	#
46	826934	5	24	45	#
47	476883	24	38	63	#
48	479559	1	12	37	#
49	760736	34	40	63	#
50	629080	10	12	58	#
51	678422	4	6	29	#
52	195140	32	47	55	#
53	582968	29	31	39	#
54	319779	34	39	51	#
55	271294	0	25	29	#
56	551424	6	25	52	#
57	749288	24	29	45	#
58	471719	17	50	62	#
59	44312	5	14	37	#
60	412187	15	30	51	#
61	623012	10	27	43	#
62	426268	10	14	21	#
63	449035	14	20	53	#
64	653921	0	21	32	#
65	122180	16	42	45	#
66	30076	15	24	43	#
67	472852	12	15	49	#
68	339904	8	41	58	#
69	136953	27	40	53	#
70	694033	13	48	57	#
71	593617	17	25	42	#
72	361139	7	19	31	#
73	867186	33	35	46	#
74	165812	18	24	26	#
75	475441	41	44	62	#
76	336380	14	20	21	#
77	396963	7	30	63	#
78	770375	4	20	39	#
79	71693	2	14	53	#
80	577027	14	18	59	#
81	452056	18	21	23	#
82	432033	21	26	34	#
83	127738	25	55	58	#
84	850453	1	11	49	#
85	703585	15	19	44	#
86	653845	8	60	62	#
87	611699	0	37	61	#
88	194221	9	23	53	#
89	231170	33	41	61	#
90	880134	20	41	60	#
91	787525	19	28	62	#
92	745848	32	36	54	#
93	8842	31	32	55	#
94	917898	11	53	60	#
95	926640	2	5	36	#
96	975008	13	34	55	#
97	527001	16	17	41	#
98	342910	10	18	24	#
99	181038	8	23	26	#
100	657812	34	35	40	#
101	913709	45	50	52	#
102	321478	2	17	21	#
103	606084	47	51	56	#
104	527600	32	45	60	#
105	168587	26	43	60	#
106	487199	1	27	37	#
107	571333	6	45	55	#
108	301224	33	54	56	#
109	372607	1	48	50	#
110	907878	5	18	32	#
111	812341	20	35	36	#
112	799980	21	37	61	#
113	300003	19	50	54	#
114	818149	0	7	22	#
115	850140	2	14	30	#
116	294319	11	56	61	#
117	766955	18	24	29	#
118	283651	6	35	42	#
119	680293	7	18	57	#
120	484542	19	26	34	#
121	360458	1	16	43	#
122	663016	22	28	53	#
123	485977	42	47	52	#
124	260926	9	15	62	#
125	743411	7	9	56	#
126	723865	0	6	16	#
127	754115	39	50	51	#
128	335033	25	44	49	#
129	842778	3	12	44	#
130	691308	6	13	61	#
131	616085	23	56	57	#
132	533095	20	32	56	#
133	721362	3	36	37	#
134	323179	25	54	63	#
135	551824	1	5	8	#
136	500507	8	28	58	#
137	374881	34	43	48	#
138	631283	32	41	61	#
139	648604	51	59	61	#
140	77071	12	15	22	#
141	666789	47	48	56	#
142	97517	14	25	51	#
143	414638	3	4	24	#
144	70838	10	49	61	#
145	115603	31	48	60	#
146	742743	6	23	53	#
147	568017	25	27	55	#
148	530028	27	46	51	#
149	396580	31	42	43	#
150	72223	33	34	42	#
151	379140	3	21	51	#
152	886454	23	56	58	#
153	542671	4	7	24	#
154	740488	21	33	47	#
155	924802	44	54	57	#
156	987519	4	6	17	#
157	187600	14	55	56	#
158	570257	47	51	57	#
159	435833	6	23	42	#
160	110820	1	4	21	#
161	624161	38	61	62	#
162	311564	4	8	25	#
163	268476	11	32	54	#
164	503500	37	46	60	#
165	212784	28	55	58	#
166	134710	1	12	46	#
167	145361	45	47	61	#
168	639395	48	49	61	#
169	406602	7	43	49	#
170	588415	14	43	60	#
171	385803	2	59	62	#
172	823388	14	16	49	#
173	465304	50	51	59	#
174	265664	4	21	48	#
175	37771	1	61	62	#
176	486984	17	18	42	#
177	596040	9	10	18	#
178	930417	3	24	54	#
179	274817	1	19	50	#
180	348261	28	49	54	#
181	460903	23	40	44	#
182	880191	45	47	56	#
183	701913	17	32	57	#
184	405923	2	20	24	#
185	25500	8	28	55	#
186	576347	9	28	53	#
187	501338	5	35	54	#
188	388882	14	18	63	#
189	135920	29	46	54	#
190	855925	32	45	56	#
191	724438	1	10	39	#
192	952063	9	19	49	#
193	409030	3	26	29	#
194	780875	2	11	44	#
195	899239	1	29	37	#
196	406081	13	41	62	#
197	766956	5	28	32	#
198	168719	8	35	54	#
199	837086	11	57	60	#
200	985293	12	48	52	#
201	120482	45	62	63	#
202	383834	28	32	58	#
203	455107	1	12	35	#
204	207432	21	28	62	#
205	83343	11	51	60	#
206	602800	21	36	40	#
207	81683	2	57	59	#
208	730576	1	32	63	#
209	496350	11	43	60	#
210	694095	20	32	60	#
211	981979	31	34	51	#
212	897813	32	35	42	#
213	470486	3	35	61	#
214	159450	10	42	60	#
215	20092	5	13	45	#
216	511631	2	9	31	#
217	299920	3	6	45	#
218	596564	1	4	44	#
219	956783	0	15	31	#
220	125343	49	61	62	#
221	344811	1	10	62	#
222	297079	24	39	51	#
223	17222	20	43	59	#
224	127639	24	37	47	#
225	711448	26	30	55	#
226	750131	18	28	36	#
227	457154	9	40	57	#
228	988665	5	8	20	#
229	199066	8	21	56	#
230	673249	30	31	34	#
231	315239	21	46	57	#
232	657398	29	57	61	#
233	546091	13	28	47	#
234	66237	12	26	41	#
235	5920	16	18	28	#
236	933818	8	35	60	#
237	672376	0	3	48	#
238	84661	1	59	60	#
239	789599	7	33	54	#
240	842075	12	40	47	#
241	672217	14	20	37	#
242	904586	24	55	63	#
243	500171	13	40	49	#
244	521864	52	56	63	#
245	648301	43	46	56	#
246	922810	1	6	35	#
247	585618	4	21	47	#
248	801008	5	25	39	#
249	649946	7	8	30	#
250	546534	3	17	41	#
251	778051	7	32	40	#
252	828170	11	29	47	#
253	76332	4	32	61	#
254	959618	0	8	32	#
255	394580	11	37	56	#
256	934345	1	54	62	#
257	436367	19	57	59	#
258	40680	27	31	40	#
259	823705	4	11	12	#
260	350213	13	50	59	#
261	755739	3	24	44	#
262	918727	15	43	49	#
263	557747	27	30	61	#
264	50666	8	27	37	#
265	54865	4	7	11	#
266	819954	37	47	59	#
267	819894	7	11	12	#
268	730711	7	9	13	#
269	540819	18	22	35	#
270	867059	9	10	41	#
271	981218	35	59	62	#
272	514015	9	17	59	#
273	265520	15	35	38	#
274	981510	8	12	43	#
275	511129	23	24	33	#
276	942437	6	18	23	#
277	150681	5	29	52	#
278	166158	17	57	60	#
279	640296	11	26	32	#
280	990813	7	22	43	#
281	633422	3	20	35	#
282	262838	9	13	55	#
283	712439	14	31	34	#
284	28255	12	13	21	#
285	628485	6	7	39	#
286	757908	19	35	36	#
287	359001	11	23	60	#
288	161711	30	32	44	#
289	249956	11	25	63	#
290	969221	21	22	54	#
291	54974	1	16	24	#
292	164387	29	40	45	#
293	104487	22	35	40	#
294	567140	12	13	38	#
295	31781	34	46	57	#
296	185556	1	5	17	#
297	70485	9	11	28	#
298	960014	21	42	56	#
299	927325	4	12	35	#
300	284208	37	39	60	#
301	629455	16	44	63	#
302	975156	25	29	47	#
303	547460	4	8	52	#
304	116989	13	23	48	#
305	3107	35	40	61	#
306	373399	39	40	60	#
307	485192	8	13	17	#
308	129372	14	15	54	#
309	708570	32	38	48	#
310	780384	11	16	32	#
311	46056	9	25	28	#
312	747622	15	18	37	#
313	517654	13	26	51	#
314	124925	33	55	56	#
315	198805	9	40	49	#
316	533718	22	40	58	#
317	740224	20	33	51	#
318	166523	19	21	56	#
319	517745	4	12	58	#
320	204120	19	26	27	#
321	570573	0	34	46	#
322	215964	6	13	33	#
323	874815	5	14	33	#
324	657203	23	32	52	#
325	903010	7	15	16	#
326	248938	24	31	41	#
327	913210	12	39	47	#
328	813577	2	19	30	#
329	437572	0	5	13	#
330	453855	30	32	62	#
331	437909	3	38	43	#
332	347086	14	46	50	#
333	556403	16	20	29	#
334	771564	1	28	52	#
335	483916	0	14	49	#
336	46799	3	15	40	#
337	637244	8	18	42	#
338	957772	2	6	36	#
339	791227	13	18	50	#
340	795615	4	7	14	#
341	892673	30	34	54	#
342	518250	0	3	27	#
343	947441	5	19	57	#
344	44070	4	33	36	#
345	601682	20	25	32	#
346	9141	7	19	59	#
347	183745	14	28	58	#
348	542033	22	32	54	#
349	525022	2	10	19	#
350	740273	8	39	51	#
351	836001	28	59	61	#
352	740667	38	44	45	#
353	278065	5	6	27	#
354	841094	7	17	28	#
355	642078	11	12	49	#
356	799630	3	8	24	#
357	721552	33	37	50	#
358	552492	16	21	53	#
359	551206	13	16	40	#
360	302488	13	17	57	#
361	670992	3	35	39	#
362	857791	36	45	50	#
363	971133	30	38	52	#
364	394109	9	51	62	#
365	475530	0	26	35	#
366	816193	6	14	45	#
367	628869	21	26	52	#
368	352836	0	17	60	#
369	267015	5	17	40	#
370	211967	3	17	44	#
371	470804	9	14	26	#
372	221015	10	40	59	#
373	930099	44	62	63	#
374	382642	12	21	41	#
375	321283	11	22	46	#
376	434409	0	13	48	#
377	830220	26	51	63	#
378	576589	29	51	60	#
379	963063	19	29	51	#
380	237590	19	37	41	#
381	181599	27	36	53	#
382	427819	6	12	47	#
383	572561	1	25	61	#
384	498526	20	52	63	#
385	359354	5	38	46	#
386	853081	17	25	56	#
387	463594	30	40	54	#
388	528144	14	16	59	#
389	311543	32	38	53	#
390	766091	5	32	36	#
391	628401	1	33	35	#
392	763543	29	31	37	#
393	792513	5	13	42	#
394	625569	22	36	51	#
395	431874	15	23	26	#
396	181116	12	29	33	#
397	336957	4	7	20	#
398	722424	24	38	44	#
399	436717	19	35	43	#
400	919702	16	20	54	#
401	538714	9	60	63	#
402	132026	1	17	40	#
403	769686	25	41	56	#
404	86409	31	45	49	#
405	169472	5	44	59	#
406	429247	5	22	24	#
407	689048	26	41	55	#
408	967772	11	53	61	#
409	922543	24	45	54	#
410	513910	17	21	44	#
411	263448	0	6	48	#
412	118906	15	18	32	#
413	816842	15	36	60	#
414	144298	24	35	52	#
415	322300	11	27	54	#
416	53302	2	28	55	#
417	546249	4	13	27	#
418	26406	4	19	44	#
419	87902	8	16	40	#
420	505930	4	40	53	#
421	309494	2	51	62	#
422	556556	8	10	23	#
423	149388	15	26	41	#
424	492293	12	28	41	#
425	310438	11	22	28	#
426	294623	21	34	62	#
427	954699	1	14	48	#
428	90832	0	21	59	#
429	63622	13	28	48	#
430	209089	14	35	54	#
431	977372	11	23	58	#
432	120517	5	23	53	#
433	676833	44	51	54	#
434	334331	38	43	51	#
435	406962	6	11	61	#
436	731309	12	17	50	#
437	347495	36	47	62	#
438	629164	3	11	24	#
439	289212	24	33	46	#
440	329486	5	24	56	#
441	895949	0	23	61	#
442	221099	32	49	57	#
443	410942	16	33	42	#
444	996157	15	17	46	#
445	600602	12	13	40	#
446	172963	4	28	43	#
447	319675	17	49	62	#
448	913463	7	8	55	#
449	328791	13	30	45	#
450	73559	16	39	44	#
451	898743	34	36	63	#
452	530823	54	56	57	#
453	295391	11	58	60	#
454	96890	20	34	59	#
455	454914	14	15	37	#
456	740769	23	48	56	#
457	31209	23	47	56	#
458	424480	27	32	51	#
459	525549	26	34	43	#
460	583891	23	37	60	#
461	393177	0	6	43	#
462	175324	33	41	45	#
463	862348	4	13	56	#
464	252424	13	28	54	#
465	698392	18	32	45	#
466	238005	16	17	35	#
467	298688	8	30	54	#
468	412019	13	34	45	#
469	314023	12	32	62	#
470	649493	10	14	29	#
471	457610	2	32	46	#
472	265125	11	27	40	#
473	453222	17	46	60	#
474	482296	13	43	51	#
475	553908	9	31	41	#
476	390210	24	29	33	#
477	139455	21	47	62	#
478	790216	12	18	38	#
479	536127	6	32	44	#
480	139857	16	46	55	#
481	152542	1	39	57	#
482	58523	2	31	62	#
483	842474	20	21	41	#
484	87561	13	27	57	#
485	973671	3	11	59	#
486	363011	16	20	23	#
487	945287	38	39	52	#
488	253595	38	50	51	#
489	746335	13	32	56	#
490	927644	24	40	58	#
491	701657	14	18	46	#
492	376064	31	45	53	#
493	77861	16	20	31	#
494	776898	4	13	19	#
495	666922	16	19	23	#
496	693563	25	37	59	#
497	486496	4	21	60	#
498	619380	0	4	27	#
499	834651	10	45	46	#
500	807750	31	49	57	#
501	941610	20	36	49	#
502	160353	17	42	56	#
503	372214	12	30	35	#
504	184988	27	32	47	#
505	925727	20	33	58	#
506	680196	11	27	34	#
507	299054	18	23	44	#
508	855560	11	44	61	#
509	123993	3	10	40	#
510	54572	27	34	40	#
511	95919	35	41	44	#
512	111240	41	55	63	#
513	640377	18	31	61	#
514	642090	11	12	26	#
515	483350	15	26	47	#
516	251991	14	17	33	#
517	460507	8	42	52	#
518	715240	27	34	57	#
519	857693	8	52	56	#
520	682584	31	54	58	#
521	417816	8	28	42	#
522	360388	47	51	54	#
523	122935	26	28	54	#
524	909905	20	23	59	#
525	740225	27	32	58	#
526	22598	22	32	43	#
527	906622	37	39	50	#
528	241750	13	22	24	#
529	219353	3	36	62	#
530	192958	37	59	61	#
531	504310	23	53	55	#
532	889952	2	8	9	#
533	104531	5	21	23	#
534	732660	4	20	54	#
535	659824	11	14	36	#
536	221820	6	16	22	#
537	725564	1	9	31	#
538	794385	53	55	57	#
539	313796	14	37	44	#
540	288448	6	12	37	#
541	31127	23	30	59	#
542	776008	15	34	42	#
543	673221	7	40	42	#
544	693109	4	17	40	#
545	989598	16	19	57	#
546	89584	9	38	49	#
547	670440	5	10	11	#
548	450089	29	40	49	#
549	653775	17	31	43	#
550	140847	41	48	49	#
551	724391	1	19	28	#
552	155958	12	13	49	#
553	778158	21	52	56	#
554	871739	2	14	61	#
555	432172	0	31	41	#
556	759032	26	28	35	#
557	787410	20	57	60	#
558	570464	21	22	59	#
559	100277	6	23	60	#
560	672750	15	33	37	#
561	31866	28	29	35	#
562	417989	28	40	50	#
563	570581	5	22	34	#
564	452783	39	44	54	#
565	556713	25	41	59	#
566	775147	5	37	49	#
567	817328	1	17	48	#
568	99180	2	16	39	#
569	606789	3	14	53	#
570	907676	31	38	56	#
571	629642	2	38	46	#
572	300912	3	21	37	#
573	757395	5	22	47	#
574	227162	10	20	55	#
575	655468	2	49	60	#
576	114978	24	42	50	#
577	289412	17	25	55	#
578	910808	8	25	44	#
579	77735	7	52	62	#
580	630125	31	39	42	#
581	383256	10	41	56	#
582	791366	17	18	48	#
583	350550	9	10	48	#
584	375633	13	22	48	#
585	371410	2	5	23	#
586	330777	14	54	61	#
587	88031	5	15	27	#
588	757941	6	32	62	#
589	238434	11	16	37	#
590	451094	30	39	53	#
591	245688	0	12	40	#
592	819626	6	8	39	#
593	508852	21	43	62	#
594	316896	2	10	31	#
595	685630	15	17	22	#
596	758129	36	61	63	#
597	544600	5	16	28	#
598	170152	6	21	54	#
599	932548	11	49	61	#
600	689114	1	4	9	#
601	402908	13	33	36	#
602	545389	2	20	37	#
603	916965	3	5	40	#
604	496651	2	8	10	#
605	667130	10	57	63	#
606	95905	27	35	41	#
607	472980	27	28	53	#
608	492978	14	35	41	#
609	11537	5	12	53	#
610	250214	9	14	19	#
611	639106	30	31	32	#
612	314557	7	31	37	#
613	560692	2	17	26	#
614	315429	18	20	30	#
615	606224	9	49	54	#
616	785689	4	35	36	#
617	526957	3	14	34	#
618	385736	8	27	54	#
619	267453	39	45	53	#
620	218371	4	24	41	#
621	940265	38	40	47	#
622	665354	4	58	59	#
623	983902	0	2	24	#
624	935767	13	25	39	#
625	540627	28	33	47	#
626	682289	36	38	57	#
627	236674	33	38	53	#
628	13851	27	31	36	#
629	452987	34	37	52	#
630	762052	22	25	43	#
631	294796	11	39	54	#
632	940253	26	34	42	#
633	116962	8	33	46	#
634	959552	21	36	59	#
635	148162	19	37	45	#
636	558311	19	23	28	#
637	28532	12	33	52	#
638	878651	6	7	35	#
639	795590	13	22	43	#
640	989696	6	35	36	#
641	117624	44	55	56	#
642	200785	11	23	47	#
643	552451	17	32	51	#
644	801038	7	53	55	#
645	279224	4	6	43	#
646	983944	0	15	50	#
647	724573	8	20	31	#
648	131619	24	27	48	#
649	605505	28	53	54	#
650	343529	8	9	43	#
651	50647	31	33	58	#
652	298862	6	16	55	#
653	719525	7	46	62	#
654	535632	23	57	58	#
655	860080	23	41	42	#
656	704754	10	21	60	#
657	230609	26	32	49	#
658	968595	46	53	61	#
659	618688	33	57	60	#
660	418659	1	18	28	#
661	810154	21	32	50	#
662	327623	10	12	59	#
663	921504	0	8	33	#
664	692541	15	21	37	#
665	666306	6	61	62	#
666	448892	40	43	58	#
667	564674	20	32	54	#
668	939229	41	46	53	#
669	326535	11	44	60	#
670	705564	0	4	34	#
671	624964	31	46	54	#
672	441210	31	56	58	#
673	870584	19	21	53	#
674	675324	1	31	44	#
675	98272	0	34	52	#
676	130862	11	34	39	#
677	930264	48	50	59	#
678	231851	9	48	53	#
679	793509	6	8	31	#
680	200880	13	25	29	#
681	501735	19	24	51	#
682	954207	9	39	56	#
683	203111	11	14	28	#
684	425500	27	38	60	#
685	281000	3	33	42	#
686	818348	14	28	59	#
687	264992	20	35	50	#
688	491564	45	48	49	#
689	508118	2	16	61	#
690	653646	13	27	34	#
691	101537	41	45	46	#
692	851996	16	22	27	#
693	536136	4	16	55	#
694	346848	36	38	56	#
695	923285	11	36	55	#
696	436458	11	18	22	#
697	794011	4	30	53	#
698	346495	15	18	56	#
699	732580	38	50	63	#
700	843531	8	36	48	#
701	3851	23	28	49	#
702	65001	4	18	36	#
703	893280	0	59	60	#
704	29515	2	27	60	#
705	694311	0	33	39	#
706	292768	3	4	43	#
707	149936	17	18	40	#
708	561447	19	21	61	#
709	683546	26	38	52	#
710	391411	27	36	44	#
711	938759	20	39	58	#
712	692916	17	37	38	#
713	988721	6	27	29	#
714	35632	26	41	45	#
715	72451	1	23	35	#
716	543170	6	23	28	#
717	869146	22	32	34	#
718	523266	26	34	49	#
719	130885	22	50	54	#
720	492454	47	51	55	#
721	960035	5	21	60	#
722	923037	55	57	62	#
723	139708	23	50	58	#
724	865321	7	17	31	#
725	703941	11	42	54	#
726	579554	10	41	44	#
727	368861	1	20	24	#
728	449695	17	32	60	#
729	536881	3	16	24	#
730	745075	6	25	43	#
731	333078	13	25	26	#
732	246222	31	32	57	#
733	536206	18	58	62	#
734	357568	6	25	60	#
735	326372	5	35	56	#
736	92429	3	15	33	#
737	487221	9	28	52	#
738	234618	18	35	41	#
739	72554	4	29	45	#
740	56245	13	20	56	#
741	575606	21	27	31	#
742	202682	18	48	61	#
743	323808	22	32	58	#
744	743391	41	45	49	#
745	162654	12	22	28	#
746	931247	39	42	54	#
747	489362	0	30	42	#
748	913181	27	29	62	#
749	350376	12	17	60	#
750	491417	18	41	42	#
751	626270	34	43	45	#
752	47273	26	43	63	#
753	293482	20	42	53	#
754	908448	29	33	36	#
755	374358	16	25	34	#
756	765884	19	25	63	#
757	465290	6	25	35	#
758	227784	8	16	18	#
759	667349	48	49	59	#
760	236014	17	25	29	#
761	334575	11	23	54	#
762	864101	10	38	53	#
763	817942	13	34	44	#
764	919639	10	33	44	#
765	199555	41	47	61	#
766	598748	2	4	34	#
767	155629	20	44	45	#
768	42045	11	29	51	#
769	612470	1	6	22	#
770	732417	0	16	19	#
771	24720	40	43	50	#
772	980956	23	53	54	#
773	966929	2	43	63	#
774	983312	28	43	44	#
775	993447	5	25	34	#
776	708718	17	19	31	#
777	827211	0	24	59	#
778	893676	34	42	47	#
779	618671	22	33	38	#
780	733609	2	50	63	#
781	228010	3	29	30	#
782	218303	3	21	42	#
783	347133	3	25	28	#
784	440764	7	22	44	#
785	591063	28	30	63	#
786	624142	7	13	26	#
787	858431	33	51	60	#
788	57681	11	28	50	#
789	868889	10	42	63	#
790	610173	32	36	61	#
791	64407	23	45	62	#
792	998197	13	17	61	#
793	732046	14	47	62	#
794	526462	27	30	43	#
795	500872	37	41	60	#
796	588852	12	25	61	#
797	866309	12	54	59	#
798	508565	17	26	30	#
799	431551	19	25	55	#
800	696188	30	46	58	#
801	895422	20	58	63	#
802	121446	6	17	33	#
803	906413	10	51	56	#
804	101170	36	53	60	#
805	628406	25	26	61	#
806	140422	1	8	54	#
807	684337	21	37	49	#
808	108684	26	35	36	#
809	780284	7	24	31	#
810	7829	18	27	49	#
811	513330	5	49	56	#
812	965266	0	8	37	#
813	910463	9	27	56	#
814	502834	15	28	52	#
815	183849	3	16	35	#
816	170459	30	35	56	#
817	658664	1	9	38	#
818	689681	30	56	61	#
819	908937	44	51	55	#
820	481722	11	28	41	#
821	99320	15	41	55	#
822	224011	17	26	47	#
823	180945	26	34	57	#
824	583199	4	15	37	#
825	870542	3	17	22	#
826	152618	15	61	62	#
827	726816	37	46	52	#
828	446438	38	55	59	#
829	855507	0	23	47	#
830	695299	28	45	55	#
831	990349	15	36	43	#
832	607162	37	38	52	#
833	569210	16	58	59	#
834	832273	27	34	55	#
835	953043	3	5	39	#
836	602638	6	27	54	#
837	119828	4	27	45	#
838	904049	14	18	35	#
839	6497	19	59	62	#
840	582685	14	44	50	#
841	168936	49	52	56	#
842	988470	23	37	45	#
843	583437	14	32	59	#
844	113868	13	31	61	#
845	222587	14	39	40	#
846	699428	4	24	36	#
847	504362	10	34	47	#
848	446389	37	57	60	#
849	835293	44	48	49	#
850	301821	16	17	36	#
851	246872	9	31	44	#
852	763229	17	31	58	#
853	558948	15	21	47	#
854	287255	3	18	61	#
855	594686	10	46	48	#
856	718709	31	35	48	#
857	805031	2	3	32	#
858	522379	0	12	43	#
859	347874	6	30	41	#
860	592954	22	29	37	#
861	229992	16	28	34	#
862	128703	7	13	21	#
863	863797	0	40	63	#
864	302482	30	35	37	#
865	663148	14	29	61	#
866	233813	4	7	30	#
867	316848	6	37	56	#
868	362770	7	49	51	#
869	761379	6	11	25	#
870	294473	32	45	59	#
871	778102	8	37	54	#
872	356016	7	30	36	#
873	906425	15	33	48	#
874	812377	2	55	61	#
875	503287	1	6	34	#
876	749499	17	21	38	#
877	774849	10	20	42	#
878	269283	34	36	59	#
879	128141	9	10	32	#
880	369705	5	13	49	#
881	288904	0	23	32	#
882	920621	10	20	25	#
883	715897	11	21	24	#
884	620884	30	32	63	#
885	2356	1	31	32	#
886	187314	7	22	27	#
887	848219	21	44	60	#
888	922072	7	10	63	#
889	444149	4	9	53	#
890	489520	22	47	50	#
891	121836	3	32	41	#
892	764436	6	33	57	#
893	39161	23	47	53	#
894	809695	2	17	55	#
895	755714	0	36	49	#
896	269116	2	8	43	#
897	172335	37	45	61	#
898	286963	5	21	35	#
899	766732	9	12	44	#
900	690187	19	55	56	#
901	786295	11	59	60	#
902	673949	12	21	60	#
903	876389	3	46	59	#
904	219003	5	7	17	#
905	243051	10	21	61	#
906	732315	19	35	44	#
907	418320	24	36	37	#
908	891885	0	33	53	#
909	771739	10	17	25	#
910	282446	24	38	53	#
911	325624	2	16	30	#
912	649188	14	25	28	#
913	623499	4	9	39	#
914	760173	9	27	58	#
915	635060	5	9	17	#
916	527149	6	22	47	#
917	24909	5	11	52	#
918	1821	23	25	61	#
919	220639	9	20	40	#
920	791099	17	33	42	#
921	627986	0	47	53	#
922	733729	4	45	57	#
923	875223	54	58	63	#
924	117791	8	24	58	#
925	814499	12	30	38	#
926	387089	0	1	39	#
927	451292	24	49	58	#
928	176062	3	4	62	#
929	880382	0	36	60	#
930	685703	30	57	63	#
931	995211	16	22	40	#
932	207247	39	45	56	#
933	614263	40	47	50	#
934	662916	9	12	31	#
935	185619	4	9	55	#
936	477914	16	34	63	#
937	369128	4	12	31	#
938	322191	18	54	61	#
939	487967	16	49	61	#
940	283593	8	25	38	#
941	201725	1	31	61	#
942	314179	25	27	50	#
943	200875	1	2	40	#
944	720390	5	48	50	#
945	314753	17	55	56	#
946	96793	18	25	55	#
947	257447	4	16	23	#
948	822787	1	19	54	#
949	221342	1	14	31	#
950	742680	12	37	50	#
951	794679	1	27	38	#
952	931753	1	27	47	#
953	227310	32	58	61	#
954	514396	5	48	61	#
955	897967	12	25	43	#
956	345148	18	23	57	#
957	946693	7	9	59	#
958	989442	12	19	26	#
959	427691	9	37	40	#
960	848059	9	34	63	#
961	10692	9	18	34	#
962	457827	30	37	60	#
963	213062	7	16	34	#
964	970748	1	28	62	#
965	380196	38	41	46	#
966	564807	1	53	58	#
967	148366	14	40	63	#
968	71849	33	49	60	#
969	922039	40	42	45	#
970	421460	3	31	53	#
971	976769	22	38	51	#
972	594481	22	42	63	#
973	159145	3	29	50	#
974	655749	2	5	19	#
975	796844	25	29	51	#
976	92930	7	15	50	#
977	354723	26	31	48	#
978	126732	30	39	63	#
979	576967	14	19	32	#
980	877553	16	39	40	#
981	340655	0	25	60	#
982	274580	24	39	63	#
983	212743	15	22	24	#
984	375569	51	52	55	#
985	750250	22	52	61	#
986	329049	16	25	41	#
987	912622	3	59	62	#
988	555377	6	25	34	#
989	565508	9	13	35	#
990	154999	8	32	37	#
991	930662	31	51	63	#
992	776870	33	42	62	#
993	614813	2	14	63	#
994	630159	31	39	48	#
995	503709	1	7	56	#
996	893465	22	23	27	#
997	916038	10	41	63	#
998	112431	1	21	59	#
999	296375	0	9	34	#
1000	222790	9	12	48	#
1001	786419	13	47	51	#
1002	238532	24	26	32	#
1003	671513	31	37	55	#
1004	412666	4	22	47	#
1005	889440	2	5	47	#
1006	710129	21	24	46	#
1007	938508	8	31	32	#
1008	580307	2	19	49	#
1009	798862	26	31	61	#
1010	230045	17	57	61	#
1011	672891	9	42	49	#
1012	45464	16	20	57	#
1013	671979	24	26	36	#
1014	16463	5	14	28	#
1015	232127	26	33	56	#
1016	773649	19	24	26	#
1017	312547	5	12	41	#
1018	943470	11	22	32	#
1019	924904	18	25	46	#
1020	155946	29	33	63	#
1021	104520	2	24	43	#
1022	961445	16	27	45	#
1023	480435	4	58	62	#
1024	236405	12	29	38	#
1025	39086	1	30	63	#
1026	839301	16	29	41	#
1027	160816	6	43	47	#
1028	945512	11	34	41	#
1029	995836	8	31	43	#
1030	484140	2	9	33	#
1031	336846	19	20	43	#
1032	521693	8	11	30	#
1033	213200	24	28	38	#
1034	595367	0	22	24	#
1035	307476	27	37	46	#
1036	987147	3	51	54	#
1037	917059	31	35	54	#
1038	801645	26	47	51	#
1039	382477	15	21	44	#
1040	406235	1	32	37	#
1041	62428	26	38	47	#
1042	208111	3	20	57	#
1043	866767	44	52	54	#
1044	371616	39	40	50	#
1045	746151	11	18	44	#
1046	445640	29	34	44	#
1047	169625	23	54	58	#
1048	625467	28	31	49	#
1049	429505	17	35	50	#
1050	194407	22	41	42	#
1051	869331	6	17	40	#
1052	732704	17	19	39	#
1053	400664	24	26	50	#
1054	930270	35	36	49	#
1055	764212	7	39	62	#
1056	85516	45	53	57	#
1057	279710	4	18	44	#
1058	759511	15	22	60	#
1059	289574	1	33	61	#
1060	85286	23	36	45	#
1061	106909	4	12	18	#
1062	54523	14	33	51	#
1063	45411	35	36	60	#
1064	585345	15	17	38	#
1065	510908	16	40	60	#
1066	72508	22	42	59	#
1067	71624	27	36	62	#
1068	6923	3	50	54	#
1069	366051	4	5	53	#
1070	958616	3	7	37	#
1071	979446	7	40	61	#
1072	507864	15	23	24	#
1073	319232	1	30	35	#
1074	285119	5	36	57	#
1075	814201	3	52	63	#
1076	162468	10	55	62	#
1077	494013	21	46	50	#
1078	343665	9	22	31	#
1079	875499	23	43	62	#
1080	335086	5	10	60	#
1081	527045	5	41	51	#
1082	518974	18	19	55	#
1083	403545	13	14	21	#
1084	489783	5	23	55	#
1085	779514	26	51	55	#
1086	509040	0	7	42	#
1087	32951	29	47	50	#
1088	421070	2	13	21	#
1089	995901	26	44	61	#
1090	212214	27	36	60	#
1091	968930	24	44	59	#
1092	733121	0	8	38	#
1093	974230	19	29	50	#
1094	971820	3	30	54	#
1095	330898	2	45	56	#
1096	664730	2	24	33	#
1097	175946	1	17	56	#
1098	963397	27	44	59	#
1099	125902	4	28	46	#
1100	336686	25	40	57	#
1101	876385	31	42	52	#
1102	881310	3	42	44	#
1103	170853	0	45	58	#
1104	737981	7	27	57	#
1105	398429	14	21	39	#
1106	210140	9	21	40	#
1107	514570	18	36	54	#
1108	55943	42	53	57	#
1109	117275	8	16	31	#
1110	789505	20	55	57	#
1111	546117	33	43	63	#
1112	224558	6	15	31	#
1113	765576	30	47	55	#
1114	416167	47	57	63	#
1115	958757	27	33	57	#
1116	704917	3	9	42	#
1117	341151	27	35	43	#
1118	117339	39	49	51	#
1119	451731	17	35	40	#
1120	658980	17	40	48	#
1121	597498	0	18	52	#
1122	21900	1	43	59	#
1123	14177	6	17	57	#
1124	604311	11	47	58	#
1125	626410	3	40	52	#
1126	897334	12	29	44	#
1127	124082	20	23	26	#
1128	232300	38	61	63	#
1129	515436	10	13	60	#
1130	601772	11	20	47	#
1131	460456	5	11	59	#
1132	768426	1	43	49	#
1133	954626	11	28	63	#
1134	158154	8	41	59	#
1135	481010	1	31	51	#
1136	97240	21	43	46	#
1137	577711	27	33	60	#
1138	798183	5	49	51	#
1139	878107	3	12	32	#
1140	124703	32	34	61	#
1141	72874	9	25	41	#
1142	573724	13	30	52	#
1143	915643	34	52	58	#
1144	100559	20	23	45	#
1145	348270	14	52	62	#
1146	383304	36	42	57	#
1147	56999	29	51	58	#
1148	873373	1	38	60	#
1149	287457	20	32	37	#
1150	544227	11	23	41	#
1151	300910	9	43	54	#
1152	879873	4	9	42	#
1153	27918	21	31	60	#
1154	838626	49	54	63	#
1155	288509	1	3	20	#
1156	761550	4	39	50	#
1157	646307	42	44	48	#
1158	82864	43	44	56	#
1159	178094	9	47	60	#
1160	451182	16	35	55	#
1161	886644	27	42	45	#
1162	994798	11	17	55	#
1163	460496	18	26	60	#
1164	816739	3	9	22	#
1165	642660	12	27	43	#
1166	853159	9	12	17	#
1167	33729	1	12	51	#
1168	557757	14	40	46	#
1169	499587	17	30	44	#
1170	485242	4	38	47	#
1171	479890	8	29	60	#
1172	738475	8	46	62	#
1173	400727	20	21	63	#
1174	416774	11	24	58	#
1175	83320	13	37	38	#
1176	656966	8	36	42	#
1177	493125	38	43	63	#
1178	989141	12	19	46	#
1179	595279	22	28	46	#
1180	773949	31	45	48	#
1181	799018	28	54	61	#
1182	309210	13	58	62	#
1183	541702	22	25	45	#
1184	700649	16	24	32	#
1185	445371	0	13	22	#
1186	617070	28	46	47	#
1187	502754	6	45	62	#
1188	433179	2	42	56	#
1189	580544	10	28	55	#
1190	588099	11	26	62	#
1191	218528	1	25	28	#
1192	840855	18	22	62	#
1193	397167	38	45	46	#
1194	751353	12	38	63	#
1195	39257	27	43	45	#
1196	845001	9	32	59	#
1197	19952	1	13	57	#
1198	751255	59	61	63	#
1199	204144	37	38	58	#
1200	648915	21	35	57	#
1201	217836	12	39	59	#
1202	777185	25	29	57	#
1203	216033	10	30	55	#
1204	742761	3	13	55	#
1205	492416	7	23	42	#
1206	295312	20	47	48	#
1207	873528	10	11	63	#
1208	967370	5	17	47	#
1209	851709	19	39	55	#
1210	488933	1	21	25	#
1211	740510	37	41	56	#
1212	885630	37	43	51	#
1213	388869	26	43	56	#
1214	838236	11	47	53	#
1215	112393	26	45	51	#
1216	706518	14	22	28	#
1217	278437	1	47	49	#
1218	601854	40	58	60	#
1219	416218	40	49	58	#
1220	30728	6	29	50	#
1221	814031	17	40	56	#
1222	925197	2	3	4	#
1223	312708	5	36	44	#
1224	326580	15	21	32	#
1225	525624	9	26	42	#
1226	610862	42	56	59	#
1227	897070	5	39	55	#
1228	438617	3	4	20	#
1229	276393	2	10	46	#
1230	297455	20	33	41	#
1231	630286	24	25	51	#
1232	143625	21	24	50	#
1233	256971	7	26	37	#
1234	722252	1	7	57	#
1235	871151	8	15	48	#
1236	279639	21	39	54	#
1237	131258	4	38	46	#
1238	548518	24	48	49	#
1239	601237	12	40	53	#
1240	67512	43	45	57	#
1241	491393	41	56	61	#
1242	411370	6	44	58	#
1243	381507	3	34	45	#
1244	773916	12	25	37	#
1245	813136	40	50	55	#
1246	443298	31	33	53	#
1247	111932	5	6	40	#
1248	818743	20	44	63	#
1249	290156	0	18	31	#
1250	14667	2	14	50	#
1251	759692	14	42	58	#
1252	877490	0	9	16	#
1253	376666	10	13	39	#
1254	207977	22	24	41	#
1255	638989	16	39	48	#
1256	828072	11	41	42	#
1257	74518	16	31	62	#
1258	694977	10	37	50	#
1259	931800	18	26	48	#
1260	420445	27	33	52	#
1261	729780	10	13	41	#
1262	235503	22	23	41	#
1263	756973	40	46	58	#
1264	211404	53	56	61	#
1265	646610	3	55	56	#
1266	862176	2	18	61	#
1267	955296	21	47	57	#
1268	395796	24	44	61	#
1269	87405	26	27	61	#
1270	579715	26	34	62	#
1271	506018	2	14	52	#
1272	113231	8	16	53	#
1273	676120	5	27	49	#
1274	732187	10	24	54	#
1275	596901	7	43	52	#
1276	10766	38	47	51	#
1277	97378	25	46	54	#
1278	970624	47	49	51	#
1279	293205	37	43	49	#
1280	159399	31	49	53	#
1281	732405	14	16	41	#
1282	818601	22	33	59	#
1283	793898	6	7	9	#
1284	125179	29	44	54	#
1285	845083	11	38	45	#
1286	261559	9	35	49	#
1287	513363	30	50	51	#
1288	211078	13	42	53	#
1289	545344	23	39	41	#
1290	654360	3	43	61	#
1291	533828	27	37	45	#
1292	261211	6	14	15	#
1293	74705	3	21	30	#
1294	778893	28	58	62	#
1295	871930	6	47	59	#
1296	614272	40	43	61	#
1297	159225	39	45	49	#
1298	279694	33	40	56	#
1299	357407	5	14	61	#
1300	370338	0	19	22	#
1301	106454	1	41	60	#
1302	839996	32	46	63	#
1303	442769	6	35	49	#
1304	445725	16	27	30	#
1305	371264	33	46	55	#
1306	620413	46	55	61	#
1307	866083	20	25	33	#
1308	340429	10	17	40	#
1309	70383	6	16	31	#
1310	365250	6	53	62	#
1311	67254	8	54	62	#
1312	316975	31	35	40	#
1313	201402	25	31	42	#
1314	186969	25	30	39	#
1315	690343	27	38	59	#
1316	301041	56	62	63	#
1317	710080	17	21	59	#
1318	35413	47	61	63	#
1319	44928	18	23	33	#
1320	838875	43	44	50	#
1321	817864	1	6	41	#
1322	628698	8	61	63	#
1323	432025	2	3	47	#
1324	867057	11	37	40	#
1325	455410	10	23	62	#
1326	865949	4	15	54	#
1327	823589	4	7	16	#
1328	496074	13	35	43	#
1329	833199	12	22	26	#
1330	602913	4	6	21	#
1331	198754	12	18	29	#
1332	657166	8	48	63	#
1333	298405	12	24	39	#
1334	347530	13	43	58	#
1335	87464	11	22	44	#
1336	589856	2	17	48	#
1337	583791	5	9	24	#
1338	761509	1	30	39	#
1339	585443	4	5	27	#
1340	914771	3	12	46	#
1341	698431	21	22	44	#
1342	289210	19	32	56	#
1343	398419	32	34	56	#
1344	730677	1	29	44	#
1345	45775	21	26	42	#
1346	408542	26	37	47	#
1347	838885	12	31	44	#
1348	808816	3	14	40	#
1349	57014	16	25	35	#
1350	109792	9	37	61	#
1351	508157	4	16	53	#
1352	357321	9	22	51	#
1353	516763	28	59	60	#
1354	630421	15	23	37	#
1355	982317	6	12	41	#
1356	64939	37	45	52	#
1357	914243	4	11	24	#
1358	664345	1	13	33	#
1359	512106	23	24	29	#
1360	970397	4	44	45	#
1361	834132	2	9	46	#
1362	682524	3	26	41	#
1363	560230	3	55	63	#
1364	409437	17	50	55	#
1365	924029	46	47	56	#
1366	528531	0	45	61	#
1367	864324	10	19	58	#
1368	412612	10	42	49	#
1369	69906	19	52	58	#
1370	692519	32	59	61	#
1371	870065	13	34	41	#
1372	705739	7	28	42	#
1373	857670	8	38	47	#
1374	722475	5	26	48	#
1375	904652	24	37	61	#
1376	19454	19	33	57	#
1377	408447	20	36	38	#
1378	500213	1	52	60	#
1379	137506	3	39	49	#
1380	195158	19	29	38	#
1381	179051	1	14	63	#
1382	649873	4	27	51	#
1383	364162	33	39	47	#
1384	591266	14	26	51	#
1385	473617	2	11	40	#
1386	827330	8	35	57	#
1387	912189	27	43	57	#
1388	368975	47	54	56	#
1389	365686	9	47	54	#
1390	603158	31	32	58	#
1391	999009	34	37	54	#
1392	524616	27	31	55	#
1393	252113	14	35	50	#
1394	892046	21	42	63	#
1395	144326	29	35	60	#
1396	320643	1	11	54	#
1397	620510	15	29	60	#
1398	226962	6	13	19	#
1399	759091	5	13	61	#
1400	437404	0	23	38	#
1401	963538	28	29	32	#
1402	675057	28	42	55	#
1403	236377	8	14	36	#
1404	586592	0	25	41	#
1405	342759	48	60	62	#
1406	502588	8	27	45	#
1407	393390	4	16	17	#
1408	55355	8	35	36	#
1409	947927	17	41	54	#
1410	240211	15	17	45	#
1411	342504	0	32	51	#
1412	499355	33	34	61	#
1413	578782	10	32	55	#
1414	931878	34	46	50	#
1415	777043	11	44	54	#
1416	789114	42	52	53	#
1417	892045	15	25	43	#
1418	1478	5	24	62	#
1419	117966	34	39	45	#
1420	601047	31	34	38	#
1421	167519	33	36	54	#
1422	553621	4	49	50	#
1423	400355	41	42	63	#
1424	694596	10	14	31	#
1425	597196	55	59	62	#
1426	174965	23	25	36	#
1427	28621	7	12	55	#
1428	66860	21	30	48	#
1429	351285	22	33	45	#
1430	552510	28	38	41	#
1431	893283	1	32	33	#
1432	229437	27	51	54	#
1433	840987	36	38	45	#
1434	134155	5	23	27	#
1435	67822	4	10	31	#
1436	617884	32	35	61	#
1437	646605	15	38	51	#
1438	349822	1	13	62	#
1439	466174	26	45	58	#
1440	96793	5	19	28	#
1441	997281	32	39	56	#
1442	191558	3	13	58	#
1443	343552	7	18	50	#
1444	240089	7	41	61	#
1445	316924	19	32	35	#
1446	431086	25	58	59	#
1447	480693	16	48	51	#
1448	744837	9	54	56	#
1449	653600	12	18	48	#
1450	893000	5	12	49	#
1451	755654	2	33	42	#
1452	492931	14	32	45	#
1453	770241	12	39	43	#
1454	399570	18	28	63	#
1455	536242	37	47	58	#
1456	256106	13	30	38	#
1457	498745	2	3	11	#
1458	474438	27	40	62	#
1459	479961	34	54	57	#
1460	628491	13	33	62	#
1461	391647	5	23	34	#
1462	70439	12	16	52	#
1463	443140	11	17	51	#
1464	660819	0	56	60	#
1465	130599	18	50	62	#
1466	996839	37	38	50	#
1467	222519	17	32	42	#
1468	399217	7	21	33	#
1469	626584	10	35	55	#
1470	844479	21	30	52	#
1471	256541	6	43	59	#
1472	227486	11	16	58	#
1473	682829	10	31	51	#
1474	923686	9	12	30	#
1475	12733	3	13	61	#
1476	989220	33	39	56	#
1477	62577	4	12	42	#
1478	144857	34	49	55	#
1479	316939	27	45	46	#
1480	204305	7	39	54	#
1481	755586	41	43	60	#
1482	688189	4	33	58	#
1483	158399	17	29	61	#
1484	280058	5	27	32	#
1485	515134	17	35	59	#
1486	917223	0	25	45	#
1487	693062	13	36	49	#
1488	62308	28	33	42	#
1489	856430	42	47	62	#
1490	226517	9	26	30	#
1491	864247	37	51	63	#
1492	855296	4	6	24	#
1493	606495	7	31	58	#
1494	395547	29	36	52	#
1495	154606	0	26	45	#
1496	955089	24	30	32	#
1497	673895	8	22	37	#
1498	187470	11	24	28	#
1499	192173	9	13	43	#
1500	157652	46	47	60	#
1501	365699	3	46	56	#
1502	356797	46	52	54	#
1503	238739	1	17	31	#
1504	876318	0	23	41	#
1505	439092	1	24	47	#
1506	891076	10	35	36	#
1507	782100	15	25	57	#
1508	809281	23	33	52	#
1509	15156	26	43	44	#
1510	867258	3	13	62	#
1511	46111	5	29	62	#
1512	347790	11	29	39	#
1513	674756	14	44	56	#
1514	483445	10	28	43	#
1515	178490	34	47	63	#
1516	264693	8	51	60	#
1517	144462	0	28	49	#
1518	476808	18	43	46	#
1519	202818	15	39	40	#
1520	508140	9	58	60	#
1521	402962	2	26	41	#
1522	537678	17	22	60	#
1523	778607	35	46	51	#
1524	488857	34	35	53	#
1525	803544	6	20	49	#
1526	710725	3	12	21	#
1527	365568	18	35	40	#
1528	769656	0	16	33	#
1529	72875	38	46	49	#
1530	713258	9	37	47	#
1531	139637	44	57	60	#
1532	280461	4	32	47	#
1533	375055	5	34	42	#
1534	610588	13	57	60	#
1535	517019	10	43	59	#
1536	146585	12	24	27	#
1537	549207	20	25	61	#
1538	868377	21	35	49	#
1539	88616	11	21	50	#
1540	989208	8	11	32	#
1541	782969	11	20	33	#
1542	835883	35	46	48	#
1543	604686	0	17	44	#
1544	484138	17	38	47	#
1545	500593	1	27	50	#
1546	985306	44	47	48	#
1547	538013	29	40	47	#
1548	980178	10	57	58	#
1549	19973	14	31	53	#
1550	103266	34	41	62	#
1551	894890	20	21	24	#
1552	350953	7	16	30	#
1553	220851	28	37	55	#
1554	186568	15	18	62	#
1555	421904	24	26	57	#
1556	693332	1	6	28	#
1557	515857	3	53	59	#
1558	73094	10	14	38	#
1559	725062	25	26	60	#
1560	562464	43	57	60	#
1561	449069	24	50	52	#
1562	464277	8	9	31	#
1563	25849	32	41	55	#
1564	809718	24	26	61	#
1565	689519	22	24	47	#
1566	652149	35	43	50	#
1567	185169	27	35	61	#
1568	856847	13	33	39	#
1569	990897	25	59	60	#
1570	708295	10	47	48	#
1571	745652	9	27	51	#
1572	176457	25	45	54	#
1573	790189	1	44	50	#
1574	913257	4	47	63	#
1575	41304	1	7	30	#
1576	671998	37	43	58	#
1577	163417	10	27	39	#
1578	6689	3	30	46	#
1579	991510	22	35	56	#
1580	235889	26	30	52	#
1581	384534	28	36	38	#
1582	151031	14	33	62	#
1583	508411	6	51	62	#
1584	592066	7	19	44	#
1585	434022	24	32	58	#
1586	899491	12	18	49	#
1587	753302	1	7	38	#
1588	396621	2	15	58	#
1589	706919	3	16	53	#
1590	923586	19	37	38	#
1591	125201	16	37	41	#
1592	410651	14	25	48	#
1593	933655	8	17	41	#
1594	317845	13	44	52	#
1595	615808	5	36	45	#
1596	554302	13	39	50	#
1597	125131	45	48	60	#
1598	556418	10	18	20	#
1599	898002	14	19	26	#
1600	289115	1	18	54	#
1601	145334	27	42	53	#
1602	866971	1	46	49	#
1603	873377	21	32	44	#
1604	699021	8	15	51	#
1605	675937	8	40	47	#
1606	329281	44	53	61	#
1607	349223	39	41	54	#
1608	684377	16	44	50	#
1609	990797	17	28	39	#
1610	311962	7	22	60	#
1611	391455	4	40	52	#
1612	284921	9	44	53	#
1613	297614	27	43	50	#
1614	490019	0	23	56	#
1615	259467	39	53	54	#
1616	120731	20	26	40	#
1617	240471	0	37	47	#
1618	923249	5	7	60	#
1619	107899	5	35	49	#
1620	741349	26	48	55	#
1621	794323	26	35	54	#
1622	826732	32	38	50	#
1623	823055	10	32	60	#
1624	437902	8	14	32	#
1625	523489	34	36	44	#
1626	573545	1	37	52	#
1627	497682	0	16	58	#
1628	437375	14	25	53	#
1629	416049	0	3	20	#
1630	763619	7	31	34	#
1631	17968	1	21	33	#
1632	445802	26	49	51	#
1633	272143	2	17	45	#
1634	6221	10	12	35	#
1635	11933	33	40	52	#
1636	319452	2	32	37	#
1637	2492	0	56	57	#
1638	660502	18	23	34	#
1639	319359	43	47	54	#
1640	586650	3	9	50	#
1641	122285	30	50	57	#
1642	381772	9	11	31	#
1643	393426	12	18	34	#
1644	792919	2	5	6	#
1645	975598	13	24	38	#
1646	571148	2	3	7	#
1647	294208	33	41	51	#
1648	892060	4	24	35	#
1649	475500	36	58	59	#
1650	76255	39	47	58	#
1651	184177	17	29	46	#
1652	155869	2	8	50	#
1653	395002	31	35	49	#
1654	740605	20	30	37	#
1655	485882	2	28	44	#
1656	325111	3	35	40	#
1657	494002	8	52	58	#
1658	422854	1	48	49	#
1659	712475	25	58	60	#
1660	906797	28	32	60	#
1661	611594	42	45	50	#
1662	347694	2	7	41	#
1663	40456	11	42	56	#
1664	699844	9	36	46	#
1665	558287	10	45	53	#
1666	174153	10	31	47	#
1667	430283	16	21	57	#
1668	817067	23	34	35	#
1669	78534	9	28	38	#
1670	131083	16	35	45	#
1671	617225	28	29	61	#
1672	283591	4	36	62	#
1673	29876	6	41	61	#
1674	374142	36	38	53	#
1675	52220	58	59	62	#
1676	555791	18	23	36	#
1677	620090	26	29	62	#
1678	830896	17	18	27	#
1679	542885	3	19	61	#
1680	426571	31	51	58	#
1681	6527	12	28	46	#
1682	164738	28	50	52	#
1683	483441	6	23	25	#
1684	543499	21	47	53	#
1685	507008	9	39	45	#
1686	954511	19	49	52	#
1687	430713	28	51	53	#
1688	130018	15	48	61	#
1689	136110	28	34	50	#
1690	722286	6	24	55	#
1691	601633	1	32	61	#
1692	719229	24	28	53	#
1693	47448	14	24	55	#
1694	585149	16	19	52	#
1695	611631	13	24	39	#
1696	165730	2	7	43	#
1697	554052	10	13	14	#
1698	550461	44	52	56	#
1699	598244	11	37	46	#
1700	385950	14	16	27	#
1701	698684	25	39	60	#
1702	530839	31	36	56	#
1703	102038	1	25	27	#
1704	550777	34	54	62	#
1705	169472	1	3	44	#
1706	426765	13	17	48	#
1707	979311	23	44	49	#
1708	60085	2	31	46	#
1709	354378	50	52	61	#
1710	333173	11	43	53	#
1711	865110	32	37	61	#
1712	429148	35	44	58	#
1713	257599	43	49	51	#
1714	537719	30	37	40	#
1715	31386	19	43	57	#
1716	921497	9	33	55	#
1717	3755	19	22	58	#
1718	711388	0	4	20	#
1719	733388	29	34	42	#
1720	641968	3	6	50	#
1721	921307	5	7	46	#
1722	715469	9	32	48	#
1723	261898	5	25	28	#
1724	975601	32	49	54	#
1725	889857	17	48	50	#
1726	357679	14	29	41	#
1727	651311	18	29	62	#
1728	162803	4	40	51	#
1729	185749	6	25	59	#
1730	648164	4	5	14	#
1731	955777	11	21	38	#
1732	824509	6	34	42	#
1733	207299	8	22	26	#
1734	543788	13	29	33	#
1735	452035	7	11	63	#
1736	328980	23	49	56	#
1737	987163	10	18	59	#
1738	738912	15	37	51	#
1739	258427	8	9	15	#
1740	925281	10	11	36	#
1741	176887	43	47	58	#
1742	209661	55	58	61	#
1743	296909	37	45	49	#
1744	465939	5	30	62	#
1745	234413	22	36	43	#
1746	914932	19	50	55	#
1747	837884	15	35	42	#
1748	304217	11	14	54	#
1749	733481	24	30	54	#
1750	575470	4	29	59	#
1751	961055	38	39	61	#
1752	765035	0	11	40	#
1753	86144	6	24	52	#
1754	199683	13	36	63	#
1755	967868	10	15	58	#
1756	991034	23	49	59	#
1757	516708	12	59	63	#
1758	188885	6	10	20	#
1759	90038	7	23	56	#
1760	505463	10	16	62	#
1761	303139	6	35	47	#
1762	480633	4	25	28	#
1763	69572	3	16	61	#
1764	322346	16	31	58	#
1765	627173	27	37	54	#
1766	427108	9	24	58	#
1767	154542	6	7	24	#
1768	762033	3	27	48	#
1769	337819	12	44	54	#
1770	873025	20	25	34	#
1771	908635	0	33	47	#
1772	272910	18	52	55	#
1773	741532	24	38	55	#
1774	358844	9	23	31	#
1775	572772	57	60	63	#
1776	810062	5	15	58	#
1777	782339	3	21	62	#
1778	625076	4	37	41	#
1779	790997	23	30	35	#
1780	798917	4	51	52	#
1781	122185	38	54	55	#
1782	219760	7	10	49	#
1783	567537	0	1	54	#
1784	267471	0	24	49	#
1785	199292	9	38	44	#
1786	862648	11	62	63	#
1787	357236	2	10	41	#
1788	458914	1	2	48	#
1789	344657	23	26	54	#
1790	548117	1	18	20	#
1791	994149	15	19	31	#
1792	984576	19	23	53	#
1793	811270	18	24	44	#
1794	33470	25	50	52	#
1795	240854	42	45	47	#
1796	452934	37	51	54	#
1797	218	24	44	49	#
1798	505127	6	9	45	#
1799	283466	20	22	35	#
1800	363419	2	6	22	#
1801	857277	24	42	58	#
1802	347381	20	39	51	#
1803	394888	12	21	24	#
1804	972903	36	40	52	#
1805	134071	27	41	60	#
1806	314956	5	42	54	#
1807	521587	39	40	45	#
1808	376217	50	52	63	#
1809	806934	13	15	53	#
1810	513361	27	49	56	#
1811	957856	34	49	62	#
1812	825402	3	8	49	#
1813	324323	6	48	56	#
1814	963101	9	12	47	#
1815	442239	13	23	45	#
1816	303402	20	40	44	#
1817	283211	6	39	46	#
1818	989449	33	41	63	#
1819	382285	0	1	29	#
1820	447018	3	30	63	#
1821	498281	1	41	62	#
1822	384494	30	41	52	#
1823	940713	26	41	60	#
1824	952692	16	22	38	#
1825	83501	12	35	54	#
1826	581434	6	58	62	#
1827	872347	4	49	57	#
1828	27601	34	45	55	#
1829	934327	35	37	44	#
1830	436291	15	16	17	#
1831	828417	5	6	23	#
1832	283860	28	39	56	#
1833	71725	15	38	58	#
1834	716605	3	15	58	#
1835	358147	6	9	19	#
1836	679085	15	41	48	#
1837	355777	18	38	59	#
1838	535447	14	15	28	#
1839	881284	8	37	61	#
1840	674575	16	28	61	#
1841	379185	0	16	26	#
1842	602107	1	21	62	#
1843	749674	29	38	51	#
1844	256414	24	26	59	#
1845	439797	34	40	55	#
1846	589052	5	17	42	#
1847	764004	29	58	63	#
1848	674709	7	16	37	#
1849	896739	1	11	15	#
1850	228031	11	43	62	#
1851	533362	15	16	19	#
1852	365398	8	23	42	#
1853	602013	11	20	28	#
1854	297591	1	19	47	#
1855	332267	19	24	46	#
1856	969544	40	46	61	#
1857	951894	7	22	24	#
1858	519085	18	23	35	#
1859	608744	1	15	45	#
1860	267563	6	13	22	#
1861	879601	9	19	24	#
1862	684114	28	48	55	#
1863	578410	3	10	22	#
1864	56470	5	19	56	#
1865	78434	10	20	29	#
1866	644682	12	33	49	#
1867	700662	2	24	57	#
1868	684202	25	51	52	#
1869	796846	0	12	19	#
1870	441175	1	3	51	#
1871	606189	2	14	17	#
1872	651467	4	13	39	#
1873	614588	4	39	62	#
1874	100150	0	46	49	#
1875	85672	38	50	59	#
1876	760801	2	3	53	#
1877	290871	5	17	56	#
1878	231320	29	50	53	#
1879	111297	19	31	33	#
1880	426642	19	29	54	#
1881	235933	3	49	53	#
1882	618572	11	20	23	#
1883	138668	1	5	33	#
1884	949121	6	22	31	#
1885	380968	11	50	51	#
1886	486097	8	12	18	#
1887	557450	23	37	58	#
1888	738345	15	21	53	#
1889	378442	34	40	47	#
1890	302901	13	30	54	#
1891	966550	7	25	40	#
1892	977467	5	14	44	#
1893	433574	28	49	50	#
1894	238997	7	31	52	#
1895	199589	22	23	25	#
1896	462812	5	24	48	#
1897	317757	19	22	46	#
1898	636546	1	9	19	#
1899	276477	10	46	61	#
1900	609360	13	18	33	#
1901	364711	7	21	27	#
1902	109239	46	51	58	#
1903	706838	5	59	62	#
1904	859838	19	49	56	#
1905	500146	6	11	42	#
1906	133185	17	27	55	#
1907	821096	13	40	52	#
1908	985734	0	22	39	#
1909	605708	18	19	49	#
1910	242604	1	15	20	#
1911	54987	5	25	62	#
1912	18489	26	28	45	#
1913	768002	12	34	52	#
1914	193601	13	41	58	#
1915	363286	3	41	51	#
1916	799161	29	30	52	#
1917	213463	21	25	41	#
1918	709290	33	37	46	#
1919	188516	44	50	60	#
1920	384842	1	22	40	#
1921	979865	30	47	61	#
1922	669565	14	23	26	#
1923	660448	5	34	45	#
1924	800105	18	20	45	#
1925	625237	20	33	63	#
1926	858797	37	43	52	#
1927	952139	12	44	61	#
1928	871759	3	27	45	#
1929	524983	2	8	36	#
1930	634729	34	47	62	#
1931	968317	17	54	61	#
1932	135210	8	46	47	#
1933	557973	20	30	59	#
1934	131856	9	23	49	#
1935	791883	15	26	63	#
1936	50685	0	6	62	#
1937	232395	29	45	62	#
1938	862573	2	41	47	#
1939	564307	32	34	40	#
1940	17620	19	28	51	#
1941	552150	23	35	63	#
1942	829371	33	57	63	#
1943	725707	10	39	63	#
1944	925486	3	36	60	#
1945	174556	20	28	39	#
1946	511362	50	51	54	#
1947	790391	7	16	54	#
1948	786801	21	48	50	#
1949	439194	4	35	55	#
1950	763077	5	19	37	#
1951	135970	1	6	7	#
1952	251279	30	31	43	#
1953	320296	22	37	54	#
1954	875838	10	25	52	#
1955	160506	9	43	62	#
1956	470905	22	51	60	#
1957	62404	26	33	57	#
1958	346245	42	53	62	#
1959	707792	34	49	50	#
1960	690544	2	29	48	#
1961	285360	21	25	35	#
1962	39676	6	42	59	#
1963	584881	1	16	60	#
1964	976710	3	26	53	#
1965	901142	1	33	36	#
1966	520997	54	56	60	#
1967	728756	3	7	62	#
1968	894177	4	7	39	#
1969	684483	13	25	59	#
1970	994949	30	47	48	#
1971	921613	9	10	19	#
1972	464837	12	35	55	#
1973	604805	40	54	56	#
1974	530137	4	26	41	#
1975	658611	11	29	50	#
1976	586484	8	23	55	#
1977	449428	21	46	61	#
1978	689324	4	38	55	#
1979	872007	17	19	49	#
1980	89003	19	35	37	#
1981	326541	23	39	55	#
1982	748433	35	42	49	#
1983	153345	18	28	40	#
1984	204215	23	39	44	#
1985	21922	2	27	56	#
1986	197768	20	29	46	#
1987	130087	31	49	60	#
1988	269563	5	21	28	#
1989	718849	4	5	58	#
1990	339882	36	42	43	#
1991	926821	49	54	57	#
1992	126001	9	37	60	#
1993	671800	15	31	41	#
1994	154732	22	24	31	#
1995	325118	1	16	17	#
1996	556639	12	31	52	#
1997	286230	5	49	53	#
1998	440345	7	27	37	#
1999	862283	2	6	57	#
