%% File generated by CATS v.2.1Wed Jun 19 17:40:32 2013

%% The CATS webpage is http://robotics.stanford.edu/CATS

%% PARAMETER SETTINGS:
% Goods: 64; Bids: 2000; Distribution: L3; Runs: 50; Seed: 1371658681
% Legacy distribution parameters:
% Number of goods chosen according to Constant distribution (const_goods = 3).
% Price chosen according to Fixed Random distribution (low_fixed = 0, high_fixed = 1000).


goods 64
bids 2000
dummy 0

0	881225	6	17	28	#
1	380615	11	25	62	#
2	408504	10	15	33	#
3	912033	14	25	50	#
4	902491	7	25	32	#
5	575094	21	22	59	#
6	961804	14	43	45	#
7	736610	10	31	32	#
8	442355	0	3	55	#
9	604114	14	20	44	#
10	347287	9	19	29	#
11	988443	16	22	45	#
12	930688	5	31	43	#
13	218642	0	2	63	#
14	514478	6	38	41	#
15	597757	14	29	37	#
16	897794	11	25	42	#
17	996127	28	45	61	#
18	524292	30	38	49	#
19	793001	2	24	28	#
20	765194	2	45	60	#
21	397841	15	25	29	#
22	774535	3	29	30	#
23	9424	1	12	18	#
24	377926	33	34	44	#
25	103864	12	25	32	#
26	367324	8	47	54	#
27	381922	33	39	56	#
28	391641	38	44	61	#
29	551505	11	40	58	#
30	356684	24	29	44	#
31	372972	21	45	49	#
32	877782	12	29	46	#
33	852931	10	29	31	#
34	864618	35	59	62	#
35	890920	16	24	50	#
36	854413	9	22	51	#
37	551769	15	24	48	#
38	446651	24	60	62	#
39	84630	3	8	50	#
40	931293	4	15	37	#
41	380603	15	50	60	#
42	859528	16	44	58	#
43	191177	36	41	44	#
44	672216	34	52	63	#
45	247812	30	54	58	#
46	104576	0	16	34	#
47	90693	36	46	59	#
48	769756	33	37	60	#
49	43661	0	4	58	#
50	78784	15	16	48	#
51	442531	47	52	57	#
52	624125	14	48	59	#
53	459358	40	54	62	#
54	905056	17	44	58	#
55	381819	12	36	54	#
56	805279	2	40	41	#
57	4711	4	27	60	#
58	546689	26	32	55	#
59	869684	0	17	61	#
60	937931	29	49	59	#
61	449686	10	32	34	#
62	612343	22	35	44	#
63	511455	10	15	47	#
64	27827	12	16	38	#
65	605313	3	49	54	#
66	304125	2	40	63	#
67	441808	2	31	59	#
68	126167	10	39	44	#
69	54791	0	10	32	#
70	296148	14	44	47	#
71	43767	19	23	34	#
72	575084	7	10	11	#
73	124386	10	19	60	#
74	510067	3	15	57	#
75	945732	1	39	46	#
76	958877	11	19	52	#
77	76776	53	54	60	#
78	394489	20	31	33	#
79	182538	13	37	39	#
80	830824	1	12	42	#
81	59902	25	31	38	#
82	563367	19	34	53	#
83	383716	32	55	57	#
84	241554	16	28	52	#
85	725684	54	57	62	#
86	385447	1	34	48	#
87	651765	11	38	42	#
88	856830	9	15	42	#
89	478186	17	22	60	#
90	67628	26	41	49	#
91	571822	23	33	61	#
92	168651	27	29	58	#
93	917656	11	40	55	#
94	182292	20	24	37	#
95	44153	1	62	63	#
96	553594	4	46	53	#
97	296817	2	24	56	#
98	196357	8	12	62	#
99	880865	14	39	60	#
100	182280	1	20	33	#
101	55849	6	23	43	#
102	323650	49	61	63	#
103	290636	16	45	52	#
104	651264	26	40	53	#
105	443567	0	43	57	#
106	448655	7	32	35	#
107	520371	23	54	62	#
108	52160	30	35	50	#
109	280581	20	26	49	#
110	101307	3	25	47	#
111	930672	4	8	58	#
112	744498	18	48	53	#
113	302343	13	29	58	#
114	737879	6	28	41	#
115	988387	24	27	33	#
116	483774	5	9	63	#
117	67088	5	7	51	#
118	732654	6	42	47	#
119	536888	24	28	57	#
120	514034	14	24	59	#
121	772957	19	56	57	#
122	812007	17	26	61	#
123	926522	11	21	27	#
124	508024	7	12	45	#
125	671635	14	39	43	#
126	390219	23	27	54	#
127	567587	13	14	61	#
128	921471	14	24	51	#
129	358541	18	32	42	#
130	662462	5	27	33	#
131	751651	3	16	41	#
132	731364	18	51	60	#
133	215970	12	34	49	#
134	448359	7	21	23	#
135	126597	6	10	48	#
136	361094	25	33	44	#
137	142075	6	20	26	#
138	176228	9	36	51	#
139	47706	3	10	19	#
140	732601	20	25	47	#
141	423467	3	5	61	#
142	43174	13	24	38	#
143	402435	9	48	59	#
144	605690	26	27	31	#
145	474080	7	26	57	#
146	636174	3	28	52	#
147	614677	2	39	52	#
148	412973	15	23	56	#
149	549319	17	19	23	#
150	919223	5	25	34	#
151	662515	24	26	58	#
152	703708	12	31	48	#
153	782366	6	39	56	#
154	274900	3	7	62	#
155	582567	16	22	43	#
156	327980	28	45	47	#
157	955762	31	56	59	#
158	479342	9	13	23	#
159	228160	25	50	52	#
160	216131	8	27	29	#
161	627282	48	53	62	#
162	367753	0	3	33	#
163	400107	40	42	50	#
164	907224	7	43	44	#
165	586939	1	4	21	#
166	172494	11	15	46	#
167	272323	38	52	58	#
168	661329	47	49	57	#
169	524932	45	53	54	#
170	398088	33	55	60	#
171	737100	3	27	35	#
172	496669	12	30	49	#
173	278917	2	33	61	#
174	951176	5	29	63	#
175	250483	0	3	56	#
176	874289	5	52	53	#
177	993889	8	35	38	#
178	373069	1	15	21	#
179	327015	0	30	53	#
180	2909	5	24	31	#
181	681697	3	7	36	#
182	272555	25	40	61	#
183	445488	1	14	46	#
184	986604	2	34	42	#
185	794225	23	30	36	#
186	306622	3	46	51	#
187	984948	9	21	31	#
188	88886	0	43	52	#
189	111042	42	45	56	#
190	365587	8	19	56	#
191	614026	11	41	51	#
192	622530	19	34	43	#
193	291565	17	41	42	#
194	253390	12	17	48	#
195	151556	13	41	42	#
196	804815	18	39	63	#
197	679408	25	32	61	#
198	777869	12	32	58	#
199	734562	19	47	58	#
200	217454	5	19	26	#
201	808997	33	44	59	#
202	531717	10	30	50	#
203	141489	1	15	29	#
204	214981	8	53	60	#
205	341920	2	5	53	#
206	535343	6	12	52	#
207	384777	6	11	53	#
208	792111	8	35	46	#
209	95032	3	29	55	#
210	448377	6	38	58	#
211	902918	25	42	57	#
212	300525	6	8	48	#
213	953707	6	21	33	#
214	859120	4	33	45	#
215	624387	8	35	54	#
216	284615	22	34	58	#
217	121224	19	31	60	#
218	546466	8	22	42	#
219	110507	20	40	46	#
220	955719	5	36	46	#
221	87651	13	17	35	#
222	481946	2	7	17	#
223	543184	24	46	58	#
224	265738	25	33	60	#
225	91930	14	44	59	#
226	811561	26	44	47	#
227	610920	35	50	58	#
228	39529	5	26	37	#
229	136803	1	42	56	#
230	67473	14	30	36	#
231	996861	9	35	62	#
232	554971	13	31	36	#
233	295195	35	42	56	#
234	107277	6	10	46	#
235	859582	8	25	28	#
236	640806	0	15	16	#
237	809926	29	37	54	#
238	560584	36	54	62	#
239	124044	3	21	62	#
240	992679	17	25	28	#
241	95849	6	14	60	#
242	258112	21	37	43	#
243	993721	16	21	25	#
244	890410	31	33	63	#
245	786667	27	31	59	#
246	897784	11	20	24	#
247	820083	1	12	20	#
248	257873	4	23	59	#
249	388636	13	42	61	#
250	771176	11	12	53	#
251	876880	5	34	38	#
252	552024	16	27	36	#
253	114445	5	6	36	#
254	991908	29	39	61	#
255	574171	1	20	40	#
256	957621	0	34	51	#
257	616836	24	39	55	#
258	974624	15	28	61	#
259	514843	12	13	48	#
260	902348	19	32	42	#
261	261054	24	35	36	#
262	806174	3	42	52	#
263	532399	6	23	59	#
264	561564	40	43	57	#
265	41277	6	47	51	#
266	84687	14	40	47	#
267	123521	14	33	41	#
268	237308	15	21	61	#
269	885700	5	24	29	#
270	950289	8	45	47	#
271	857899	1	51	62	#
272	657564	26	42	58	#
273	435065	11	37	62	#
274	126928	16	45	48	#
275	223067	17	35	56	#
276	685101	17	23	55	#
277	644816	0	15	43	#
278	651914	7	11	29	#
279	807356	26	33	54	#
280	522112	13	38	51	#
281	682556	27	43	50	#
282	63124	4	12	44	#
283	112053	15	16	38	#
284	33312	28	59	60	#
285	11360	13	33	47	#
286	667571	18	23	24	#
287	418556	5	36	40	#
288	425794	3	6	59	#
289	709718	15	24	27	#
290	754610	3	15	31	#
291	639123	2	24	43	#
292	58746	16	25	42	#
293	358623	38	43	62	#
294	227297	23	31	54	#
295	228106	1	23	52	#
296	665597	9	20	63	#
297	489639	29	48	61	#
298	21287	5	21	60	#
299	803926	36	46	63	#
300	322688	1	3	34	#
301	398673	3	28	62	#
302	471853	23	35	48	#
303	723057	0	7	28	#
304	552094	21	25	44	#
305	592455	0	4	9	#
306	485407	26	50	54	#
307	605463	9	27	39	#
308	384166	15	17	44	#
309	551793	18	36	62	#
310	889454	30	41	61	#
311	391235	18	48	60	#
312	994917	27	44	60	#
313	340232	13	17	46	#
314	57088	33	49	62	#
315	194678	9	57	58	#
316	401940	41	46	61	#
317	969100	11	40	59	#
318	236574	2	29	51	#
319	324617	2	59	61	#
320	991295	52	58	62	#
321	497158	9	11	39	#
322	155052	22	30	48	#
323	238786	9	23	40	#
324	783620	31	58	61	#
325	657041	30	52	60	#
326	554968	17	41	56	#
327	924937	41	45	46	#
328	248054	5	45	50	#
329	440702	24	44	45	#
330	950868	5	21	55	#
331	634343	12	27	37	#
332	12529	4	37	58	#
333	588481	29	32	46	#
334	837819	15	23	45	#
335	680666	35	46	60	#
336	282429	8	18	59	#
337	918210	14	33	40	#
338	1588	16	38	56	#
339	748024	8	25	50	#
340	981132	3	42	51	#
341	352241	3	15	32	#
342	426311	26	35	59	#
343	277324	7	24	26	#
344	601297	11	12	22	#
345	548587	4	41	43	#
346	851896	26	50	61	#
347	376366	0	3	50	#
348	623271	27	51	62	#
349	21903	23	28	50	#
350	317754	8	32	35	#
351	674016	6	38	62	#
352	543931	18	30	51	#
353	979470	15	40	60	#
354	110712	12	15	42	#
355	25334	13	25	54	#
356	437972	2	13	27	#
357	182294	56	59	63	#
358	329955	12	19	62	#
359	363790	5	6	31	#
360	359405	4	13	38	#
361	189660	3	40	55	#
362	605960	34	55	61	#
363	591640	21	54	61	#
364	118622	32	38	50	#
365	97185	41	54	59	#
366	183952	0	22	26	#
367	248401	20	31	46	#
368	467242	27	30	52	#
369	362963	12	13	49	#
370	464309	11	12	61	#
371	337165	1	6	7	#
372	263591	6	9	18	#
373	329066	6	41	60	#
374	303113	17	24	47	#
375	576126	30	54	63	#
376	882945	33	35	54	#
377	969159	21	24	45	#
378	186134	20	53	55	#
379	441608	2	44	59	#
380	341517	2	18	30	#
381	441951	31	57	60	#
382	600359	23	37	39	#
383	384586	24	33	49	#
384	437450	44	53	62	#
385	664679	18	21	52	#
386	678536	3	26	40	#
387	55445	41	42	43	#
388	351964	8	13	60	#
389	172369	10	37	52	#
390	798457	0	6	21	#
391	984939	1	8	19	#
392	72426	15	28	53	#
393	665335	4	11	42	#
394	58011	6	53	56	#
395	116023	3	14	55	#
396	881172	15	18	41	#
397	171533	23	29	33	#
398	498348	3	23	28	#
399	779242	19	25	59	#
400	354915	32	35	39	#
401	429841	25	52	58	#
402	175583	23	28	63	#
403	730211	5	16	38	#
404	274130	11	24	25	#
405	289748	10	26	35	#
406	251233	33	51	60	#
407	25781	8	12	22	#
408	584500	7	39	53	#
409	428186	16	21	57	#
410	820921	22	37	56	#
411	822037	20	48	61	#
412	184721	3	48	51	#
413	283315	12	17	49	#
414	728082	19	51	57	#
415	963810	19	30	55	#
416	679634	3	20	23	#
417	925695	5	8	43	#
418	20375	32	53	63	#
419	246469	12	51	59	#
420	532432	15	50	54	#
421	10318	27	37	47	#
422	968714	4	27	38	#
423	285667	47	51	60	#
424	832667	1	38	39	#
425	626352	2	31	54	#
426	100246	7	32	39	#
427	845935	6	44	56	#
428	493498	16	41	53	#
429	457375	9	44	56	#
430	651765	1	44	63	#
431	749236	43	44	53	#
432	548198	0	10	30	#
433	497692	2	3	32	#
434	915953	21	28	44	#
435	150853	23	34	57	#
436	122607	20	36	60	#
437	291709	24	61	62	#
438	928261	5	18	19	#
439	409953	17	50	62	#
440	638884	18	33	55	#
441	206804	13	30	51	#
442	4883	7	49	60	#
443	913311	23	31	63	#
444	999912	9	29	50	#
445	284638	1	35	62	#
446	87541	4	40	61	#
447	788997	12	20	31	#
448	539146	22	48	51	#
449	816322	25	54	63	#
450	376828	11	43	48	#
451	397810	6	12	36	#
452	968630	9	24	47	#
453	402293	14	26	27	#
454	625864	41	59	61	#
455	566863	24	37	43	#
456	521397	3	9	57	#
457	899889	33	42	49	#
458	69099	16	40	56	#
459	706443	36	40	53	#
460	757129	4	39	48	#
461	729345	40	51	62	#
462	311577	11	12	49	#
463	673411	15	23	42	#
464	981977	20	46	56	#
465	686207	11	35	40	#
466	686530	2	6	55	#
467	205469	5	14	47	#
468	732396	20	27	48	#
469	136146	8	14	34	#
470	275467	5	35	48	#
471	76060	48	50	63	#
472	181745	6	11	36	#
473	86250	31	59	62	#
474	882586	15	27	30	#
475	292294	5	34	57	#
476	912740	8	24	33	#
477	508014	27	28	44	#
478	389956	42	47	57	#
479	657033	3	42	49	#
480	444333	30	42	63	#
481	33452	0	9	59	#
482	690590	31	44	53	#
483	865520	24	35	55	#
484	500185	0	32	45	#
485	89156	37	57	63	#
486	696583	9	47	60	#
487	304245	1	14	63	#
488	346772	10	19	24	#
489	802947	9	45	48	#
490	741510	26	43	60	#
491	266952	17	30	46	#
492	642201	16	54	59	#
493	262901	30	34	60	#
494	670163	35	56	58	#
495	978581	3	34	62	#
496	745649	12	20	40	#
497	768436	55	57	63	#
498	775342	15	19	32	#
499	349433	12	19	43	#
500	621584	15	30	61	#
501	996054	10	54	62	#
502	530351	9	33	52	#
503	985871	3	7	42	#
504	623640	1	14	45	#
505	712115	28	38	42	#
506	594743	23	29	45	#
507	390216	15	30	46	#
508	786239	36	59	60	#
509	414978	20	37	43	#
510	590077	13	41	44	#
511	465963	0	18	58	#
512	500813	41	46	60	#
513	455379	11	24	43	#
514	607755	11	41	48	#
515	487574	14	26	56	#
516	51301	5	35	50	#
517	963971	5	15	53	#
518	687983	13	36	59	#
519	896685	14	24	55	#
520	413087	16	46	62	#
521	192768	4	19	40	#
522	673359	16	22	53	#
523	277814	15	25	52	#
524	739812	13	30	31	#
525	800041	13	49	55	#
526	363088	6	13	31	#
527	395233	21	23	41	#
528	251224	9	50	52	#
529	138422	23	25	37	#
530	533313	16	27	33	#
531	359956	10	38	46	#
532	2418	9	11	43	#
533	961599	13	35	53	#
534	232581	19	34	58	#
535	984431	26	32	45	#
536	436000	16	60	63	#
537	92032	20	42	52	#
538	112765	6	30	58	#
539	419486	16	47	58	#
540	133252	20	21	42	#
541	210709	5	36	49	#
542	16115	13	31	57	#
543	364150	16	22	59	#
544	929199	13	23	60	#
545	567391	15	56	63	#
546	573107	44	53	57	#
547	983700	14	47	51	#
548	985248	35	36	52	#
549	734114	20	43	54	#
550	963961	31	41	45	#
551	110977	6	25	57	#
552	237840	35	49	57	#
553	57530	13	25	33	#
554	300842	15	28	36	#
555	952997	10	44	47	#
556	71819	14	23	54	#
557	153762	24	46	53	#
558	823838	10	21	61	#
559	58618	35	45	55	#
560	991540	15	24	38	#
561	689693	52	62	63	#
562	395829	27	41	50	#
563	910532	12	18	49	#
564	249058	28	31	49	#
565	438984	14	29	60	#
566	936438	20	26	61	#
567	799139	27	45	58	#
568	705356	37	43	55	#
569	961943	32	37	40	#
570	404026	30	45	51	#
571	51197	17	30	51	#
572	800165	52	54	55	#
573	712173	26	27	61	#
574	109274	15	42	60	#
575	535961	7	31	32	#
576	400181	4	5	44	#
577	656315	6	37	48	#
578	874009	22	26	34	#
579	107893	4	29	37	#
580	67142	9	44	61	#
581	619026	5	12	32	#
582	851049	8	12	32	#
583	981868	0	42	50	#
584	837132	9	47	50	#
585	393744	0	3	25	#
586	811392	3	38	53	#
587	195773	22	36	38	#
588	121550	9	21	48	#
589	248279	14	29	61	#
590	518360	26	40	48	#
591	777261	9	26	42	#
592	813210	10	14	26	#
593	902150	36	44	46	#
594	855701	3	18	26	#
595	215711	26	41	58	#
596	757742	0	15	53	#
597	698313	7	35	59	#
598	994821	24	44	54	#
599	63352	11	40	53	#
600	437	2	28	56	#
601	941948	20	21	33	#
602	136294	6	32	44	#
603	834302	17	36	51	#
604	468712	3	10	16	#
605	628949	16	17	20	#
606	610805	4	23	63	#
607	430678	31	57	63	#
608	525263	21	22	62	#
609	518862	15	33	46	#
610	601734	45	50	60	#
611	197851	19	35	41	#
612	519351	1	24	42	#
613	47173	16	18	48	#
614	231289	24	55	61	#
615	779063	24	51	60	#
616	908871	8	32	61	#
617	690886	15	45	56	#
618	97415	13	31	61	#
619	207481	3	7	24	#
620	862898	0	22	61	#
621	193244	18	26	41	#
622	280004	29	40	60	#
623	282394	17	33	62	#
624	148468	2	41	47	#
625	513575	4	15	39	#
626	549634	23	25	59	#
627	29292	40	56	59	#
628	234386	29	54	57	#
629	138905	3	16	31	#
630	150324	33	36	58	#
631	351801	6	8	61	#
632	197019	6	15	61	#
633	963899	19	30	44	#
634	986121	7	23	50	#
635	194372	8	15	42	#
636	227731	11	32	37	#
637	125032	13	47	63	#
638	822907	17	37	58	#
639	708301	29	31	51	#
640	776119	22	27	30	#
641	395554	0	15	25	#
642	800224	4	28	55	#
643	587025	14	22	56	#
644	276601	2	18	31	#
645	285158	45	57	61	#
646	54366	17	24	46	#
647	45182	7	11	41	#
648	425104	21	52	55	#
649	559838	25	50	62	#
650	493394	10	12	22	#
651	989640	24	25	38	#
652	78375	17	22	55	#
653	455672	5	39	44	#
654	227965	21	30	50	#
655	948875	1	3	26	#
656	404811	6	23	53	#
657	277910	3	16	23	#
658	411896	11	12	36	#
659	577124	12	23	59	#
660	165729	40	43	44	#
661	326789	16	55	58	#
662	496359	2	4	61	#
663	799712	15	58	60	#
664	255969	8	44	59	#
665	341471	3	20	35	#
666	882744	1	8	58	#
667	903519	40	41	62	#
668	360235	4	36	53	#
669	226052	16	34	38	#
670	11638	10	12	46	#
671	491308	10	11	12	#
672	435568	7	52	63	#
673	998382	31	42	56	#
674	958666	1	23	60	#
675	126790	26	38	45	#
676	969613	1	2	29	#
677	843575	26	49	58	#
678	257291	6	14	39	#
679	806000	16	26	36	#
680	963953	40	44	47	#
681	811811	7	9	35	#
682	179320	0	15	60	#
683	403526	7	11	24	#
684	849354	4	33	60	#
685	608063	29	31	42	#
686	154261	28	32	47	#
687	109780	6	14	63	#
688	617414	29	40	57	#
689	810231	15	45	59	#
690	58173	20	49	58	#
691	495958	26	42	62	#
692	279005	7	32	55	#
693	675835	10	35	42	#
694	413024	49	52	57	#
695	147018	1	2	7	#
696	685563	9	19	20	#
697	523183	6	14	23	#
698	736656	22	55	61	#
699	425542	23	51	54	#
700	341479	10	12	41	#
701	458962	18	27	41	#
702	188478	6	17	39	#
703	75542	0	37	38	#
704	635150	0	10	29	#
705	828045	28	42	46	#
706	167351	31	43	61	#
707	54424	24	53	59	#
708	668228	5	17	22	#
709	68174	40	55	56	#
710	175704	1	13	15	#
711	737711	8	13	62	#
712	960921	17	26	54	#
713	159620	2	15	58	#
714	851628	16	52	59	#
715	344386	5	15	21	#
716	2827	13	21	22	#
717	314658	18	40	62	#
718	251526	8	32	41	#
719	653794	7	45	47	#
720	783309	14	17	40	#
721	336388	7	11	27	#
722	85478	20	27	41	#
723	622669	26	43	57	#
724	64844	15	51	62	#
725	905099	12	30	43	#
726	767836	16	41	63	#
727	658222	36	50	61	#
728	755588	58	62	63	#
729	775761	8	53	61	#
730	865111	17	38	60	#
731	441835	11	26	61	#
732	793756	5	43	48	#
733	407863	1	14	56	#
734	773159	13	14	20	#
735	447876	24	53	54	#
736	792079	8	26	40	#
737	705713	47	61	63	#
738	552182	9	44	62	#
739	321760	26	44	45	#
740	501690	6	45	59	#
741	326283	42	43	50	#
742	882486	3	8	34	#
743	787965	17	42	53	#
744	466721	4	17	19	#
745	599950	7	10	36	#
746	584099	9	14	35	#
747	602355	35	54	56	#
748	913054	42	45	57	#
749	687098	52	56	57	#
750	485533	1	16	20	#
751	895039	29	36	47	#
752	223295	22	46	50	#
753	178581	23	32	38	#
754	439994	36	47	51	#
755	178029	5	7	43	#
756	262690	4	6	22	#
757	840872	6	8	42	#
758	560215	17	23	42	#
759	237497	13	17	26	#
760	630876	8	11	32	#
761	982575	19	38	62	#
762	598253	16	31	48	#
763	258228	15	21	56	#
764	191379	28	36	54	#
765	553270	3	21	29	#
766	344413	10	32	56	#
767	882218	26	43	47	#
768	840917	37	51	55	#
769	428458	18	43	52	#
770	49161	6	47	61	#
771	267815	1	6	35	#
772	647414	1	3	62	#
773	813090	13	44	45	#
774	997689	10	23	61	#
775	967510	7	40	53	#
776	805843	31	49	63	#
777	421812	40	43	60	#
778	539638	45	51	56	#
779	34872	8	11	16	#
780	697434	11	38	50	#
781	478536	19	22	59	#
782	271691	12	27	63	#
783	336797	23	36	37	#
784	731999	8	41	61	#
785	979123	19	28	55	#
786	52463	1	12	49	#
787	570726	4	6	17	#
788	231375	32	47	52	#
789	888499	7	48	50	#
790	150836	2	27	62	#
791	204891	15	19	43	#
792	566648	41	47	55	#
793	279669	6	20	56	#
794	431021	40	54	60	#
795	801264	14	26	38	#
796	630519	11	39	49	#
797	327428	3	41	61	#
798	7814	9	13	39	#
799	889153	2	22	60	#
800	228182	3	46	60	#
801	942358	9	18	58	#
802	650326	14	27	57	#
803	278550	19	49	52	#
804	865976	30	33	62	#
805	838730	2	5	24	#
806	983869	5	33	36	#
807	114025	11	49	54	#
808	345427	38	40	53	#
809	962077	1	50	57	#
810	228282	9	13	61	#
811	219935	13	24	51	#
812	465519	21	23	35	#
813	452242	8	25	38	#
814	460970	9	19	33	#
815	537742	3	44	50	#
816	627839	4	34	42	#
817	567655	18	25	43	#
818	642953	21	27	55	#
819	706209	18	45	61	#
820	946321	12	23	36	#
821	955695	3	27	55	#
822	694231	7	26	27	#
823	89120	5	56	58	#
824	280600	39	45	53	#
825	758537	48	50	59	#
826	945844	56	59	61	#
827	909489	31	38	52	#
828	91698	15	21	34	#
829	428470	21	28	63	#
830	398320	18	37	60	#
831	625290	3	11	19	#
832	866437	20	44	57	#
833	30618	27	31	35	#
834	303350	24	29	56	#
835	258514	4	14	31	#
836	803865	1	60	62	#
837	981553	0	39	49	#
838	590671	0	40	62	#
839	645314	0	32	42	#
840	173428	28	49	57	#
841	409303	17	36	59	#
842	161809	11	30	32	#
843	943014	53	57	63	#
844	224944	28	41	46	#
845	128662	45	48	59	#
846	628215	4	23	36	#
847	460797	3	5	23	#
848	475054	15	19	62	#
849	566731	2	7	15	#
850	953733	3	10	25	#
851	401363	26	40	57	#
852	289709	26	41	44	#
853	612427	36	43	52	#
854	448588	35	38	50	#
855	934359	26	33	39	#
856	819267	31	35	53	#
857	795065	8	10	62	#
858	363428	22	37	54	#
859	439031	15	33	54	#
860	19794	36	44	47	#
861	28561	7	9	33	#
862	757086	26	42	46	#
863	17199	20	29	39	#
864	398582	29	32	63	#
865	591450	14	15	42	#
866	841018	7	12	51	#
867	122060	15	23	61	#
868	349783	18	20	26	#
869	41544	14	19	41	#
870	432594	27	30	44	#
871	553878	27	30	63	#
872	971559	16	17	61	#
873	568001	11	48	56	#
874	160761	8	19	39	#
875	617535	11	14	56	#
876	217161	7	29	49	#
877	444034	28	45	46	#
878	877902	4	17	55	#
879	873531	4	6	12	#
880	913902	33	43	57	#
881	792948	28	38	45	#
882	644500	41	45	59	#
883	615925	5	36	38	#
884	99064	6	44	58	#
885	616873	3	23	56	#
886	38851	1	20	44	#
887	907583	15	30	53	#
888	526038	20	27	60	#
889	632466	10	22	23	#
890	106718	3	14	31	#
891	166511	13	24	50	#
892	960816	5	23	38	#
893	714319	2	23	61	#
894	564223	3	15	52	#
895	729048	20	27	40	#
896	507111	6	14	59	#
897	996893	35	47	54	#
898	117262	41	48	63	#
899	65720	8	44	50	#
900	448376	18	24	39	#
901	935726	33	47	48	#
902	10706	45	51	58	#
903	623201	4	12	39	#
904	69695	11	27	28	#
905	18107	3	5	43	#
906	24354	17	49	53	#
907	757274	15	27	58	#
908	486086	36	53	59	#
909	656404	45	48	56	#
910	874101	3	27	41	#
911	111679	4	5	35	#
912	904027	2	51	52	#
913	731065	27	29	34	#
914	306568	10	53	54	#
915	885571	4	23	29	#
916	770447	12	39	51	#
917	263220	2	44	54	#
918	380831	9	20	21	#
919	59427	8	24	53	#
920	957497	15	30	50	#
921	811756	13	47	59	#
922	391378	12	29	42	#
923	895937	24	32	57	#
924	452652	5	50	52	#
925	243072	20	43	56	#
926	229452	5	25	43	#
927	614807	3	36	59	#
928	179948	20	39	52	#
929	950203	5	8	58	#
930	294987	21	40	54	#
931	739189	26	56	59	#
932	53835	9	54	59	#
933	927538	7	13	31	#
934	776066	5	31	56	#
935	38053	22	35	63	#
936	1390	39	40	46	#
937	915065	1	32	50	#
938	784756	2	43	46	#
939	533798	25	37	51	#
940	103786	18	50	62	#
941	888753	7	12	36	#
942	188494	8	13	40	#
943	696325	42	53	63	#
944	683628	10	35	37	#
945	185289	6	19	28	#
946	592047	19	30	38	#
947	597281	42	44	62	#
948	936054	10	31	38	#
949	617113	3	13	45	#
950	287343	22	28	54	#
951	757932	4	36	43	#
952	157278	3	48	61	#
953	673786	6	34	44	#
954	960336	11	14	36	#
955	262186	10	55	57	#
956	241377	14	21	51	#
957	569085	14	38	60	#
958	285311	2	30	61	#
959	346114	14	20	28	#
960	54472	10	48	49	#
961	934196	17	51	59	#
962	993331	11	19	44	#
963	879048	21	30	40	#
964	432422	13	25	32	#
965	675537	0	5	59	#
966	32176	0	6	62	#
967	68407	14	21	39	#
968	133793	7	14	54	#
969	949892	16	23	48	#
970	648882	40	48	61	#
971	655136	32	42	60	#
972	116505	46	48	50	#
973	216668	25	44	47	#
974	531578	4	23	47	#
975	148373	18	19	59	#
976	968215	11	44	61	#
977	597372	0	5	60	#
978	145215	26	39	57	#
979	122928	17	39	56	#
980	937981	9	11	53	#
981	172695	6	31	42	#
982	663409	10	43	58	#
983	485280	14	44	60	#
984	847550	32	41	61	#
985	415038	51	58	60	#
986	704745	4	13	48	#
987	398071	16	28	49	#
988	236655	0	39	42	#
989	172819	0	20	26	#
990	563675	25	38	59	#
991	957413	7	44	61	#
992	157782	20	46	63	#
993	175527	1	10	53	#
994	549528	5	35	55	#
995	962652	51	52	57	#
996	727088	10	19	52	#
997	252051	17	42	62	#
998	354289	28	34	36	#
999	338181	17	31	56	#
1000	728068	17	61	62	#
1001	972701	16	47	53	#
1002	536327	9	52	59	#
1003	717880	7	15	53	#
1004	300852	6	14	48	#
1005	214001	12	24	51	#
1006	46244	19	21	49	#
1007	477970	27	40	48	#
1008	844794	16	33	63	#
1009	268270	24	33	45	#
1010	29400	44	47	49	#
1011	160951	24	34	41	#
1012	957934	0	22	47	#
1013	194499	1	26	52	#
1014	60429	24	47	50	#
1015	40016	13	16	29	#
1016	327184	18	33	39	#
1017	658058	26	28	45	#
1018	314590	3	15	36	#
1019	299315	7	9	25	#
1020	645915	2	26	39	#
1021	10538	34	45	56	#
1022	812750	8	20	39	#
1023	255933	7	35	57	#
1024	145341	33	41	53	#
1025	448030	0	5	27	#
1026	185654	6	21	44	#
1027	972730	1	5	60	#
1028	586696	8	9	15	#
1029	266393	6	9	49	#
1030	408397	0	14	15	#
1031	283338	21	26	44	#
1032	901316	16	30	56	#
1033	277327	13	20	49	#
1034	992708	20	33	59	#
1035	63331	31	43	56	#
1036	220183	32	60	61	#
1037	359178	6	13	41	#
1038	876860	2	32	49	#
1039	300035	3	14	56	#
1040	978678	21	25	60	#
1041	346899	6	43	49	#
1042	85946	11	17	36	#
1043	431669	10	15	36	#
1044	357326	33	47	56	#
1045	697950	29	43	58	#
1046	746688	14	18	47	#
1047	994599	15	19	47	#
1048	566742	16	52	57	#
1049	403816	2	4	16	#
1050	154280	32	44	52	#
1051	523059	20	24	52	#
1052	835823	6	7	38	#
1053	694915	20	25	41	#
1054	108765	2	9	17	#
1055	784579	5	17	63	#
1056	318803	48	56	59	#
1057	753501	7	16	38	#
1058	347668	9	20	47	#
1059	594057	9	14	17	#
1060	850581	36	41	45	#
1061	260579	26	37	38	#
1062	275250	24	34	57	#
1063	582566	39	48	56	#
1064	692498	15	25	27	#
1065	289467	0	21	37	#
1066	719489	21	38	49	#
1067	765004	19	22	39	#
1068	353293	58	61	63	#
1069	565341	16	29	30	#
1070	445877	19	57	61	#
1071	32319	23	46	58	#
1072	89348	18	24	29	#
1073	624069	5	29	45	#
1074	642107	0	13	55	#
1075	964298	7	8	26	#
1076	11820	4	6	50	#
1077	867575	18	25	33	#
1078	294569	14	35	44	#
1079	727226	26	48	57	#
1080	116303	14	23	29	#
1081	297980	22	27	56	#
1082	746302	8	48	61	#
1083	957256	4	34	63	#
1084	682295	19	31	56	#
1085	986995	11	41	59	#
1086	942947	4	24	45	#
1087	282193	23	50	62	#
1088	745876	29	31	39	#
1089	162800	33	37	61	#
1090	597950	7	19	31	#
1091	642415	13	15	40	#
1092	165443	20	33	54	#
1093	267854	32	37	56	#
1094	148105	26	46	52	#
1095	809416	11	36	41	#
1096	516627	1	8	44	#
1097	606650	6	53	55	#
1098	156268	10	43	61	#
1099	848343	6	10	11	#
1100	122509	1	11	28	#
1101	735397	20	36	52	#
1102	263790	3	28	38	#
1103	797410	5	28	51	#
1104	791145	14	22	30	#
1105	390041	1	11	33	#
1106	326135	31	35	37	#
1107	622624	13	46	48	#
1108	372276	1	33	43	#
1109	712387	45	49	57	#
1110	725314	9	13	51	#
1111	635203	10	15	54	#
1112	292517	27	32	36	#
1113	877865	3	4	28	#
1114	500989	5	15	42	#
1115	199449	31	33	50	#
1116	515531	1	38	58	#
1117	280011	24	49	51	#
1118	13960	4	31	58	#
1119	915803	0	24	46	#
1120	568264	8	10	21	#
1121	135239	38	46	50	#
1122	301434	14	29	53	#
1123	968612	31	55	57	#
1124	300790	12	20	57	#
1125	868571	11	41	44	#
1126	456782	1	48	61	#
1127	877493	22	26	53	#
1128	692785	4	11	57	#
1129	322120	13	41	60	#
1130	532010	17	31	47	#
1131	985455	3	22	59	#
1132	987653	13	14	30	#
1133	733840	19	52	54	#
1134	43043	8	48	49	#
1135	769552	1	22	57	#
1136	26635	20	25	61	#
1137	456793	3	23	38	#
1138	281273	23	38	42	#
1139	627865	25	54	60	#
1140	176200	2	54	59	#
1141	812204	22	29	63	#
1142	683257	7	25	26	#
1143	881192	11	34	40	#
1144	762611	37	41	54	#
1145	828664	1	44	48	#
1146	513325	18	22	38	#
1147	710937	0	25	40	#
1148	63205	3	23	62	#
1149	62655	1	12	59	#
1150	766743	5	32	58	#
1151	45756	46	50	54	#
1152	685939	6	43	44	#
1153	824427	31	34	47	#
1154	103712	2	24	53	#
1155	9984	11	12	26	#
1156	342891	22	30	55	#
1157	341241	25	32	33	#
1158	260081	22	29	48	#
1159	2905	40	46	52	#
1160	312033	34	37	41	#
1161	276674	15	52	61	#
1162	665809	6	16	40	#
1163	551830	12	59	60	#
1164	208827	2	22	58	#
1165	451692	4	46	51	#
1166	126218	15	42	52	#
1167	757635	28	34	47	#
1168	284802	25	33	47	#
1169	529256	9	46	56	#
1170	660727	2	38	62	#
1171	935804	9	40	50	#
1172	627955	7	21	28	#
1173	638935	39	50	61	#
1174	14106	10	34	41	#
1175	644398	14	24	38	#
1176	168269	5	36	48	#
1177	838871	12	35	41	#
1178	726705	9	28	39	#
1179	473504	25	39	55	#
1180	266520	12	15	62	#
1181	897547	29	41	51	#
1182	899122	23	28	56	#
1183	688515	16	46	55	#
1184	735257	7	11	43	#
1185	811103	9	45	59	#
1186	515268	13	19	34	#
1187	970370	2	7	19	#
1188	481839	12	26	32	#
1189	256602	15	33	34	#
1190	691460	4	29	58	#
1191	397146	1	5	10	#
1192	566835	23	28	43	#
1193	271305	21	38	63	#
1194	394778	12	13	40	#
1195	965767	12	57	60	#
1196	594233	3	30	59	#
1197	346015	47	48	55	#
1198	129762	18	42	51	#
1199	142907	1	11	40	#
1200	114865	38	57	60	#
1201	129663	17	36	62	#
1202	27711	0	39	57	#
1203	997449	1	8	21	#
1204	537669	25	44	53	#
1205	527808	34	55	63	#
1206	945594	34	45	47	#
1207	656907	11	12	62	#
1208	778222	41	48	56	#
1209	806436	13	45	58	#
1210	450091	3	58	59	#
1211	763553	2	41	43	#
1212	493387	51	54	60	#
1213	346640	19	34	50	#
1214	427079	26	31	51	#
1215	241491	1	29	57	#
1216	228262	1	25	44	#
1217	619788	12	29	49	#
1218	924306	1	40	45	#
1219	347990	11	45	51	#
1220	911292	7	12	14	#
1221	822312	18	28	33	#
1222	222412	6	33	44	#
1223	724262	4	14	57	#
1224	119407	32	37	59	#
1225	281240	18	31	59	#
1226	60783	18	33	45	#
1227	312459	9	31	45	#
1228	697192	4	15	38	#
1229	209671	21	35	39	#
1230	771480	6	38	50	#
1231	353365	7	10	25	#
1232	603750	14	27	48	#
1233	829967	13	60	63	#
1234	759515	4	10	13	#
1235	880361	2	10	35	#
1236	672099	15	31	38	#
1237	312033	1	16	42	#
1238	730517	23	38	61	#
1239	347775	23	36	53	#
1240	739850	20	27	29	#
1241	535015	6	14	34	#
1242	355212	36	53	55	#
1243	683959	11	27	52	#
1244	397423	5	19	21	#
1245	703743	1	11	22	#
1246	255847	8	44	63	#
1247	166835	19	43	48	#
1248	369918	28	56	60	#
1249	290779	8	37	60	#
1250	797747	27	39	45	#
1251	317254	0	51	56	#
1252	108868	5	26	39	#
1253	115916	30	34	59	#
1254	502060	18	24	51	#
1255	987565	7	17	55	#
1256	775410	10	21	41	#
1257	149466	32	51	53	#
1258	504963	7	10	20	#
1259	484262	8	19	29	#
1260	215079	4	49	52	#
1261	138834	10	39	45	#
1262	156618	11	28	40	#
1263	470550	50	55	63	#
1264	548315	19	33	47	#
1265	655773	5	49	57	#
1266	782252	23	48	58	#
1267	999103	14	17	31	#
1268	146050	5	31	37	#
1269	634345	0	32	33	#
1270	24316	28	39	57	#
1271	771096	3	29	33	#
1272	893195	33	38	43	#
1273	246828	0	25	36	#
1274	823486	6	21	55	#
1275	241866	31	32	60	#
1276	597455	38	47	61	#
1277	491627	0	8	15	#
1278	756908	8	13	14	#
1279	939471	11	18	37	#
1280	573140	14	39	51	#
1281	275904	16	58	61	#
1282	580486	14	25	27	#
1283	746269	31	35	59	#
1284	768197	2	20	24	#
1285	996604	22	46	57	#
1286	169047	19	37	49	#
1287	279489	7	16	58	#
1288	425714	0	7	55	#
1289	357327	36	50	54	#
1290	254859	24	34	48	#
1291	339285	31	35	44	#
1292	990969	7	33	38	#
1293	492194	1	11	60	#
1294	164285	4	29	38	#
1295	912823	7	9	47	#
1296	217038	34	59	63	#
1297	537487	0	6	7	#
1298	473265	0	25	30	#
1299	98052	18	20	21	#
1300	426576	13	37	60	#
1301	617427	22	28	45	#
1302	90800	2	9	61	#
1303	344957	42	53	61	#
1304	585271	17	41	60	#
1305	855230	12	41	47	#
1306	778393	46	49	58	#
1307	210615	12	48	60	#
1308	568006	9	58	63	#
1309	670831	5	9	23	#
1310	38200	54	57	60	#
1311	422115	17	23	31	#
1312	299629	8	18	38	#
1313	194057	1	25	45	#
1314	293978	13	30	48	#
1315	433933	7	31	58	#
1316	223156	2	5	60	#
1317	916386	7	36	42	#
1318	549879	10	35	63	#
1319	280526	2	8	49	#
1320	708728	7	12	39	#
1321	7081	26	34	56	#
1322	765375	1	4	54	#
1323	774938	24	33	54	#
1324	266568	8	46	59	#
1325	969462	19	43	46	#
1326	434581	35	39	62	#
1327	354198	0	11	42	#
1328	677246	28	30	33	#
1329	563118	0	49	52	#
1330	108275	23	34	58	#
1331	122281	21	38	41	#
1332	402518	7	25	38	#
1333	167824	6	41	55	#
1334	846878	4	22	31	#
1335	891431	10	15	24	#
1336	890027	0	10	23	#
1337	14955	25	29	33	#
1338	842693	2	21	40	#
1339	272608	1	22	32	#
1340	635143	10	24	28	#
1341	962167	28	40	59	#
1342	699671	22	44	60	#
1343	115857	11	43	53	#
1344	113226	1	12	60	#
1345	737144	24	46	63	#
1346	108992	10	26	54	#
1347	851366	1	6	31	#
1348	945594	0	41	44	#
1349	826174	28	37	49	#
1350	908736	1	30	49	#
1351	912474	43	47	53	#
1352	433340	0	16	28	#
1353	765936	13	17	36	#
1354	628141	10	46	52	#
1355	676220	8	27	37	#
1356	186120	9	18	32	#
1357	969284	17	29	40	#
1358	8911	17	22	23	#
1359	511352	24	43	48	#
1360	673351	17	22	48	#
1361	347327	27	41	49	#
1362	577773	32	34	56	#
1363	793396	26	45	60	#
1364	480738	24	28	41	#
1365	315466	3	38	44	#
1366	319410	6	48	55	#
1367	750206	6	16	37	#
1368	351490	37	45	61	#
1369	45957	12	17	63	#
1370	657774	20	29	31	#
1371	555565	13	25	37	#
1372	209949	6	20	41	#
1373	418143	8	37	50	#
1374	111188	1	4	63	#
1375	505883	25	29	62	#
1376	956336	19	40	44	#
1377	777700	8	9	11	#
1378	861541	10	15	34	#
1379	308334	2	33	53	#
1380	288924	0	41	51	#
1381	772451	15	18	23	#
1382	200834	51	62	63	#
1383	1027	32	50	58	#
1384	951592	1	10	25	#
1385	194492	14	26	41	#
1386	149354	28	36	55	#
1387	89352	9	54	55	#
1388	664395	4	50	63	#
1389	775981	2	33	49	#
1390	314380	3	4	49	#
1391	836299	0	6	47	#
1392	91744	1	38	63	#
1393	782173	6	31	43	#
1394	256343	1	5	48	#
1395	311576	37	38	62	#
1396	480787	24	27	60	#
1397	341849	24	34	58	#
1398	506364	14	25	55	#
1399	128105	21	30	31	#
1400	444236	14	31	58	#
1401	29664	22	27	33	#
1402	939578	2	39	49	#
1403	564169	11	29	44	#
1404	693522	1	16	39	#
1405	815222	2	57	58	#
1406	304670	21	28	49	#
1407	818806	1	3	22	#
1408	446495	7	56	59	#
1409	620646	4	17	32	#
1410	369348	37	49	59	#
1411	989686	16	30	33	#
1412	757016	5	10	30	#
1413	797322	2	45	52	#
1414	472394	7	11	14	#
1415	152870	6	24	61	#
1416	830425	0	30	36	#
1417	319386	17	34	51	#
1418	760814	14	32	38	#
1419	681456	6	40	44	#
1420	69263	49	52	55	#
1421	217539	10	13	62	#
1422	212457	14	23	49	#
1423	562542	12	14	37	#
1424	156338	3	24	62	#
1425	691985	1	41	52	#
1426	976649	3	8	41	#
1427	348944	15	21	48	#
1428	44	15	16	33	#
1429	542356	16	23	61	#
1430	271418	35	50	63	#
1431	152542	24	33	51	#
1432	760753	2	13	56	#
1433	35899	7	36	59	#
1434	562847	1	2	39	#
1435	130758	2	11	36	#
1436	275	47	48	49	#
1437	750580	7	28	30	#
1438	880667	2	31	40	#
1439	794634	13	15	18	#
1440	156547	17	26	55	#
1441	306479	21	28	59	#
1442	889213	29	33	38	#
1443	667026	16	18	45	#
1444	727780	2	42	48	#
1445	721647	1	31	38	#
1446	80272	5	32	42	#
1447	309753	0	34	62	#
1448	252719	5	31	47	#
1449	811491	4	11	55	#
1450	632148	39	53	58	#
1451	232642	10	39	55	#
1452	578947	15	43	60	#
1453	775345	1	15	23	#
1454	147964	32	48	58	#
1455	420350	23	44	46	#
1456	839042	13	34	47	#
1457	349425	20	28	53	#
1458	983607	23	24	55	#
1459	859317	12	37	56	#
1460	918273	36	50	58	#
1461	534979	21	39	51	#
1462	986059	6	8	51	#
1463	372383	26	39	62	#
1464	759802	14	34	37	#
1465	425118	7	19	29	#
1466	303743	8	34	50	#
1467	191398	40	42	59	#
1468	377181	28	33	35	#
1469	117720	37	42	59	#
1470	406176	0	38	52	#
1471	565157	0	38	40	#
1472	284591	19	49	61	#
1473	335240	0	2	13	#
1474	582392	23	45	58	#
1475	384597	15	36	39	#
1476	536972	16	37	55	#
1477	671032	32	51	61	#
1478	282362	24	29	47	#
1479	168398	10	14	18	#
1480	131534	16	40	57	#
1481	963651	16	46	56	#
1482	368638	9	23	50	#
1483	6656	2	35	51	#
1484	930813	5	9	52	#
1485	521810	17	28	30	#
1486	310283	13	35	46	#
1487	517434	22	43	45	#
1488	172632	5	54	62	#
1489	625836	12	41	52	#
1490	463786	7	18	60	#
1491	640730	4	39	63	#
1492	355873	1	21	49	#
1493	729083	1	25	29	#
1494	165370	0	10	61	#
1495	736747	21	37	40	#
1496	287068	5	10	63	#
1497	998015	41	55	62	#
1498	682165	19	36	61	#
1499	60035	33	53	61	#
1500	868545	5	28	52	#
1501	241208	4	23	39	#
1502	191199	14	26	28	#
1503	218118	10	19	36	#
1504	814490	14	22	40	#
1505	750938	13	21	26	#
1506	517436	20	32	53	#
1507	262538	10	19	55	#
1508	525663	4	27	41	#
1509	890002	0	22	31	#
1510	283111	51	52	56	#
1511	262605	4	10	33	#
1512	393873	27	39	61	#
1513	198093	12	29	47	#
1514	523179	10	22	34	#
1515	52519	24	48	54	#
1516	724909	21	28	40	#
1517	275254	1	5	30	#
1518	960417	6	10	58	#
1519	636199	4	32	39	#
1520	319105	13	23	27	#
1521	414136	21	34	40	#
1522	812332	18	25	50	#
1523	340551	7	26	42	#
1524	7555	23	24	39	#
1525	429465	16	26	50	#
1526	504500	35	51	56	#
1527	583008	3	24	30	#
1528	384375	41	44	47	#
1529	74903	29	46	56	#
1530	610366	23	26	60	#
1531	216746	8	17	23	#
1532	999159	16	37	59	#
1533	414486	0	27	51	#
1534	265510	15	41	53	#
1535	36979	1	9	51	#
1536	625997	5	56	59	#
1537	665281	24	45	49	#
1538	808414	18	25	51	#
1539	167264	23	55	57	#
1540	954867	6	37	53	#
1541	699406	6	22	56	#
1542	829502	6	13	32	#
1543	176065	7	34	46	#
1544	945880	18	56	62	#
1545	966279	48	56	57	#
1546	714374	37	44	46	#
1547	579105	12	32	44	#
1548	476554	26	43	45	#
1549	880748	3	23	30	#
1550	341402	15	42	55	#
1551	950187	20	28	35	#
1552	67265	35	39	53	#
1553	24761	8	19	54	#
1554	843838	33	58	62	#
1555	113126	27	37	49	#
1556	720050	12	45	56	#
1557	760231	25	48	62	#
1558	596592	4	16	24	#
1559	137457	33	38	54	#
1560	155907	20	41	44	#
1561	100744	16	29	37	#
1562	837843	33	40	50	#
1563	390089	22	32	40	#
1564	985743	27	28	50	#
1565	939781	25	55	62	#
1566	585619	29	37	52	#
1567	908911	7	10	14	#
1568	600141	8	26	49	#
1569	983098	5	19	24	#
1570	759535	31	39	40	#
1571	440978	22	34	51	#
1572	982929	35	53	62	#
1573	667808	33	55	63	#
1574	544842	12	17	43	#
1575	121659	4	21	29	#
1576	269736	0	18	45	#
1577	79041	20	35	63	#
1578	642632	4	16	26	#
1579	873781	6	32	53	#
1580	581332	9	24	35	#
1581	679300	8	13	63	#
1582	75745	32	34	49	#
1583	181415	25	44	55	#
1584	397922	1	41	43	#
1585	655487	20	31	45	#
1586	836888	3	30	48	#
1587	551216	12	22	60	#
1588	778999	6	20	42	#
1589	779078	19	41	51	#
1590	893073	14	33	63	#
1591	216188	20	26	42	#
1592	486160	14	35	51	#
1593	44629	4	35	53	#
1594	142824	3	31	47	#
1595	939740	16	17	21	#
1596	429872	2	43	53	#
1597	518319	1	4	44	#
1598	800986	11	39	47	#
1599	284130	22	31	52	#
1600	277645	6	30	50	#
1601	349721	42	55	58	#
1602	630311	6	18	33	#
1603	594644	7	32	62	#
1604	495964	5	29	46	#
1605	819169	14	20	48	#
1606	816242	21	36	44	#
1607	433615	16	27	43	#
1608	716798	0	18	52	#
1609	353110	3	14	62	#
1610	804320	0	29	45	#
1611	292942	4	23	31	#
1612	185309	15	28	34	#
1613	398102	28	48	52	#
1614	820422	0	7	40	#
1615	258839	27	28	54	#
1616	586971	22	29	38	#
1617	13397	16	47	54	#
1618	212206	2	56	62	#
1619	419828	4	5	38	#
1620	61290	3	28	34	#
1621	490637	29	30	33	#
1622	917961	14	58	59	#
1623	61478	24	26	44	#
1624	474094	19	22	45	#
1625	17108	15	20	27	#
1626	515987	23	39	42	#
1627	248740	17	61	63	#
1628	561832	2	18	41	#
1629	775218	26	41	42	#
1630	837276	12	47	59	#
1631	160439	52	54	56	#
1632	200759	11	36	59	#
1633	954987	10	15	46	#
1634	137112	38	48	53	#
1635	321794	8	52	53	#
1636	719509	21	35	61	#
1637	253123	1	26	36	#
1638	361992	11	37	41	#
1639	897948	2	49	57	#
1640	114258	11	17	35	#
1641	634499	27	36	43	#
1642	77075	25	47	53	#
1643	173623	16	26	61	#
1644	264395	18	26	40	#
1645	653152	22	23	62	#
1646	634874	40	51	63	#
1647	720204	48	58	61	#
1648	744419	2	3	21	#
1649	795382	23	27	38	#
1650	521262	3	29	36	#
1651	626844	36	51	60	#
1652	62814	33	40	46	#
1653	638567	2	22	27	#
1654	706932	7	11	47	#
1655	668081	45	56	63	#
1656	387022	4	35	51	#
1657	110184	9	10	14	#
1658	75085	13	33	63	#
1659	34905	22	42	50	#
1660	246692	11	14	57	#
1661	805988	8	15	21	#
1662	338016	0	1	10	#
1663	90434	30	41	45	#
1664	107425	26	56	61	#
1665	920146	14	52	56	#
1666	662771	17	20	21	#
1667	643466	27	47	55	#
1668	670408	17	20	58	#
1669	187414	18	19	47	#
1670	923078	15	52	55	#
1671	40704	46	48	51	#
1672	11219	26	37	53	#
1673	763098	8	28	61	#
1674	315848	13	30	60	#
1675	628424	30	43	50	#
1676	921090	2	39	51	#
1677	216620	1	14	25	#
1678	330518	24	53	57	#
1679	384365	2	8	46	#
1680	63898	24	49	62	#
1681	64439	42	43	59	#
1682	309514	6	15	29	#
1683	770635	46	52	60	#
1684	812179	37	41	55	#
1685	518128	0	34	63	#
1686	88133	3	17	24	#
1687	108401	2	46	53	#
1688	875436	24	52	55	#
1689	373377	23	47	61	#
1690	452095	10	24	49	#
1691	274837	12	28	60	#
1692	84022	41	44	62	#
1693	401087	7	48	49	#
1694	775315	7	19	57	#
1695	941893	2	7	28	#
1696	368696	20	39	60	#
1697	456535	1	20	52	#
1698	485003	25	54	58	#
1699	260424	14	47	60	#
1700	501923	5	20	30	#
1701	621675	5	26	32	#
1702	844055	15	42	46	#
1703	134051	11	39	54	#
1704	893918	35	48	60	#
1705	239498	9	19	47	#
1706	18639	42	52	57	#
1707	278170	19	26	32	#
1708	832593	6	21	57	#
1709	801182	13	28	60	#
1710	903104	6	14	51	#
1711	202804	13	18	51	#
1712	229021	27	35	36	#
1713	627070	17	42	56	#
1714	771265	8	14	27	#
1715	666098	27	32	54	#
1716	969282	8	11	55	#
1717	565213	1	20	35	#
1718	797083	14	49	62	#
1719	22986	14	20	43	#
1720	100697	5	28	41	#
1721	376163	20	27	35	#
1722	593572	0	27	36	#
1723	319257	15	36	54	#
1724	65820	22	35	53	#
1725	765440	5	49	62	#
1726	656578	14	17	28	#
1727	488475	36	53	54	#
1728	745064	2	35	61	#
1729	142125	36	37	60	#
1730	272109	19	45	56	#
1731	39174	9	24	62	#
1732	537401	7	38	54	#
1733	638086	5	6	12	#
1734	643588	16	24	56	#
1735	576949	16	32	46	#
1736	665639	34	44	57	#
1737	267155	16	23	52	#
1738	312367	16	19	27	#
1739	513437	23	32	51	#
1740	316680	25	53	58	#
1741	362163	15	19	63	#
1742	42166	3	23	31	#
1743	396448	4	7	60	#
1744	825802	14	15	35	#
1745	994459	45	47	63	#
1746	646408	18	31	35	#
1747	252591	33	35	38	#
1748	286069	45	53	57	#
1749	734271	2	20	62	#
1750	946197	13	27	53	#
1751	774646	18	33	34	#
1752	399163	3	46	50	#
1753	86050	21	41	43	#
1754	947563	11	24	50	#
1755	95985	13	52	56	#
1756	249139	5	27	52	#
1757	326292	28	30	47	#
1758	661996	5	19	32	#
1759	892795	4	27	39	#
1760	504117	19	34	60	#
1761	652363	32	41	52	#
1762	458787	14	53	58	#
1763	199567	17	24	25	#
1764	215890	11	21	55	#
1765	503808	10	32	62	#
1766	493053	20	33	61	#
1767	618143	10	22	56	#
1768	759595	18	43	62	#
1769	365199	31	34	55	#
1770	233613	5	18	51	#
1771	49813	11	12	39	#
1772	232077	15	26	44	#
1773	422548	9	54	62	#
1774	24393	2	24	44	#
1775	231188	3	33	56	#
1776	785625	0	21	28	#
1777	885327	7	27	35	#
1778	310418	32	52	54	#
1779	207960	2	17	23	#
1780	650765	35	37	39	#
1781	351027	0	17	52	#
1782	902240	48	56	58	#
1783	935993	2	39	40	#
1784	294018	40	49	52	#
1785	51811	5	33	44	#
1786	199894	6	7	48	#
1787	345165	43	46	59	#
1788	680681	3	5	32	#
1789	71669	49	54	60	#
1790	692780	5	44	54	#
1791	641756	28	29	31	#
1792	153400	32	44	49	#
1793	891259	11	26	40	#
1794	639774	25	29	38	#
1795	512710	0	7	24	#
1796	338102	22	46	59	#
1797	265137	35	44	57	#
1798	805255	15	24	44	#
1799	236064	10	23	48	#
1800	585211	31	35	58	#
1801	856912	11	18	43	#
1802	10991	14	27	52	#
1803	628376	8	20	31	#
1804	372399	42	47	52	#
1805	541745	14	49	63	#
1806	780843	1	15	42	#
1807	220467	11	37	58	#
1808	835320	17	46	62	#
1809	103351	19	22	37	#
1810	300088	18	19	25	#
1811	340096	3	36	54	#
1812	194969	28	37	53	#
1813	859058	8	15	37	#
1814	214690	16	41	42	#
1815	160378	1	24	40	#
1816	28952	0	34	59	#
1817	736227	8	32	63	#
1818	691618	8	17	39	#
1819	470480	4	16	40	#
1820	966074	7	14	58	#
1821	898277	41	48	51	#
1822	293731	30	35	53	#
1823	741172	31	32	59	#
1824	673322	13	23	45	#
1825	882635	14	39	40	#
1826	174080	14	29	30	#
1827	828700	11	39	43	#
1828	349931	6	18	24	#
1829	654819	21	26	61	#
1830	896683	6	17	51	#
1831	735037	13	31	34	#
1832	451212	3	8	60	#
1833	520977	5	13	63	#
1834	353395	29	47	61	#
1835	971125	21	22	42	#
1836	602597	37	55	62	#
1837	970178	31	43	57	#
1838	557960	6	56	57	#
1839	155345	19	21	30	#
1840	665130	18	19	53	#
1841	543661	1	45	50	#
1842	370109	0	7	25	#
1843	79468	38	46	54	#
1844	337502	9	18	50	#
1845	561092	14	20	21	#
1846	266820	17	20	46	#
1847	432160	31	51	55	#
1848	638630	4	12	35	#
1849	439312	2	29	45	#
1850	987517	4	20	33	#
1851	712018	13	48	60	#
1852	913108	14	20	26	#
1853	812636	16	36	41	#
1854	549763	2	37	57	#
1855	548275	1	4	12	#
1856	759062	43	50	61	#
1857	783072	17	29	32	#
1858	231750	19	37	59	#
1859	659476	27	49	63	#
1860	758655	40	58	63	#
1861	743074	39	49	62	#
1862	864399	20	41	55	#
1863	633070	26	43	50	#
1864	311309	2	38	54	#
1865	328053	19	48	50	#
1866	352470	8	13	24	#
1867	871281	23	25	29	#
1868	682096	15	33	50	#
1869	26319	31	47	59	#
1870	972386	5	21	56	#
1871	658008	30	45	61	#
1872	122381	31	38	39	#
1873	507545	0	2	18	#
1874	281460	4	41	61	#
1875	248718	8	28	41	#
1876	247482	5	7	61	#
1877	439701	17	44	59	#
1878	295510	25	49	55	#
1879	764613	1	26	27	#
1880	683197	24	57	58	#
1881	353569	0	13	54	#
1882	77157	12	27	53	#
1883	545135	13	51	61	#
1884	672912	22	35	46	#
1885	186567	16	20	58	#
1886	965617	25	33	36	#
1887	454882	3	12	48	#
1888	969548	20	43	49	#
1889	225788	11	30	45	#
1890	181446	2	28	45	#
1891	217662	15	47	58	#
1892	736103	46	49	59	#
1893	494222	10	26	51	#
1894	422258	42	47	56	#
1895	350799	5	38	49	#
1896	558433	22	43	47	#
1897	456084	5	42	62	#
1898	912259	37	44	52	#
1899	847712	2	40	47	#
1900	189170	3	21	45	#
1901	766403	1	16	44	#
1902	728886	25	35	39	#
1903	59149	29	30	32	#
1904	905806	24	28	44	#
1905	430908	10	22	60	#
1906	900509	1	32	46	#
1907	384610	6	15	49	#
1908	633642	54	56	57	#
1909	776951	38	46	55	#
1910	850217	13	25	28	#
1911	122712	18	25	52	#
1912	559077	2	7	20	#
1913	432573	50	52	58	#
1914	459916	21	28	48	#
1915	775221	10	44	59	#
1916	470453	1	29	60	#
1917	810943	14	49	53	#
1918	986309	11	14	35	#
1919	919643	21	26	47	#
1920	161711	43	54	61	#
1921	813433	21	23	49	#
1922	211040	29	34	63	#
1923	376517	0	16	29	#
1924	974434	11	37	47	#
1925	296821	4	17	29	#
1926	640056	3	24	43	#
1927	483632	14	21	36	#
1928	495553	6	11	59	#
1929	509322	21	44	46	#
1930	996525	26	42	61	#
1931	102057	2	31	49	#
1932	269845	1	40	54	#
1933	830763	5	8	23	#
1934	717769	1	31	41	#
1935	330446	22	35	52	#
1936	684419	2	28	53	#
1937	371108	12	23	24	#
1938	618523	7	19	36	#
1939	311196	52	61	62	#
1940	201576	27	41	52	#
1941	559506	2	26	28	#
1942	71687	6	33	55	#
1943	158731	13	26	41	#
1944	840786	27	35	63	#
1945	499362	31	39	60	#
1946	76479	31	50	58	#
1947	474386	14	35	53	#
1948	799733	13	42	58	#
1949	93243	43	59	61	#
1950	835694	31	49	51	#
1951	687778	1	21	23	#
1952	47347	33	40	59	#
1953	363398	20	48	63	#
1954	275431	8	54	57	#
1955	752098	7	24	38	#
1956	643683	11	32	60	#
1957	629855	7	15	27	#
1958	157438	2	5	55	#
1959	658841	38	53	63	#
1960	684006	6	19	46	#
1961	882376	4	47	50	#
1962	945844	3	37	62	#
1963	302834	15	37	40	#
1964	680090	3	12	51	#
1965	664839	5	24	56	#
1966	492804	21	23	28	#
1967	494022	2	29	62	#
1968	526085	43	50	62	#
1969	780311	4	33	56	#
1970	77159	24	27	32	#
1971	705042	9	31	41	#
1972	799540	4	20	41	#
1973	521209	14	20	38	#
1974	948975	4	7	31	#
1975	757080	21	42	46	#
1976	747178	35	43	59	#
1977	39323	27	40	59	#
1978	828000	32	51	59	#
1979	739062	0	37	41	#
1980	903506	17	27	53	#
1981	332731	18	24	31	#
1982	241548	19	27	50	#
1983	839327	7	44	58	#
1984	281762	5	33	55	#
1985	946647	4	19	59	#
1986	733539	22	25	48	#
1987	868978	17	37	57	#
1988	59451	30	41	63	#
1989	850206	35	48	49	#
1990	904288	19	31	58	#
1991	464155	16	57	60	#
1992	669811	19	28	38	#
1993	820253	4	33	61	#
1994	982108	9	24	63	#
1995	116274	21	47	56	#
1996	983765	4	38	58	#
1997	604675	0	27	57	#
1998	551988	26	49	51	#
1999	300320	39	47	58	#
