%% File generated by CATS v.2.1Wed Jun 19 17:40:30 2013

%% The CATS webpage is http://robotics.stanford.edu/CATS

%% PARAMETER SETTINGS:
% Goods: 64; Bids: 2000; Distribution: L3; Runs: 50; Seed: 1371658681
% Legacy distribution parameters:
% Number of goods chosen according to Constant distribution (const_goods = 3).
% Price chosen according to Fixed Random distribution (low_fixed = 0, high_fixed = 1000).


goods 64
bids 2000
dummy 0

0	469721	1	43	62	#
1	367844	30	34	54	#
2	801265	3	15	60	#
3	305251	13	40	58	#
4	692687	3	5	30	#
5	395341	1	41	42	#
6	417014	0	31	38	#
7	567518	26	35	51	#
8	205331	41	56	57	#
9	361404	1	20	54	#
10	765946	8	52	55	#
11	326125	2	4	34	#
12	80686	14	20	29	#
13	615874	0	38	42	#
14	724663	11	17	33	#
15	200236	2	33	45	#
16	880399	20	22	56	#
17	962855	32	37	39	#
18	815186	2	23	32	#
19	992445	3	28	47	#
20	212656	4	13	23	#
21	135737	23	31	49	#
22	884815	11	14	61	#
23	765699	2	34	39	#
24	464281	16	49	51	#
25	907274	2	15	36	#
26	873920	17	46	56	#
27	650895	34	38	62	#
28	475767	8	37	47	#
29	53058	31	46	57	#
30	28663	8	9	20	#
31	341329	22	31	40	#
32	842803	10	19	59	#
33	390643	26	34	39	#
34	809469	5	11	58	#
35	700204	11	19	59	#
36	898357	32	44	60	#
37	615981	1	34	57	#
38	328083	51	57	60	#
39	277837	9	57	61	#
40	657510	9	21	38	#
41	606489	39	47	59	#
42	430887	1	13	59	#
43	61997	1	15	59	#
44	777568	0	53	63	#
45	583997	15	33	39	#
46	700993	11	16	46	#
47	182777	4	27	46	#
48	559601	5	45	46	#
49	276313	10	48	54	#
50	755205	43	52	61	#
51	810773	16	44	54	#
52	414874	29	31	52	#
53	50625	28	32	60	#
54	29115	21	25	46	#
55	679375	20	57	63	#
56	592170	13	32	62	#
57	513091	1	5	42	#
58	779484	30	38	57	#
59	696234	0	26	49	#
60	92923	8	21	29	#
61	722997	20	43	57	#
62	706066	10	38	41	#
63	7173	17	47	61	#
64	949924	14	40	43	#
65	9755	7	28	44	#
66	993656	3	14	22	#
67	125839	45	48	52	#
68	914389	3	20	52	#
69	631021	1	37	47	#
70	825149	2	13	48	#
71	992374	19	24	45	#
72	894296	36	41	50	#
73	760234	17	18	37	#
74	666389	0	31	55	#
75	74375	17	23	24	#
76	68322	17	20	61	#
77	541829	7	33	34	#
78	873590	37	45	54	#
79	873441	42	50	62	#
80	186943	30	35	60	#
81	202429	0	43	45	#
82	424100	38	42	57	#
83	450570	0	2	19	#
84	150685	7	60	63	#
85	780521	5	9	30	#
86	632910	36	53	55	#
87	843615	0	21	38	#
88	907465	2	15	62	#
89	659823	15	33	47	#
90	796844	20	23	58	#
91	188739	13	38	40	#
92	101465	6	18	21	#
93	656826	44	47	54	#
94	664561	1	26	31	#
95	978454	32	41	42	#
96	496496	24	59	62	#
97	878950	16	29	30	#
98	440554	9	18	21	#
99	661419	14	21	25	#
100	191510	31	47	62	#
101	54653	1	17	39	#
102	994901	7	18	51	#
103	930946	10	11	59	#
104	152752	13	17	50	#
105	740690	4	36	59	#
106	540626	56	57	59	#
107	733068	21	41	44	#
108	701213	55	57	62	#
109	157349	9	14	27	#
110	721277	2	16	47	#
111	286497	14	25	53	#
112	761904	26	41	44	#
113	215865	12	38	48	#
114	522943	2	4	48	#
115	957414	22	35	36	#
116	187590	12	51	53	#
117	666635	5	6	34	#
118	561681	8	24	33	#
119	940458	9	18	57	#
120	144761	3	49	63	#
121	791698	3	21	24	#
122	778960	18	23	57	#
123	854494	3	16	45	#
124	522235	26	32	39	#
125	275474	0	31	60	#
126	812499	5	11	47	#
127	133080	15	20	23	#
128	330048	6	15	57	#
129	771442	26	44	47	#
130	962719	17	33	42	#
131	135387	12	15	36	#
132	931547	7	48	57	#
133	49583	28	31	49	#
134	444276	24	30	34	#
135	397564	20	32	54	#
136	209865	0	44	47	#
137	325287	13	29	31	#
138	769240	17	46	60	#
139	919074	13	45	60	#
140	875821	7	59	62	#
141	289258	39	42	53	#
142	2101	32	37	44	#
143	133820	16	37	61	#
144	791478	10	48	59	#
145	944076	11	22	24	#
146	328414	26	30	55	#
147	586731	1	22	44	#
148	590610	17	26	31	#
149	757804	30	37	55	#
150	443209	3	22	57	#
151	348455	7	9	46	#
152	426974	11	51	56	#
153	224293	11	19	32	#
154	109164	39	42	50	#
155	518662	2	6	15	#
156	505628	22	31	41	#
157	325745	4	40	50	#
158	207411	29	34	47	#
159	620474	3	15	43	#
160	998012	21	52	63	#
161	832794	5	47	49	#
162	809360	4	18	26	#
163	414214	5	29	55	#
164	639145	38	50	60	#
165	632869	2	48	54	#
166	718956	10	22	55	#
167	166352	31	32	51	#
168	633836	1	7	60	#
169	800817	6	28	63	#
170	411206	41	50	58	#
171	690353	13	17	22	#
172	918761	10	34	40	#
173	850093	3	14	32	#
174	574795	8	49	52	#
175	537583	6	37	47	#
176	720325	0	12	55	#
177	707687	22	25	35	#
178	770261	22	40	41	#
179	175631	31	59	62	#
180	823023	29	52	61	#
181	994200	21	45	56	#
182	669230	7	14	37	#
183	527706	20	29	31	#
184	284608	16	24	34	#
185	964834	12	18	20	#
186	236595	29	30	63	#
187	779678	54	60	62	#
188	841526	50	54	60	#
189	66680	6	40	47	#
190	511112	3	28	33	#
191	563125	6	14	52	#
192	580857	3	11	23	#
193	169862	6	15	41	#
194	613230	33	49	54	#
195	434302	9	20	46	#
196	24867	25	37	62	#
197	769261	7	18	33	#
198	899781	30	37	44	#
199	979000	6	21	52	#
200	19483	23	30	60	#
201	630395	19	44	56	#
202	721908	27	32	56	#
203	600302	22	61	63	#
204	145696	8	13	50	#
205	969632	16	31	58	#
206	162719	23	29	62	#
207	927256	24	28	47	#
208	339493	3	28	51	#
209	479781	4	14	54	#
210	828521	14	29	31	#
211	757	20	22	26	#
212	434864	19	52	62	#
213	804343	31	37	42	#
214	569949	6	52	56	#
215	6723	17	50	60	#
216	141951	11	15	45	#
217	631381	18	26	47	#
218	628393	25	39	63	#
219	1204	9	23	62	#
220	228461	4	9	42	#
221	444489	13	43	45	#
222	122271	25	26	32	#
223	975689	18	37	62	#
224	471799	18	31	39	#
225	100225	33	51	60	#
226	470714	42	44	48	#
227	716421	30	31	41	#
228	908942	5	50	55	#
229	554686	45	48	59	#
230	823756	30	33	47	#
231	123396	4	54	57	#
232	457328	31	38	45	#
233	777462	54	59	62	#
234	131006	10	47	59	#
235	807465	25	45	50	#
236	198484	8	51	62	#
237	577085	12	25	62	#
238	196799	47	54	55	#
239	772706	20	39	60	#
240	682726	0	21	41	#
241	771447	6	30	39	#
242	685064	27	44	45	#
243	767893	21	33	38	#
244	298017	21	27	51	#
245	931992	8	9	33	#
246	126191	12	14	17	#
247	460230	3	48	55	#
248	957165	7	43	51	#
249	928913	20	52	59	#
250	640119	1	26	27	#
251	844701	2	48	61	#
252	145511	35	38	43	#
253	715383	39	51	58	#
254	19417	9	14	46	#
255	997724	2	19	60	#
256	924850	33	36	42	#
257	341944	5	53	63	#
258	61514	11	26	32	#
259	38868	9	30	45	#
260	892226	29	30	55	#
261	873626	19	31	48	#
262	650290	15	16	26	#
263	168905	34	57	60	#
264	882829	4	14	35	#
265	661088	15	19	62	#
266	289069	36	48	61	#
267	994210	0	33	61	#
268	734772	30	58	59	#
269	39559	3	12	24	#
270	890522	40	53	56	#
271	952773	24	53	60	#
272	847269	7	17	45	#
273	865724	19	55	61	#
274	796106	14	39	54	#
275	377001	9	18	63	#
276	362375	12	34	53	#
277	552722	19	43	51	#
278	247729	21	33	42	#
279	678439	4	43	58	#
280	513408	24	46	50	#
281	784271	36	45	56	#
282	128389	26	59	60	#
283	705646	12	30	42	#
284	685851	0	1	44	#
285	182395	26	33	38	#
286	880132	5	8	30	#
287	606666	5	24	53	#
288	658006	35	37	44	#
289	883309	8	23	57	#
290	308603	26	44	45	#
291	7446	5	31	32	#
292	346493	10	18	51	#
293	64917	32	35	63	#
294	760665	24	41	44	#
295	828698	45	53	63	#
296	255177	4	11	34	#
297	648226	41	42	56	#
298	665245	1	28	31	#
299	466252	11	22	40	#
300	823317	12	35	62	#
301	91801	10	54	63	#
302	896778	2	8	25	#
303	307987	7	45	63	#
304	622254	6	8	41	#
305	378055	16	24	30	#
306	425040	51	59	62	#
307	517701	9	21	36	#
308	189892	6	16	36	#
309	334330	4	28	38	#
310	629292	5	61	62	#
311	503814	20	41	50	#
312	625757	8	36	60	#
313	422644	17	35	42	#
314	383180	6	56	63	#
315	346635	4	18	37	#
316	943071	29	35	51	#
317	581067	6	54	55	#
318	235938	7	39	50	#
319	237450	27	33	62	#
320	686083	10	11	47	#
321	924598	3	23	49	#
322	582599	27	43	62	#
323	625529	31	33	34	#
324	514586	4	12	28	#
325	926702	0	33	40	#
326	425618	7	8	27	#
327	712437	8	11	55	#
328	203716	4	32	51	#
329	414868	7	13	35	#
330	84325	5	10	31	#
331	918574	26	34	42	#
332	919048	27	56	62	#
333	259105	8	54	55	#
334	793578	19	22	34	#
335	325847	11	29	35	#
336	440153	0	13	61	#
337	882274	2	25	26	#
338	998191	13	30	40	#
339	966184	10	13	35	#
340	683118	1	5	60	#
341	2079	17	41	46	#
342	199787	28	38	62	#
343	779383	5	31	35	#
344	872102	10	11	50	#
345	769304	0	16	32	#
346	133281	25	43	58	#
347	609672	16	60	63	#
348	850424	22	40	59	#
349	203233	30	48	57	#
350	410832	27	39	56	#
351	572918	29	46	49	#
352	99724	0	25	45	#
353	36434	1	5	20	#
354	134418	7	44	52	#
355	655861	8	24	54	#
356	625827	44	51	63	#
357	967835	28	45	56	#
358	58275	0	12	18	#
359	960149	28	36	40	#
360	491889	25	47	49	#
361	411834	8	13	56	#
362	760530	7	17	59	#
363	474272	19	25	59	#
364	952629	9	34	58	#
365	284251	21	30	48	#
366	278735	31	34	63	#
367	553109	9	13	14	#
368	430529	8	15	50	#
369	842669	26	45	59	#
370	318309	21	43	61	#
371	286546	40	41	60	#
372	637401	12	49	51	#
373	844514	30	48	62	#
374	58706	27	45	62	#
375	787946	22	43	55	#
376	964555	23	43	63	#
377	5967	35	38	58	#
378	558260	4	8	39	#
379	894800	4	39	40	#
380	864252	10	12	49	#
381	46884	3	32	37	#
382	605399	1	30	31	#
383	691702	12	18	21	#
384	195082	12	44	52	#
385	856861	24	26	43	#
386	113850	34	43	50	#
387	515799	0	15	57	#
388	753917	0	7	50	#
389	567619	5	33	62	#
390	409518	23	38	52	#
391	354889	0	10	23	#
392	811923	28	29	31	#
393	566849	51	52	54	#
394	6673	50	61	63	#
395	798315	2	14	33	#
396	963634	8	9	63	#
397	738687	11	33	63	#
398	721122	25	34	51	#
399	950800	8	13	55	#
400	502647	17	24	38	#
401	465964	3	22	54	#
402	218006	22	57	61	#
403	969404	28	33	37	#
404	478440	8	19	63	#
405	179393	21	26	59	#
406	341889	11	15	38	#
407	133735	9	24	34	#
408	975120	15	34	43	#
409	488851	9	23	29	#
410	826784	6	36	59	#
411	609582	8	43	47	#
412	93867	7	40	51	#
413	181905	3	14	20	#
414	599692	39	54	60	#
415	180316	14	35	45	#
416	796349	4	13	28	#
417	711399	9	38	58	#
418	757588	29	41	60	#
419	450387	14	47	48	#
420	46355	13	15	42	#
421	697307	45	48	50	#
422	990713	41	46	48	#
423	813952	0	20	30	#
424	370838	4	49	58	#
425	497193	4	55	63	#
426	55805	18	54	63	#
427	980820	30	41	60	#
428	531244	6	8	38	#
429	14	2	19	24	#
430	709126	26	47	49	#
431	755931	27	58	61	#
432	17395	4	10	47	#
433	177414	9	12	55	#
434	529847	9	18	33	#
435	492691	20	42	52	#
436	815609	16	22	50	#
437	495959	10	32	49	#
438	262777	27	50	62	#
439	922116	2	35	52	#
440	862179	15	38	61	#
441	948028	25	45	55	#
442	824981	15	20	30	#
443	814791	8	29	52	#
444	951748	2	29	52	#
445	339219	12	13	29	#
446	370797	19	26	44	#
447	182687	18	28	54	#
448	120113	16	40	49	#
449	724070	45	51	62	#
450	866691	2	44	55	#
451	803492	12	26	43	#
452	357504	14	28	33	#
453	434248	11	43	63	#
454	637661	0	59	62	#
455	556997	12	49	55	#
456	793136	36	37	52	#
457	222775	18	21	34	#
458	826372	5	13	31	#
459	494473	8	32	47	#
460	367069	18	38	57	#
461	632693	17	25	62	#
462	139277	17	19	62	#
463	359343	9	45	52	#
464	60318	7	8	31	#
465	699982	13	38	61	#
466	980851	15	22	31	#
467	930320	15	19	21	#
468	240413	23	31	35	#
469	707976	17	18	59	#
470	409084	8	40	57	#
471	557484	10	47	52	#
472	813451	4	20	30	#
473	494707	45	47	52	#
474	703823	40	43	54	#
475	726248	12	15	63	#
476	209714	9	10	28	#
477	664893	5	25	62	#
478	641480	17	56	62	#
479	164423	8	17	32	#
480	838593	0	5	12	#
481	412550	10	43	53	#
482	264744	23	36	48	#
483	197955	13	49	59	#
484	199134	3	26	35	#
485	790062	1	26	49	#
486	785332	11	41	54	#
487	566271	14	24	60	#
488	537350	14	17	48	#
489	43310	31	55	58	#
490	827474	13	14	24	#
491	148728	31	49	52	#
492	609305	18	58	63	#
493	349771	21	31	44	#
494	238033	23	55	56	#
495	315086	2	23	61	#
496	543566	10	15	38	#
497	499810	15	23	26	#
498	697077	0	22	62	#
499	338938	27	33	57	#
500	601563	29	45	60	#
501	432345	41	49	55	#
502	295262	26	35	59	#
503	768146	7	49	60	#
504	271761	22	50	52	#
505	994059	7	11	54	#
506	664654	17	50	61	#
507	774389	21	45	55	#
508	53599	6	30	59	#
509	91560	4	7	48	#
510	360566	10	23	55	#
511	203638	32	47	57	#
512	548219	15	16	46	#
513	853110	8	34	53	#
514	606790	30	50	60	#
515	237180	8	13	49	#
516	621463	2	18	48	#
517	920334	2	12	58	#
518	549209	25	53	62	#
519	54175	14	53	54	#
520	702180	24	32	40	#
521	554720	6	8	33	#
522	834157	16	39	44	#
523	374635	2	24	47	#
524	157259	13	19	63	#
525	770094	47	59	61	#
526	577972	33	37	59	#
527	11755	34	37	49	#
528	934789	1	8	22	#
529	399517	22	31	50	#
530	44113	15	48	52	#
531	812474	17	41	50	#
532	916752	19	24	51	#
533	945974	12	22	33	#
534	594279	0	38	47	#
535	551298	5	33	58	#
536	426377	13	19	44	#
537	623261	22	36	59	#
538	91368	12	30	61	#
539	966235	18	24	30	#
540	301825	31	39	62	#
541	53145	45	47	63	#
542	849464	36	54	56	#
543	268312	4	23	34	#
544	687897	32	34	46	#
545	443588	34	49	58	#
546	103876	20	26	63	#
547	701919	5	20	29	#
548	777840	33	44	55	#
549	999872	37	38	41	#
550	912872	19	34	38	#
551	312359	39	48	54	#
552	741060	39	48	53	#
553	360873	3	33	51	#
554	752375	15	20	55	#
555	150738	9	15	31	#
556	933588	4	22	31	#
557	353425	20	32	42	#
558	153342	3	17	53	#
559	746745	40	45	55	#
560	584430	7	35	49	#
561	508701	12	32	36	#
562	715409	1	43	61	#
563	150089	6	10	53	#
564	71095	26	44	57	#
565	410037	17	43	48	#
566	878499	4	14	52	#
567	905730	0	15	23	#
568	596440	12	20	41	#
569	210457	5	54	61	#
570	151954	10	27	57	#
571	655919	9	26	28	#
572	438117	1	35	38	#
573	742946	8	30	41	#
574	628147	15	25	54	#
575	732842	0	9	39	#
576	968159	12	25	35	#
577	595481	13	35	51	#
578	579767	3	23	51	#
579	253387	24	32	35	#
580	544279	30	39	60	#
581	921407	1	31	36	#
582	916240	0	5	15	#
583	483154	3	7	54	#
584	471268	28	52	60	#
585	268263	20	24	58	#
586	931629	22	43	63	#
587	298618	36	43	51	#
588	132720	7	42	50	#
589	57045	39	52	62	#
590	94591	12	48	60	#
591	98552	0	6	29	#
592	244887	15	26	54	#
593	372094	23	56	63	#
594	103044	9	10	51	#
595	949895	27	40	62	#
596	580318	15	49	57	#
597	971736	21	23	43	#
598	676196	4	6	9	#
599	587043	7	32	58	#
600	758948	40	43	56	#
601	679848	25	38	40	#
602	806600	5	17	19	#
603	462922	0	44	56	#
604	954277	9	20	50	#
605	568495	18	59	63	#
606	444887	17	41	57	#
607	647361	17	22	35	#
608	612320	45	52	62	#
609	591810	30	35	58	#
610	839827	33	35	51	#
611	924011	1	20	32	#
612	530953	10	16	24	#
613	581254	33	47	51	#
614	6390	10	39	48	#
615	554860	15	33	55	#
616	897342	16	33	52	#
617	762424	5	41	42	#
618	44449	38	39	45	#
619	737176	6	61	63	#
620	131088	2	7	39	#
621	203563	5	8	60	#
622	280785	14	37	57	#
623	374799	24	50	60	#
624	630759	9	17	48	#
625	468899	1	45	57	#
626	704446	34	41	51	#
627	373776	4	6	28	#
628	397181	12	19	53	#
629	166287	10	38	51	#
630	402103	16	33	54	#
631	11558	36	38	39	#
632	944656	23	25	62	#
633	126221	21	34	40	#
634	73753	10	25	30	#
635	563145	0	61	63	#
636	117136	17	18	46	#
637	570745	6	27	48	#
638	119956	8	18	28	#
639	144188	28	31	45	#
640	472278	1	11	15	#
641	351675	35	42	61	#
642	100184	1	2	16	#
643	641018	31	45	46	#
644	610062	25	45	56	#
645	739282	31	48	52	#
646	659082	4	33	48	#
647	416556	40	57	61	#
648	723874	1	27	50	#
649	608494	1	7	32	#
650	571062	4	39	53	#
651	10148	48	57	59	#
652	178581	13	22	34	#
653	809654	27	46	50	#
654	41650	5	23	53	#
655	629022	52	53	55	#
656	927770	13	53	62	#
657	265706	3	12	55	#
658	356469	4	52	57	#
659	6080	22	34	49	#
660	232106	6	9	27	#
661	832057	10	21	43	#
662	259641	0	30	61	#
663	554537	29	40	46	#
664	922694	27	35	57	#
665	602990	3	23	41	#
666	630114	29	37	56	#
667	4750	36	47	56	#
668	504197	7	8	28	#
669	522442	18	27	49	#
670	197512	0	13	28	#
671	70258	18	28	45	#
672	300295	2	6	57	#
673	804148	23	24	62	#
674	527632	8	46	55	#
675	840800	18	19	43	#
676	708102	0	37	51	#
677	396105	19	36	62	#
678	305269	4	42	51	#
679	423586	2	22	51	#
680	630078	35	43	57	#
681	718888	8	44	45	#
682	373710	22	43	50	#
683	151950	4	31	54	#
684	769561	32	51	56	#
685	517974	17	28	33	#
686	961242	13	20	44	#
687	445827	3	23	52	#
688	720516	38	48	52	#
689	189175	14	40	41	#
690	98932	4	40	63	#
691	661394	10	11	39	#
692	590593	1	4	39	#
693	460138	12	32	42	#
694	290683	44	59	61	#
695	800292	4	38	42	#
696	222910	2	26	32	#
697	728151	14	15	52	#
698	478692	7	51	57	#
699	724990	2	41	58	#
700	61931	12	41	45	#
701	824848	41	49	60	#
702	365423	56	59	63	#
703	669117	2	10	24	#
704	18439	12	31	61	#
705	499722	12	20	35	#
706	439738	38	57	59	#
707	952943	1	39	57	#
708	806241	2	18	34	#
709	657605	37	58	61	#
710	304843	1	7	59	#
711	64153	19	20	38	#
712	473277	2	8	16	#
713	635275	12	54	62	#
714	155721	20	29	56	#
715	514069	35	37	50	#
716	99776	23	33	63	#
717	52338	10	14	26	#
718	503683	15	38	46	#
719	129487	9	20	61	#
720	886129	18	24	44	#
721	507323	19	32	60	#
722	797841	7	50	57	#
723	175722	0	21	53	#
724	417119	23	37	51	#
725	914837	12	30	47	#
726	337508	15	19	28	#
727	319218	21	24	39	#
728	962345	21	32	49	#
729	68719	23	55	60	#
730	811866	19	38	47	#
731	924830	3	17	25	#
732	40385	2	37	45	#
733	93700	5	6	15	#
734	178448	34	45	57	#
735	373136	1	12	19	#
736	783011	7	46	57	#
737	717804	8	12	36	#
738	855902	4	17	46	#
739	749848	14	30	32	#
740	442593	8	11	58	#
741	865051	16	17	18	#
742	781291	13	26	60	#
743	124282	5	11	33	#
744	736645	14	43	47	#
745	489938	29	38	55	#
746	22857	2	29	48	#
747	512265	45	58	59	#
748	664173	10	24	35	#
749	480025	14	42	59	#
750	936818	43	57	59	#
751	999507	2	19	57	#
752	701534	3	29	34	#
753	417294	15	28	59	#
754	464449	26	45	57	#
755	526336	23	31	32	#
756	108198	3	6	33	#
757	305197	11	15	60	#
758	21156	0	27	53	#
759	792147	4	12	46	#
760	649563	9	59	60	#
761	315160	7	41	53	#
762	74607	52	61	62	#
763	916647	0	16	51	#
764	784488	30	47	52	#
765	408947	7	17	42	#
766	331314	7	49	61	#
767	866275	2	9	31	#
768	45341	1	18	52	#
769	802552	2	44	56	#
770	859636	16	26	61	#
771	850005	18	48	53	#
772	460798	19	23	60	#
773	622840	23	25	32	#
774	276940	7	39	51	#
775	128793	23	34	63	#
776	687174	2	10	43	#
777	840118	26	28	42	#
778	114096	27	29	32	#
779	824898	0	9	17	#
780	449789	23	33	57	#
781	503027	21	29	49	#
782	895942	30	36	46	#
783	668525	28	33	61	#
784	147764	11	30	47	#
785	160507	5	26	52	#
786	462815	14	25	61	#
787	217392	21	28	29	#
788	715909	10	11	29	#
789	490918	0	14	48	#
790	716060	23	37	59	#
791	40351	3	12	25	#
792	416736	3	56	57	#
793	415397	7	20	32	#
794	635310	10	20	26	#
795	398143	2	6	17	#
796	9714	15	31	51	#
797	667098	26	55	59	#
798	63332	17	27	48	#
799	963818	10	34	35	#
800	394603	7	41	52	#
801	566226	16	27	33	#
802	559639	6	24	33	#
803	2611	8	40	43	#
804	174105	11	58	62	#
805	976435	9	11	43	#
806	124913	4	40	52	#
807	766903	15	22	53	#
808	414335	13	16	32	#
809	833223	5	43	60	#
810	155995	29	34	39	#
811	867657	10	27	32	#
812	368138	17	41	47	#
813	752138	6	29	47	#
814	640031	33	36	57	#
815	639838	33	43	63	#
816	539025	5	19	35	#
817	953064	22	52	62	#
818	800947	22	40	55	#
819	59919	17	25	49	#
820	645762	14	20	45	#
821	478811	12	16	27	#
822	401697	36	44	60	#
823	627687	33	38	42	#
824	271635	23	43	51	#
825	140836	26	31	61	#
826	736644	10	15	58	#
827	258449	5	19	61	#
828	681619	6	11	24	#
829	775532	7	55	62	#
830	265036	8	53	63	#
831	450228	28	44	45	#
832	169711	11	25	42	#
833	409297	46	59	63	#
834	462238	8	22	63	#
835	882449	21	24	46	#
836	535875	2	49	53	#
837	547428	5	9	38	#
838	514962	1	45	58	#
839	874173	1	21	30	#
840	58520	29	44	62	#
841	835804	3	38	42	#
842	174436	16	54	55	#
843	284716	2	14	56	#
844	55804	16	41	63	#
845	780509	5	19	38	#
846	489270	21	34	39	#
847	747810	9	17	27	#
848	434104	6	23	62	#
849	797562	31	32	53	#
850	857763	41	44	48	#
851	885720	8	27	39	#
852	627206	23	28	31	#
853	125753	31	49	58	#
854	269197	18	32	47	#
855	600035	5	32	40	#
856	858435	0	56	63	#
857	225500	7	15	31	#
858	566723	5	27	30	#
859	882751	0	48	53	#
860	212092	2	16	53	#
861	594753	27	52	59	#
862	483679	5	7	61	#
863	409974	2	3	17	#
864	386348	5	34	57	#
865	729767	1	23	40	#
866	848425	11	25	45	#
867	359811	0	1	5	#
868	366622	23	46	61	#
869	136699	16	29	61	#
870	24103	34	41	56	#
871	583343	10	52	60	#
872	210828	13	23	36	#
873	680595	25	52	58	#
874	591166	6	22	24	#
875	827429	23	44	49	#
876	445632	9	21	47	#
877	38866	23	36	47	#
878	515804	12	47	56	#
879	436850	14	36	47	#
880	591929	2	9	60	#
881	175928	8	14	51	#
882	838297	6	26	62	#
883	456577	2	3	36	#
884	169490	0	23	52	#
885	274428	19	29	54	#
886	935394	12	17	45	#
887	840503	9	37	56	#
888	948150	17	53	62	#
889	759406	4	12	16	#
890	459868	7	19	52	#
891	621177	10	37	41	#
892	439055	13	36	44	#
893	222777	4	20	32	#
894	770372	27	39	54	#
895	64532	43	44	46	#
896	61883	15	36	41	#
897	401554	9	12	18	#
898	577664	5	6	58	#
899	89700	12	39	44	#
900	614556	2	17	21	#
901	129403	38	53	63	#
902	4390	19	30	45	#
903	844057	14	56	57	#
904	907908	18	28	46	#
905	23707	10	50	63	#
906	974756	9	23	46	#
907	945041	2	19	20	#
908	686555	13	14	37	#
909	492440	5	11	39	#
910	603354	18	22	54	#
911	631172	1	2	27	#
912	245440	8	10	42	#
913	649311	1	9	52	#
914	136463	14	25	52	#
915	570961	16	28	57	#
916	577650	5	21	53	#
917	325273	38	42	51	#
918	377145	1	3	37	#
919	609866	5	25	39	#
920	793038	1	12	35	#
921	251368	28	30	37	#
922	217413	7	50	53	#
923	608078	10	17	46	#
924	303321	30	36	48	#
925	493154	34	37	59	#
926	336267	7	27	30	#
927	69637	17	34	51	#
928	116960	3	6	50	#
929	158229	16	21	43	#
930	766679	10	40	49	#
931	558249	36	53	62	#
932	501808	31	49	50	#
933	964337	11	17	28	#
934	302602	51	56	62	#
935	247502	2	30	60	#
936	799696	20	39	54	#
937	686446	8	24	40	#
938	965488	9	23	36	#
939	909898	31	39	44	#
940	8805	8	17	54	#
941	539901	25	35	51	#
942	78408	2	20	46	#
943	965468	34	46	47	#
944	769319	1	10	19	#
945	128336	11	25	36	#
946	699725	24	28	40	#
947	775925	1	25	57	#
948	137503	18	22	28	#
949	942260	9	28	44	#
950	601674	26	27	46	#
951	254572	11	26	52	#
952	341670	33	41	63	#
953	31392	0	17	23	#
954	606043	1	3	11	#
955	37440	0	16	49	#
956	550838	19	37	44	#
957	85527	1	62	63	#
958	584664	26	29	49	#
959	112823	14	15	56	#
960	264323	14	49	54	#
961	592893	21	33	36	#
962	248624	39	42	58	#
963	633359	3	11	38	#
964	39521	11	29	52	#
965	257980	25	40	42	#
966	463187	3	44	50	#
967	804327	13	37	39	#
968	285370	11	16	39	#
969	162436	23	32	44	#
970	760148	2	33	48	#
971	173810	0	23	38	#
972	223630	9	26	52	#
973	531494	1	52	53	#
974	48425	0	5	58	#
975	779594	0	9	34	#
976	696523	35	46	52	#
977	683911	6	10	21	#
978	350375	11	15	34	#
979	261676	6	39	62	#
980	730606	12	16	62	#
981	493931	4	47	51	#
982	574111	2	29	35	#
983	518738	7	10	36	#
984	934914	44	45	59	#
985	165133	6	46	57	#
986	457905	28	45	60	#
987	733728	14	45	48	#
988	647580	5	11	37	#
989	81204	19	29	35	#
990	786462	38	42	50	#
991	643601	22	38	39	#
992	620767	2	21	32	#
993	337020	3	42	63	#
994	219568	35	57	61	#
995	701600	4	5	12	#
996	90423	52	57	58	#
997	453609	32	52	58	#
998	697137	20	28	43	#
999	749931	5	13	38	#
1000	777937	11	50	58	#
1001	911208	10	20	35	#
1002	691699	8	41	63	#
1003	657846	18	44	63	#
1004	180966	0	13	16	#
1005	104562	18	41	58	#
1006	555207	13	47	48	#
1007	253118	16	30	57	#
1008	943964	18	24	50	#
1009	530085	1	35	37	#
1010	443772	15	60	61	#
1011	387950	1	11	58	#
1012	896553	18	31	43	#
1013	129527	8	12	45	#
1014	823220	34	61	63	#
1015	538459	39	45	52	#
1016	417685	40	46	62	#
1017	384478	15	23	57	#
1018	843610	39	42	55	#
1019	62591	18	24	46	#
1020	898799	15	37	57	#
1021	627598	1	10	41	#
1022	576076	46	48	60	#
1023	556988	18	38	58	#
1024	391554	0	42	54	#
1025	446159	5	10	39	#
1026	987709	6	15	20	#
1027	686529	8	19	44	#
1028	613014	5	54	57	#
1029	150643	41	47	60	#
1030	783382	27	54	58	#
1031	590364	26	34	49	#
1032	535037	11	54	56	#
1033	700391	5	18	51	#
1034	567730	18	33	57	#
1035	468047	37	43	55	#
1036	512745	15	18	49	#
1037	353811	4	10	19	#
1038	533436	3	13	60	#
1039	421972	19	23	57	#
1040	350743	38	45	61	#
1041	737479	6	9	40	#
1042	230233	10	12	60	#
1043	148726	4	30	35	#
1044	822286	7	27	49	#
1045	950406	6	9	37	#
1046	674273	21	22	33	#
1047	628709	30	40	56	#
1048	464681	9	33	61	#
1049	162793	16	45	53	#
1050	133120	11	31	33	#
1051	367538	7	9	39	#
1052	293797	38	44	60	#
1053	8311	13	15	45	#
1054	34800	6	25	33	#
1055	981979	16	45	61	#
1056	534615	50	54	63	#
1057	203102	27	37	51	#
1058	537650	10	26	32	#
1059	830615	11	26	35	#
1060	475393	39	41	52	#
1061	325146	27	34	61	#
1062	8196	8	15	30	#
1063	11760	26	38	56	#
1064	826614	32	43	44	#
1065	787827	8	22	27	#
1066	389984	32	57	58	#
1067	206559	7	9	61	#
1068	814066	4	31	50	#
1069	75065	5	7	26	#
1070	485744	1	16	49	#
1071	962687	19	24	39	#
1072	801582	20	21	56	#
1073	663219	33	38	53	#
1074	357530	30	39	47	#
1075	136061	9	46	57	#
1076	851652	0	17	45	#
1077	89074	0	30	58	#
1078	552577	10	18	32	#
1079	159809	17	49	53	#
1080	433425	2	14	30	#
1081	602022	1	56	59	#
1082	974297	33	49	61	#
1083	490794	16	27	36	#
1084	195974	21	27	39	#
1085	722304	6	9	29	#
1086	703307	1	4	31	#
1087	735243	28	50	60	#
1088	207106	2	16	26	#
1089	56176	13	23	53	#
1090	587529	2	22	30	#
1091	666113	14	18	33	#
1092	505192	24	39	51	#
1093	499844	1	17	55	#
1094	352717	18	35	58	#
1095	559940	4	13	46	#
1096	18422	4	38	62	#
1097	153025	16	24	53	#
1098	627794	11	32	50	#
1099	645357	14	17	62	#
1100	272822	9	44	50	#
1101	408887	10	36	40	#
1102	305372	11	16	34	#
1103	732606	9	38	44	#
1104	174826	0	5	56	#
1105	701236	12	38	40	#
1106	464193	11	18	51	#
1107	747389	28	44	51	#
1108	367692	2	14	26	#
1109	402133	8	40	41	#
1110	673258	1	16	52	#
1111	145384	9	33	55	#
1112	249664	22	32	57	#
1113	428497	3	22	29	#
1114	620749	43	44	58	#
1115	515022	1	16	31	#
1116	711074	41	62	63	#
1117	247306	18	22	56	#
1118	588487	23	46	58	#
1119	201607	8	18	48	#
1120	373787	7	27	36	#
1121	495107	12	37	59	#
1122	613659	0	7	44	#
1123	766309	1	8	26	#
1124	855623	24	35	39	#
1125	757575	10	49	54	#
1126	911834	15	23	37	#
1127	688215	22	30	41	#
1128	587454	21	23	57	#
1129	500037	6	19	25	#
1130	970381	5	28	31	#
1131	454150	25	39	57	#
1132	591975	10	11	55	#
1133	739031	4	39	59	#
1134	390639	25	39	53	#
1135	635402	2	45	47	#
1136	685351	6	27	53	#
1137	600204	27	44	59	#
1138	845322	20	47	62	#
1139	376272	21	22	35	#
1140	402814	14	20	43	#
1141	616771	17	26	59	#
1142	38797	42	54	55	#
1143	929058	12	23	46	#
1144	237628	9	30	50	#
1145	779031	26	50	59	#
1146	642979	8	18	37	#
1147	620306	6	44	57	#
1148	577235	6	38	57	#
1149	978676	5	9	33	#
1150	563980	8	9	27	#
1151	901495	20	21	27	#
1152	663566	2	4	52	#
1153	268355	3	40	46	#
1154	688275	11	35	39	#
1155	472381	14	17	23	#
1156	617238	7	33	62	#
1157	556733	1	35	62	#
1158	324530	39	44	49	#
1159	523884	2	16	43	#
1160	35232	28	42	59	#
1161	218076	6	33	44	#
1162	294836	8	17	33	#
1163	541240	6	24	38	#
1164	415261	5	7	49	#
1165	881263	20	47	55	#
1166	188841	30	51	52	#
1167	959739	23	26	63	#
1168	164213	1	4	54	#
1169	448899	6	16	24	#
1170	760744	32	34	54	#
1171	821476	1	22	50	#
1172	723990	21	50	53	#
1173	261556	51	56	58	#
1174	234949	2	13	37	#
1175	752920	9	35	47	#
1176	494374	21	48	50	#
1177	99064	10	40	53	#
1178	877776	21	49	53	#
1179	206261	16	25	51	#
1180	247328	5	34	53	#
1181	906375	8	31	61	#
1182	312207	5	16	48	#
1183	879945	17	35	56	#
1184	762033	21	51	62	#
1185	289235	11	24	53	#
1186	245181	13	37	40	#
1187	391243	7	35	52	#
1188	795276	6	7	45	#
1189	467067	14	36	43	#
1190	491296	13	51	55	#
1191	895680	1	4	23	#
1192	657718	4	25	44	#
1193	225219	14	16	57	#
1194	507809	12	20	52	#
1195	792909	19	26	62	#
1196	529933	14	22	27	#
1197	741637	6	44	60	#
1198	576312	38	39	42	#
1199	828344	5	37	57	#
1200	339845	12	56	60	#
1201	423003	1	58	63	#
1202	806169	14	31	56	#
1203	511904	10	28	33	#
1204	150424	17	21	48	#
1205	109696	2	5	10	#
1206	947257	6	7	61	#
1207	288828	5	21	30	#
1208	153124	32	37	54	#
1209	506980	26	33	60	#
1210	631989	5	30	55	#
1211	878526	25	38	48	#
1212	873633	3	44	49	#
1213	717168	9	18	60	#
1214	80507	5	17	36	#
1215	51568	17	27	29	#
1216	639880	1	12	13	#
1217	859714	21	43	59	#
1218	968000	27	50	53	#
1219	83169	3	39	50	#
1220	917395	8	12	59	#
1221	315186	4	26	54	#
1222	542452	33	34	57	#
1223	232699	5	9	17	#
1224	572592	10	54	55	#
1225	729119	18	20	54	#
1226	578765	25	38	43	#
1227	173950	15	24	47	#
1228	179413	3	7	43	#
1229	414625	1	23	61	#
1230	56870	3	13	43	#
1231	740710	10	27	45	#
1232	840023	14	22	41	#
1233	721530	22	32	36	#
1234	70114	3	28	57	#
1235	546884	13	51	60	#
1236	658102	4	21	42	#
1237	674725	20	21	37	#
1238	747543	10	35	59	#
1239	489886	12	13	26	#
1240	361693	36	38	41	#
1241	851024	3	27	36	#
1242	976143	15	27	49	#
1243	138899	28	47	57	#
1244	515486	6	41	55	#
1245	9916	8	43	60	#
1246	682932	0	46	57	#
1247	447062	8	42	48	#
1248	457502	14	21	31	#
1249	877168	13	42	57	#
1250	729419	5	45	51	#
1251	128343	12	31	46	#
1252	877292	2	24	54	#
1253	912549	27	48	62	#
1254	329996	22	25	29	#
1255	801621	16	45	56	#
1256	660945	12	16	59	#
1257	939626	20	37	58	#
1258	182021	7	22	47	#
1259	138503	16	35	40	#
1260	278767	10	22	57	#
1261	647132	17	44	58	#
1262	314257	4	54	58	#
1263	12546	4	21	54	#
1264	459837	15	42	44	#
1265	122734	16	22	55	#
1266	811290	31	38	53	#
1267	761540	15	19	35	#
1268	37174	7	10	60	#
1269	886763	13	17	19	#
1270	287504	1	14	61	#
1271	998523	0	44	60	#
1272	859079	22	52	63	#
1273	485322	3	13	32	#
1274	733049	10	46	47	#
1275	394411	51	52	55	#
1276	295594	21	44	53	#
1277	885575	4	45	56	#
1278	117485	12	16	42	#
1279	710356	7	21	22	#
1280	397506	37	47	57	#
1281	298856	38	46	54	#
1282	708907	7	43	57	#
1283	365093	19	29	56	#
1284	507541	9	55	58	#
1285	172399	9	35	39	#
1286	656353	16	44	57	#
1287	405552	12	13	28	#
1288	683014	22	34	61	#
1289	440356	1	4	10	#
1290	79490	30	40	63	#
1291	900343	6	19	36	#
1292	408343	38	46	57	#
1293	21054	37	44	48	#
1294	191613	17	23	58	#
1295	692977	7	22	40	#
1296	916945	9	16	53	#
1297	513476	35	49	55	#
1298	962267	30	38	44	#
1299	879433	32	51	61	#
1300	889277	26	42	43	#
1301	528747	1	14	62	#
1302	678968	29	30	44	#
1303	832820	29	33	55	#
1304	504348	15	24	37	#
1305	586150	40	52	58	#
1306	275812	28	31	59	#
1307	657473	34	42	51	#
1308	590125	6	22	63	#
1309	623449	23	40	61	#
1310	841329	9	17	49	#
1311	882346	18	25	43	#
1312	668047	11	20	24	#
1313	299620	39	51	55	#
1314	80587	18	41	51	#
1315	59384	4	57	60	#
1316	936470	4	35	54	#
1317	674062	30	53	56	#
1318	914424	17	22	38	#
1319	39097	15	21	40	#
1320	774599	25	29	51	#
1321	10406	23	46	53	#
1322	229351	11	34	39	#
1323	757948	8	28	48	#
1324	823298	1	39	44	#
1325	599123	1	34	40	#
1326	169416	13	47	57	#
1327	829868	9	52	62	#
1328	125206	18	40	51	#
1329	843085	10	32	55	#
1330	1277	20	43	50	#
1331	523674	6	38	46	#
1332	80259	1	56	61	#
1333	948215	5	41	50	#
1334	670264	0	18	27	#
1335	379903	2	13	61	#
1336	522168	24	48	61	#
1337	116995	14	21	50	#
1338	937022	0	13	29	#
1339	953229	14	28	34	#
1340	43251	36	48	55	#
1341	532846	0	27	52	#
1342	53573	28	42	49	#
1343	611591	48	51	59	#
1344	136883	15	44	45	#
1345	40425	8	40	45	#
1346	115936	0	27	44	#
1347	923371	18	44	49	#
1348	715723	28	47	51	#
1349	332021	19	43	57	#
1350	843484	20	29	39	#
1351	947402	5	24	55	#
1352	647105	26	30	37	#
1353	795395	2	4	46	#
1354	844092	50	55	62	#
1355	939548	25	32	43	#
1356	852405	4	6	27	#
1357	657868	27	42	55	#
1358	726234	57	59	63	#
1359	317145	19	23	43	#
1360	473463	0	22	59	#
1361	479056	0	18	53	#
1362	142442	23	26	52	#
1363	72691	23	41	53	#
1364	793403	21	40	63	#
1365	503742	40	44	51	#
1366	941846	15	16	43	#
1367	675488	2	48	56	#
1368	168240	17	37	47	#
1369	718001	14	27	41	#
1370	300354	9	29	40	#
1371	74517	12	14	32	#
1372	817623	7	46	51	#
1373	477726	0	35	61	#
1374	901441	10	22	32	#
1375	263765	1	10	63	#
1376	860879	33	36	63	#
1377	417977	19	20	28	#
1378	500290	5	34	37	#
1379	363370	3	33	50	#
1380	397054	26	40	49	#
1381	687720	30	42	58	#
1382	620409	29	31	34	#
1383	479216	32	38	62	#
1384	920268	1	7	10	#
1385	217985	30	45	49	#
1386	896237	22	38	57	#
1387	805471	21	44	46	#
1388	473189	30	31	59	#
1389	854556	6	30	36	#
1390	207422	24	36	46	#
1391	380898	36	46	63	#
1392	269787	37	42	50	#
1393	725697	16	18	63	#
1394	475232	30	34	37	#
1395	34183	23	28	46	#
1396	760360	16	40	52	#
1397	920826	0	16	33	#
1398	387599	23	38	61	#
1399	407001	5	52	55	#
1400	825205	27	29	43	#
1401	608243	12	25	44	#
1402	322428	2	3	60	#
1403	95790	6	51	59	#
1404	51499	20	41	61	#
1405	549864	0	11	35	#
1406	518500	6	29	34	#
1407	867720	10	20	45	#
1408	106125	21	29	63	#
1409	181374	7	10	57	#
1410	680325	7	43	47	#
1411	504172	16	24	61	#
1412	176163	26	53	62	#
1413	996222	35	45	55	#
1414	297904	13	29	33	#
1415	324076	7	37	40	#
1416	469378	2	4	53	#
1417	356614	23	30	48	#
1418	952830	22	25	46	#
1419	486973	21	24	30	#
1420	618010	15	18	34	#
1421	199441	3	25	43	#
1422	187922	0	9	10	#
1423	110592	17	20	50	#
1424	913673	12	26	39	#
1425	605548	26	36	47	#
1426	538061	18	53	63	#
1427	363098	1	15	31	#
1428	96033	20	31	50	#
1429	517500	25	42	55	#
1430	569868	0	22	23	#
1431	940167	18	39	41	#
1432	667907	17	44	55	#
1433	141002	28	30	53	#
1434	27894	20	26	55	#
1435	959453	11	15	39	#
1436	815135	28	37	44	#
1437	434969	16	26	58	#
1438	575737	29	36	61	#
1439	414095	25	40	56	#
1440	386552	11	14	28	#
1441	744369	40	42	52	#
1442	297515	55	56	60	#
1443	818850	16	35	49	#
1444	372803	5	45	56	#
1445	891468	38	40	54	#
1446	380845	6	16	34	#
1447	451706	0	4	39	#
1448	449941	5	21	52	#
1449	342503	21	38	60	#
1450	994947	9	22	58	#
1451	368706	4	31	53	#
1452	49557	26	39	63	#
1453	988147	15	21	52	#
1454	249111	13	25	55	#
1455	303406	1	36	48	#
1456	100413	6	27	34	#
1457	979510	39	41	50	#
1458	847930	7	23	26	#
1459	901347	6	46	54	#
1460	199822	28	37	55	#
1461	354248	15	42	53	#
1462	412615	4	42	49	#
1463	113350	34	39	47	#
1464	747563	4	21	40	#
1465	309895	28	45	47	#
1466	753944	27	29	48	#
1467	490955	2	13	43	#
1468	830005	11	41	53	#
1469	507880	19	32	57	#
1470	939528	0	15	16	#
1471	243446	10	51	52	#
1472	479858	19	20	42	#
1473	536185	10	12	15	#
1474	603542	18	40	45	#
1475	706787	7	35	62	#
1476	479191	2	43	57	#
1477	464482	0	8	12	#
1478	40206	26	39	47	#
1479	396691	25	46	61	#
1480	387999	31	41	60	#
1481	961039	5	42	50	#
1482	379337	26	27	59	#
1483	32618	5	14	50	#
1484	712252	8	40	62	#
1485	330656	24	57	59	#
1486	790277	4	40	41	#
1487	78896	34	42	53	#
1488	40822	12	26	37	#
1489	107927	41	54	57	#
1490	276794	25	45	57	#
1491	899495	2	11	30	#
1492	986898	5	15	16	#
1493	166835	27	42	48	#
1494	2757	11	37	47	#
1495	201725	11	43	55	#
1496	581855	26	41	45	#
1497	564788	17	23	48	#
1498	708842	3	12	18	#
1499	229430	0	19	23	#
1500	807507	18	20	38	#
1501	367532	1	9	32	#
1502	962269	13	28	31	#
1503	283824	19	33	57	#
1504	432577	3	22	27	#
1505	701131	2	31	46	#
1506	646483	24	29	32	#
1507	490464	1	3	42	#
1508	931495	12	16	19	#
1509	538998	4	11	63	#
1510	546498	15	33	62	#
1511	432233	3	37	52	#
1512	471081	27	59	61	#
1513	217451	2	19	54	#
1514	975994	6	32	51	#
1515	1590	3	9	16	#
1516	786390	18	39	54	#
1517	41248	35	42	55	#
1518	887187	42	53	58	#
1519	410530	10	21	46	#
1520	244171	20	31	35	#
1521	815167	6	19	61	#
1522	330594	6	37	45	#
1523	960648	39	54	59	#
1524	286618	1	26	45	#
1525	194080	3	40	50	#
1526	556116	8	21	41	#
1527	331186	0	24	47	#
1528	924440	5	46	53	#
1529	674575	37	43	63	#
1530	241136	22	47	51	#
1531	105385	26	33	53	#
1532	146912	3	5	51	#
1533	602240	2	28	46	#
1534	281512	5	7	15	#
1535	323973	5	41	47	#
1536	767371	47	52	53	#
1537	147260	23	49	60	#
1538	703348	2	36	38	#
1539	41952	10	37	53	#
1540	213504	13	15	53	#
1541	628197	19	20	23	#
1542	517140	32	33	62	#
1543	419789	6	46	58	#
1544	562888	28	32	46	#
1545	817046	6	16	28	#
1546	952563	9	35	59	#
1547	565118	26	50	58	#
1548	442147	28	45	52	#
1549	631796	12	33	42	#
1550	172693	39	49	60	#
1551	10712	9	38	57	#
1552	887963	3	8	16	#
1553	62357	20	55	57	#
1554	528397	5	42	57	#
1555	837133	22	31	63	#
1556	222821	1	49	54	#
1557	251821	21	46	62	#
1558	534327	11	44	51	#
1559	553963	4	19	25	#
1560	449106	5	38	50	#
1561	651461	28	41	61	#
1562	883277	3	19	51	#
1563	819265	9	18	32	#
1564	120473	5	24	59	#
1565	885835	0	42	47	#
1566	386877	20	23	36	#
1567	249155	16	34	40	#
1568	720591	4	23	55	#
1569	975356	13	50	60	#
1570	398684	6	11	20	#
1571	792628	24	37	55	#
1572	447950	21	41	43	#
1573	8874	3	17	39	#
1574	184342	4	27	60	#
1575	253655	7	28	36	#
1576	301270	2	32	54	#
1577	473298	25	54	57	#
1578	853792	37	43	44	#
1579	461573	7	34	41	#
1580	606790	47	55	62	#
1581	673494	29	54	55	#
1582	716190	0	20	35	#
1583	628149	19	45	52	#
1584	83761	0	28	55	#
1585	718589	16	25	57	#
1586	985195	36	37	62	#
1587	872845	12	14	54	#
1588	875380	5	17	51	#
1589	622653	17	18	49	#
1590	951540	29	50	55	#
1591	808590	12	52	63	#
1592	897008	4	33	41	#
1593	219892	0	53	58	#
1594	569859	27	56	59	#
1595	747900	3	11	50	#
1596	898990	5	42	63	#
1597	922981	10	38	49	#
1598	180262	31	38	49	#
1599	723733	3	7	16	#
1600	236906	1	42	54	#
1601	622376	0	22	34	#
1602	102405	11	19	58	#
1603	105121	28	31	48	#
1604	836086	3	6	53	#
1605	321999	31	35	37	#
1606	823038	34	44	49	#
1607	649506	15	29	41	#
1608	977795	17	24	44	#
1609	499988	10	12	44	#
1610	350626	0	1	21	#
1611	816933	21	44	60	#
1612	64408	3	24	28	#
1613	901554	1	31	49	#
1614	72050	28	54	56	#
1615	759418	4	22	46	#
1616	680974	7	22	34	#
1617	50255	11	37	57	#
1618	719316	12	41	48	#
1619	346193	14	47	59	#
1620	870069	10	47	63	#
1621	29213	8	9	12	#
1622	209185	3	11	47	#
1623	852837	24	34	63	#
1624	415970	2	26	34	#
1625	188597	37	45	52	#
1626	488830	7	24	36	#
1627	613409	24	35	42	#
1628	443617	3	16	40	#
1629	925330	9	26	29	#
1630	10312	0	7	52	#
1631	946450	22	50	63	#
1632	811795	16	19	24	#
1633	816081	0	50	62	#
1634	449555	28	29	38	#
1635	988617	7	55	56	#
1636	8070	22	41	46	#
1637	377991	6	29	56	#
1638	107785	7	26	48	#
1639	349451	46	57	63	#
1640	786006	3	42	48	#
1641	549399	11	29	63	#
1642	165708	32	47	60	#
1643	885343	20	30	61	#
1644	84163	12	48	61	#
1645	320536	1	39	49	#
1646	596445	16	38	54	#
1647	531679	32	44	57	#
1648	543316	4	13	62	#
1649	893091	0	7	16	#
1650	178624	4	53	57	#
1651	697050	9	19	32	#
1652	188279	1	29	45	#
1653	997541	12	29	62	#
1654	301041	9	21	56	#
1655	390393	15	39	41	#
1656	186858	28	43	63	#
1657	309273	2	44	49	#
1658	428625	48	52	63	#
1659	77366	5	25	36	#
1660	778056	8	30	39	#
1661	619946	8	15	49	#
1662	510852	19	29	36	#
1663	547099	30	45	53	#
1664	429514	11	45	60	#
1665	347855	1	33	34	#
1666	576823	0	34	55	#
1667	319647	8	57	63	#
1668	323640	18	36	38	#
1669	27923	23	28	56	#
1670	616569	41	42	47	#
1671	298754	10	19	47	#
1672	457188	17	54	58	#
1673	361537	9	17	26	#
1674	876894	4	25	32	#
1675	770084	1	26	42	#
1676	231568	7	23	24	#
1677	953242	15	28	46	#
1678	45405	17	18	27	#
1679	728658	11	31	62	#
1680	614169	8	12	21	#
1681	48868	0	3	6	#
1682	483210	4	27	53	#
1683	101567	5	10	57	#
1684	938145	1	16	21	#
1685	764583	3	7	15	#
1686	387033	10	18	55	#
1687	916689	17	39	44	#
1688	692682	5	42	49	#
1689	32360	1	15	44	#
1690	881772	48	55	58	#
1691	837259	19	21	54	#
1692	334200	2	9	40	#
1693	56081	13	23	24	#
1694	639083	5	13	53	#
1695	445546	33	34	49	#
1696	793127	9	34	42	#
1697	372705	0	24	54	#
1698	312523	14	34	58	#
1699	172339	6	15	48	#
1700	131367	5	39	50	#
1701	397148	4	8	51	#
1702	867535	7	31	47	#
1703	860527	0	1	16	#
1704	151246	2	5	60	#
1705	64132	0	12	51	#
1706	232051	23	32	53	#
1707	201053	12	53	55	#
1708	6713	23	35	36	#
1709	430315	47	48	54	#
1710	52518	5	12	24	#
1711	650120	17	46	48	#
1712	643462	23	46	63	#
1713	232858	33	54	61	#
1714	101453	46	53	62	#
1715	852887	17	37	54	#
1716	511355	29	49	63	#
1717	827458	7	9	29	#
1718	458559	9	44	58	#
1719	642380	21	41	49	#
1720	42305	36	55	63	#
1721	928013	27	59	60	#
1722	420905	10	12	16	#
1723	418763	5	18	32	#
1724	232569	21	31	57	#
1725	678627	23	29	43	#
1726	837043	26	47	63	#
1727	582054	17	35	51	#
1728	432822	27	54	55	#
1729	90242	6	12	61	#
1730	994407	14	23	31	#
1731	340117	2	3	41	#
1732	658666	5	23	49	#
1733	450927	12	15	35	#
1734	530196	3	55	57	#
1735	997343	9	18	58	#
1736	872612	20	54	56	#
1737	798128	10	12	18	#
1738	306046	15	23	32	#
1739	525926	0	24	48	#
1740	940695	11	20	41	#
1741	656355	1	10	28	#
1742	342079	44	53	56	#
1743	480999	41	42	46	#
1744	223885	12	27	51	#
1745	356874	15	21	25	#
1746	313422	9	32	57	#
1747	167558	14	55	58	#
1748	218058	36	42	46	#
1749	864141	23	46	54	#
1750	267794	22	58	59	#
1751	191850	28	30	59	#
1752	449841	1	45	56	#
1753	664694	5	29	31	#
1754	607224	8	11	56	#
1755	698818	11	14	34	#
1756	320567	11	41	52	#
1757	322102	42	52	62	#
1758	482413	7	20	45	#
1759	358301	6	46	63	#
1760	110598	48	49	63	#
1761	391184	4	32	63	#
1762	919677	20	47	48	#
1763	908226	0	35	49	#
1764	725196	0	10	31	#
1765	896930	13	24	55	#
1766	709569	19	47	50	#
1767	732504	1	25	35	#
1768	825719	6	10	24	#
1769	426552	10	41	48	#
1770	382912	10	22	27	#
1771	41703	7	18	26	#
1772	41218	3	23	43	#
1773	189718	2	19	33	#
1774	459518	4	14	46	#
1775	225022	17	28	54	#
1776	169193	8	15	62	#
1777	998237	0	34	36	#
1778	118693	23	32	45	#
1779	640965	13	22	50	#
1780	918459	27	30	61	#
1781	477472	13	17	25	#
1782	675909	18	34	52	#
1783	702123	14	22	50	#
1784	672758	12	35	53	#
1785	569158	9	49	57	#
1786	987345	15	23	43	#
1787	729323	3	17	29	#
1788	654356	6	31	40	#
1789	66596	26	29	45	#
1790	64443	18	22	44	#
1791	890619	23	24	48	#
1792	381720	3	13	51	#
1793	556378	28	40	50	#
1794	340019	9	21	49	#
1795	492118	0	58	62	#
1796	273021	14	29	39	#
1797	8708	7	49	57	#
1798	933600	16	50	59	#
1799	916974	22	37	50	#
1800	514162	1	44	56	#
1801	289083	6	13	34	#
1802	292427	15	51	54	#
1803	665894	21	23	37	#
1804	496089	13	19	39	#
1805	634256	2	25	44	#
1806	304948	0	8	54	#
1807	976555	34	59	60	#
1808	390582	16	31	54	#
1809	529375	30	52	55	#
1810	31299	54	55	58	#
1811	478975	5	39	43	#
1812	634070	19	58	61	#
1813	68336	3	26	37	#
1814	445334	6	51	57	#
1815	593863	2	20	43	#
1816	339002	15	38	44	#
1817	129392	20	28	32	#
1818	832714	3	13	40	#
1819	630983	20	26	59	#
1820	902291	8	14	32	#
1821	739596	6	55	58	#
1822	794558	18	20	26	#
1823	330380	27	35	54	#
1824	919155	9	37	57	#
1825	616455	35	37	63	#
1826	552754	4	10	17	#
1827	50446	1	11	27	#
1828	710636	37	52	59	#
1829	551559	23	36	44	#
1830	78265	26	41	48	#
1831	227289	7	53	62	#
1832	20192	0	41	62	#
1833	738643	13	15	19	#
1834	717040	9	28	48	#
1835	855421	24	42	56	#
1836	557705	0	14	21	#
1837	573303	3	4	24	#
1838	692171	7	18	28	#
1839	84956	16	32	61	#
1840	522645	1	3	12	#
1841	499990	24	28	53	#
1842	977409	15	24	33	#
1843	162721	10	51	62	#
1844	705390	12	30	58	#
1845	431203	12	26	41	#
1846	962011	0	4	18	#
1847	28278	3	29	33	#
1848	93410	26	37	57	#
1849	679296	27	36	48	#
1850	647223	2	5	21	#
1851	169357	13	26	48	#
1852	384116	5	33	51	#
1853	745584	13	26	47	#
1854	287007	10	26	59	#
1855	418668	21	40	43	#
1856	571350	8	35	42	#
1857	9682	6	29	42	#
1858	497436	24	32	47	#
1859	515765	6	22	34	#
1860	517800	4	19	57	#
1861	741221	11	40	52	#
1862	794927	8	20	54	#
1863	952159	47	49	51	#
1864	119990	51	62	63	#
1865	372867	35	41	51	#
1866	605110	17	56	57	#
1867	219796	10	51	61	#
1868	701862	12	22	34	#
1869	903037	5	31	61	#
1870	544746	5	26	59	#
1871	612562	12	24	41	#
1872	152640	31	48	61	#
1873	308238	47	55	63	#
1874	964829	27	47	62	#
1875	957876	20	21	40	#
1876	681361	19	23	58	#
1877	1387	29	49	50	#
1878	401903	17	33	41	#
1879	184128	2	42	62	#
1880	612933	22	54	63	#
1881	660025	12	24	26	#
1882	3017	5	9	16	#
1883	960121	8	37	49	#
1884	737692	8	13	30	#
1885	358138	12	21	30	#
1886	862931	10	14	60	#
1887	447542	4	35	45	#
1888	9229	13	21	43	#
1889	302299	5	23	52	#
1890	36491	5	24	63	#
1891	830152	3	45	53	#
1892	947701	0	19	33	#
1893	81807	30	36	54	#
1894	819717	11	40	48	#
1895	51384	21	46	52	#
1896	671352	14	27	56	#
1897	724391	6	16	59	#
1898	264710	9	23	44	#
1899	899032	35	43	50	#
1900	414374	13	32	55	#
1901	341919	12	21	32	#
1902	459749	9	32	43	#
1903	410554	6	30	52	#
1904	17778	25	36	43	#
1905	877450	0	15	62	#
1906	126415	19	30	40	#
1907	324599	5	53	57	#
1908	413648	17	21	23	#
1909	141994	50	51	55	#
1910	982536	3	21	63	#
1911	860224	21	36	45	#
1912	289629	19	28	32	#
1913	274678	32	40	41	#
1914	412320	11	47	53	#
1915	577723	5	39	59	#
1916	750063	1	51	55	#
1917	505204	24	29	57	#
1918	333274	10	18	45	#
1919	966173	13	32	61	#
1920	870847	30	33	54	#
1921	337613	16	49	52	#
1922	798151	4	17	37	#
1923	916533	20	27	36	#
1924	129380	0	14	15	#
1925	796908	28	37	60	#
1926	376413	7	21	25	#
1927	77289	11	31	49	#
1928	685928	2	51	60	#
1929	551395	34	52	59	#
1930	5883	12	20	50	#
1931	930379	13	47	56	#
1932	454340	15	18	21	#
1933	352422	0	7	10	#
1934	41305	15	16	44	#
1935	920646	19	43	47	#
1936	395221	2	11	29	#
1937	442710	47	49	52	#
1938	218825	20	21	42	#
1939	850335	10	49	56	#
1940	970981	3	54	62	#
1941	69030	12	33	62	#
1942	347376	3	26	29	#
1943	485677	10	46	55	#
1944	775470	30	57	62	#
1945	713432	14	40	59	#
1946	51851	19	32	47	#
1947	109655	20	34	42	#
1948	636057	1	28	58	#
1949	939043	18	43	45	#
1950	292689	39	42	57	#
1951	724139	7	14	36	#
1952	259221	31	45	49	#
1953	538207	19	42	43	#
1954	992235	1	32	58	#
1955	368379	34	40	50	#
1956	186028	13	28	39	#
1957	300980	49	51	58	#
1958	307599	25	49	58	#
1959	814834	0	27	43	#
1960	898657	2	13	28	#
1961	532264	42	46	55	#
1962	937214	3	25	32	#
1963	733145	6	11	44	#
1964	780692	0	20	32	#
1965	392465	32	43	45	#
1966	451757	19	32	39	#
1967	139853	41	49	53	#
1968	783031	16	41	59	#
1969	532727	20	47	50	#
1970	570623	16	18	48	#
1971	559085	8	11	51	#
1972	551441	11	12	54	#
1973	341667	17	24	28	#
1974	715553	3	9	48	#
1975	602095	3	27	54	#
1976	192389	13	58	62	#
1977	561801	37	41	54	#
1978	708381	36	44	61	#
1979	605925	37	44	51	#
1980	403667	11	15	40	#
1981	397637	4	29	36	#
1982	98740	0	24	50	#
1983	42834	16	40	47	#
1984	1911	23	29	33	#
1985	500484	11	32	55	#
1986	903712	4	28	33	#
1987	859871	10	35	58	#
1988	71959	0	26	62	#
1989	348453	33	49	57	#
1990	155813	6	51	53	#
1991	583555	23	27	30	#
1992	27285	4	46	57	#
1993	735123	35	38	44	#
1994	941937	0	25	62	#
1995	610612	48	52	57	#
1996	415035	6	12	57	#
1997	426288	5	15	51	#
1998	732389	24	38	42	#
1999	490268	4	44	51	#
