%% File generated by CATS v.2.1Wed Jun 19 17:40:30 2013

%% The CATS webpage is http://robotics.stanford.edu/CATS

%% PARAMETER SETTINGS:
% Goods: 64; Bids: 2000; Distribution: L3; Runs: 50; Seed: 1371658681
% Legacy distribution parameters:
% Number of goods chosen according to Constant distribution (const_goods = 3).
% Price chosen according to Fixed Random distribution (low_fixed = 0, high_fixed = 1000).


goods 64
bids 2000
dummy 0

0	35351	22	45	51	#
1	19786	26	37	61	#
2	765524	9	43	51	#
3	835221	27	32	51	#
4	534058	0	24	34	#
5	931112	17	19	63	#
6	819307	5	17	59	#
7	129061	28	30	60	#
8	928871	29	30	51	#
9	755879	13	20	21	#
10	949429	28	31	46	#
11	649496	24	53	54	#
12	219305	11	30	34	#
13	449274	10	26	47	#
14	838543	18	19	55	#
15	22347	12	17	26	#
16	221415	47	52	61	#
17	144659	14	20	54	#
18	877664	22	43	48	#
19	463241	32	49	57	#
20	979323	15	32	56	#
21	649842	13	23	30	#
22	883379	0	2	7	#
23	272631	22	37	51	#
24	592508	7	40	43	#
25	796096	39	49	53	#
26	319831	15	26	36	#
27	16624	10	13	35	#
28	348910	11	20	44	#
29	218432	7	34	57	#
30	877772	4	6	48	#
31	667321	2	27	43	#
32	23534	10	16	19	#
33	998174	9	30	33	#
34	868248	10	19	31	#
35	397408	44	53	61	#
36	588373	40	45	51	#
37	369166	17	28	60	#
38	894300	5	9	63	#
39	784600	6	51	55	#
40	534212	21	41	49	#
41	545142	7	45	60	#
42	38500	12	30	54	#
43	773779	37	45	55	#
44	685615	18	21	47	#
45	702911	0	7	44	#
46	82565	15	57	58	#
47	207061	6	7	56	#
48	552593	25	32	44	#
49	474917	14	20	36	#
50	360716	11	15	56	#
51	392049	15	60	61	#
52	869534	25	26	51	#
53	617828	9	19	21	#
54	596628	21	22	56	#
55	161469	11	34	54	#
56	631208	30	42	45	#
57	62167	34	41	54	#
58	877401	2	12	33	#
59	449799	13	21	22	#
60	976583	21	44	45	#
61	20178	22	27	57	#
62	899537	4	9	62	#
63	702864	35	41	48	#
64	905663	8	23	47	#
65	236894	37	44	60	#
66	572071	18	35	55	#
67	289416	22	59	63	#
68	915056	15	32	39	#
69	21774	5	26	61	#
70	124716	34	60	62	#
71	686776	10	24	59	#
72	486743	21	41	47	#
73	629855	1	6	61	#
74	539108	3	34	49	#
75	651351	18	21	39	#
76	458350	0	2	22	#
77	893186	31	33	40	#
78	574922	30	45	57	#
79	12325	30	45	51	#
80	968965	40	41	55	#
81	11441	4	13	26	#
82	19442	16	20	61	#
83	616201	12	23	31	#
84	81703	20	30	51	#
85	105228	14	16	48	#
86	500795	41	43	47	#
87	796622	10	18	48	#
88	981287	24	43	57	#
89	974015	13	41	60	#
90	929130	14	38	51	#
91	895522	31	38	50	#
92	53598	24	38	47	#
93	694575	18	21	36	#
94	138603	28	45	51	#
95	993188	4	12	15	#
96	789327	22	25	61	#
97	831584	5	12	31	#
98	202544	5	32	63	#
99	297796	14	19	24	#
100	666665	30	35	38	#
101	768370	12	48	56	#
102	535838	46	49	52	#
103	335754	4	34	51	#
104	192699	9	42	51	#
105	629320	47	52	58	#
106	488687	29	41	58	#
107	927626	9	14	28	#
108	882287	1	33	54	#
109	644096	34	44	62	#
110	383283	35	45	56	#
111	109141	2	33	54	#
112	455003	5	30	35	#
113	68775	9	14	47	#
114	226779	18	35	49	#
115	473138	0	6	58	#
116	725264	21	22	49	#
117	937873	11	16	20	#
118	345949	12	19	23	#
119	727162	1	6	52	#
120	455167	43	60	63	#
121	229263	40	41	48	#
122	291467	12	21	35	#
123	37720	15	26	31	#
124	465304	6	22	55	#
125	469317	2	16	38	#
126	34493	10	21	25	#
127	283875	13	24	53	#
128	595724	7	20	25	#
129	260913	1	8	13	#
130	664279	12	28	34	#
131	886154	1	29	30	#
132	701952	0	14	52	#
133	272376	33	34	61	#
134	564924	8	50	53	#
135	572099	6	58	62	#
136	92795	6	35	58	#
137	127980	3	12	40	#
138	256304	2	5	53	#
139	36468	29	55	58	#
140	8775	5	6	16	#
141	106264	3	37	43	#
142	745128	4	17	18	#
143	943995	17	41	61	#
144	62339	36	52	56	#
145	80255	45	49	55	#
146	336512	9	17	45	#
147	761028	4	11	34	#
148	988658	31	44	57	#
149	987558	35	44	54	#
150	909079	14	21	44	#
151	407440	1	31	59	#
152	891577	3	8	30	#
153	102911	12	38	50	#
154	671682	9	27	59	#
155	288624	28	33	62	#
156	416681	43	47	50	#
157	898850	22	41	56	#
158	590772	10	13	53	#
159	627693	14	21	54	#
160	256483	19	29	57	#
161	63013	7	11	62	#
162	800292	15	36	53	#
163	866204	19	25	56	#
164	101626	21	50	59	#
165	229389	23	38	50	#
166	600081	0	5	35	#
167	321214	4	10	23	#
168	271231	19	48	58	#
169	750818	40	46	53	#
170	755102	39	54	63	#
171	705522	5	11	51	#
172	174333	49	50	52	#
173	825020	36	43	50	#
174	901185	2	55	60	#
175	63315	6	21	48	#
176	901187	1	55	60	#
177	759379	2	6	63	#
178	589721	5	17	48	#
179	888497	2	43	58	#
180	654465	40	50	59	#
181	998471	18	45	59	#
182	94437	24	40	62	#
183	648343	6	7	17	#
184	805533	44	48	62	#
185	262018	42	43	59	#
186	402752	9	51	55	#
187	185154	2	44	46	#
188	610933	31	47	57	#
189	390900	8	10	17	#
190	241420	10	16	59	#
191	386805	18	20	24	#
192	911155	0	25	28	#
193	405595	3	13	59	#
194	733150	36	41	53	#
195	511923	6	41	56	#
196	937663	10	19	57	#
197	904195	12	14	57	#
198	168404	1	30	42	#
199	646248	8	15	20	#
200	939646	0	4	43	#
201	706405	14	45	52	#
202	274713	13	25	55	#
203	951785	36	39	41	#
204	217416	13	42	45	#
205	565314	6	53	61	#
206	248786	12	31	40	#
207	896811	17	18	43	#
208	638593	27	43	48	#
209	459735	6	13	25	#
210	414385	4	34	54	#
211	641610	5	10	21	#
212	940412	28	49	62	#
213	708851	18	26	58	#
214	64583	5	15	57	#
215	855657	16	19	30	#
216	531434	5	13	21	#
217	371826	16	35	48	#
218	695444	22	26	42	#
219	485799	4	29	49	#
220	800468	29	36	41	#
221	76934	3	14	42	#
222	197612	5	34	48	#
223	244955	18	30	51	#
224	487388	5	36	50	#
225	674713	16	34	59	#
226	946598	24	31	62	#
227	840859	13	22	57	#
228	326792	7	28	56	#
229	359687	37	50	60	#
230	47550	16	18	37	#
231	214398	19	27	30	#
232	667617	4	11	32	#
233	155191	42	61	63	#
234	110265	3	20	46	#
235	517235	42	56	59	#
236	428089	3	8	48	#
237	905825	32	33	51	#
238	439299	22	33	48	#
239	839794	23	24	37	#
240	960151	0	18	58	#
241	678599	3	47	48	#
242	976282	1	5	34	#
243	749983	32	43	56	#
244	784083	46	52	54	#
245	726874	15	21	50	#
246	67790	21	36	49	#
247	656247	2	30	39	#
248	220300	1	38	50	#
249	529663	32	50	61	#
250	276519	2	35	41	#
251	720624	33	35	52	#
252	542455	13	27	56	#
253	877535	27	60	62	#
254	952705	14	30	39	#
255	225304	1	34	40	#
256	131325	7	8	12	#
257	999108	27	54	61	#
258	979732	18	23	47	#
259	910646	20	32	40	#
260	370152	2	40	49	#
261	130165	21	47	63	#
262	184272	23	31	41	#
263	256843	21	27	47	#
264	504145	2	23	54	#
265	145581	16	35	40	#
266	235985	37	39	56	#
267	260052	3	10	32	#
268	827451	18	23	28	#
269	429834	2	29	60	#
270	25063	11	21	40	#
271	503732	29	46	48	#
272	810848	26	34	51	#
273	411881	18	32	60	#
274	755903	17	19	39	#
275	576006	26	30	44	#
276	33461	34	59	62	#
277	440191	25	34	41	#
278	14951	0	23	52	#
279	665280	18	31	52	#
280	537992	10	31	42	#
281	44442	14	33	43	#
282	600569	1	30	36	#
283	637403	6	40	57	#
284	382526	45	49	58	#
285	557159	11	21	63	#
286	473059	7	34	49	#
287	291567	3	23	35	#
288	633320	2	11	33	#
289	434051	3	9	51	#
290	712070	18	30	36	#
291	56107	13	34	45	#
292	170772	3	45	62	#
293	696919	9	10	57	#
294	924487	2	27	31	#
295	558127	24	47	63	#
296	706224	5	23	59	#
297	20111	4	24	32	#
298	893888	19	47	59	#
299	780718	22	25	48	#
300	626604	5	24	39	#
301	758205	3	39	54	#
302	81213	25	34	39	#
303	397192	7	10	26	#
304	979860	29	30	50	#
305	169804	25	30	53	#
306	756098	41	53	57	#
307	873688	8	15	54	#
308	319583	29	39	46	#
309	794460	23	37	56	#
310	28418	20	21	63	#
311	922178	6	24	42	#
312	303357	9	10	56	#
313	189770	1	10	33	#
314	299574	17	54	58	#
315	135910	1	22	41	#
316	189355	9	23	54	#
317	485670	4	15	20	#
318	903042	51	60	62	#
319	889315	0	23	35	#
320	625737	6	14	57	#
321	462967	11	31	45	#
322	953734	21	25	40	#
323	834409	11	23	53	#
324	377343	7	30	40	#
325	113121	13	18	51	#
326	675679	24	27	36	#
327	441078	34	38	51	#
328	447945	4	31	60	#
329	574655	49	54	56	#
330	22561	20	36	59	#
331	589380	24	25	32	#
332	144477	25	40	52	#
333	708269	8	23	39	#
334	793131	18	21	48	#
335	881900	10	37	38	#
336	988979	26	50	60	#
337	629967	32	43	49	#
338	821334	17	22	30	#
339	934979	13	53	57	#
340	757686	10	33	58	#
341	96087	16	19	22	#
342	671370	4	37	52	#
343	224010	1	52	60	#
344	839282	7	21	61	#
345	769436	9	42	56	#
346	412190	18	49	63	#
347	219234	5	42	50	#
348	708945	7	20	50	#
349	932864	28	43	46	#
350	913558	4	20	39	#
351	151237	4	57	62	#
352	723318	2	8	31	#
353	817173	28	32	54	#
354	22250	7	38	62	#
355	966309	33	45	61	#
356	817719	9	12	31	#
357	824651	20	37	42	#
358	715678	36	37	53	#
359	383899	29	41	62	#
360	536998	34	52	63	#
361	239881	21	23	59	#
362	979093	40	43	61	#
363	926839	12	16	24	#
364	935051	17	23	45	#
365	982701	6	19	38	#
366	196746	26	27	34	#
367	611051	17	22	35	#
368	788897	31	59	63	#
369	661872	10	30	32	#
370	107827	19	39	51	#
371	158027	19	25	44	#
372	371655	21	38	50	#
373	5569	7	9	53	#
374	627928	8	26	36	#
375	843349	4	11	59	#
376	710202	5	54	56	#
377	211037	16	29	59	#
378	412150	24	32	49	#
379	17701	23	41	49	#
380	502224	20	28	52	#
381	384755	29	32	41	#
382	888968	9	18	47	#
383	746740	29	50	55	#
384	532504	9	12	49	#
385	282410	16	20	44	#
386	653246	7	37	59	#
387	678332	17	21	62	#
388	215035	24	31	35	#
389	899433	3	11	12	#
390	721214	4	42	48	#
391	663493	2	34	40	#
392	549166	2	26	63	#
393	26528	7	34	50	#
394	380564	0	30	62	#
395	81188	27	40	46	#
396	75265	7	20	59	#
397	335503	11	53	58	#
398	26959	21	32	43	#
399	412142	20	27	59	#
400	750612	9	18	30	#
401	560906	1	23	35	#
402	694889	41	46	48	#
403	360941	27	38	44	#
404	47176	8	25	50	#
405	904205	0	33	35	#
406	604457	9	27	42	#
407	698010	5	21	50	#
408	620258	0	20	58	#
409	502012	14	38	39	#
410	547319	21	38	63	#
411	313649	10	21	45	#
412	214250	5	6	7	#
413	929043	8	38	60	#
414	706680	2	39	50	#
415	604562	6	30	58	#
416	378610	5	24	54	#
417	191418	26	48	63	#
418	150423	26	36	46	#
419	670754	22	23	42	#
420	691462	34	36	60	#
421	98277	42	44	49	#
422	138174	9	28	57	#
423	796430	1	39	56	#
424	769074	1	8	50	#
425	854546	1	3	56	#
426	937732	35	41	51	#
427	705459	12	25	26	#
428	351087	4	28	32	#
429	661280	3	31	60	#
430	472781	31	45	52	#
431	811583	14	26	51	#
432	429832	2	51	57	#
433	613972	2	5	63	#
434	305877	54	56	62	#
435	840029	30	45	49	#
436	115298	14	15	43	#
437	278907	4	49	54	#
438	69981	19	49	53	#
439	746299	2	19	54	#
440	974047	22	33	50	#
441	498337	18	26	57	#
442	711814	26	43	45	#
443	107918	42	43	55	#
444	830340	1	38	47	#
445	225253	1	13	27	#
446	160329	17	26	29	#
447	414932	24	29	55	#
448	267768	32	33	41	#
449	438544	17	21	44	#
450	283573	10	28	37	#
451	934923	2	13	29	#
452	319663	15	42	45	#
453	439321	15	22	48	#
454	247217	28	32	44	#
455	78336	2	19	34	#
456	86573	2	10	31	#
457	79183	10	21	44	#
458	638042	11	17	22	#
459	439881	2	41	42	#
460	269082	10	33	40	#
461	187667	1	6	16	#
462	915558	0	43	59	#
463	890619	6	27	59	#
464	59670	26	46	48	#
465	593596	0	16	20	#
466	685299	8	15	56	#
467	563069	30	35	52	#
468	991200	24	33	61	#
469	923461	36	53	61	#
470	621060	6	26	58	#
471	950451	1	25	48	#
472	816712	25	50	60	#
473	449933	7	33	41	#
474	932780	8	42	49	#
475	277884	15	41	53	#
476	78023	19	37	62	#
477	257159	10	35	44	#
478	446534	7	30	62	#
479	650545	45	47	54	#
480	8365	7	48	56	#
481	908965	13	28	41	#
482	491870	4	17	35	#
483	629576	1	33	43	#
484	8993	21	42	63	#
485	530530	5	58	61	#
486	249911	27	31	34	#
487	777531	3	30	50	#
488	904917	7	9	63	#
489	181863	4	22	37	#
490	859090	9	44	55	#
491	630391	24	45	47	#
492	749272	6	35	37	#
493	650633	16	57	60	#
494	590412	49	54	60	#
495	581495	2	28	50	#
496	102761	14	47	61	#
497	965053	0	10	54	#
498	632820	21	31	63	#
499	789075	32	41	54	#
500	877384	4	21	26	#
501	5426	13	25	58	#
502	384784	9	38	55	#
503	497773	20	32	34	#
504	652056	24	47	53	#
505	125478	31	36	62	#
506	975913	18	41	53	#
507	943309	2	12	19	#
508	993589	2	10	49	#
509	627268	19	28	50	#
510	420918	23	25	56	#
511	598777	43	45	54	#
512	97530	16	52	55	#
513	332569	3	37	54	#
514	82854	35	43	54	#
515	858116	0	13	30	#
516	211648	15	31	43	#
517	520031	21	47	51	#
518	214063	23	29	36	#
519	649820	5	33	63	#
520	232805	0	12	19	#
521	919540	6	8	55	#
522	328712	40	54	59	#
523	797289	32	46	59	#
524	356147	1	17	33	#
525	705168	16	22	36	#
526	410855	12	29	53	#
527	192231	5	24	40	#
528	905504	19	30	39	#
529	768546	6	34	57	#
530	211900	6	10	14	#
531	97521	23	24	57	#
532	723906	15	42	61	#
533	81122	14	16	42	#
534	141401	9	41	57	#
535	145919	15	16	61	#
536	753127	19	29	32	#
537	735554	5	11	14	#
538	505086	5	15	40	#
539	851059	11	42	60	#
540	681170	32	53	57	#
541	442890	4	7	19	#
542	94012	10	38	56	#
543	697108	9	18	58	#
544	786572	24	32	61	#
545	841705	25	26	53	#
546	378764	50	53	60	#
547	123509	2	7	10	#
548	358473	15	35	54	#
549	161737	0	26	29	#
550	812602	6	28	33	#
551	971210	12	21	59	#
552	321320	7	15	26	#
553	566387	2	19	22	#
554	997467	2	8	49	#
555	206789	1	13	44	#
556	943141	32	34	46	#
557	25069	30	38	60	#
558	716735	12	31	57	#
559	990871	12	23	57	#
560	756273	1	16	30	#
561	906802	16	25	42	#
562	88652	14	43	56	#
563	407255	0	35	45	#
564	69465	10	19	53	#
565	736471	4	41	54	#
566	344331	29	36	59	#
567	419158	24	52	55	#
568	700252	11	40	43	#
569	805147	27	53	61	#
570	984233	12	40	63	#
571	868965	0	31	35	#
572	806520	1	10	46	#
573	317031	6	48	60	#
574	587917	15	53	56	#
575	946146	16	43	44	#
576	76385	7	11	49	#
577	634769	56	57	58	#
578	932115	34	44	48	#
579	743648	16	32	34	#
580	719958	9	39	59	#
581	528213	8	49	61	#
582	311275	13	48	54	#
583	792721	22	40	60	#
584	246161	6	41	51	#
585	96313	4	26	41	#
586	526617	18	38	52	#
587	673593	35	43	59	#
588	722542	0	16	23	#
589	53669	1	53	60	#
590	984307	18	21	46	#
591	214085	15	51	62	#
592	798881	19	27	41	#
593	989916	3	22	23	#
594	100849	33	39	50	#
595	373293	12	29	62	#
596	492149	11	27	59	#
597	492756	13	36	60	#
598	781707	1	15	50	#
599	830455	11	32	45	#
600	496587	1	21	63	#
601	237474	10	41	42	#
602	56400	11	51	63	#
603	885482	40	41	47	#
604	103622	12	28	41	#
605	343315	7	15	62	#
606	740394	23	58	62	#
607	473549	3	58	59	#
608	559382	11	45	47	#
609	938699	20	43	44	#
610	5919	12	30	47	#
611	279826	35	39	47	#
612	39890	7	21	44	#
613	39792	15	29	46	#
614	418906	26	46	52	#
615	552354	2	10	11	#
616	394871	9	21	53	#
617	450845	12	18	36	#
618	396886	9	40	56	#
619	904769	29	44	54	#
620	846503	4	28	49	#
621	568521	25	42	53	#
622	216565	29	48	60	#
623	429464	16	39	53	#
624	516124	18	32	38	#
625	271384	6	44	52	#
626	782673	20	24	43	#
627	577834	14	38	56	#
628	319572	0	40	59	#
629	590089	4	11	54	#
630	384598	17	34	59	#
631	908361	36	45	50	#
632	317106	42	59	62	#
633	35048	20	37	43	#
634	339944	32	37	47	#
635	912557	0	2	35	#
636	720491	21	46	55	#
637	941444	18	19	63	#
638	328256	12	20	25	#
639	265899	12	17	21	#
640	466474	17	36	56	#
641	406718	3	50	52	#
642	722367	1	3	61	#
643	980613	31	38	46	#
644	779374	39	49	56	#
645	521950	2	31	39	#
646	617759	14	25	54	#
647	222243	23	43	44	#
648	987792	10	29	58	#
649	17007	22	36	62	#
650	232075	5	19	37	#
651	470070	6	28	40	#
652	632207	0	18	46	#
653	332202	2	36	44	#
654	459877	6	16	23	#
655	483939	16	22	41	#
656	823602	27	37	46	#
657	219705	0	10	23	#
658	412010	12	20	41	#
659	441499	21	27	34	#
660	452296	16	60	61	#
661	841405	44	51	61	#
662	882070	0	13	60	#
663	710429	33	43	52	#
664	758748	5	7	55	#
665	418773	21	22	30	#
666	6930	14	17	21	#
667	587475	29	30	62	#
668	610200	14	34	36	#
669	340109	22	38	52	#
670	303669	7	17	43	#
671	247406	4	45	53	#
672	864904	23	42	45	#
673	636398	2	18	56	#
674	401621	29	42	61	#
675	327846	25	38	51	#
676	921466	34	35	45	#
677	437114	3	13	18	#
678	836789	10	30	35	#
679	6535	4	42	57	#
680	115935	1	33	37	#
681	877301	12	31	44	#
682	988864	5	12	52	#
683	332094	3	5	49	#
684	192201	10	32	35	#
685	890999	4	18	51	#
686	453808	47	53	57	#
687	576967	21	56	60	#
688	572371	6	23	32	#
689	880881	8	45	62	#
690	469454	3	26	55	#
691	458063	10	31	36	#
692	825208	4	7	48	#
693	363107	9	46	57	#
694	981847	34	38	44	#
695	109868	1	2	59	#
696	998749	1	25	63	#
697	711964	48	57	62	#
698	230885	24	43	50	#
699	627241	11	46	50	#
700	265882	2	32	38	#
701	827802	8	48	58	#
702	897484	29	32	56	#
703	544568	1	48	53	#
704	857357	16	22	40	#
705	190427	4	13	18	#
706	662362	20	32	47	#
707	407554	6	8	57	#
708	598798	10	46	47	#
709	104577	16	39	41	#
710	639493	3	15	28	#
711	439408	7	28	44	#
712	582882	16	33	41	#
713	274469	17	41	44	#
714	510867	0	35	56	#
715	322669	22	29	47	#
716	805525	4	45	62	#
717	86086	0	13	35	#
718	199326	6	7	20	#
719	152223	27	36	46	#
720	609748	8	28	39	#
721	136297	8	11	13	#
722	560940	38	51	62	#
723	187954	8	24	34	#
724	453067	33	40	48	#
725	516887	13	15	52	#
726	65889	24	47	52	#
727	888609	27	34	59	#
728	266471	24	27	39	#
729	166956	14	42	52	#
730	302918	28	50	59	#
731	384262	3	17	28	#
732	585918	25	36	61	#
733	459206	23	46	47	#
734	643138	32	52	60	#
735	385163	7	24	33	#
736	917671	21	36	46	#
737	533207	5	8	37	#
738	899398	5	17	57	#
739	911340	5	27	31	#
740	617375	1	29	50	#
741	412444	21	38	55	#
742	475450	8	11	21	#
743	53189	6	10	24	#
744	648679	10	29	34	#
745	957093	3	36	51	#
746	774686	0	35	58	#
747	367175	30	56	62	#
748	471999	11	12	44	#
749	287097	14	48	59	#
750	296455	30	54	59	#
751	444443	20	43	62	#
752	107164	37	48	57	#
753	145729	30	33	52	#
754	455079	3	22	40	#
755	249999	1	15	45	#
756	530103	10	36	47	#
757	926304	32	56	61	#
758	406753	43	51	63	#
759	509632	10	20	54	#
760	727469	8	50	56	#
761	865554	5	26	31	#
762	529882	27	54	58	#
763	96959	29	42	54	#
764	870188	10	26	50	#
765	830905	15	33	47	#
766	746982	16	35	59	#
767	591712	0	10	44	#
768	245957	25	50	55	#
769	192298	4	19	25	#
770	377721	15	19	61	#
771	118526	10	51	53	#
772	40114	1	20	34	#
773	949044	20	38	50	#
774	155784	14	30	57	#
775	675332	39	48	58	#
776	391157	3	5	29	#
777	278345	45	47	63	#
778	137502	0	46	47	#
779	625729	11	20	43	#
780	209201	14	27	47	#
781	668655	15	31	53	#
782	19988	14	23	34	#
783	863594	1	9	39	#
784	834855	31	47	49	#
785	721886	3	6	61	#
786	63469	10	53	62	#
787	398766	18	51	55	#
788	460364	4	43	54	#
789	273536	22	40	48	#
790	527844	3	18	43	#
791	543854	41	43	44	#
792	379430	1	16	41	#
793	959667	2	43	48	#
794	814866	51	59	60	#
795	956097	2	23	28	#
796	382104	4	27	43	#
797	609618	11	13	35	#
798	757353	30	34	60	#
799	38169	10	38	61	#
800	861180	6	23	39	#
801	898521	1	4	8	#
802	746851	12	21	47	#
803	451829	10	25	61	#
804	446464	2	55	59	#
805	502482	25	35	58	#
806	641131	4	14	21	#
807	748349	0	7	27	#
808	233359	26	53	58	#
809	793457	29	45	52	#
810	642948	11	36	44	#
811	369591	32	35	42	#
812	980529	30	37	59	#
813	625666	11	14	51	#
814	866360	23	44	49	#
815	377216	29	31	44	#
816	997485	23	60	62	#
817	6723	3	5	51	#
818	714624	20	21	29	#
819	777094	35	45	46	#
820	637395	20	37	55	#
821	103878	34	61	63	#
822	631625	5	31	57	#
823	820738	6	24	34	#
824	754566	24	33	60	#
825	461668	12	20	27	#
826	527836	31	33	52	#
827	507023	2	7	23	#
828	860465	7	9	29	#
829	125493	0	52	63	#
830	878043	29	47	59	#
831	422544	6	16	26	#
832	446740	17	22	26	#
833	274597	13	39	58	#
834	583985	0	38	60	#
835	677973	16	20	35	#
836	621686	22	27	41	#
837	401188	24	39	62	#
838	388232	11	24	41	#
839	391901	40	52	62	#
840	2210	18	32	57	#
841	27124	27	30	44	#
842	834361	13	32	48	#
843	279931	4	24	54	#
844	602714	22	34	58	#
845	593291	20	26	51	#
846	105186	12	20	24	#
847	276253	39	46	56	#
848	982451	4	45	56	#
849	966748	0	31	45	#
850	828442	27	28	48	#
851	52077	9	42	46	#
852	692614	20	53	63	#
853	235237	14	26	54	#
854	612656	39	46	55	#
855	816828	21	30	49	#
856	990538	14	21	61	#
857	160218	23	27	46	#
858	785941	6	8	20	#
859	296922	25	57	61	#
860	568460	15	34	47	#
861	524618	0	19	38	#
862	443647	3	37	40	#
863	152026	8	22	25	#
864	747805	6	19	62	#
865	252855	33	34	45	#
866	192603	11	22	44	#
867	405287	41	53	56	#
868	913980	12	46	51	#
869	830239	32	49	63	#
870	484208	0	2	50	#
871	696902	20	61	63	#
872	879703	14	46	57	#
873	2303	20	32	50	#
874	279012	0	44	61	#
875	734167	22	33	49	#
876	129763	18	31	42	#
877	638376	25	34	44	#
878	218447	34	46	61	#
879	47351	20	52	63	#
880	263096	7	12	34	#
881	846581	2	23	39	#
882	697089	4	26	36	#
883	783909	6	32	62	#
884	931965	44	51	54	#
885	70095	2	8	15	#
886	153718	12	15	44	#
887	1398	7	23	60	#
888	754888	12	33	61	#
889	898400	6	12	42	#
890	833889	2	6	56	#
891	9	19	30	52	#
892	803349	29	48	58	#
893	77579	12	24	46	#
894	40833	15	37	59	#
895	441283	11	27	52	#
896	688193	16	19	63	#
897	908543	1	5	23	#
898	774024	39	49	59	#
899	233581	10	21	46	#
900	32352	15	26	55	#
901	228574	7	36	38	#
902	783012	15	23	43	#
903	713280	7	50	53	#
904	278823	27	36	54	#
905	794771	9	25	26	#
906	341456	2	21	57	#
907	949704	15	51	61	#
908	445298	8	11	34	#
909	680199	19	48	53	#
910	566742	10	15	50	#
911	513284	8	11	20	#
912	23248	19	26	46	#
913	361388	7	20	46	#
914	11419	5	25	42	#
915	801391	6	29	55	#
916	913688	1	4	15	#
917	834885	11	12	60	#
918	649647	43	54	62	#
919	908129	20	31	56	#
920	767003	0	17	25	#
921	842226	9	30	48	#
922	542318	2	18	59	#
923	852398	9	25	43	#
924	93169	15	16	42	#
925	391027	31	37	45	#
926	420030	8	24	51	#
927	108116	9	18	35	#
928	609960	3	19	44	#
929	431711	29	39	62	#
930	327031	5	7	22	#
931	20986	32	42	63	#
932	462526	32	46	54	#
933	429267	21	23	30	#
934	263519	4	47	60	#
935	601541	12	34	61	#
936	575826	25	42	50	#
937	276599	38	57	58	#
938	766651	35	45	61	#
939	628346	15	17	37	#
940	215700	2	3	13	#
941	746627	16	28	59	#
942	250195	31	42	61	#
943	471013	8	19	35	#
944	808475	1	5	15	#
945	553648	39	40	61	#
946	293138	37	50	51	#
947	729807	0	36	56	#
948	67881	8	30	54	#
949	908600	4	14	43	#
950	767498	13	39	50	#
951	361274	11	25	32	#
952	118733	6	42	54	#
953	480908	10	13	54	#
954	902662	1	9	59	#
955	414765	29	42	51	#
956	115313	38	46	60	#
957	629422	20	38	58	#
958	397810	37	39	44	#
959	258775	3	12	23	#
960	295845	14	28	45	#
961	906370	5	38	59	#
962	786802	8	21	39	#
963	169556	17	23	33	#
964	168269	4	26	61	#
965	413814	23	50	60	#
966	265163	6	8	31	#
967	396827	28	46	53	#
968	610846	10	15	45	#
969	229750	3	7	22	#
970	609816	34	53	60	#
971	115340	17	59	61	#
972	900871	23	28	31	#
973	66394	16	47	59	#
974	748890	20	52	53	#
975	2986	28	38	52	#
976	253328	22	37	56	#
977	115056	7	42	62	#
978	802557	2	4	47	#
979	700127	19	34	49	#
980	255092	3	57	61	#
981	25913	35	41	55	#
982	568230	14	15	26	#
983	919876	3	51	52	#
984	919229	16	24	36	#
985	132114	0	39	44	#
986	558135	8	14	20	#
987	634773	31	59	62	#
988	232979	23	43	59	#
989	135318	31	38	42	#
990	153910	14	48	55	#
991	530877	0	14	31	#
992	471837	3	11	48	#
993	699795	9	23	35	#
994	342053	5	18	41	#
995	539255	8	10	50	#
996	990002	15	25	60	#
997	826743	17	50	58	#
998	552738	30	34	35	#
999	13803	0	11	44	#
1000	260321	11	29	60	#
1001	93829	10	44	58	#
1002	393939	0	1	6	#
1003	45019	8	15	30	#
1004	102041	24	47	60	#
1005	987793	4	11	27	#
1006	75364	15	27	55	#
1007	746986	3	4	27	#
1008	836146	15	19	51	#
1009	404104	10	46	51	#
1010	359755	34	35	41	#
1011	351001	7	39	51	#
1012	986615	31	48	55	#
1013	536868	13	17	40	#
1014	255409	23	34	60	#
1015	700776	0	14	48	#
1016	391185	5	6	20	#
1017	668934	34	55	62	#
1018	289695	11	34	62	#
1019	386602	4	26	40	#
1020	629358	3	12	55	#
1021	535274	12	23	60	#
1022	563505	11	33	56	#
1023	297674	17	34	50	#
1024	298114	33	38	55	#
1025	76246	6	54	62	#
1026	744035	2	40	44	#
1027	745255	6	37	62	#
1028	347736	1	15	31	#
1029	322268	45	58	62	#
1030	150891	9	37	40	#
1031	106677	10	24	58	#
1032	101311	16	47	61	#
1033	689429	1	38	52	#
1034	531795	2	11	44	#
1035	874343	19	31	59	#
1036	510609	19	47	63	#
1037	635217	0	16	40	#
1038	602659	6	16	42	#
1039	210724	4	31	54	#
1040	334628	22	43	62	#
1041	719278	17	37	50	#
1042	826585	5	20	33	#
1043	438479	21	23	62	#
1044	241391	8	20	63	#
1045	164456	2	17	62	#
1046	301928	8	51	58	#
1047	672350	21	40	44	#
1048	486382	9	41	53	#
1049	575180	14	49	55	#
1050	894143	22	51	56	#
1051	222432	0	28	44	#
1052	548254	1	9	10	#
1053	910943	19	26	60	#
1054	505342	41	48	57	#
1055	201323	29	53	63	#
1056	389137	18	27	59	#
1057	655414	22	24	57	#
1058	497526	1	18	48	#
1059	691048	7	15	60	#
1060	424394	31	36	45	#
1061	967810	1	57	59	#
1062	193354	28	42	44	#
1063	697839	11	16	46	#
1064	718570	3	44	55	#
1065	7323	24	36	40	#
1066	37010	26	36	51	#
1067	395853	24	35	53	#
1068	707259	9	44	56	#
1069	588266	31	53	55	#
1070	276550	8	12	33	#
1071	128153	2	15	43	#
1072	499701	9	42	43	#
1073	767100	17	32	46	#
1074	519554	17	21	26	#
1075	128436	25	37	48	#
1076	703404	7	15	24	#
1077	894607	13	44	50	#
1078	350978	1	43	58	#
1079	442801	28	50	58	#
1080	950112	30	49	60	#
1081	766784	6	12	27	#
1082	433942	27	33	44	#
1083	166999	8	29	62	#
1084	118516	22	30	34	#
1085	512801	6	41	48	#
1086	276637	0	34	53	#
1087	893452	5	15	24	#
1088	547032	3	18	28	#
1089	496354	8	9	41	#
1090	731522	18	35	58	#
1091	889133	6	11	15	#
1092	881123	2	3	29	#
1093	832492	14	20	58	#
1094	488986	21	22	54	#
1095	895358	11	30	36	#
1096	742784	5	19	52	#
1097	574484	33	44	51	#
1098	103060	23	50	61	#
1099	582613	13	36	47	#
1100	227464	13	17	26	#
1101	462454	14	55	63	#
1102	92840	17	19	46	#
1103	708144	5	7	26	#
1104	959348	37	43	57	#
1105	131535	23	24	56	#
1106	715364	16	27	48	#
1107	297539	1	22	55	#
1108	492278	5	6	13	#
1109	718687	22	27	60	#
1110	709442	13	40	47	#
1111	427432	18	55	60	#
1112	724825	6	34	49	#
1113	737756	34	44	55	#
1114	329862	17	41	47	#
1115	817296	7	11	42	#
1116	184696	27	31	57	#
1117	8967	43	44	51	#
1118	506879	17	19	28	#
1119	2534	12	25	52	#
1120	739222	0	29	51	#
1121	232474	13	34	53	#
1122	250893	7	13	53	#
1123	320407	19	32	63	#
1124	255763	21	52	58	#
1125	338352	41	49	63	#
1126	168121	28	39	62	#
1127	33359	3	61	63	#
1128	558258	31	61	63	#
1129	418014	35	40	55	#
1130	787410	6	17	45	#
1131	962894	38	48	62	#
1132	292408	27	54	63	#
1133	211573	17	35	58	#
1134	995168	36	52	60	#
1135	177476	4	30	49	#
1136	44207	4	25	26	#
1137	270243	24	47	58	#
1138	865150	6	22	27	#
1139	733687	8	39	56	#
1140	18793	8	48	51	#
1141	892535	20	41	49	#
1142	34697	23	40	58	#
1143	893267	4	51	58	#
1144	175687	23	24	52	#
1145	359765	19	55	58	#
1146	339571	15	24	25	#
1147	401037	27	31	56	#
1148	336633	3	22	35	#
1149	706157	24	46	52	#
1150	594945	44	48	59	#
1151	40679	2	3	9	#
1152	940246	13	37	60	#
1153	319083	15	22	56	#
1154	473126	6	14	21	#
1155	569483	5	9	54	#
1156	723480	1	17	62	#
1157	529606	4	36	54	#
1158	200674	19	51	55	#
1159	317218	17	45	56	#
1160	177569	13	30	53	#
1161	603470	7	13	61	#
1162	47580	33	41	51	#
1163	984280	10	41	52	#
1164	876098	3	54	59	#
1165	792696	8	43	51	#
1166	831150	12	18	21	#
1167	424280	3	24	27	#
1168	22861	6	21	43	#
1169	357947	20	33	59	#
1170	907253	39	46	53	#
1171	446221	12	38	52	#
1172	721811	14	33	48	#
1173	371594	29	44	63	#
1174	921425	19	24	46	#
1175	484265	46	53	61	#
1176	979139	6	23	57	#
1177	15965	27	32	48	#
1178	719557	1	24	49	#
1179	771099	20	23	63	#
1180	231746	42	47	48	#
1181	834906	11	24	40	#
1182	714978	12	46	61	#
1183	384544	4	10	12	#
1184	87829	0	8	51	#
1185	904504	4	12	50	#
1186	339224	28	30	57	#
1187	496338	19	21	35	#
1188	146874	15	55	57	#
1189	90003	6	38	47	#
1190	690957	32	41	53	#
1191	541822	16	48	56	#
1192	994288	6	13	55	#
1193	210535	7	30	59	#
1194	235163	2	14	43	#
1195	448311	8	41	57	#
1196	31689	19	50	52	#
1197	316151	25	40	49	#
1198	222919	0	28	42	#
1199	381763	18	30	35	#
1200	578954	11	17	47	#
1201	763880	5	21	24	#
1202	522643	15	31	36	#
1203	890113	24	38	54	#
1204	18282	3	6	15	#
1205	502327	45	50	53	#
1206	849828	16	31	51	#
1207	462035	12	26	46	#
1208	562944	3	30	34	#
1209	426200	3	21	43	#
1210	350535	15	18	61	#
1211	846602	0	21	33	#
1212	200291	40	49	58	#
1213	874039	4	5	54	#
1214	624444	2	12	25	#
1215	318103	36	38	60	#
1216	45501	23	49	63	#
1217	390775	7	16	23	#
1218	931891	6	55	60	#
1219	353309	12	20	46	#
1220	640148	4	22	60	#
1221	143220	26	34	55	#
1222	327883	8	20	50	#
1223	481752	17	24	54	#
1224	807932	48	60	62	#
1225	188158	20	26	30	#
1226	496303	34	48	49	#
1227	974998	21	31	54	#
1228	670009	4	16	57	#
1229	827766	9	32	52	#
1230	95622	4	24	48	#
1231	182482	0	5	60	#
1232	715333	18	38	45	#
1233	506519	2	3	34	#
1234	484553	4	23	45	#
1235	560769	25	28	32	#
1236	643540	24	43	61	#
1237	575343	6	19	50	#
1238	675308	6	17	21	#
1239	806392	9	21	27	#
1240	952990	3	27	37	#
1241	458174	10	14	51	#
1242	612111	7	17	60	#
1243	752419	7	38	50	#
1244	496661	6	8	47	#
1245	6074	6	14	51	#
1246	122619	12	49	59	#
1247	938913	0	22	42	#
1248	149503	5	19	27	#
1249	875721	32	42	55	#
1250	453920	35	41	61	#
1251	638103	24	45	52	#
1252	224671	20	30	35	#
1253	420501	11	55	61	#
1254	883229	11	42	55	#
1255	463129	29	32	62	#
1256	9336	1	18	30	#
1257	314096	3	33	62	#
1258	577193	10	46	61	#
1259	770345	20	23	60	#
1260	615737	20	46	47	#
1261	481600	24	42	53	#
1262	898636	5	24	53	#
1263	707043	6	16	45	#
1264	98512	4	18	21	#
1265	800304	9	10	40	#
1266	843928	1	18	47	#
1267	234536	39	46	63	#
1268	939364	31	52	58	#
1269	633554	1	6	24	#
1270	118526	50	59	61	#
1271	906298	15	31	39	#
1272	637307	0	13	27	#
1273	462152	5	18	30	#
1274	614994	33	44	61	#
1275	630157	2	24	42	#
1276	135317	31	50	53	#
1277	865250	3	4	41	#
1278	321115	5	19	30	#
1279	612231	11	17	23	#
1280	703137	3	36	59	#
1281	295381	45	52	54	#
1282	82289	46	52	55	#
1283	408692	43	46	47	#
1284	890879	3	8	12	#
1285	642363	8	14	21	#
1286	770371	10	29	49	#
1287	890729	38	40	50	#
1288	864304	4	36	43	#
1289	799335	1	10	30	#
1290	556441	9	13	45	#
1291	705923	20	39	43	#
1292	742201	4	32	56	#
1293	683012	6	12	62	#
1294	249723	9	14	58	#
1295	121181	13	41	47	#
1296	211509	8	11	63	#
1297	179883	26	42	54	#
1298	28394	13	27	42	#
1299	476521	13	15	44	#
1300	64668	7	18	35	#
1301	584772	24	35	40	#
1302	366498	26	36	62	#
1303	269531	24	37	62	#
1304	505356	14	53	57	#
1305	898585	21	35	44	#
1306	114001	17	35	47	#
1307	140045	14	23	38	#
1308	804613	8	18	59	#
1309	879785	1	24	35	#
1310	937007	14	52	55	#
1311	274548	43	57	62	#
1312	139418	24	36	49	#
1313	994116	0	34	35	#
1314	575186	3	11	29	#
1315	148788	1	12	15	#
1316	285803	5	8	39	#
1317	398202	6	9	48	#
1318	5800	23	28	62	#
1319	142765	3	45	55	#
1320	441831	36	45	61	#
1321	585103	5	10	22	#
1322	839940	32	38	52	#
1323	246617	28	32	56	#
1324	603329	13	54	57	#
1325	236704	17	19	20	#
1326	585777	13	31	53	#
1327	917289	6	27	38	#
1328	820959	26	45	55	#
1329	636906	23	40	47	#
1330	53764	11	17	50	#
1331	617530	17	25	28	#
1332	861888	3	44	61	#
1333	785411	35	43	50	#
1334	312304	30	37	45	#
1335	402839	1	12	23	#
1336	949767	5	56	57	#
1337	348003	14	36	50	#
1338	10041	44	49	53	#
1339	93094	6	9	16	#
1340	700650	25	32	42	#
1341	483705	21	39	55	#
1342	971513	8	60	61	#
1343	775953	3	41	50	#
1344	363813	0	5	13	#
1345	535256	19	27	50	#
1346	359431	0	44	51	#
1347	96779	36	40	44	#
1348	282144	6	31	36	#
1349	306723	11	23	61	#
1350	376626	18	23	44	#
1351	950902	38	47	61	#
1352	685013	20	42	61	#
1353	266813	14	40	63	#
1354	797372	21	34	61	#
1355	987571	1	33	34	#
1356	593673	1	3	25	#
1357	967240	9	11	58	#
1358	12361	1	10	47	#
1359	707808	22	53	57	#
1360	497836	44	50	52	#
1361	761485	26	44	48	#
1362	355758	12	15	22	#
1363	323765	12	40	42	#
1364	335967	24	32	53	#
1365	253105	3	34	52	#
1366	465633	41	57	61	#
1367	869784	20	29	61	#
1368	618520	8	13	17	#
1369	160929	20	50	63	#
1370	721265	18	31	56	#
1371	824358	22	40	53	#
1372	943870	5	31	46	#
1373	920798	21	40	45	#
1374	699153	34	52	62	#
1375	772206	39	43	54	#
1376	784674	16	26	59	#
1377	143334	27	59	60	#
1378	540707	2	14	54	#
1379	674332	54	57	63	#
1380	469117	32	36	52	#
1381	994127	50	56	58	#
1382	946321	0	14	18	#
1383	210023	15	25	52	#
1384	572172	0	26	33	#
1385	572391	2	50	61	#
1386	490599	3	37	63	#
1387	217717	36	52	55	#
1388	837909	3	18	55	#
1389	346651	16	30	33	#
1390	188169	9	10	20	#
1391	307281	11	21	23	#
1392	132424	33	34	55	#
1393	374832	30	45	47	#
1394	107613	10	23	57	#
1395	220357	13	18	33	#
1396	118602	11	29	45	#
1397	877016	7	9	38	#
1398	967640	15	16	41	#
1399	982313	22	41	53	#
1400	548388	0	11	60	#
1401	486089	10	35	41	#
1402	732599	20	30	36	#
1403	490771	0	15	60	#
1404	545918	2	8	27	#
1405	923711	0	56	58	#
1406	634371	16	19	40	#
1407	549387	1	32	36	#
1408	879827	20	44	50	#
1409	83393	33	39	46	#
1410	639687	3	48	51	#
1411	843796	6	28	36	#
1412	549356	19	40	47	#
1413	852096	11	39	60	#
1414	971540	14	21	58	#
1415	570105	5	39	57	#
1416	875736	1	4	58	#
1417	868451	13	32	53	#
1418	778084	2	15	27	#
1419	498247	14	26	47	#
1420	731699	19	30	44	#
1421	679347	16	19	47	#
1422	723004	15	56	57	#
1423	150568	9	43	52	#
1424	451026	22	31	51	#
1425	7068	26	39	42	#
1426	548713	7	28	31	#
1427	416215	11	22	23	#
1428	857574	3	35	47	#
1429	668593	0	1	56	#
1430	685052	5	43	58	#
1431	794543	11	31	32	#
1432	851904	14	47	62	#
1433	416563	13	36	57	#
1434	952832	16	25	63	#
1435	484633	9	54	62	#
1436	175203	19	21	31	#
1437	352581	5	26	54	#
1438	35982	17	45	48	#
1439	200162	3	25	57	#
1440	800626	8	43	59	#
1441	280268	36	47	51	#
1442	206926	23	45	52	#
1443	21216	4	8	43	#
1444	879243	21	33	55	#
1445	670379	7	16	42	#
1446	281994	35	47	53	#
1447	517015	18	49	56	#
1448	83517	1	52	58	#
1449	245563	14	28	32	#
1450	919605	1	16	35	#
1451	729532	39	49	61	#
1452	195404	0	1	4	#
1453	366088	30	45	62	#
1454	745054	26	49	51	#
1455	872757	0	11	16	#
1456	880338	15	24	52	#
1457	320211	20	26	31	#
1458	746406	30	58	63	#
1459	654755	11	14	15	#
1460	960303	26	53	57	#
1461	1369	12	30	37	#
1462	532165	0	4	10	#
1463	666804	19	31	38	#
1464	609651	30	41	43	#
1465	825352	20	37	46	#
1466	897892	1	4	50	#
1467	417552	15	23	61	#
1468	22007	12	14	17	#
1469	9852	13	38	61	#
1470	660683	24	35	61	#
1471	653939	26	36	63	#
1472	103285	1	10	17	#
1473	819472	15	17	49	#
1474	154663	28	46	62	#
1475	266511	2	35	46	#
1476	556612	13	17	38	#
1477	246633	5	26	63	#
1478	773942	5	17	25	#
1479	58486	17	23	26	#
1480	871264	8	16	36	#
1481	944846	1	32	39	#
1482	46463	29	41	48	#
1483	688361	2	37	53	#
1484	919911	11	12	33	#
1485	991277	5	20	62	#
1486	726604	3	4	63	#
1487	830376	10	28	33	#
1488	407568	13	38	58	#
1489	331024	2	21	52	#
1490	286653	13	30	50	#
1491	768147	0	11	57	#
1492	69805	9	32	56	#
1493	864511	1	24	61	#
1494	985306	41	60	62	#
1495	738000	24	30	45	#
1496	346466	11	14	20	#
1497	812550	15	17	44	#
1498	602838	8	45	47	#
1499	651890	3	19	23	#
1500	396219	12	28	37	#
1501	78545	4	29	63	#
1502	744155	13	15	47	#
1503	122	17	56	57	#
1504	236346	21	25	48	#
1505	80739	1	49	53	#
1506	48315	17	31	53	#
1507	651880	21	25	46	#
1508	210259	25	58	63	#
1509	333419	12	21	58	#
1510	297514	7	14	41	#
1511	18626	27	28	39	#
1512	371984	5	10	40	#
1513	446386	5	54	63	#
1514	820557	18	32	54	#
1515	534507	10	59	62	#
1516	333366	7	35	58	#
1517	263168	19	25	39	#
1518	844321	2	13	61	#
1519	782133	20	37	50	#
1520	604448	5	15	20	#
1521	779037	10	11	43	#
1522	311667	1	23	40	#
1523	460543	20	29	55	#
1524	959367	22	26	44	#
1525	493199	24	35	60	#
1526	533933	28	44	58	#
1527	78091	1	30	45	#
1528	712780	19	22	57	#
1529	914628	7	9	57	#
1530	535366	10	14	19	#
1531	564154	11	38	40	#
1532	503996	19	34	60	#
1533	941593	18	39	49	#
1534	901054	14	38	60	#
1535	267111	8	12	31	#
1536	248517	5	32	34	#
1537	473434	6	8	33	#
1538	702753	26	43	57	#
1539	291985	9	33	54	#
1540	795754	5	19	40	#
1541	499819	11	33	34	#
1542	83404	3	43	52	#
1543	99344	1	6	63	#
1544	941997	4	29	58	#
1545	524133	7	36	50	#
1546	966180	32	47	59	#
1547	316652	6	49	52	#
1548	164636	1	20	32	#
1549	107525	21	61	63	#
1550	424234	11	14	43	#
1551	140996	13	16	26	#
1552	601250	33	53	58	#
1553	52408	3	14	17	#
1554	784527	1	48	57	#
1555	318195	2	13	21	#
1556	573098	0	22	35	#
1557	570250	10	19	51	#
1558	711533	30	47	49	#
1559	826811	38	50	53	#
1560	950381	0	51	59	#
1561	867978	9	17	48	#
1562	461485	1	9	33	#
1563	266085	35	38	58	#
1564	945341	26	52	53	#
1565	329363	2	26	49	#
1566	418920	7	26	34	#
1567	25211	13	22	52	#
1568	340083	0	6	46	#
1569	449959	2	18	53	#
1570	770658	33	44	59	#
1571	781285	0	27	59	#
1572	187934	14	25	39	#
1573	846160	25	30	60	#
1574	414772	0	5	22	#
1575	400087	34	38	43	#
1576	523073	53	57	62	#
1577	577105	14	42	49	#
1578	412821	38	43	46	#
1579	341861	15	35	45	#
1580	121291	8	38	44	#
1581	587227	6	9	56	#
1582	645861	1	33	38	#
1583	289673	26	30	62	#
1584	313554	23	26	45	#
1585	578230	19	35	52	#
1586	765239	4	10	33	#
1587	238548	11	21	38	#
1588	662417	3	27	61	#
1589	604227	24	60	61	#
1590	295826	37	44	47	#
1591	875521	31	48	50	#
1592	220834	45	48	51	#
1593	527497	27	34	55	#
1594	505806	5	7	41	#
1595	344282	17	24	47	#
1596	347429	7	10	41	#
1597	53273	2	11	17	#
1598	643918	8	19	62	#
1599	669944	5	11	18	#
1600	173681	8	56	60	#
1601	414666	32	44	60	#
1602	108951	21	44	50	#
1603	256754	3	21	44	#
1604	692527	6	13	49	#
1605	718384	41	47	63	#
1606	924696	19	30	47	#
1607	237099	18	25	38	#
1608	612297	0	2	33	#
1609	718665	5	7	8	#
1610	543018	50	52	55	#
1611	651273	4	16	50	#
1612	865399	19	25	28	#
1613	297589	9	41	50	#
1614	978658	3	35	38	#
1615	32932	5	20	28	#
1616	366319	15	55	59	#
1617	855850	21	23	37	#
1618	843766	23	38	47	#
1619	461632	15	33	41	#
1620	632244	12	21	31	#
1621	39780	36	46	47	#
1622	520424	7	34	52	#
1623	133270	17	57	62	#
1624	480381	17	48	59	#
1625	959459	48	55	61	#
1626	923583	4	5	52	#
1627	389047	6	21	56	#
1628	343272	1	6	27	#
1629	103506	13	17	25	#
1630	722526	2	6	36	#
1631	646234	52	53	59	#
1632	327205	5	22	26	#
1633	876321	0	1	11	#
1634	614849	10	29	42	#
1635	64964	18	44	58	#
1636	106603	8	33	63	#
1637	965280	19	42	52	#
1638	687587	29	32	47	#
1639	387272	10	24	27	#
1640	698020	5	10	28	#
1641	461588	6	42	50	#
1642	786918	12	32	36	#
1643	265635	3	17	42	#
1644	223555	15	18	22	#
1645	140081	8	27	28	#
1646	34637	6	31	38	#
1647	838101	28	56	60	#
1648	439697	39	50	55	#
1649	554225	7	20	43	#
1650	63994	18	40	47	#
1651	524003	17	23	42	#
1652	288125	37	43	49	#
1653	719148	3	5	63	#
1654	70299	17	21	32	#
1655	644811	7	10	14	#
1656	668079	5	45	62	#
1657	574583	31	44	49	#
1658	817734	18	40	62	#
1659	305528	12	43	47	#
1660	156862	53	54	55	#
1661	226488	9	31	55	#
1662	45254	10	15	49	#
1663	344475	4	6	24	#
1664	516181	41	48	56	#
1665	117166	5	48	58	#
1666	40427	47	48	62	#
1667	780241	27	48	57	#
1668	327110	8	13	59	#
1669	58680	28	37	58	#
1670	758700	0	19	37	#
1671	920679	8	20	38	#
1672	578378	10	18	49	#
1673	947102	16	26	40	#
1674	131577	6	15	39	#
1675	359757	14	45	57	#
1676	517144	40	53	59	#
1677	891004	16	53	57	#
1678	774509	17	33	55	#
1679	325121	6	29	48	#
1680	675598	17	23	56	#
1681	43371	17	23	62	#
1682	38904	15	17	62	#
1683	22816	10	53	54	#
1684	237970	21	36	59	#
1685	439283	7	26	47	#
1686	237690	45	54	57	#
1687	867452	21	23	38	#
1688	59225	10	20	38	#
1689	583888	2	39	61	#
1690	47945	17	23	25	#
1691	221940	1	11	54	#
1692	698704	6	26	63	#
1693	966467	2	14	29	#
1694	78878	13	31	34	#
1695	374240	8	12	39	#
1696	926373	37	50	55	#
1697	843423	27	28	42	#
1698	845901	6	30	51	#
1699	654356	13	30	41	#
1700	546610	20	21	39	#
1701	621749	8	17	33	#
1702	318513	39	47	52	#
1703	138851	14	41	55	#
1704	500844	5	33	53	#
1705	954955	32	38	51	#
1706	445223	16	45	49	#
1707	262671	7	23	52	#
1708	29630	11	52	56	#
1709	757236	15	21	56	#
1710	348112	20	44	58	#
1711	64742	10	47	52	#
1712	471627	5	9	59	#
1713	284795	42	43	48	#
1714	852201	9	11	49	#
1715	647998	5	17	60	#
1716	25588	10	36	45	#
1717	449793	3	21	24	#
1718	756866	4	9	59	#
1719	489573	9	42	59	#
1720	668909	19	27	38	#
1721	217606	0	20	44	#
1722	695461	0	38	51	#
1723	672201	41	45	59	#
1724	408505	0	6	53	#
1725	75680	1	3	48	#
1726	383908	6	17	24	#
1727	650094	28	32	47	#
1728	289817	8	54	58	#
1729	812261	7	34	63	#
1730	309049	17	25	57	#
1731	412591	15	61	63	#
1732	839707	3	31	47	#
1733	93279	46	52	62	#
1734	158854	52	54	55	#
1735	869034	6	47	58	#
1736	575676	13	22	23	#
1737	536049	23	25	50	#
1738	846891	17	20	25	#
1739	810701	22	30	38	#
1740	545447	13	17	21	#
1741	783598	8	24	28	#
1742	230190	10	20	47	#
1743	18933	0	24	32	#
1744	318682	20	33	57	#
1745	926733	2	29	49	#
1746	245242	12	29	57	#
1747	705586	37	53	56	#
1748	893895	6	47	51	#
1749	78399	46	48	58	#
1750	863238	4	46	57	#
1751	439260	30	49	63	#
1752	593912	5	22	40	#
1753	831245	5	11	26	#
1754	769223	19	36	63	#
1755	382993	25	40	51	#
1756	685602	27	43	54	#
1757	481976	22	43	52	#
1758	696334	16	45	47	#
1759	215738	7	48	61	#
1760	886811	19	36	53	#
1761	777918	10	15	30	#
1762	777551	11	14	37	#
1763	551259	24	31	41	#
1764	77846	2	31	54	#
1765	232813	8	46	50	#
1766	262429	18	30	54	#
1767	31037	42	49	54	#
1768	718475	8	30	37	#
1769	938042	27	31	42	#
1770	597330	13	38	42	#
1771	53221	30	44	46	#
1772	686597	6	10	27	#
1773	362296	5	58	62	#
1774	80861	16	41	61	#
1775	721624	10	51	61	#
1776	138337	27	32	62	#
1777	31023	4	14	57	#
1778	278883	2	47	49	#
1779	592474	11	29	58	#
1780	7944	4	28	54	#
1781	496759	33	49	53	#
1782	661313	2	4	43	#
1783	506081	22	28	38	#
1784	757231	10	25	34	#
1785	307956	12	18	46	#
1786	515173	21	25	41	#
1787	204116	32	37	54	#
1788	146630	22	49	62	#
1789	254435	2	5	22	#
1790	164468	35	39	59	#
1791	882094	15	17	20	#
1792	277612	39	41	47	#
1793	542362	25	38	59	#
1794	999892	35	43	46	#
1795	723787	1	4	56	#
1796	535385	31	38	48	#
1797	373649	1	9	21	#
1798	150019	0	26	56	#
1799	257738	15	22	30	#
1800	89473	6	41	46	#
1801	70050	35	41	59	#
1802	876515	29	43	51	#
1803	192832	39	47	50	#
1804	731294	2	3	44	#
1805	500670	5	11	20	#
1806	661905	22	34	59	#
1807	388364	15	29	33	#
1808	106478	0	34	42	#
1809	196150	7	32	42	#
1810	201360	13	24	32	#
1811	862530	50	61	62	#
1812	203073	12	13	24	#
1813	565479	22	36	61	#
1814	241344	9	28	60	#
1815	44598	16	32	59	#
1816	928781	26	35	42	#
1817	841426	6	7	16	#
1818	188520	7	24	47	#
1819	999856	35	38	59	#
1820	545106	49	54	58	#
1821	357191	14	36	62	#
1822	433456	12	40	55	#
1823	569051	3	32	48	#
1824	46563	2	6	44	#
1825	180295	0	1	58	#
1826	864666	23	41	63	#
1827	379330	9	12	63	#
1828	286941	7	20	53	#
1829	554588	17	38	50	#
1830	721338	2	43	62	#
1831	409695	19	26	52	#
1832	79000	26	57	58	#
1833	187771	22	53	58	#
1834	866777	14	50	52	#
1835	505484	13	19	24	#
1836	974667	8	40	45	#
1837	403979	3	11	46	#
1838	814592	8	16	37	#
1839	486424	58	60	61	#
1840	682727	0	7	10	#
1841	430937	45	49	59	#
1842	89667	2	22	51	#
1843	331070	2	13	16	#
1844	341238	8	59	63	#
1845	127233	25	34	35	#
1846	744962	5	44	58	#
1847	468709	7	21	30	#
1848	232337	41	47	52	#
1849	331245	8	19	32	#
1850	521951	2	18	37	#
1851	430968	35	40	52	#
1852	119172	2	37	39	#
1853	250807	32	33	36	#
1854	570012	5	17	58	#
1855	420720	12	46	48	#
1856	689828	30	59	61	#
1857	544447	5	19	44	#
1858	767651	8	16	62	#
1859	460350	5	7	27	#
1860	754630	24	40	47	#
1861	767148	45	47	48	#
1862	459508	3	44	52	#
1863	655968	5	8	31	#
1864	877960	17	30	40	#
1865	211102	1	26	52	#
1866	335512	45	51	63	#
1867	476868	0	13	49	#
1868	116906	2	16	27	#
1869	221772	9	23	39	#
1870	779235	16	28	48	#
1871	996167	14	17	34	#
1872	401784	16	30	62	#
1873	775943	11	18	42	#
1874	612460	14	42	54	#
1875	983461	42	45	48	#
1876	17560	14	33	34	#
1877	867970	29	42	58	#
1878	28025	24	26	29	#
1879	702081	20	37	41	#
1880	209466	10	16	25	#
1881	621291	7	8	52	#
1882	629826	42	60	62	#
1883	883961	21	31	49	#
1884	912527	42	58	62	#
1885	778643	6	16	28	#
1886	966845	3	10	44	#
1887	267956	3	21	49	#
1888	989980	30	41	59	#
1889	160343	20	43	48	#
1890	297371	3	13	21	#
1891	196828	19	30	46	#
1892	210669	5	29	55	#
1893	976020	8	51	62	#
1894	97022	19	21	58	#
1895	82994	7	8	60	#
1896	297002	16	27	51	#
1897	985280	16	23	26	#
1898	747876	3	26	52	#
1899	495590	8	30	49	#
1900	171042	11	47	59	#
1901	871447	8	20	35	#
1902	791748	17	39	57	#
1903	219073	34	35	61	#
1904	701710	6	43	47	#
1905	855440	8	10	44	#
1906	198577	0	6	12	#
1907	81747	16	40	46	#
1908	622158	9	32	39	#
1909	503245	9	29	62	#
1910	438121	0	9	11	#
1911	704045	29	34	57	#
1912	30167	16	23	28	#
1913	966521	0	39	47	#
1914	138981	0	24	38	#
1915	345445	18	28	35	#
1916	174161	26	34	48	#
1917	642445	36	54	58	#
1918	34481	35	38	42	#
1919	217989	3	53	55	#
1920	769715	10	50	56	#
1921	970344	21	54	63	#
1922	614907	27	30	53	#
1923	673745	33	36	62	#
1924	393979	19	21	61	#
1925	35356	9	10	54	#
1926	777561	3	29	49	#
1927	802397	2	16	29	#
1928	622731	17	33	37	#
1929	204348	19	38	59	#
1930	630800	26	32	55	#
1931	459946	3	59	63	#
1932	214267	15	24	63	#
1933	569076	27	34	45	#
1934	847230	1	31	57	#
1935	130310	5	22	63	#
1936	522515	9	28	49	#
1937	363546	38	39	41	#
1938	879997	20	28	33	#
1939	431165	3	48	57	#
1940	75466	6	9	21	#
1941	229130	5	16	26	#
1942	171317	0	9	54	#
1943	190233	7	23	38	#
1944	841839	55	59	62	#
1945	556027	32	58	63	#
1946	953586	12	23	41	#
1947	914286	14	40	56	#
1948	108952	4	16	43	#
1949	120275	13	29	53	#
1950	588794	11	26	46	#
1951	958742	6	20	59	#
1952	989708	7	30	50	#
1953	500460	14	46	58	#
1954	57776	1	31	43	#
1955	674720	37	51	60	#
1956	23547	28	50	54	#
1957	296974	17	40	57	#
1958	94698	15	29	54	#
1959	422975	41	50	55	#
1960	877212	6	18	57	#
1961	314847	3	38	39	#
1962	625766	34	38	52	#
1963	350831	20	38	44	#
1964	127424	6	53	56	#
1965	380189	15	43	50	#
1966	64203	14	34	50	#
1967	65701	0	29	43	#
1968	128597	2	34	54	#
1969	767502	0	19	27	#
1970	992246	21	25	50	#
1971	75447	49	51	60	#
1972	392217	26	34	40	#
1973	226251	49	62	63	#
1974	624336	16	17	35	#
1975	974638	12	17	25	#
1976	144187	7	29	42	#
1977	227013	8	34	56	#
1978	293734	6	15	41	#
1979	891659	2	52	58	#
1980	395183	15	51	56	#
1981	951224	5	38	57	#
1982	583574	4	5	20	#
1983	721285	9	29	47	#
1984	785725	50	57	62	#
1985	623017	29	33	43	#
1986	195530	26	29	59	#
1987	806065	27	36	56	#
1988	788521	19	43	47	#
1989	956102	17	24	44	#
1990	427907	43	54	61	#
1991	361	21	59	62	#
1992	615725	18	25	50	#
1993	863231	9	14	16	#
1994	868147	27	45	57	#
1995	584621	2	13	53	#
1996	542044	18	22	47	#
1997	805633	13	26	57	#
1998	885896	1	21	44	#
1999	277317	11	49	60	#
