%% File generated by CATS v.2.1Wed Jun 19 17:40:31 2013

%% The CATS webpage is http://robotics.stanford.edu/CATS

%% PARAMETER SETTINGS:
% Goods: 64; Bids: 2000; Distribution: L3; Runs: 50; Seed: 1371658681
% Legacy distribution parameters:
% Number of goods chosen according to Constant distribution (const_goods = 3).
% Price chosen according to Fixed Random distribution (low_fixed = 0, high_fixed = 1000).


goods 64
bids 2000
dummy 0

0	430798	1	27	46	#
1	277003	3	21	30	#
2	967389	14	34	58	#
3	272571	12	17	58	#
4	238739	1	2	55	#
5	582931	11	25	32	#
6	431723	5	57	62	#
7	128813	22	27	50	#
8	711228	1	5	32	#
9	283816	1	18	29	#
10	586087	49	58	60	#
11	245954	0	12	45	#
12	108503	4	40	51	#
13	97628	41	62	63	#
14	555201	19	34	54	#
15	667145	22	33	58	#
16	286370	10	38	40	#
17	606584	38	55	63	#
18	267873	14	31	60	#
19	97600	35	59	61	#
20	12810	7	20	24	#
21	759220	40	47	50	#
22	844264	32	36	50	#
23	414963	41	42	61	#
24	25987	15	22	60	#
25	798057	0	40	53	#
26	419951	11	21	47	#
27	615	42	59	60	#
28	393220	10	17	35	#
29	892955	19	30	40	#
30	148041	9	31	43	#
31	352758	30	39	63	#
32	836526	1	33	55	#
33	689350	10	33	60	#
34	952803	30	42	56	#
35	594679	4	26	46	#
36	725530	39	59	61	#
37	930099	11	62	63	#
38	726008	13	15	24	#
39	666870	7	16	27	#
40	558184	9	13	15	#
41	520525	8	16	25	#
42	567025	13	45	59	#
43	43896	16	20	42	#
44	403717	19	55	56	#
45	486463	12	26	36	#
46	564975	21	44	57	#
47	941395	17	47	51	#
48	59542	8	12	59	#
49	604378	5	17	30	#
50	90777	4	35	61	#
51	287980	22	49	62	#
52	857300	8	11	38	#
53	836585	24	35	43	#
54	565391	3	48	58	#
55	194911	20	42	62	#
56	529866	29	44	45	#
57	781085	0	38	42	#
58	393445	15	37	46	#
59	722489	28	37	63	#
60	233334	10	21	45	#
61	592751	43	45	57	#
62	725268	5	20	39	#
63	138844	12	45	51	#
64	608547	27	28	44	#
65	640060	19	33	44	#
66	831585	9	43	47	#
67	383157	20	29	46	#
68	312190	28	45	62	#
69	612020	31	35	60	#
70	187420	0	39	61	#
71	247133	19	21	26	#
72	87102	41	54	62	#
73	551611	14	22	59	#
74	873491	1	39	63	#
75	267627	34	36	48	#
76	310592	27	44	57	#
77	489242	10	32	44	#
78	73711	17	48	52	#
79	198800	7	21	30	#
80	859666	28	34	39	#
81	961427	9	20	50	#
82	552879	25	37	57	#
83	745799	6	50	53	#
84	564881	8	14	47	#
85	690304	22	34	54	#
86	825073	1	7	21	#
87	363664	36	60	61	#
88	672009	10	31	41	#
89	319732	8	12	53	#
90	856366	26	40	54	#
91	174462	5	19	47	#
92	197266	18	28	40	#
93	930822	1	10	56	#
94	805494	0	12	33	#
95	263689	21	46	61	#
96	57931	3	12	35	#
97	51194	24	29	33	#
98	69912	15	31	36	#
99	675246	29	38	49	#
100	481702	21	24	62	#
101	771204	4	28	60	#
102	798137	41	50	58	#
103	45128	13	32	60	#
104	224568	10	39	46	#
105	496772	23	56	61	#
106	927616	7	10	58	#
107	887478	38	45	57	#
108	915831	14	15	52	#
109	574319	21	25	50	#
110	658473	6	19	35	#
111	56741	11	12	44	#
112	648131	30	52	60	#
113	740837	10	20	59	#
114	865892	4	8	28	#
115	79868	4	29	59	#
116	526908	0	22	41	#
117	630395	12	54	63	#
118	346281	35	39	60	#
119	821356	41	44	53	#
120	977573	21	30	33	#
121	336350	20	41	60	#
122	590392	9	21	60	#
123	346363	0	46	49	#
124	676815	11	21	23	#
125	177989	43	53	56	#
126	292492	9	49	61	#
127	211715	0	48	49	#
128	647057	17	38	55	#
129	664014	8	40	49	#
130	397217	12	25	62	#
131	572314	5	8	41	#
132	747623	45	51	56	#
133	194811	7	13	44	#
134	409769	3	16	36	#
135	569202	20	26	45	#
136	250501	25	49	55	#
137	472529	10	33	58	#
138	949617	18	32	38	#
139	189824	2	13	38	#
140	224071	0	12	52	#
141	790967	14	42	44	#
142	391907	7	23	54	#
143	894444	36	38	60	#
144	124200	8	17	58	#
145	924974	3	46	63	#
146	464761	17	25	43	#
147	556575	5	6	22	#
148	692212	17	51	57	#
149	476260	41	51	61	#
150	137274	2	32	55	#
151	901690	29	35	60	#
152	68456	9	25	57	#
153	756502	40	41	61	#
154	456135	10	21	28	#
155	724361	24	27	63	#
156	476208	14	45	63	#
157	377214	3	51	61	#
158	501321	6	36	51	#
159	739198	6	59	62	#
160	120761	18	30	51	#
161	783384	14	15	54	#
162	347877	24	48	62	#
163	913138	25	26	34	#
164	604994	2	18	46	#
165	104208	21	36	41	#
166	862133	6	23	30	#
167	161175	45	49	62	#
168	777410	4	16	36	#
169	938285	15	19	54	#
170	606437	22	30	35	#
171	476721	24	42	48	#
172	117152	0	32	37	#
173	853893	37	58	61	#
174	598638	2	47	56	#
175	438446	0	5	25	#
176	313623	11	36	48	#
177	874669	26	28	34	#
178	776081	8	52	57	#
179	390303	2	3	54	#
180	632053	24	30	63	#
181	210267	8	34	41	#
182	875874	7	25	59	#
183	828524	7	21	22	#
184	411641	38	48	63	#
185	874197	17	39	55	#
186	169773	18	23	57	#
187	135883	47	48	63	#
188	24395	17	23	40	#
189	183222	6	30	56	#
190	35617	17	25	39	#
191	781698	8	11	39	#
192	323782	33	45	63	#
193	407014	0	11	15	#
194	699045	31	38	40	#
195	229736	18	44	56	#
196	91143	30	32	46	#
197	967539	18	43	61	#
198	793913	7	20	62	#
199	789774	19	57	59	#
200	34302	1	41	49	#
201	155450	4	13	41	#
202	131746	0	11	35	#
203	449123	21	28	46	#
204	229663	1	45	54	#
205	533628	8	54	63	#
206	925479	13	29	61	#
207	948936	0	36	43	#
208	251628	15	37	61	#
209	416906	39	40	54	#
210	367170	15	37	38	#
211	173332	28	45	63	#
212	8149	19	59	61	#
213	214553	6	9	53	#
214	923345	18	20	55	#
215	102700	11	34	47	#
216	905736	26	50	62	#
217	484101	0	25	36	#
218	735858	15	54	57	#
219	945346	25	39	43	#
220	541385	19	31	56	#
221	598253	5	20	37	#
222	657671	7	19	35	#
223	85540	10	40	51	#
224	385966	34	53	63	#
225	584456	17	31	51	#
226	134873	20	59	60	#
227	489328	16	25	40	#
228	950694	12	41	55	#
229	173685	13	23	62	#
230	427657	40	41	43	#
231	733596	44	50	62	#
232	255626	7	9	34	#
233	896096	33	58	61	#
234	210747	23	46	57	#
235	340038	0	1	9	#
236	223575	19	57	58	#
237	521460	1	7	51	#
238	269592	22	32	47	#
239	721482	2	25	46	#
240	218618	28	32	47	#
241	442049	8	42	53	#
242	452474	19	23	55	#
243	463238	13	20	63	#
244	14350	15	56	60	#
245	845618	3	8	9	#
246	288696	31	47	54	#
247	912129	17	52	53	#
248	727042	33	50	59	#
249	776138	12	23	59	#
250	933005	35	37	55	#
251	295853	13	23	60	#
252	498865	26	38	47	#
253	429957	4	6	48	#
254	346401	50	55	61	#
255	845339	0	10	49	#
256	966329	0	13	25	#
257	285009	5	21	44	#
258	642742	14	18	54	#
259	799088	13	18	55	#
260	910768	25	36	60	#
261	626548	19	23	44	#
262	167752	3	33	53	#
263	844290	30	47	51	#
264	336425	18	26	54	#
265	764853	31	49	61	#
266	661598	4	21	43	#
267	865979	49	50	59	#
268	580482	16	38	41	#
269	504207	42	52	63	#
270	484064	29	34	40	#
271	314841	19	29	49	#
272	547693	4	37	53	#
273	633129	33	40	45	#
274	401190	16	22	43	#
275	766350	15	20	30	#
276	581469	17	38	45	#
277	524150	30	45	57	#
278	269056	15	30	46	#
279	406810	4	43	60	#
280	882349	0	22	42	#
281	281216	18	19	35	#
282	724590	10	37	41	#
283	518220	39	42	54	#
284	65029	5	37	63	#
285	127489	3	53	58	#
286	998528	11	40	62	#
287	896356	24	29	58	#
288	280071	25	32	55	#
289	333111	0	3	5	#
290	577680	5	37	59	#
291	165366	47	56	59	#
292	490567	24	55	59	#
293	250600	15	53	54	#
294	238935	2	33	54	#
295	18638	7	52	60	#
296	147644	31	50	56	#
297	984820	36	54	56	#
298	918034	8	27	46	#
299	447760	22	38	47	#
300	210523	7	42	50	#
301	217068	1	4	53	#
302	245162	23	41	48	#
303	104112	26	28	36	#
304	968148	18	39	48	#
305	829376	4	22	31	#
306	187625	6	14	44	#
307	369420	40	48	56	#
308	212556	10	26	41	#
309	623905	7	15	60	#
310	507218	0	1	55	#
311	819070	18	33	54	#
312	935545	9	45	57	#
313	954353	38	41	44	#
314	607468	25	42	58	#
315	646202	13	46	48	#
316	615526	5	31	43	#
317	41836	18	26	45	#
318	106039	23	26	59	#
319	908595	26	36	41	#
320	438420	23	47	53	#
321	103083	3	10	35	#
322	636378	40	42	45	#
323	797361	14	22	45	#
324	941236	6	11	12	#
325	359540	16	31	53	#
326	40253	9	12	62	#
327	926307	33	44	49	#
328	461830	2	18	44	#
329	537489	1	11	42	#
330	704615	3	37	57	#
331	500833	47	55	57	#
332	899025	14	32	34	#
333	691242	8	26	43	#
334	187357	30	47	57	#
335	35604	14	25	36	#
336	552629	4	5	17	#
337	526475	0	17	46	#
338	686	23	36	55	#
339	62875	23	24	25	#
340	890310	9	19	20	#
341	877174	7	47	48	#
342	795652	7	46	53	#
343	718825	9	31	61	#
344	6502	12	43	44	#
345	371444	17	41	59	#
346	52585	9	10	16	#
347	655254	13	30	51	#
348	960539	23	31	51	#
349	344644	3	24	46	#
350	725050	2	5	46	#
351	707563	26	44	55	#
352	843905	12	16	40	#
353	323621	44	57	58	#
354	670035	10	22	48	#
355	944240	17	43	50	#
356	893219	12	35	38	#
357	420893	17	18	45	#
358	679907	4	23	47	#
359	146396	11	30	48	#
360	974591	4	38	45	#
361	482408	3	5	60	#
362	329293	0	29	56	#
363	992427	8	11	50	#
364	557667	3	37	42	#
365	236967	10	23	41	#
366	834118	6	14	33	#
367	966255	46	48	52	#
368	347686	0	3	14	#
369	25089	11	46	50	#
370	89127	2	39	51	#
371	308796	22	30	62	#
372	403737	1	21	34	#
373	148417	13	58	62	#
374	329863	4	45	60	#
375	89643	4	21	53	#
376	500634	4	23	32	#
377	556036	25	55	59	#
378	48460	0	11	61	#
379	925292	2	30	32	#
380	415254	27	36	45	#
381	391378	20	22	27	#
382	69746	1	8	35	#
383	508803	10	18	33	#
384	75651	12	16	30	#
385	474098	21	28	42	#
386	303072	14	46	59	#
387	837450	8	13	57	#
388	202535	8	11	62	#
389	336791	2	49	58	#
390	283471	12	15	38	#
391	541199	44	48	59	#
392	558536	22	39	50	#
393	411298	27	50	55	#
394	347148	0	36	52	#
395	93829	1	19	23	#
396	300911	8	32	41	#
397	408682	54	57	63	#
398	50358	0	19	49	#
399	999070	4	50	56	#
400	889032	1	5	43	#
401	956079	12	19	27	#
402	857481	26	42	43	#
403	11113	12	39	46	#
404	621988	32	35	38	#
405	687633	3	34	55	#
406	356299	8	26	62	#
407	382680	1	44	55	#
408	429368	0	54	58	#
409	209005	1	5	29	#
410	78109	2	32	35	#
411	570282	29	45	49	#
412	401355	23	31	44	#
413	864663	37	38	55	#
414	949726	29	34	37	#
415	416094	28	51	55	#
416	905806	26	42	52	#
417	718134	16	19	39	#
418	350040	16	33	54	#
419	341614	10	21	41	#
420	389952	4	16	55	#
421	405360	19	33	57	#
422	993785	47	50	55	#
423	338255	27	28	42	#
424	214394	33	57	59	#
425	771317	9	11	39	#
426	115169	0	41	56	#
427	790033	1	2	14	#
428	117038	20	58	59	#
429	524035	13	53	61	#
430	439182	22	53	59	#
431	291295	28	29	42	#
432	421080	11	15	29	#
433	173818	1	48	56	#
434	254668	37	47	62	#
435	640018	16	41	63	#
436	893242	23	35	61	#
437	377470	4	44	52	#
438	42065	19	60	62	#
439	581435	4	26	54	#
440	385325	9	27	56	#
441	150457	22	38	40	#
442	433119	14	24	33	#
443	365433	17	20	54	#
444	375851	10	35	63	#
445	822195	5	32	57	#
446	460451	4	18	20	#
447	834688	27	37	44	#
448	331061	28	35	48	#
449	833808	7	44	46	#
450	552909	4	25	46	#
451	571936	34	38	53	#
452	634357	23	31	43	#
453	116376	12	29	30	#
454	523686	4	29	57	#
455	682818	16	39	49	#
456	866329	26	58	61	#
457	764354	21	26	41	#
458	265652	2	16	58	#
459	397031	51	52	54	#
460	527317	11	20	34	#
461	434878	1	16	57	#
462	8641	34	49	63	#
463	971998	34	48	49	#
464	935662	42	46	54	#
465	476086	22	44	53	#
466	555490	9	15	34	#
467	30757	23	33	43	#
468	902660	4	14	41	#
469	323292	15	28	41	#
470	775589	0	56	59	#
471	659952	9	44	46	#
472	242865	5	28	48	#
473	176769	6	53	57	#
474	642901	24	46	51	#
475	578692	8	22	34	#
476	898942	24	34	49	#
477	41637	9	22	49	#
478	734077	2	34	50	#
479	752717	10	31	60	#
480	610486	0	1	15	#
481	6939	23	35	46	#
482	906070	36	40	45	#
483	239706	16	24	61	#
484	190771	3	14	62	#
485	424707	18	21	59	#
486	492074	9	37	60	#
487	587733	1	40	42	#
488	550602	9	23	39	#
489	461652	27	28	51	#
490	721009	19	53	54	#
491	648744	9	36	42	#
492	251998	15	56	61	#
493	80591	15	26	29	#
494	4498	5	50	56	#
495	192677	40	60	63	#
496	660355	1	53	59	#
497	40399	18	19	51	#
498	986675	12	38	41	#
499	49042	13	16	45	#
500	451557	12	20	58	#
501	212301	3	6	26	#
502	818315	6	24	30	#
503	853588	15	20	27	#
504	442998	38	46	56	#
505	124794	20	41	62	#
506	845248	38	60	61	#
507	241670	20	57	62	#
508	687166	18	28	44	#
509	648107	26	29	52	#
510	808479	11	36	60	#
511	144244	17	37	42	#
512	831434	44	50	54	#
513	683136	47	58	61	#
514	329299	15	35	40	#
515	617375	18	43	56	#
516	645103	11	25	58	#
517	965914	22	34	38	#
518	373218	3	5	49	#
519	367923	31	34	51	#
520	727777	22	29	52	#
521	708114	6	18	47	#
522	605121	7	58	59	#
523	452079	1	33	63	#
524	946212	21	33	53	#
525	722203	2	26	55	#
526	404515	36	38	62	#
527	544009	50	52	60	#
528	337580	16	41	50	#
529	269088	21	24	31	#
530	880108	12	29	38	#
531	719432	11	12	53	#
532	732034	25	30	48	#
533	451188	17	46	54	#
534	50829	8	20	40	#
535	375612	14	18	34	#
536	592187	5	20	38	#
537	963453	9	20	58	#
538	469643	29	30	58	#
539	766665	29	36	58	#
540	104478	2	3	4	#
541	38347	3	5	22	#
542	906098	49	57	59	#
543	358206	45	49	54	#
544	598427	24	35	62	#
545	195169	6	33	51	#
546	272922	8	20	32	#
547	894528	5	17	55	#
548	445084	8	46	50	#
549	663820	3	5	45	#
550	618902	33	36	57	#
551	749893	18	20	27	#
552	122441	21	28	57	#
553	531709	2	15	59	#
554	203044	7	10	42	#
555	158753	17	50	62	#
556	269349	23	49	58	#
557	655765	26	30	42	#
558	230854	8	21	54	#
559	836709	19	25	31	#
560	28640	30	48	59	#
561	599532	6	25	43	#
562	162150	5	20	55	#
563	579119	9	24	57	#
564	646377	16	35	48	#
565	169436	14	42	43	#
566	724552	10	29	35	#
567	848866	5	18	38	#
568	862609	21	26	43	#
569	778830	29	36	44	#
570	915950	20	40	60	#
571	588243	27	37	38	#
572	129569	39	53	56	#
573	104899	8	27	37	#
574	809310	10	47	56	#
575	549838	18	21	60	#
576	85094	2	8	17	#
577	371842	26	40	49	#
578	176149	2	19	24	#
579	466585	9	12	14	#
580	963846	46	49	52	#
581	998625	13	27	37	#
582	479447	0	39	46	#
583	652882	6	12	28	#
584	614295	11	39	41	#
585	630448	7	44	49	#
586	395594	24	37	47	#
587	551645	31	42	59	#
588	894016	0	42	53	#
589	739686	12	31	61	#
590	118975	5	23	32	#
591	35966	9	53	60	#
592	708898	35	46	48	#
593	14894	3	28	29	#
594	651993	20	35	45	#
595	140482	33	42	61	#
596	325263	17	30	33	#
597	637425	1	31	43	#
598	917937	8	37	58	#
599	6641	6	32	34	#
600	728393	5	10	48	#
601	53702	44	51	61	#
602	527686	4	9	25	#
603	18328	0	20	32	#
604	168206	6	35	54	#
605	894080	4	24	61	#
606	882546	27	30	42	#
607	309627	25	36	40	#
608	265542	20	34	43	#
609	406421	40	48	52	#
610	761527	34	37	56	#
611	992368	4	29	52	#
612	589214	13	25	51	#
613	877026	9	27	59	#
614	428203	11	55	60	#
615	701118	2	7	21	#
616	863977	0	14	38	#
617	761600	17	25	49	#
618	542334	11	23	27	#
619	303274	11	16	28	#
620	219578	11	13	49	#
621	498887	3	11	27	#
622	411376	27	45	56	#
623	871910	13	49	62	#
624	141034	2	30	36	#
625	367072	24	25	56	#
626	269036	10	30	61	#
627	30302	34	38	51	#
628	893595	13	22	31	#
629	302239	13	22	23	#
630	936931	22	26	30	#
631	539494	13	38	42	#
632	427059	23	44	62	#
633	652945	15	19	48	#
634	745195	10	16	20	#
635	85791	30	40	52	#
636	33848	5	18	33	#
637	361212	4	10	37	#
638	991184	5	36	54	#
639	208224	22	56	58	#
640	752142	2	7	40	#
641	977074	18	49	62	#
642	901486	4	10	12	#
643	676453	2	24	60	#
644	789982	15	16	55	#
645	319417	12	34	55	#
646	736049	20	57	58	#
647	413103	4	16	26	#
648	231593	3	18	29	#
649	269911	3	40	51	#
650	987868	35	50	62	#
651	273174	16	54	57	#
652	490986	10	15	38	#
653	566353	24	32	35	#
654	86640	24	25	52	#
655	829156	13	48	58	#
656	916938	2	38	43	#
657	629554	7	10	12	#
658	77716	11	46	63	#
659	863255	15	61	63	#
660	802650	13	23	55	#
661	432705	1	10	60	#
662	118155	6	27	61	#
663	112432	12	42	58	#
664	474809	4	24	40	#
665	662108	1	21	22	#
666	817102	7	18	29	#
667	461940	1	19	61	#
668	981848	10	21	59	#
669	412665	3	53	63	#
670	698230	6	38	55	#
671	793931	4	31	50	#
672	74656	10	29	30	#
673	764678	18	22	39	#
674	489799	2	61	62	#
675	395475	3	11	28	#
676	987731	3	17	63	#
677	480964	29	31	61	#
678	584106	12	22	59	#
679	442779	5	33	44	#
680	255119	32	39	58	#
681	916535	1	4	40	#
682	958850	16	18	59	#
683	240884	50	51	60	#
684	513813	1	25	28	#
685	98648	36	50	57	#
686	499477	22	38	57	#
687	999653	2	34	54	#
688	704588	22	32	57	#
689	300505	16	46	52	#
690	80352	5	21	60	#
691	773560	5	16	49	#
692	23707	34	44	60	#
693	246101	11	31	36	#
694	215313	3	34	38	#
695	370802	4	15	53	#
696	167586	0	6	61	#
697	159824	7	21	27	#
698	99966	13	23	30	#
699	517439	22	37	44	#
700	751828	3	7	48	#
701	639863	9	42	49	#
702	267814	0	32	40	#
703	816029	2	23	46	#
704	346049	4	6	33	#
705	859296	3	8	31	#
706	426626	7	14	53	#
707	127662	3	11	33	#
708	815885	5	22	24	#
709	848797	0	7	55	#
710	291443	0	40	49	#
711	256303	1	4	62	#
712	913601	40	43	63	#
713	864841	11	13	28	#
714	480637	10	41	43	#
715	64348	6	50	63	#
716	737942	24	36	49	#
717	327992	23	47	61	#
718	251704	18	25	59	#
719	556837	31	46	57	#
720	286150	1	10	63	#
721	929979	10	32	53	#
722	130277	2	13	20	#
723	39663	30	44	45	#
724	442943	29	46	53	#
725	634408	16	17	52	#
726	827370	11	39	49	#
727	997648	10	35	38	#
728	598505	14	38	55	#
729	255356	10	49	54	#
730	769031	34	47	55	#
731	153961	5	41	54	#
732	365410	15	30	44	#
733	318600	3	33	57	#
734	663357	18	27	37	#
735	130085	29	46	55	#
736	700940	38	41	42	#
737	244569	13	17	18	#
738	959552	22	37	48	#
739	142424	16	42	57	#
740	588006	1	8	22	#
741	765672	6	31	49	#
742	733531	18	34	42	#
743	257451	5	6	10	#
744	513130	6	31	35	#
745	499488	44	57	63	#
746	909756	3	35	45	#
747	82684	17	37	54	#
748	409996	31	47	61	#
749	665048	3	27	45	#
750	513411	25	27	32	#
751	707711	15	18	55	#
752	338417	12	28	61	#
753	243360	2	7	20	#
754	425574	12	29	33	#
755	930451	45	46	63	#
756	496363	11	39	57	#
757	90675	11	29	33	#
758	364021	9	27	28	#
759	53772	15	17	52	#
760	412720	43	51	59	#
761	66308	8	29	62	#
762	62351	1	7	22	#
763	787645	6	13	55	#
764	418429	4	30	40	#
765	444173	2	36	52	#
766	870056	16	41	52	#
767	73748	22	35	47	#
768	227662	5	24	34	#
769	499044	0	4	60	#
770	241781	36	44	61	#
771	279661	8	27	62	#
772	833453	25	55	63	#
773	958278	6	40	51	#
774	297855	12	15	55	#
775	617510	3	55	58	#
776	174383	47	56	61	#
777	127507	0	48	62	#
778	941842	21	58	59	#
779	861781	7	8	47	#
780	736755	30	52	62	#
781	693420	24	34	55	#
782	737515	19	43	58	#
783	409061	22	38	60	#
784	135431	3	13	55	#
785	159414	14	30	45	#
786	548295	4	61	63	#
787	830398	43	47	60	#
788	883469	24	34	40	#
789	828394	20	25	63	#
790	670245	21	47	48	#
791	806802	31	41	49	#
792	536809	20	28	44	#
793	147763	3	12	23	#
794	121066	23	33	56	#
795	714679	20	42	43	#
796	766054	16	26	60	#
797	401689	15	32	58	#
798	664741	22	25	59	#
799	262301	1	56	61	#
800	506691	29	33	51	#
801	959246	25	44	57	#
802	62754	41	45	49	#
803	468762	30	50	51	#
804	885938	4	29	41	#
805	163067	19	23	24	#
806	78386	11	24	48	#
807	228615	26	46	49	#
808	301920	10	26	62	#
809	219945	19	23	27	#
810	55115	39	46	59	#
811	243007	10	26	34	#
812	392010	1	35	46	#
813	166174	7	13	18	#
814	713976	6	19	40	#
815	83640	8	49	55	#
816	520944	24	25	46	#
817	903964	23	45	48	#
818	252786	10	18	49	#
819	943717	14	19	57	#
820	730418	21	34	46	#
821	828705	10	32	60	#
822	651728	7	27	36	#
823	644204	40	41	42	#
824	868001	6	8	57	#
825	49276	6	35	47	#
826	175397	10	22	33	#
827	97018	19	34	40	#
828	68909	38	39	59	#
829	577778	29	47	58	#
830	934532	2	10	38	#
831	933855	8	47	54	#
832	839960	17	25	37	#
833	181844	15	19	41	#
834	424930	29	32	48	#
835	822774	28	38	51	#
836	389419	18	24	48	#
837	420369	4	40	53	#
838	731215	50	52	61	#
839	384196	7	32	59	#
840	193951	0	4	11	#
841	507176	27	34	41	#
842	352502	18	34	52	#
843	975871	3	29	30	#
844	384745	10	13	28	#
845	897156	17	31	37	#
846	856966	19	40	55	#
847	866329	24	44	50	#
848	784798	46	60	61	#
849	739414	32	50	53	#
850	822371	6	17	59	#
851	566350	11	29	44	#
852	679440	3	8	38	#
853	591950	15	53	56	#
854	769580	11	21	29	#
855	337986	30	47	56	#
856	652085	20	40	54	#
857	42404	31	49	60	#
858	46068	5	31	33	#
859	150670	24	25	34	#
860	67271	20	43	47	#
861	129405	5	23	24	#
862	866489	0	14	17	#
863	603931	0	49	57	#
864	33005	17	22	35	#
865	709043	35	51	56	#
866	967314	3	38	53	#
867	586260	4	24	58	#
868	924452	7	30	36	#
869	161009	42	48	62	#
870	582571	27	44	46	#
871	689650	1	3	63	#
872	800988	23	57	61	#
873	78919	8	48	50	#
874	697726	29	42	49	#
875	649344	1	22	36	#
876	298667	10	29	52	#
877	839363	4	29	34	#
878	788735	48	50	56	#
879	328320	13	32	62	#
880	830111	44	47	59	#
881	194217	0	1	60	#
882	503290	25	29	59	#
883	16050	10	27	56	#
884	173873	6	28	33	#
885	280729	47	48	51	#
886	991298	25	28	55	#
887	61057	24	47	55	#
888	785291	39	44	48	#
889	693925	1	32	63	#
890	841627	18	27	52	#
891	106805	25	31	32	#
892	797516	7	24	60	#
893	515870	3	13	17	#
894	832136	30	49	52	#
895	450452	25	26	36	#
896	838259	54	56	63	#
897	446300	31	41	42	#
898	950037	2	10	27	#
899	294002	8	18	27	#
900	403051	14	15	40	#
901	834408	24	32	49	#
902	547622	12	36	53	#
903	542778	26	42	56	#
904	667919	0	38	57	#
905	675942	9	45	62	#
906	425818	9	21	31	#
907	535914	16	28	45	#
908	664891	23	35	55	#
909	571232	5	54	60	#
910	772992	20	24	37	#
911	722270	12	24	58	#
912	42420	1	38	50	#
913	308945	0	2	35	#
914	736655	14	44	51	#
915	756238	12	35	61	#
916	3363	6	29	49	#
917	524270	3	9	54	#
918	672527	12	28	36	#
919	806606	1	20	38	#
920	196874	25	47	51	#
921	173829	14	24	57	#
922	180921	12	16	58	#
923	408066	54	62	63	#
924	201960	10	32	58	#
925	701657	28	44	54	#
926	142122	22	37	39	#
927	103929	0	7	18	#
928	293636	8	12	33	#
929	674854	6	39	61	#
930	470548	24	28	63	#
931	587153	3	46	52	#
932	812835	18	22	54	#
933	986290	8	33	35	#
934	567512	21	30	51	#
935	344627	1	14	32	#
936	636164	21	40	46	#
937	378965	13	37	57	#
938	89517	22	41	60	#
939	339969	11	48	51	#
940	627504	32	33	47	#
941	502984	0	26	55	#
942	237639	2	19	35	#
943	450968	6	19	63	#
944	505094	9	37	49	#
945	413702	19	38	48	#
946	969167	13	28	30	#
947	28880	12	20	22	#
948	961681	2	38	60	#
949	909277	9	38	50	#
950	692252	6	11	33	#
951	390764	21	44	56	#
952	189179	16	21	29	#
953	908344	10	52	59	#
954	443530	24	30	58	#
955	143924	30	51	62	#
956	716477	13	21	47	#
957	35790	14	27	46	#
958	258497	28	49	60	#
959	191102	40	45	58	#
960	392089	14	34	55	#
961	414	18	39	46	#
962	487894	50	53	55	#
963	225078	6	23	29	#
964	909329	0	22	55	#
965	135811	23	45	63	#
966	790717	26	57	60	#
967	694340	47	52	56	#
968	323315	7	42	53	#
969	411639	15	41	60	#
970	50011	4	40	61	#
971	28744	7	22	29	#
972	726820	10	30	31	#
973	730411	35	51	58	#
974	475326	2	24	44	#
975	722491	0	29	44	#
976	281998	18	20	23	#
977	553650	3	16	35	#
978	620057	25	28	41	#
979	547451	5	41	44	#
980	470524	13	36	62	#
981	977386	19	29	60	#
982	301320	20	23	32	#
983	165305	37	58	62	#
984	626777	7	39	56	#
985	512802	32	56	58	#
986	614604	9	14	48	#
987	585458	19	25	56	#
988	833387	37	49	55	#
989	761448	1	49	53	#
990	640873	23	39	45	#
991	628864	21	30	46	#
992	901803	11	38	60	#
993	270221	16	29	33	#
994	693769	28	32	53	#
995	807941	26	32	43	#
996	410541	12	42	57	#
997	101245	36	49	54	#
998	204566	14	43	57	#
999	282702	2	6	25	#
1000	23765	20	23	51	#
1001	901804	11	51	62	#
1002	592544	19	32	54	#
1003	803287	23	33	47	#
1004	562858	29	34	35	#
1005	509505	20	40	41	#
1006	718424	0	47	62	#
1007	799039	1	12	28	#
1008	553645	32	47	54	#
1009	377804	0	47	53	#
1010	768534	22	35	43	#
1011	376653	1	18	61	#
1012	81484	16	20	23	#
1013	497455	2	42	58	#
1014	50219	3	35	61	#
1015	65966	5	23	57	#
1016	288010	25	31	62	#
1017	607884	15	34	43	#
1018	103398	15	16	51	#
1019	680930	20	45	55	#
1020	435407	20	56	58	#
1021	233041	0	26	44	#
1022	148050	8	24	61	#
1023	931811	9	13	37	#
1024	692815	12	33	62	#
1025	93738	24	46	53	#
1026	260931	5	13	63	#
1027	100322	23	28	36	#
1028	998831	25	46	57	#
1029	716824	5	26	44	#
1030	998665	15	59	60	#
1031	711537	28	49	50	#
1032	287814	51	54	59	#
1033	657466	1	23	29	#
1034	525136	2	4	37	#
1035	196189	5	17	41	#
1036	734583	12	13	61	#
1037	532976	0	33	50	#
1038	71211	8	20	43	#
1039	836263	30	36	52	#
1040	267415	9	27	45	#
1041	195211	27	46	48	#
1042	660386	19	47	52	#
1043	656130	8	18	35	#
1044	238698	24	34	43	#
1045	430445	14	35	62	#
1046	307043	20	48	53	#
1047	856149	7	12	56	#
1048	435537	3	20	41	#
1049	590183	24	30	36	#
1050	333632	22	37	53	#
1051	810956	19	42	58	#
1052	168573	0	21	30	#
1053	918215	11	38	57	#
1054	808354	33	34	52	#
1055	791839	40	48	60	#
1056	729768	29	42	61	#
1057	594201	4	7	33	#
1058	674329	31	37	41	#
1059	102298	20	32	38	#
1060	297327	12	59	61	#
1061	632909	12	56	58	#
1062	521033	0	10	30	#
1063	690942	2	13	29	#
1064	562614	14	30	38	#
1065	387328	23	37	53	#
1066	875264	37	42	63	#
1067	744776	8	31	38	#
1068	614784	14	18	25	#
1069	99257	5	46	58	#
1070	133447	14	19	62	#
1071	489821	43	51	58	#
1072	128920	13	40	47	#
1073	840306	27	38	43	#
1074	660024	2	41	55	#
1075	297217	24	25	51	#
1076	913303	7	15	17	#
1077	713850	4	22	58	#
1078	14977	21	38	63	#
1079	827622	10	37	53	#
1080	924553	13	15	55	#
1081	692671	11	21	48	#
1082	468488	0	17	19	#
1083	164867	22	34	55	#
1084	745132	14	16	57	#
1085	924866	18	26	62	#
1086	586269	39	43	53	#
1087	994560	32	46	51	#
1088	495971	16	25	31	#
1089	953245	15	20	39	#
1090	504023	18	23	56	#
1091	95814	25	33	54	#
1092	669072	20	27	37	#
1093	545733	3	4	13	#
1094	139693	32	34	55	#
1095	790251	36	44	62	#
1096	701011	25	36	37	#
1097	430853	17	31	50	#
1098	470577	17	37	63	#
1099	72177	32	34	38	#
1100	277304	5	11	62	#
1101	885920	12	35	62	#
1102	587204	7	42	43	#
1103	467866	5	11	35	#
1104	674888	1	3	34	#
1105	604730	2	5	45	#
1106	551945	29	52	54	#
1107	784774	22	23	51	#
1108	337060	29	35	52	#
1109	993895	39	57	61	#
1110	597420	12	49	54	#
1111	769663	10	16	42	#
1112	816971	23	24	51	#
1113	87287	48	56	61	#
1114	554303	4	19	31	#
1115	324385	0	30	44	#
1116	41397	4	15	38	#
1117	505511	5	9	34	#
1118	944230	11	23	40	#
1119	262740	12	13	48	#
1120	757187	26	27	45	#
1121	465238	27	45	54	#
1122	835454	5	19	50	#
1123	268568	8	16	23	#
1124	383055	7	26	51	#
1125	960645	1	48	61	#
1126	88814	6	42	47	#
1127	154763	27	30	53	#
1128	577647	1	14	51	#
1129	286339	23	35	40	#
1130	742626	3	6	62	#
1131	344754	13	40	54	#
1132	984852	24	30	53	#
1133	550491	3	42	50	#
1134	547973	11	39	51	#
1135	991507	45	52	62	#
1136	922697	49	52	59	#
1137	102779	3	10	22	#
1138	828484	1	15	42	#
1139	990772	39	58	61	#
1140	791918	17	27	53	#
1141	399049	33	39	49	#
1142	583011	4	16	28	#
1143	520499	1	12	32	#
1144	296511	18	30	61	#
1145	276119	34	35	60	#
1146	455366	1	32	44	#
1147	515054	4	34	35	#
1148	530713	21	42	53	#
1149	907606	18	36	46	#
1150	959833	3	49	61	#
1151	814321	2	27	39	#
1152	748428	0	21	48	#
1153	247276	1	4	34	#
1154	654663	49	51	56	#
1155	278940	4	26	58	#
1156	769846	26	54	63	#
1157	899497	12	17	27	#
1158	386788	1	30	33	#
1159	792496	35	49	56	#
1160	482957	15	26	52	#
1161	522085	18	30	41	#
1162	852002	11	40	51	#
1163	590067	11	43	50	#
1164	831011	32	45	63	#
1165	119849	21	46	62	#
1166	162845	10	30	43	#
1167	321037	19	21	47	#
1168	845547	3	11	21	#
1169	707086	15	23	38	#
1170	332723	1	24	42	#
1171	780954	32	35	55	#
1172	925340	13	21	49	#
1173	811588	21	43	61	#
1174	793533	12	42	47	#
1175	341463	7	32	37	#
1176	685682	29	44	54	#
1177	647679	17	27	47	#
1178	372719	28	38	56	#
1179	265189	43	49	58	#
1180	842911	16	33	45	#
1181	608495	27	45	61	#
1182	537245	6	12	33	#
1183	581969	23	26	36	#
1184	716176	28	31	39	#
1185	488776	8	47	62	#
1186	778971	8	15	56	#
1187	138792	7	9	33	#
1188	321070	0	11	18	#
1189	43898	2	16	35	#
1190	923526	3	9	35	#
1191	703693	17	20	33	#
1192	261572	8	42	50	#
1193	422700	12	13	53	#
1194	866464	15	18	56	#
1195	550330	23	27	29	#
1196	278049	1	3	37	#
1197	641314	21	33	56	#
1198	385096	12	43	55	#
1199	797004	15	41	48	#
1200	466223	9	21	34	#
1201	366910	46	56	57	#
1202	816353	1	56	59	#
1203	265004	19	27	30	#
1204	871931	2	29	61	#
1205	386796	9	12	58	#
1206	384865	7	14	58	#
1207	869198	21	29	35	#
1208	122864	3	41	43	#
1209	369403	17	28	59	#
1210	205629	32	40	49	#
1211	330749	3	5	53	#
1212	858812	9	15	25	#
1213	396914	33	38	53	#
1214	474320	25	43	57	#
1215	27088	9	43	57	#
1216	619287	29	47	52	#
1217	496391	36	38	45	#
1218	32068	17	19	27	#
1219	736712	8	25	50	#
1220	716773	7	27	29	#
1221	674771	11	32	39	#
1222	481525	1	28	29	#
1223	837173	4	13	32	#
1224	490880	2	41	57	#
1225	226255	2	6	45	#
1226	35425	0	37	48	#
1227	930725	2	28	62	#
1228	194908	9	25	27	#
1229	61634	9	27	54	#
1230	255476	2	28	34	#
1231	475417	10	19	25	#
1232	71532	2	3	52	#
1233	152560	19	29	30	#
1234	314076	18	49	55	#
1235	250075	38	56	57	#
1236	127913	8	43	54	#
1237	754918	1	37	60	#
1238	60897	21	51	60	#
1239	149476	4	54	62	#
1240	808592	32	35	60	#
1241	213577	18	22	37	#
1242	946515	35	40	49	#
1243	538146	0	51	63	#
1244	136623	15	17	62	#
1245	921967	40	54	55	#
1246	592806	3	10	49	#
1247	143606	19	36	42	#
1248	930844	3	9	12	#
1249	140272	3	14	18	#
1250	618933	17	26	57	#
1251	306073	5	44	46	#
1252	631442	0	1	35	#
1253	258047	3	17	62	#
1254	545379	3	22	40	#
1255	692714	13	57	60	#
1256	902018	33	44	60	#
1257	428983	13	46	60	#
1258	811830	6	16	29	#
1259	264560	17	49	62	#
1260	468755	46	51	54	#
1261	210834	1	55	61	#
1262	295518	3	7	45	#
1263	367485	24	38	50	#
1264	28628	34	36	52	#
1265	425639	13	22	47	#
1266	169835	32	37	39	#
1267	547134	18	20	30	#
1268	880257	13	55	59	#
1269	157543	4	12	35	#
1270	574039	3	4	7	#
1271	11862	7	36	41	#
1272	180321	42	51	55	#
1273	744325	18	30	48	#
1274	285470	24	37	60	#
1275	997585	19	25	42	#
1276	141922	17	58	59	#
1277	141554	11	20	29	#
1278	835668	2	11	33	#
1279	538461	3	7	21	#
1280	741312	28	42	63	#
1281	288264	20	23	35	#
1282	761808	18	58	60	#
1283	397290	8	35	56	#
1284	749388	19	24	48	#
1285	353067	35	41	47	#
1286	934859	37	39	58	#
1287	159561	24	42	55	#
1288	154363	28	42	49	#
1289	989598	35	46	55	#
1290	155863	32	44	56	#
1291	745027	1	37	49	#
1292	292012	22	28	53	#
1293	980211	20	30	41	#
1294	461758	3	18	43	#
1295	840745	6	29	46	#
1296	249914	9	15	63	#
1297	896820	18	49	54	#
1298	832132	2	39	47	#
1299	9449	41	53	63	#
1300	362078	9	23	55	#
1301	238329	2	27	45	#
1302	477203	33	51	61	#
1303	860373	9	25	48	#
1304	109861	0	21	57	#
1305	226302	6	45	63	#
1306	854209	21	37	40	#
1307	999164	1	41	45	#
1308	13761	7	49	57	#
1309	474633	1	25	54	#
1310	292688	2	41	58	#
1311	219557	3	29	51	#
1312	62838	3	11	37	#
1313	19107	8	21	33	#
1314	835747	5	24	52	#
1315	169666	33	56	58	#
1316	813189	5	7	49	#
1317	85268	8	11	58	#
1318	224995	23	27	56	#
1319	236959	0	13	38	#
1320	66129	7	9	28	#
1321	242991	13	22	34	#
1322	401785	6	33	59	#
1323	325820	0	20	36	#
1324	817742	2	5	35	#
1325	319082	2	53	58	#
1326	19655	11	12	22	#
1327	84235	11	29	37	#
1328	133173	16	29	54	#
1329	375107	35	48	61	#
1330	761681	44	50	52	#
1331	252364	20	33	59	#
1332	106227	8	30	62	#
1333	232552	43	44	55	#
1334	467943	9	13	21	#
1335	386067	39	44	55	#
1336	428313	0	3	33	#
1337	486414	7	17	35	#
1338	858344	34	53	54	#
1339	720729	51	54	62	#
1340	204011	12	35	45	#
1341	187459	4	14	16	#
1342	642771	4	22	36	#
1343	873280	18	37	38	#
1344	212450	6	34	40	#
1345	567437	38	55	62	#
1346	794071	30	33	49	#
1347	470931	3	42	62	#
1348	238268	38	54	63	#
1349	962946	9	11	20	#
1350	796223	9	31	51	#
1351	415061	3	5	15	#
1352	944214	2	16	46	#
1353	527145	7	18	48	#
1354	504423	0	2	51	#
1355	585550	6	47	49	#
1356	278234	1	5	42	#
1357	171774	35	37	47	#
1358	606201	14	26	63	#
1359	380642	34	41	53	#
1360	273323	26	29	54	#
1361	400371	8	48	58	#
1362	954031	2	16	29	#
1363	377133	5	8	56	#
1364	655346	17	44	50	#
1365	640236	18	38	48	#
1366	343017	20	44	61	#
1367	369666	12	49	60	#
1368	991855	13	19	22	#
1369	926168	34	39	62	#
1370	215593	6	21	45	#
1371	739589	10	16	49	#
1372	717755	33	36	37	#
1373	90815	24	25	63	#
1374	163069	1	44	57	#
1375	252565	18	38	44	#
1376	121999	23	27	28	#
1377	285705	17	26	54	#
1378	629816	22	35	46	#
1379	889503	14	36	54	#
1380	551800	0	35	45	#
1381	796539	4	34	38	#
1382	117712	15	33	39	#
1383	151736	39	55	56	#
1384	720039	4	34	46	#
1385	222938	15	37	49	#
1386	118474	4	6	20	#
1387	622754	13	20	22	#
1388	698377	9	13	48	#
1389	836198	16	21	63	#
1390	517476	25	26	44	#
1391	706176	8	42	51	#
1392	355553	30	43	61	#
1393	307589	13	30	54	#
1394	821808	12	36	59	#
1395	59352	35	37	54	#
1396	334552	25	29	30	#
1397	173360	26	43	45	#
1398	660301	4	32	35	#
1399	458887	27	42	56	#
1400	921767	7	29	44	#
1401	694137	4	12	18	#
1402	112812	49	53	55	#
1403	210213	2	21	26	#
1404	834337	8	19	43	#
1405	410541	12	28	32	#
1406	996545	15	20	48	#
1407	344577	3	12	54	#
1408	107508	2	23	29	#
1409	382573	12	17	28	#
1410	861376	15	45	52	#
1411	459394	17	30	61	#
1412	364058	5	18	32	#
1413	72917	19	35	46	#
1414	343155	19	28	51	#
1415	670399	6	13	46	#
1416	495698	3	15	24	#
1417	975460	0	35	62	#
1418	861779	4	23	30	#
1419	972525	17	29	55	#
1420	515609	4	34	60	#
1421	594208	40	41	50	#
1422	175549	1	6	33	#
1423	871428	22	25	52	#
1424	63568	21	61	63	#
1425	875245	30	44	54	#
1426	429399	14	29	44	#
1427	732629	31	34	53	#
1428	592936	6	21	52	#
1429	131403	4	11	12	#
1430	500766	14	47	51	#
1431	816707	37	40	45	#
1432	316267	8	12	54	#
1433	808390	8	36	40	#
1434	981460	21	47	60	#
1435	754738	41	57	63	#
1436	793214	12	26	39	#
1437	502713	39	40	63	#
1438	253860	3	21	40	#
1439	877537	28	37	61	#
1440	457208	8	14	41	#
1441	291513	11	21	42	#
1442	53233	18	19	36	#
1443	838109	15	53	62	#
1444	398144	23	24	61	#
1445	879904	22	36	47	#
1446	841268	9	31	44	#
1447	220010	34	39	52	#
1448	226196	29	36	60	#
1449	861639	7	50	52	#
1450	590819	31	39	53	#
1451	521625	2	5	26	#
1452	739396	14	49	59	#
1453	378288	14	20	22	#
1454	829493	8	12	37	#
1455	661836	15	24	26	#
1456	367639	7	10	61	#
1457	712067	5	18	50	#
1458	39740	22	38	41	#
1459	426050	2	26	51	#
1460	615783	28	42	60	#
1461	597473	12	15	42	#
1462	763113	1	21	36	#
1463	509800	11	35	42	#
1464	978477	35	36	56	#
1465	286890	12	32	63	#
1466	6342	42	44	60	#
1467	927646	2	25	56	#
1468	49393	7	22	50	#
1469	655324	11	22	62	#
1470	796888	5	16	17	#
1471	197521	8	14	57	#
1472	879407	4	13	14	#
1473	985618	4	5	44	#
1474	398677	13	27	51	#
1475	164950	11	16	30	#
1476	609320	4	22	30	#
1477	585502	9	35	55	#
1478	240471	10	41	47	#
1479	39468	18	37	40	#
1480	735857	2	6	15	#
1481	251812	22	30	37	#
1482	702418	17	33	60	#
1483	41955	7	17	47	#
1484	69907	37	56	59	#
1485	793928	23	46	55	#
1486	757839	6	26	62	#
1487	472957	11	17	31	#
1488	555200	4	13	61	#
1489	629747	11	37	48	#
1490	207091	2	24	28	#
1491	532349	20	27	44	#
1492	643642	12	32	38	#
1493	440576	5	39	54	#
1494	434139	3	15	54	#
1495	326356	25	41	62	#
1496	531627	4	18	28	#
1497	910032	30	48	58	#
1498	121880	44	48	56	#
1499	246902	2	9	21	#
1500	332988	41	58	60	#
1501	868783	21	40	60	#
1502	410443	35	38	47	#
1503	662157	3	37	44	#
1504	717506	3	6	33	#
1505	247450	4	26	32	#
1506	581749	8	48	60	#
1507	613252	43	47	59	#
1508	576077	12	24	28	#
1509	154823	8	27	28	#
1510	296121	52	56	60	#
1511	67935	3	13	37	#
1512	75842	21	42	51	#
1513	257162	7	10	48	#
1514	369246	3	6	9	#
1515	531958	23	29	60	#
1516	718551	57	58	59	#
1517	884365	24	41	42	#
1518	327757	16	19	48	#
1519	68978	1	12	18	#
1520	265435	33	44	55	#
1521	538781	9	12	51	#
1522	231729	6	11	26	#
1523	29729	3	5	44	#
1524	641889	11	41	48	#
1525	732461	9	22	30	#
1526	502355	19	44	57	#
1527	41290	2	11	62	#
1528	328617	38	47	61	#
1529	743099	8	22	28	#
1530	57182	1	10	14	#
1531	848765	16	19	61	#
1532	813066	29	31	52	#
1533	792587	10	33	37	#
1534	519114	31	41	47	#
1535	225643	22	43	57	#
1536	171465	27	29	35	#
1537	497550	27	41	54	#
1538	931135	16	45	60	#
1539	878853	13	15	52	#
1540	559165	18	23	26	#
1541	86160	32	51	61	#
1542	157234	27	39	49	#
1543	534621	6	10	46	#
1544	998129	39	48	57	#
1545	801723	5	8	25	#
1546	149009	6	26	55	#
1547	570914	7	40	55	#
1548	161341	17	19	23	#
1549	904159	33	41	45	#
1550	74215	21	39	43	#
1551	198373	30	33	36	#
1552	867673	17	40	63	#
1553	862154	40	45	54	#
1554	414663	5	10	54	#
1555	843933	2	3	37	#
1556	340592	0	26	61	#
1557	18670	33	49	60	#
1558	841034	32	35	45	#
1559	97418	10	18	61	#
1560	431023	1	7	44	#
1561	772869	16	49	56	#
1562	400748	22	49	61	#
1563	126327	2	12	34	#
1564	31484	12	18	38	#
1565	610825	1	8	14	#
1566	498800	17	22	39	#
1567	696218	4	17	33	#
1568	572554	2	5	18	#
1569	183072	2	3	17	#
1570	68509	11	32	34	#
1571	867761	0	2	60	#
1572	191798	6	48	49	#
1573	285632	35	37	57	#
1574	616895	16	39	41	#
1575	847596	11	17	18	#
1576	366723	8	29	41	#
1577	432703	44	50	53	#
1578	446448	21	32	48	#
1579	351170	31	43	50	#
1580	240769	27	31	63	#
1581	13970	13	15	19	#
1582	99154	13	49	59	#
1583	610892	9	55	56	#
1584	702454	30	41	45	#
1585	721035	46	52	55	#
1586	129489	6	32	48	#
1587	58060	6	39	43	#
1588	23671	18	31	57	#
1589	487058	4	21	27	#
1590	897410	18	29	41	#
1591	40724	25	28	58	#
1592	406002	23	38	41	#
1593	909613	8	61	62	#
1594	372881	1	6	51	#
1595	454586	4	34	47	#
1596	488794	14	33	60	#
1597	596460	4	5	16	#
1598	53632	24	27	59	#
1599	849067	4	6	56	#
1600	262592	1	2	43	#
1601	690493	4	21	22	#
1602	218499	4	32	59	#
1603	731155	37	53	63	#
1604	671586	34	38	41	#
1605	565428	6	27	56	#
1606	687996	24	26	34	#
1607	578339	5	39	55	#
1608	734975	10	51	56	#
1609	715800	4	6	42	#
1610	42960	17	50	51	#
1611	865950	38	54	62	#
1612	601410	21	50	60	#
1613	361816	2	9	18	#
1614	107733	9	42	51	#
1615	652961	4	23	53	#
1616	984413	15	16	52	#
1617	712965	16	28	46	#
1618	234823	32	55	58	#
1619	81084	41	46	59	#
1620	851228	14	51	62	#
1621	197495	4	12	23	#
1622	411150	13	18	50	#
1623	907873	10	22	54	#
1624	516273	20	44	45	#
1625	133535	3	17	45	#
1626	370439	19	29	45	#
1627	46981	13	27	59	#
1628	278406	10	23	54	#
1629	150904	27	30	44	#
1630	62733	10	18	42	#
1631	96584	1	16	46	#
1632	853664	9	55	61	#
1633	755321	24	40	56	#
1634	850347	13	26	30	#
1635	513135	9	60	63	#
1636	938117	0	54	57	#
1637	971666	1	13	56	#
1638	344435	15	23	56	#
1639	623608	15	21	43	#
1640	372483	30	47	53	#
1641	839007	18	32	43	#
1642	578514	48	51	53	#
1643	409910	7	35	53	#
1644	998338	14	43	52	#
1645	718194	19	40	52	#
1646	673837	9	24	58	#
1647	315071	18	27	42	#
1648	782140	22	55	61	#
1649	330631	0	34	41	#
1650	128117	20	36	54	#
1651	667914	11	12	28	#
1652	625099	4	14	60	#
1653	659239	14	46	61	#
1654	964465	5	24	53	#
1655	909684	3	37	40	#
1656	609062	5	15	39	#
1657	279752	5	17	45	#
1658	494400	26	34	58	#
1659	83541	37	45	58	#
1660	438284	12	15	52	#
1661	527920	31	39	46	#
1662	50810	1	19	42	#
1663	831616	44	45	59	#
1664	493803	6	46	55	#
1665	31097	0	22	61	#
1666	711549	22	30	53	#
1667	637238	1	12	21	#
1668	693776	16	54	55	#
1669	827230	13	26	32	#
1670	930466	22	28	36	#
1671	782982	18	21	40	#
1672	722932	18	29	38	#
1673	120259	11	35	44	#
1674	426791	0	34	36	#
1675	92051	39	48	58	#
1676	19766	30	33	37	#
1677	395193	23	29	59	#
1678	610960	2	33	52	#
1679	960993	27	37	63	#
1680	638066	7	10	38	#
1681	68653	9	22	50	#
1682	535156	18	24	31	#
1683	484513	11	28	40	#
1684	100654	24	29	51	#
1685	606856	3	59	62	#
1686	723171	20	30	42	#
1687	576359	0	21	55	#
1688	243411	32	36	53	#
1689	553654	6	19	21	#
1690	414745	20	26	46	#
1691	90321	21	57	63	#
1692	852953	20	38	52	#
1693	377650	21	47	61	#
1694	680037	6	12	20	#
1695	469533	23	44	50	#
1696	610244	3	7	22	#
1697	909063	2	20	40	#
1698	260494	1	7	15	#
1699	689653	5	52	60	#
1700	709961	1	31	63	#
1701	484174	16	33	44	#
1702	126744	17	51	60	#
1703	882697	5	27	56	#
1704	822882	6	26	31	#
1705	428425	4	31	58	#
1706	679070	4	20	28	#
1707	557625	12	19	58	#
1708	361983	1	21	52	#
1709	768738	6	49	50	#
1710	125528	25	50	62	#
1711	135659	7	36	61	#
1712	626932	37	48	51	#
1713	920846	24	27	47	#
1714	29250	2	8	15	#
1715	195598	13	41	43	#
1716	310663	20	55	60	#
1717	447996	12	39	44	#
1718	265941	46	49	60	#
1719	656454	16	36	46	#
1720	541643	0	22	38	#
1721	732098	13	43	59	#
1722	708001	23	51	58	#
1723	453338	12	17	21	#
1724	206720	5	18	43	#
1725	346713	5	26	50	#
1726	27965	37	55	59	#
1727	127182	5	23	55	#
1728	988201	35	50	55	#
1729	809479	1	24	37	#
1730	638130	1	8	39	#
1731	99257	29	32	44	#
1732	365153	32	43	56	#
1733	827654	0	2	27	#
1734	761904	19	48	57	#
1735	576610	2	8	31	#
1736	472357	6	22	41	#
1737	336917	1	9	49	#
1738	316918	10	36	53	#
1739	205465	24	31	34	#
1740	576938	8	11	23	#
1741	123797	18	25	49	#
1742	492381	44	56	61	#
1743	101920	6	12	19	#
1744	655604	18	48	57	#
1745	835088	12	31	62	#
1746	608941	10	18	60	#
1747	607951	43	61	62	#
1748	630825	13	28	31	#
1749	875613	24	34	47	#
1750	356389	2	13	57	#
1751	900420	7	25	49	#
1752	445808	4	13	49	#
1753	218805	0	20	48	#
1754	987309	15	20	45	#
1755	514263	30	40	56	#
1756	701660	35	38	46	#
1757	680543	27	44	59	#
1758	301064	3	52	55	#
1759	473413	2	12	22	#
1760	547778	10	16	60	#
1761	169844	14	15	44	#
1762	80222	16	19	37	#
1763	318949	4	60	62	#
1764	931677	28	38	47	#
1765	932072	3	34	49	#
1766	603739	27	36	43	#
1767	447668	5	31	37	#
1768	117946	5	29	61	#
1769	246724	1	19	48	#
1770	517589	1	24	52	#
1771	947269	19	41	55	#
1772	176588	4	7	50	#
1773	468992	4	19	34	#
1774	791059	3	30	36	#
1775	828798	13	16	37	#
1776	687718	8	43	56	#
1777	731464	5	31	36	#
1778	711453	32	47	59	#
1779	698781	7	13	38	#
1780	163157	1	2	19	#
1781	430918	34	38	55	#
1782	289907	25	29	32	#
1783	553666	6	10	32	#
1784	326803	17	41	47	#
1785	669293	4	43	48	#
1786	496982	22	47	62	#
1787	301628	5	37	40	#
1788	564801	7	43	59	#
1789	280085	37	42	58	#
1790	506942	37	45	46	#
1791	377703	14	49	58	#
1792	186083	1	24	27	#
1793	688506	0	29	43	#
1794	809229	34	55	59	#
1795	697168	38	39	50	#
1796	527636	13	18	51	#
1797	639779	15	50	62	#
1798	620346	1	32	54	#
1799	542140	2	21	48	#
1800	917215	18	40	43	#
1801	200161	11	16	27	#
1802	120290	0	41	58	#
1803	900492	15	25	60	#
1804	263693	18	25	58	#
1805	707149	13	18	57	#
1806	271548	28	48	56	#
1807	451645	6	40	47	#
1808	447561	12	21	51	#
1809	822564	18	20	33	#
1810	890060	33	39	41	#
1811	980558	31	34	49	#
1812	686081	27	48	59	#
1813	66706	14	20	39	#
1814	97065	13	32	63	#
1815	46113	28	49	54	#
1816	151192	20	29	59	#
1817	825465	4	5	28	#
1818	762189	7	15	33	#
1819	34331	13	14	42	#
1820	576198	0	10	42	#
1821	45342	29	40	62	#
1822	846878	21	45	46	#
1823	235094	1	20	58	#
1824	643849	26	33	51	#
1825	320646	25	26	55	#
1826	610683	30	61	62	#
1827	845745	3	11	14	#
1828	306047	6	27	41	#
1829	536408	17	18	30	#
1830	885226	10	30	37	#
1831	297257	15	53	60	#
1832	509146	12	28	48	#
1833	404141	15	16	49	#
1834	703752	37	40	41	#
1835	938102	2	8	61	#
1836	33268	20	53	56	#
1837	427260	12	52	63	#
1838	486160	6	31	45	#
1839	642765	20	28	54	#
1840	62884	47	48	56	#
1841	147331	4	40	43	#
1842	659810	8	30	51	#
1843	617646	5	7	60	#
1844	436595	3	15	28	#
1845	190415	22	32	60	#
1846	298636	5	20	59	#
1847	65001	32	44	62	#
1848	995322	0	44	58	#
1849	966985	8	37	53	#
1850	201975	29	53	55	#
1851	459133	23	47	60	#
1852	2981	1	42	48	#
1853	408750	2	54	55	#
1854	857039	17	29	38	#
1855	901970	25	29	46	#
1856	384766	0	23	29	#
1857	313858	14	26	38	#
1858	11277	0	36	38	#
1859	674482	7	18	42	#
1860	424017	6	12	25	#
1861	211276	16	19	24	#
1862	634934	17	22	37	#
1863	661087	22	44	61	#
1864	384010	2	8	42	#
1865	831527	21	48	59	#
1866	33653	3	26	30	#
1867	266579	14	18	46	#
1868	799091	14	39	46	#
1869	6653	2	36	63	#
1870	368526	8	30	55	#
1871	685904	0	46	52	#
1872	116252	53	59	61	#
1873	52291	31	38	50	#
1874	787361	31	52	63	#
1875	650721	9	39	47	#
1876	81640	20	41	45	#
1877	533582	24	38	48	#
1878	961338	30	34	48	#
1879	427221	1	25	33	#
1880	623690	21	31	44	#
1881	474365	3	4	43	#
1882	822264	19	56	60	#
1883	778104	18	30	63	#
1884	978060	14	56	57	#
1885	263256	2	60	63	#
1886	944069	1	52	58	#
1887	231053	38	41	63	#
1888	808922	29	55	58	#
1889	186633	12	20	44	#
1890	989549	14	17	63	#
1891	961245	32	41	61	#
1892	133256	20	38	58	#
1893	499651	19	45	63	#
1894	938148	1	47	54	#
1895	789865	36	41	45	#
1896	759722	15	19	52	#
1897	130690	7	38	39	#
1898	880251	5	44	45	#
1899	314954	1	23	46	#
1900	493309	11	48	55	#
1901	828464	52	57	59	#
1902	380988	37	39	48	#
1903	400048	40	59	60	#
1904	184308	9	32	40	#
1905	176412	16	34	49	#
1906	819152	13	43	58	#
1907	358016	6	9	33	#
1908	822309	28	55	63	#
1909	532231	22	23	45	#
1910	917074	38	47	57	#
1911	273005	25	49	52	#
1912	499013	20	44	52	#
1913	315550	35	40	60	#
1914	59848	0	19	44	#
1915	760051	23	42	46	#
1916	791090	18	25	45	#
1917	310174	6	13	45	#
1918	738889	14	23	50	#
1919	510146	12	13	52	#
1920	917751	4	5	54	#
1921	308430	26	49	58	#
1922	101291	21	41	49	#
1923	980862	10	20	61	#
1924	960747	10	29	45	#
1925	700676	8	9	18	#
1926	489054	14	42	59	#
1927	710896	8	21	43	#
1928	31733	47	52	57	#
1929	419800	43	48	51	#
1930	2448	21	37	63	#
1931	892202	1	26	45	#
1932	322502	0	36	57	#
1933	672741	15	29	48	#
1934	949824	10	12	41	#
1935	517310	40	57	63	#
1936	764130	4	52	58	#
1937	231581	25	26	33	#
1938	635432	8	19	47	#
1939	38616	20	23	36	#
1940	876540	14	28	37	#
1941	393902	26	48	50	#
1942	366751	15	55	59	#
1943	319988	3	42	49	#
1944	137549	15	28	42	#
1945	344999	1	3	6	#
1946	401624	1	13	48	#
1947	954434	9	17	62	#
1948	561791	4	20	54	#
1949	587735	12	32	39	#
1950	825068	8	24	47	#
1951	836281	21	54	57	#
1952	170685	5	20	40	#
1953	774180	7	24	46	#
1954	911903	5	39	48	#
1955	741018	35	36	43	#
1956	610883	10	23	60	#
1957	243294	41	44	52	#
1958	487463	4	46	61	#
1959	606454	25	32	38	#
1960	807849	12	40	56	#
1961	572267	23	24	42	#
1962	74312	33	37	50	#
1963	674190	19	49	51	#
1964	103816	36	40	53	#
1965	681159	13	24	30	#
1966	585670	5	38	44	#
1967	493660	26	49	61	#
1968	136110	19	41	58	#
1969	674006	19	25	48	#
1970	149607	33	42	48	#
1971	768837	22	26	41	#
1972	893232	18	28	61	#
1973	503472	19	21	52	#
1974	564802	16	46	49	#
1975	342776	3	17	56	#
1976	841206	12	33	46	#
1977	359477	11	28	47	#
1978	780226	44	59	61	#
1979	828431	19	33	54	#
1980	807332	19	37	46	#
1981	474115	8	20	36	#
1982	918330	0	1	36	#
1983	838648	5	35	46	#
1984	159425	5	10	58	#
1985	808960	6	15	34	#
1986	723450	14	21	54	#
1987	806527	48	50	52	#
1988	213121	18	25	28	#
1989	574931	10	12	30	#
1990	423655	10	11	40	#
1991	859174	15	23	63	#
1992	313222	13	33	43	#
1993	639779	1	2	37	#
1994	415936	1	7	20	#
1995	831411	12	35	55	#
1996	107053	19	57	63	#
1997	57613	3	34	43	#
1998	7217	13	36	59	#
1999	55684	17	30	60	#
