%% File generated by CATS v.2.1Tue Jun 25 15:35:34 2013

%% The CATS webpage is http://robotics.stanford.edu/CATS

%% PARAMETER SETTINGS:
% Goods: 32; Bids: 3000; Distribution: L3; Runs: 1; Seed: 1372199515
% Legacy distribution parameters:
% Number of goods chosen according to Constant distribution (const_goods = 3).
% Price chosen according to Fixed Random distribution (low_fixed = 0, high_fixed = 1000).


goods 32
bids 3000
dummy 0

0	782629	8	10	22	#
1	245638	10	12	13	#
2	653505	3	17	19	#
3	879631	3	19	29	#
4	242408	9	20	26	#
5	340704	10	13	27	#
6	632952	10	22	27	#
7	934552	10	12	27	#
8	869090	10	14	31	#
9	849513	1	27	29	#
10	380037	23	24	26	#
11	609570	8	13	26	#
12	65420	24	28	30	#
13	793419	19	22	31	#
14	422008	0	1	31	#
15	605106	9	23	24	#
16	943207	2	11	15	#
17	842274	10	21	30	#
18	348269	0	18	26	#
19	606296	13	16	19	#
20	101056	7	12	21	#
21	417485	14	20	21	#
22	149633	7	8	19	#
23	592573	13	24	26	#
24	454595	4	18	27	#
25	832871	11	22	23	#
26	898328	0	6	9	#
27	994718	15	20	22	#
28	685120	12	26	28	#
29	704311	2	4	28	#
30	911755	4	5	21	#
31	990606	14	26	29	#
32	993175	5	18	24	#
33	983928	3	5	19	#
34	431389	7	15	20	#
35	287203	13	17	21	#
36	831336	5	16	26	#
37	359444	12	20	30	#
38	427678	3	7	31	#
39	66987	1	19	24	#
40	997085	13	19	27	#
41	387147	6	14	21	#
42	992899	0	16	29	#
43	885508	18	22	30	#
44	399866	1	18	21	#
45	570391	16	22	23	#
46	961338	13	26	31	#
47	792475	4	18	22	#
48	803259	3	8	18	#
49	124222	0	6	18	#
50	338673	11	12	23	#
51	910483	2	4	5	#
52	866541	7	26	28	#
53	985202	1	5	16	#
54	148506	27	29	31	#
55	597297	2	20	27	#
56	268296	21	27	31	#
57	37732	6	7	10	#
58	515709	9	18	29	#
59	595942	1	18	24	#
60	636983	3	8	11	#
61	572393	19	24	29	#
62	570677	3	7	30	#
63	485999	10	20	28	#
64	866477	0	21	30	#
65	22610	0	4	23	#
66	605249	6	19	27	#
67	596233	14	25	26	#
68	542454	21	25	29	#
69	927588	6	20	31	#
70	961564	15	21	29	#
71	990292	6	12	20	#
72	440032	12	18	23	#
73	769182	3	7	22	#
74	523959	2	8	20	#
75	808619	17	23	29	#
76	977714	1	7	15	#
77	786943	5	20	28	#
78	873991	1	12	31	#
79	968147	1	16	19	#
80	621992	6	19	28	#
81	499602	5	22	24	#
82	615895	6	22	26	#
83	576507	4	26	27	#
84	956504	3	4	20	#
85	982112	12	18	26	#
86	881857	1	20	23	#
87	778930	13	17	18	#
88	861440	25	29	30	#
89	986031	1	4	29	#
90	206366	3	5	16	#
91	121969	4	15	24	#
92	740172	10	25	27	#
93	837831	8	15	16	#
94	803460	9	13	16	#
95	973687	20	28	30	#
96	504046	12	14	28	#
97	673254	12	16	28	#
98	452941	6	11	23	#
99	869192	10	13	23	#
100	939024	1	21	26	#
101	991275	12	18	29	#
102	687969	5	11	26	#
103	757189	5	7	23	#
104	601294	5	12	23	#
105	244641	3	18	23	#
106	297095	1	5	24	#
107	941082	1	7	8	#
108	697483	0	12	29	#
109	484686	0	11	24	#
110	581094	0	2	27	#
111	903007	16	19	25	#
112	927060	2	8	31	#
113	906681	6	9	22	#
114	699967	1	9	17	#
115	782709	4	10	21	#
116	778152	2	24	31	#
117	716615	8	11	23	#
118	591928	17	18	25	#
119	54845	12	24	29	#
120	155695	6	12	19	#
121	417063	16	18	25	#
122	184728	12	30	31	#
123	201733	10	18	28	#
124	900469	11	29	30	#
125	668247	13	28	31	#
126	624758	2	15	24	#
127	698320	2	13	25	#
128	555385	7	17	25	#
129	964333	4	13	17	#
130	801372	0	16	20	#
131	832346	13	15	20	#
132	790964	8	24	30	#
133	66584	3	6	14	#
134	809841	1	12	27	#
135	856833	3	20	30	#
136	122227	2	12	25	#
137	935539	10	14	28	#
138	283645	0	12	14	#
139	739276	13	30	31	#
140	348385	5	16	19	#
141	942130	4	28	30	#
142	588549	6	15	28	#
143	716588	2	3	17	#
144	567697	4	11	27	#
145	465023	5	15	31	#
146	623509	10	19	29	#
147	5357	1	17	24	#
148	988328	7	20	28	#
149	557074	6	19	24	#
150	757103	4	23	24	#
151	997264	5	18	19	#
152	944180	4	21	30	#
153	782480	4	6	16	#
154	430920	8	13	24	#
155	287161	4	5	26	#
156	326567	0	25	27	#
157	814217	6	7	21	#
158	686453	1	19	23	#
159	498830	2	6	12	#
160	784420	4	25	29	#
161	385759	0	10	23	#
162	841337	2	9	17	#
163	750008	4	15	16	#
164	185299	15	19	22	#
165	843468	5	8	16	#
166	985933	7	11	27	#
167	877646	5	10	26	#
168	46054	5	13	14	#
169	812601	14	17	26	#
170	704990	1	24	27	#
171	183839	0	11	29	#
172	974962	2	23	27	#
173	678536	6	7	18	#
174	999423	13	18	19	#
175	341090	15	18	30	#
176	455453	0	1	22	#
177	848166	15	20	29	#
178	376873	2	16	21	#
179	610426	8	11	18	#
180	913141	11	16	27	#
181	640819	0	9	26	#
182	886466	15	25	28	#
183	250572	18	25	26	#
184	875667	13	18	25	#
185	14135	16	24	28	#
186	916882	6	8	15	#
187	771091	12	19	21	#
188	933339	1	18	20	#
189	664013	1	7	9	#
190	953786	2	17	31	#
191	488679	6	16	27	#
192	460113	3	7	20	#
193	11544	0	13	20	#
194	314851	22	27	28	#
195	766715	16	20	29	#
196	523824	4	7	28	#
197	671476	10	15	18	#
198	915064	5	10	13	#
199	981143	0	10	29	#
200	842869	8	13	14	#
201	508701	1	7	14	#
202	941694	1	26	27	#
203	821980	23	25	30	#
204	101751	16	29	30	#
205	716647	6	27	28	#
206	46999	5	10	24	#
207	586987	11	21	28	#
208	916617	7	12	16	#
209	904847	16	26	27	#
210	540276	15	17	21	#
211	972607	5	8	9	#
212	597349	2	8	29	#
213	873837	20	21	24	#
214	750604	12	20	31	#
215	837940	6	13	31	#
216	704442	20	22	28	#
217	558948	15	16	24	#
218	18154	4	8	11	#
219	440174	8	19	30	#
220	778189	3	6	30	#
221	629810	5	7	28	#
222	988989	3	15	28	#
223	404344	0	22	28	#
224	716355	5	20	27	#
225	368755	5	28	29	#
226	738013	0	12	30	#
227	436269	0	12	26	#
228	419518	5	8	21	#
229	763625	21	23	29	#
230	978654	15	23	28	#
231	14826	1	10	16	#
232	820426	2	22	23	#
233	996513	6	17	29	#
234	338161	14	25	29	#
235	145047	0	23	29	#
236	730129	6	14	26	#
237	232431	0	4	6	#
238	862856	7	10	18	#
239	624862	6	12	25	#
240	624569	10	21	28	#
241	681127	16	19	24	#
242	720815	5	17	22	#
243	256038	12	22	29	#
244	395291	2	8	10	#
245	267535	16	21	27	#
246	55670	3	26	30	#
247	629319	7	14	18	#
248	472356	0	3	16	#
249	321344	8	23	30	#
250	889444	0	14	20	#
251	520157	1	6	14	#
252	985749	21	27	29	#
253	813199	6	18	31	#
254	155707	7	14	26	#
255	328188	20	26	31	#
256	122888	9	15	28	#
257	986001	6	9	20	#
258	791533	16	24	26	#
259	915369	2	15	16	#
260	498331	1	2	25	#
261	453930	12	27	31	#
262	370001	3	11	23	#
263	150796	19	23	28	#
264	973600	4	18	30	#
265	905209	24	25	30	#
266	188663	0	28	31	#
267	504310	17	20	26	#
268	667468	6	9	29	#
269	455939	12	23	29	#
270	614307	10	12	14	#
271	245978	26	29	31	#
272	900987	9	13	20	#
273	755526	12	19	20	#
274	13802	11	19	22	#
275	480580	13	15	19	#
276	723186	9	14	19	#
277	496110	6	20	29	#
278	627217	5	7	24	#
279	202669	11	14	27	#
280	960741	7	10	27	#
281	800251	8	16	20	#
282	874945	0	9	27	#
283	746808	2	4	17	#
284	516196	5	13	26	#
285	134132	1	5	6	#
286	844718	10	23	31	#
287	392696	7	22	23	#
288	207379	6	9	25	#
289	169268	0	20	25	#
290	319190	8	12	20	#
291	378814	3	8	28	#
292	256547	0	12	19	#
293	40505	10	14	23	#
294	199361	5	6	13	#
295	779448	11	18	23	#
296	765757	12	13	25	#
297	786753	4	5	30	#
298	152658	17	26	29	#
299	299418	9	15	17	#
300	292889	10	20	26	#
301	347701	3	10	13	#
302	304081	8	10	18	#
303	889201	8	15	21	#
304	830514	16	25	30	#
305	630127	5	11	18	#
306	973604	1	16	21	#
307	987921	0	1	29	#
308	875907	4	18	29	#
309	53712	0	10	16	#
310	503805	8	9	14	#
311	983427	20	22	25	#
312	556327	5	25	26	#
313	341394	1	15	31	#
314	565097	0	8	20	#
315	962968	5	23	29	#
316	607020	9	14	26	#
317	870531	16	20	27	#
318	477996	3	13	15	#
319	953973	8	15	17	#
320	514673	3	26	28	#
321	692543	1	3	26	#
322	905980	1	7	13	#
323	275419	9	13	30	#
324	746445	4	20	23	#
325	836853	0	12	21	#
326	717236	8	15	19	#
327	946348	21	22	24	#
328	902697	5	20	24	#
329	902148	14	22	24	#
330	920461	4	10	11	#
331	417624	9	20	23	#
332	576972	9	12	21	#
333	899586	4	14	16	#
334	989376	0	3	6	#
335	927951	0	12	24	#
336	693260	10	24	27	#
337	646618	1	18	31	#
338	281200	17	19	28	#
339	473476	4	21	27	#
340	325885	13	18	24	#
341	768073	5	6	18	#
342	938853	9	26	29	#
343	896297	16	22	25	#
344	388021	1	10	17	#
345	341732	9	22	26	#
346	446176	18	28	29	#
347	997679	19	20	21	#
348	596512	14	16	17	#
349	447790	3	17	24	#
350	597411	1	12	14	#
351	4101	11	15	28	#
352	705243	12	27	29	#
353	725096	1	19	22	#
354	97086	5	14	19	#
355	238472	4	8	20	#
356	744759	0	1	4	#
357	742697	3	5	14	#
358	909175	2	6	15	#
359	303469	14	21	22	#
360	587117	16	18	20	#
361	226679	18	25	28	#
362	586814	10	12	30	#
363	820219	8	10	11	#
364	582914	15	23	31	#
365	692923	1	11	13	#
366	660347	1	2	5	#
367	585382	1	7	20	#
368	621908	3	12	23	#
369	355015	19	25	31	#
370	150704	7	10	12	#
371	859127	2	3	11	#
372	971378	4	13	27	#
373	539888	17	28	30	#
374	868101	3	14	20	#
375	536798	10	30	31	#
376	691287	8	20	22	#
377	565342	9	20	28	#
378	694010	0	14	24	#
379	179077	20	25	27	#
380	247236	11	19	23	#
381	19547	2	6	27	#
382	368731	6	19	21	#
383	572813	2	4	11	#
384	993662	2	24	28	#
385	988148	7	11	12	#
386	498316	0	10	24	#
387	774331	4	13	25	#
388	854178	13	17	22	#
389	604234	12	15	21	#
390	672176	10	11	26	#
391	10141	9	13	19	#
392	848359	6	24	29	#
393	856902	9	27	31	#
394	614729	0	5	27	#
395	917957	11	12	14	#
396	42099	4	24	29	#
397	698715	9	24	26	#
398	214935	12	14	30	#
399	849692	4	21	29	#
400	582451	18	19	27	#
401	271966	0	10	15	#
402	848867	3	8	24	#
403	977480	4	12	14	#
404	63874	4	11	21	#
405	215220	7	10	14	#
406	44779	11	14	29	#
407	775662	9	26	31	#
408	797430	0	4	31	#
409	973921	2	15	29	#
410	908681	0	2	18	#
411	891994	12	19	27	#
412	222200	17	20	21	#
413	297411	3	8	14	#
414	430585	3	8	15	#
415	981456	13	17	24	#
416	851794	7	17	29	#
417	622413	9	16	24	#
418	907839	0	9	14	#
419	192726	14	17	27	#
420	778316	14	29	30	#
421	926583	4	12	26	#
422	374757	11	21	29	#
423	500028	17	18	23	#
424	716606	15	17	20	#
425	226439	22	23	29	#
426	313141	1	8	11	#
427	860568	8	24	25	#
428	672617	10	26	27	#
429	588062	2	15	30	#
430	959177	1	8	26	#
431	440935	4	16	23	#
432	146423	2	3	13	#
433	980971	9	12	31	#
434	585901	5	10	12	#
435	708316	12	24	30	#
436	894901	4	5	10	#
437	982583	14	15	23	#
438	855640	0	8	17	#
439	880958	8	12	18	#
440	966859	8	22	23	#
441	691619	4	28	29	#
442	130569	26	28	30	#
443	948326	9	16	29	#
444	753247	3	15	25	#
445	394715	15	24	29	#
446	912882	23	24	30	#
447	597993	12	21	23	#
448	331198	3	18	19	#
449	625884	2	19	31	#
450	821370	7	15	16	#
451	35174	3	20	29	#
452	490269	10	15	28	#
453	799487	1	5	15	#
454	767140	0	3	14	#
455	495329	6	13	22	#
456	32316	11	16	25	#
457	644567	1	12	22	#
458	279826	8	24	27	#
459	392497	8	10	24	#
460	781427	17	18	31	#
461	110688	4	10	20	#
462	810833	5	6	19	#
463	492996	5	17	25	#
464	638639	11	12	29	#
465	694119	13	15	31	#
466	772690	4	12	16	#
467	535609	7	12	13	#
468	725153	22	25	30	#
469	414840	2	12	31	#
470	365547	6	28	29	#
471	598051	10	18	20	#
472	948333	9	11	25	#
473	961423	10	17	19	#
474	796733	7	15	27	#
475	618270	18	22	23	#
476	658456	8	22	29	#
477	40501	3	28	30	#
478	770275	7	16	17	#
479	525749	18	27	31	#
480	920674	0	11	17	#
481	586952	6	14	29	#
482	816481	15	22	31	#
483	414407	1	5	22	#
484	908164	1	7	23	#
485	216702	5	9	19	#
486	311599	2	19	26	#
487	950128	7	22	27	#
488	875274	5	9	28	#
489	34806	6	9	23	#
490	864862	22	27	31	#
491	175690	3	4	16	#
492	828228	1	10	11	#
493	904490	13	17	25	#
494	994676	0	5	16	#
495	841761	12	19	29	#
496	880327	0	6	31	#
497	932572	6	17	18	#
498	975256	15	18	20	#
499	501686	4	5	7	#
500	219644	9	14	18	#
501	937468	1	19	30	#
502	861109	7	8	15	#
503	731114	15	20	31	#
504	634502	6	17	23	#
505	746306	9	10	30	#
506	585356	9	17	24	#
507	501204	0	1	14	#
508	910237	15	21	27	#
509	449699	4	19	20	#
510	868030	2	19	25	#
511	894440	3	11	28	#
512	923878	5	11	19	#
513	140275	1	9	30	#
514	521380	7	11	31	#
515	574282	9	22	24	#
516	584605	9	24	27	#
517	508563	18	22	26	#
518	941732	21	25	28	#
519	181177	7	18	27	#
520	597438	4	6	17	#
521	655378	4	17	26	#
522	895615	9	25	26	#
523	695049	4	9	19	#
524	118492	10	26	29	#
525	77245	12	23	24	#
526	856020	9	19	24	#
527	725602	6	28	30	#
528	944196	18	24	29	#
529	500967	6	13	26	#
530	666697	15	18	25	#
531	851857	5	23	26	#
532	979725	12	13	20	#
533	576489	8	12	23	#
534	844888	12	21	29	#
535	251597	7	11	23	#
536	878224	2	19	20	#
537	725991	0	9	29	#
538	649873	8	9	31	#
539	723907	15	24	31	#
540	662033	0	2	8	#
541	806907	1	9	28	#
542	997951	4	6	26	#
543	968792	3	9	24	#
544	797626	13	25	27	#
545	388649	19	23	27	#
546	831489	3	22	28	#
547	798425	2	19	27	#
548	894502	2	4	20	#
549	862248	18	19	28	#
550	802221	7	11	28	#
551	214346	9	13	25	#
552	789097	3	23	30	#
553	823769	11	27	28	#
554	479714	4	25	30	#
555	560944	11	13	18	#
556	733360	5	10	25	#
557	809962	0	4	10	#
558	867839	3	4	17	#
559	523388	8	10	28	#
560	807828	2	15	31	#
561	826414	10	13	15	#
562	264582	9	17	27	#
563	986530	19	27	31	#
564	272566	1	2	13	#
565	194499	11	17	21	#
566	622958	13	14	16	#
567	832949	5	9	27	#
568	117704	8	9	28	#
569	779686	7	14	16	#
570	688359	15	27	28	#
571	534897	2	13	23	#
572	36383	0	2	16	#
573	857841	12	13	18	#
574	28426	21	30	31	#
575	700995	21	22	30	#
576	953409	0	16	21	#
577	167831	17	22	26	#
578	908678	1	25	27	#
579	450089	6	14	31	#
580	658021	5	12	26	#
581	883865	9	12	25	#
582	863624	11	13	31	#
583	474049	1	7	28	#
584	170885	3	21	22	#
585	746322	6	22	27	#
586	777328	8	9	27	#
587	981725	1	20	24	#
588	681031	1	2	14	#
589	352710	7	12	30	#
590	946182	3	5	31	#
591	279698	17	18	20	#
592	788394	14	15	28	#
593	804404	17	20	25	#
594	386801	3	7	9	#
595	861542	22	24	30	#
596	911676	10	13	14	#
597	980100	8	13	23	#
598	617081	7	19	20	#
599	806034	11	28	30	#
600	114444	4	20	28	#
601	742241	6	16	25	#
602	864773	11	13	14	#
603	856142	14	27	29	#
604	866951	12	19	31	#
605	33571	21	23	31	#
606	288980	5	14	22	#
607	787718	9	20	29	#
608	955435	6	10	30	#
609	434772	17	28	31	#
610	677282	21	26	30	#
611	979708	12	25	31	#
612	113180	4	6	27	#
613	744700	12	14	22	#
614	859814	4	7	19	#
615	700363	12	21	25	#
616	439314	8	13	21	#
617	567937	4	21	22	#
618	845743	1	6	8	#
619	889405	0	1	30	#
620	470454	3	10	18	#
621	288048	21	24	25	#
622	997969	22	24	27	#
623	669202	2	10	20	#
624	390067	9	12	22	#
625	363017	16	17	20	#
626	484538	8	10	15	#
627	225327	7	13	24	#
628	58746	0	9	11	#
629	539737	5	11	30	#
630	698744	2	7	11	#
631	893036	7	10	11	#
632	833098	15	19	21	#
633	796604	7	25	28	#
634	523966	12	19	24	#
635	336413	11	12	13	#
636	266013	9	17	18	#
637	704726	5	7	27	#
638	469041	1	3	9	#
639	528446	19	23	25	#
640	928853	1	22	29	#
641	377221	1	6	17	#
642	943076	18	26	29	#
643	907885	15	18	26	#
644	752040	6	10	12	#
645	641817	0	3	31	#
646	998738	8	14	19	#
647	584533	11	20	29	#
648	748753	6	11	19	#
649	147638	7	10	31	#
650	795338	4	8	23	#
651	446181	7	18	22	#
652	723290	20	24	25	#
653	47113	4	11	30	#
654	308621	4	15	28	#
655	821425	5	9	12	#
656	620570	1	15	26	#
657	352134	4	14	27	#
658	552655	1	3	5	#
659	465774	12	27	28	#
660	628735	0	14	21	#
661	932889	0	13	16	#
662	510239	8	15	31	#
663	802887	8	9	20	#
664	355418	1	17	19	#
665	998055	3	13	28	#
666	468613	13	20	26	#
667	802692	6	10	22	#
668	112305	16	19	27	#
669	42493	9	22	23	#
670	331821	8	17	31	#
671	400653	12	16	26	#
672	707793	17	21	29	#
673	55716	7	16	26	#
674	924108	10	12	22	#
675	732426	14	16	27	#
676	235831	7	9	16	#
677	722717	3	10	28	#
678	908377	2	4	25	#
679	839817	0	14	30	#
680	775024	0	15	27	#
681	746442	10	21	24	#
682	650637	15	17	24	#
683	836944	5	18	22	#
684	591894	2	19	28	#
685	705828	10	11	31	#
686	52022	7	12	26	#
687	845109	7	9	11	#
688	828495	17	23	30	#
689	83661	6	8	28	#
690	578287	10	21	22	#
691	549047	5	7	16	#
692	924920	2	16	24	#
693	425602	17	19	29	#
694	527978	0	13	29	#
695	316404	4	12	21	#
696	995262	1	13	31	#
697	473873	0	9	28	#
698	997977	17	23	28	#
699	969687	1	5	21	#
700	734246	10	12	17	#
701	184406	17	18	19	#
702	920544	1	14	24	#
703	925421	8	15	18	#
704	838224	1	21	30	#
705	936711	2	26	27	#
706	703268	4	12	13	#
707	490728	21	24	27	#
708	223289	17	19	22	#
709	816396	1	22	30	#
710	470096	6	10	29	#
711	642032	5	11	14	#
712	558334	1	4	27	#
713	502666	13	15	23	#
714	707332	3	19	20	#
715	762432	13	14	30	#
716	815180	15	22	23	#
717	803771	8	21	26	#
718	389248	4	23	30	#
719	919528	7	15	19	#
720	726185	29	30	31	#
721	912128	5	18	25	#
722	377664	1	10	19	#
723	555800	5	26	28	#
724	995006	15	22	28	#
725	870670	13	24	28	#
726	86896	19	24	27	#
727	522608	2	16	29	#
728	72736	14	19	30	#
729	414012	8	13	18	#
730	629257	5	18	26	#
731	989890	9	23	25	#
732	521016	4	11	14	#
733	542917	14	21	29	#
734	814514	0	11	20	#
735	387597	11	14	30	#
736	665817	6	16	19	#
737	471579	9	25	28	#
738	822657	3	10	16	#
739	832493	2	21	25	#
740	935718	2	16	26	#
741	99684	7	15	28	#
742	923498	0	8	31	#
743	643622	5	18	20	#
744	815679	7	15	30	#
745	601045	21	29	31	#
746	317533	0	9	25	#
747	757848	13	26	30	#
748	67854	4	13	24	#
749	59357	0	1	19	#
750	691016	13	23	26	#
751	488821	1	14	29	#
752	726047	0	7	12	#
753	765381	9	20	22	#
754	976678	11	15	30	#
755	655749	10	27	29	#
756	881181	6	12	16	#
757	36968	12	16	24	#
758	777306	3	8	29	#
759	451274	0	11	16	#
760	829795	14	24	26	#
761	862305	1	3	10	#
762	488985	5	9	16	#
763	974161	7	20	24	#
764	540394	18	20	28	#
765	983506	20	29	31	#
766	693678	6	23	31	#
767	60419	14	17	24	#
768	679839	4	8	13	#
769	247069	11	29	31	#
770	179856	7	14	20	#
771	670400	9	13	26	#
772	721380	12	25	29	#
773	730588	8	25	27	#
774	690750	4	11	20	#
775	723410	13	14	17	#
776	654470	16	20	28	#
777	598101	7	20	21	#
778	944374	23	29	30	#
779	902364	4	13	31	#
780	594867	4	5	11	#
781	41084	18	22	25	#
782	462365	1	15	19	#
783	879437	3	4	6	#
784	527572	8	27	28	#
785	966748	15	20	23	#
786	797646	0	22	23	#
787	209690	5	9	21	#
788	166393	7	28	30	#
789	136898	7	24	25	#
790	231929	3	9	27	#
791	806589	7	19	21	#
792	944205	6	17	19	#
793	95559	3	22	26	#
794	136717	12	14	20	#
795	583411	1	4	28	#
796	723574	7	12	29	#
797	715836	1	13	26	#
798	516319	6	7	29	#
799	641917	11	24	31	#
800	855853	14	25	31	#
801	151068	0	1	6	#
802	188687	18	26	31	#
803	84801	19	23	30	#
804	556772	4	9	29	#
805	600153	18	24	30	#
806	379283	1	13	17	#
807	238816	5	11	20	#
808	83025	2	19	24	#
809	807716	0	16	30	#
810	37925	8	28	30	#
811	632915	6	10	27	#
812	935905	10	18	21	#
813	663107	7	27	29	#
814	780541	2	6	22	#
815	299414	1	10	29	#
816	957877	1	9	29	#
817	285609	6	14	24	#
818	724847	8	11	14	#
819	955762	0	17	24	#
820	737681	5	22	31	#
821	990728	0	14	28	#
822	975207	4	13	28	#
823	957676	7	12	25	#
824	751809	10	24	26	#
825	693140	3	16	31	#
826	874897	1	12	18	#
827	57849	5	12	19	#
828	212985	1	19	29	#
829	613646	13	19	20	#
830	240908	3	4	8	#
831	923520	6	11	15	#
832	90092	10	20	21	#
833	738764	6	21	25	#
834	650774	0	24	29	#
835	744284	2	14	30	#
836	998555	3	9	11	#
837	190651	13	16	27	#
838	462017	4	11	18	#
839	974171	0	7	24	#
840	788832	10	15	20	#
841	939476	6	13	17	#
842	178593	17	20	24	#
843	113815	7	11	19	#
844	785507	3	10	26	#
845	562443	12	17	23	#
846	979623	18	25	30	#
847	577199	5	16	29	#
848	711732	3	5	8	#
849	975928	7	15	26	#
850	123070	4	5	19	#
851	346326	7	18	30	#
852	248032	0	6	13	#
853	530288	1	3	28	#
854	826510	4	9	31	#
855	971817	4	17	30	#
856	939361	5	6	10	#
857	415915	0	4	9	#
858	811314	16	23	30	#
859	273912	8	24	31	#
860	995873	3	12	16	#
861	593632	3	18	25	#
862	854881	15	16	19	#
863	680728	12	18	19	#
864	569829	0	9	24	#
865	286423	7	12	18	#
866	29798	8	17	29	#
867	844645	2	5	6	#
868	592306	9	27	29	#
869	570086	12	16	23	#
870	939981	10	16	27	#
871	293849	7	9	26	#
872	967192	9	14	27	#
873	854632	0	1	16	#
874	171352	8	13	29	#
875	916947	4	10	15	#
876	568675	19	27	29	#
877	859437	9	16	19	#
878	971390	1	3	8	#
879	910187	2	12	14	#
880	820165	1	14	26	#
881	868993	5	20	25	#
882	355601	7	10	19	#
883	369266	16	25	27	#
884	991374	17	26	28	#
885	718608	5	9	18	#
886	338436	1	26	29	#
887	851561	0	21	28	#
888	987543	2	14	20	#
889	293637	7	16	29	#
890	900233	3	11	17	#
891	346139	4	22	23	#
892	617689	1	11	24	#
893	235470	3	22	31	#
894	608586	15	25	26	#
895	408802	14	18	19	#
896	535876	3	14	22	#
897	770417	14	15	17	#
898	830787	7	27	28	#
899	743446	4	12	15	#
900	311423	2	28	31	#
901	858478	5	14	27	#
902	79277	0	2	9	#
903	832163	3	19	28	#
904	849756	5	26	29	#
905	878325	20	25	29	#
906	185837	0	5	13	#
907	697829	3	9	30	#
908	950290	4	26	30	#
909	774669	1	3	12	#
910	627046	6	23	29	#
911	964328	3	17	21	#
912	623506	12	21	22	#
913	488680	4	14	30	#
914	754299	3	17	23	#
915	819181	24	25	29	#
916	293094	1	16	17	#
917	143122	24	29	30	#
918	322218	9	12	16	#
919	203748	0	15	29	#
920	846034	11	12	19	#
921	682849	20	22	27	#
922	797867	22	26	28	#
923	613462	7	18	28	#
924	781136	2	3	10	#
925	509259	7	16	22	#
926	849360	1	10	31	#
927	314470	6	7	16	#
928	484884	4	15	30	#
929	288311	1	2	28	#
930	822532	0	5	10	#
931	142950	9	24	30	#
932	827529	14	18	24	#
933	280628	18	20	26	#
934	176452	14	19	25	#
935	359241	2	6	16	#
936	641470	2	13	16	#
937	604173	17	22	23	#
938	782626	1	11	18	#
939	630988	6	8	14	#
940	942240	12	15	16	#
941	810836	5	24	25	#
942	410464	7	12	17	#
943	170344	1	4	7	#
944	780852	0	6	30	#
945	205844	2	14	15	#
946	358994	5	8	18	#
947	338724	7	8	24	#
948	771849	15	21	31	#
949	222345	6	12	14	#
950	664008	13	18	21	#
951	892756	1	11	22	#
952	138096	9	18	24	#
953	577581	3	17	29	#
954	935718	5	6	24	#
955	823385	0	14	27	#
956	956466	23	27	30	#
957	302534	15	19	27	#
958	780252	6	16	18	#
959	718719	8	18	19	#
960	389784	13	20	30	#
961	134305	13	16	26	#
962	709436	0	4	27	#
963	25791	3	23	29	#
964	895330	7	21	29	#
965	661402	0	4	28	#
966	299721	6	7	20	#
967	717392	9	19	30	#
968	588871	3	20	21	#
969	587234	12	15	20	#
970	200387	3	9	29	#
971	25841	6	8	19	#
972	661944	4	7	17	#
973	738520	0	5	19	#
974	657274	9	11	27	#
975	4690	0	1	15	#
976	587569	2	22	30	#
977	339721	13	14	27	#
978	861636	5	6	11	#
979	486095	0	15	21	#
980	641952	1	17	30	#
981	841182	2	3	21	#
982	642669	2	25	31	#
983	564298	5	29	30	#
984	990353	2	15	22	#
985	933660	2	14	16	#
986	387523	9	18	19	#
987	605428	1	13	23	#
988	581359	15	19	25	#
989	119870	10	16	17	#
990	561988	12	14	27	#
991	782671	7	12	20	#
992	994516	2	5	22	#
993	328875	2	11	28	#
994	530815	0	7	21	#
995	776219	8	18	24	#
996	140513	12	16	22	#
997	692263	26	27	30	#
998	926506	3	18	21	#
999	429433	1	7	10	#
1000	837630	0	11	31	#
1001	345562	6	17	20	#
1002	833412	4	5	17	#
1003	547134	0	2	19	#
1004	319179	10	24	31	#
1005	856422	8	19	25	#
1006	850032	14	27	31	#
1007	873356	8	14	31	#
1008	876103	9	15	26	#
1009	508593	2	8	17	#
1010	898465	3	4	21	#
1011	917180	1	13	16	#
1012	989655	11	20	25	#
1013	849964	16	22	29	#
1014	267512	14	21	31	#
1015	638378	4	20	31	#
1016	234894	12	15	25	#
1017	574229	2	8	23	#
1018	7391	3	8	26	#
1019	933156	2	10	11	#
1020	674798	0	10	21	#
1021	878146	6	12	23	#
1022	308450	7	17	24	#
1023	530627	13	16	23	#
1024	942605	1	3	7	#
1025	461071	19	20	30	#
1026	262170	9	12	26	#
1027	843777	17	23	26	#
1028	459796	0	9	31	#
1029	649775	1	7	19	#
1030	936174	1	6	11	#
1031	436425	2	5	28	#
1032	791133	1	12	13	#
1033	839189	4	9	22	#
1034	878708	3	9	10	#
1035	825924	22	23	27	#
1036	646213	10	22	24	#
1037	664369	1	2	30	#
1038	927762	3	6	18	#
1039	451184	1	3	4	#
1040	316667	17	26	27	#
1041	33497	7	14	31	#
1042	740103	20	26	28	#
1043	771553	4	15	22	#
1044	123781	5	10	18	#
1045	916925	2	12	15	#
1046	531853	10	24	29	#
1047	477002	3	23	24	#
1048	419617	0	14	26	#
1049	548522	3	4	22	#
1050	944564	5	9	11	#
1051	962223	1	15	17	#
1052	964624	12	23	25	#
1053	529670	9	24	25	#
1054	775956	14	29	31	#
1055	727494	1	6	21	#
1056	500226	0	11	18	#
1057	994992	7	17	30	#
1058	819611	11	16	24	#
1059	69929	11	27	30	#
1060	587086	3	6	17	#
1061	660283	7	11	18	#
1062	714428	6	9	31	#
1063	545554	11	25	31	#
1064	530737	4	15	18	#
1065	412946	3	18	22	#
1066	592842	11	15	23	#
1067	660749	3	17	18	#
1068	526000	3	6	16	#
1069	855349	5	11	24	#
1070	929616	11	17	19	#
1071	630499	16	17	21	#
1072	876582	13	20	25	#
1073	690907	9	10	17	#
1074	827037	9	15	18	#
1075	484770	11	26	30	#
1076	182653	18	22	27	#
1077	891842	25	27	28	#
1078	38590	3	12	31	#
1079	877463	1	19	28	#
1080	607955	5	10	27	#
1081	56202	9	11	21	#
1082	553610	14	21	24	#
1083	485787	2	7	8	#
1084	321315	5	26	30	#
1085	392754	3	11	21	#
1086	392678	0	6	29	#
1087	704876	1	21	23	#
1088	487882	5	13	31	#
1089	345314	6	11	26	#
1090	746864	9	28	30	#
1091	912422	3	10	21	#
1092	561287	0	7	15	#
1093	124070	3	13	27	#
1094	600276	0	8	12	#
1095	930552	1	9	24	#
1096	627703	20	25	28	#
1097	208949	7	9	24	#
1098	373561	10	15	25	#
1099	737568	11	12	26	#
1100	270425	8	18	25	#
1101	959454	12	13	28	#
1102	415722	1	20	27	#
1103	821313	12	15	31	#
1104	640158	0	8	18	#
1105	118626	8	12	29	#
1106	408265	1	17	25	#
1107	756730	0	3	7	#
1108	95527	7	22	31	#
1109	573532	2	7	18	#
1110	570810	11	23	31	#
1111	285916	4	22	26	#
1112	428510	1	6	27	#
1113	635937	12	15	23	#
1114	402838	0	17	22	#
1115	937043	3	17	31	#
1116	827035	4	27	30	#
1117	671367	11	16	22	#
1118	616913	15	22	30	#
1119	884269	2	11	18	#
1120	242314	2	17	29	#
1121	365743	10	14	16	#
1122	998743	15	17	25	#
1123	922834	5	15	29	#
1124	169919	1	15	16	#
1125	617808	12	16	29	#
1126	449428	6	9	16	#
1127	991668	7	11	14	#
1128	915194	14	22	28	#
1129	707514	7	15	23	#
1130	962207	1	2	29	#
1131	804122	0	1	11	#
1132	820035	8	11	15	#
1133	658306	11	23	27	#
1134	919516	5	23	27	#
1135	745610	0	9	19	#
1136	709592	13	29	31	#
1137	15643	5	13	30	#
1138	472301	0	26	27	#
1139	798525	0	28	29	#
1140	109507	9	19	31	#
1141	538613	5	22	25	#
1142	742439	6	21	22	#
1143	290225	2	27	30	#
1144	890049	9	12	19	#
1145	140926	1	8	15	#
1146	877214	6	21	27	#
1147	561781	12	21	27	#
1148	989763	1	6	24	#
1149	792574	4	12	31	#
1150	598930	4	18	31	#
1151	483380	3	8	10	#
1152	574900	2	5	27	#
1153	989114	0	1	26	#
1154	836503	0	30	31	#
1155	704737	9	20	24	#
1156	967653	3	4	11	#
1157	503310	5	9	26	#
1158	720932	8	11	31	#
1159	847624	11	15	27	#
1160	426634	11	22	29	#
1161	854823	10	18	30	#
1162	449782	3	6	9	#
1163	959002	4	8	31	#
1164	722372	2	19	29	#
1165	766685	13	21	25	#
1166	86339	1	20	21	#
1167	531798	5	17	31	#
1168	332184	17	19	26	#
1169	637078	1	25	26	#
1170	858514	0	5	8	#
1171	483729	11	22	24	#
1172	909361	11	17	30	#
1173	404771	19	23	29	#
1174	796285	3	15	26	#
1175	890573	23	26	27	#
1176	351230	15	26	30	#
1177	913193	4	6	12	#
1178	634904	14	23	31	#
1179	246879	10	18	22	#
1180	788499	11	12	30	#
1181	269923	12	16	25	#
1182	785572	3	12	29	#
1183	40455	8	24	26	#
1184	863047	11	16	19	#
1185	956094	12	24	31	#
1186	417434	2	10	18	#
1187	607204	2	8	9	#
1188	515115	1	14	27	#
1189	747868	0	18	19	#
1190	665804	9	28	31	#
1191	672852	8	21	30	#
1192	221607	7	9	15	#
1193	166571	0	1	5	#
1194	981540	7	16	18	#
1195	994625	25	27	29	#
1196	388397	15	28	30	#
1197	21631	8	11	20	#
1198	864492	2	21	27	#
1199	336812	19	24	31	#
1200	725107	19	24	30	#
1201	235481	6	7	25	#
1202	745536	3	16	23	#
1203	752721	1	28	30	#
1204	193674	3	9	28	#
1205	347779	6	22	25	#
1206	916196	5	25	30	#
1207	639801	12	14	23	#
1208	418142	11	20	30	#
1209	481916	8	9	19	#
1210	416051	9	11	14	#
1211	921725	12	21	31	#
1212	276781	9	12	23	#
1213	994199	11	20	23	#
1214	787902	7	24	27	#
1215	990734	9	13	14	#
1216	955794	3	4	10	#
1217	837410	5	10	23	#
1218	448831	3	28	29	#
1219	741550	13	17	28	#
1220	329127	10	11	27	#
1221	969533	3	26	27	#
1222	785761	6	17	24	#
1223	268228	10	18	25	#
1224	534663	0	23	25	#
1225	148476	1	7	29	#
1226	971676	2	10	25	#
1227	939539	7	20	26	#
1228	94393	0	8	14	#
1229	645797	0	19	25	#
1230	790027	5	12	14	#
1231	314779	22	28	30	#
1232	940054	5	17	21	#
1233	827854	2	13	20	#
1234	123330	3	6	19	#
1235	929962	9	11	17	#
1236	865161	16	21	28	#
1237	722672	10	17	27	#
1238	930509	0	7	28	#
1239	415021	3	8	16	#
1240	174398	9	22	29	#
1241	639383	5	10	11	#
1242	419591	19	22	24	#
1243	121422	6	17	28	#
1244	821754	1	6	7	#
1245	589857	10	13	17	#
1246	363871	11	25	27	#
1247	459191	5	10	19	#
1248	621889	1	15	21	#
1249	518488	17	19	20	#
1250	934840	1	13	14	#
1251	947288	0	1	25	#
1252	666700	14	17	21	#
1253	105130	4	8	21	#
1254	904881	4	11	13	#
1255	857793	4	15	20	#
1256	508915	5	7	18	#
1257	316523	2	20	30	#
1258	366942	6	8	23	#
1259	163004	2	22	26	#
1260	807337	10	15	30	#
1261	788223	1	8	14	#
1262	534399	6	22	23	#
1263	47435	4	6	9	#
1264	557348	1	14	22	#
1265	646184	16	23	25	#
1266	819325	1	10	20	#
1267	916553	14	16	19	#
1268	413777	16	19	29	#
1269	896114	1	5	28	#
1270	475102	15	23	30	#
1271	88075	13	14	25	#
1272	117473	14	21	28	#
1273	572033	1	11	31	#
1274	938011	8	27	29	#
1275	117224	23	28	30	#
1276	268069	11	22	30	#
1277	624384	15	17	28	#
1278	589798	18	23	27	#
1279	627746	8	11	22	#
1280	920735	1	29	31	#
1281	694903	0	14	19	#
1282	572722	6	23	27	#
1283	238315	4	17	22	#
1284	707594	1	3	29	#
1285	884087	7	9	19	#
1286	620255	14	19	24	#
1287	219683	20	24	27	#
1288	625403	0	11	21	#
1289	944633	1	22	26	#
1290	73333	11	19	27	#
1291	115762	2	9	29	#
1292	823934	6	11	14	#
1293	195348	5	14	26	#
1294	755667	24	25	28	#
1295	566949	0	6	26	#
1296	977941	6	8	10	#
1297	625691	3	13	17	#
1298	736452	14	15	27	#
1299	577385	9	11	29	#
1300	413878	0	15	19	#
1301	788412	4	12	27	#
1302	675140	2	5	23	#
1303	927420	5	23	25	#
1304	747968	21	24	28	#
1305	918627	8	10	13	#
1306	583854	1	9	27	#
1307	881487	8	11	19	#
1308	578108	7	13	28	#
1309	313439	9	13	22	#
1310	739822	12	23	30	#
1311	924252	11	14	17	#
1312	688857	5	15	27	#
1313	87846	6	10	20	#
1314	310466	6	24	26	#
1315	230591	2	7	16	#
1316	264438	4	8	17	#
1317	984935	7	10	26	#
1318	863911	2	17	27	#
1319	586484	2	8	27	#
1320	257931	14	16	31	#
1321	373643	11	12	25	#
1322	92465	9	20	27	#
1323	837946	0	3	28	#
1324	616958	12	22	25	#
1325	453524	0	4	25	#
1326	826032	4	19	25	#
1327	955308	9	11	22	#
1328	685572	5	23	24	#
1329	512299	1	9	18	#
1330	731192	13	15	26	#
1331	742260	8	17	20	#
1332	820068	6	15	26	#
1333	607264	6	8	21	#
1334	524402	9	10	21	#
1335	467238	8	13	31	#
1336	591745	0	9	13	#
1337	420947	5	28	30	#
1338	908987	3	22	25	#
1339	362459	4	5	8	#
1340	984925	6	13	21	#
1341	488872	10	16	30	#
1342	707512	10	13	30	#
1343	590948	1	4	5	#
1344	970615	4	13	15	#
1345	211382	17	18	22	#
1346	366083	22	24	29	#
1347	115023	5	7	21	#
1348	248248	2	26	31	#
1349	77238	17	24	31	#
1350	734744	20	27	31	#
1351	199058	0	1	27	#
1352	912177	2	4	21	#
1353	416420	1	24	30	#
1354	389876	17	18	26	#
1355	36209	21	26	31	#
1356	351193	7	16	21	#
1357	566874	7	9	21	#
1358	264143	5	10	31	#
1359	280302	5	15	18	#
1360	245880	18	20	27	#
1361	749809	1	26	31	#
1362	691069	14	18	29	#
1363	643816	7	11	22	#
1364	153058	6	9	30	#
1365	734640	5	14	23	#
1366	533078	11	27	31	#
1367	932926	19	22	26	#
1368	769172	3	16	26	#
1369	726846	4	13	22	#
1370	964290	3	8	22	#
1371	27634	15	21	23	#
1372	696172	2	10	12	#
1373	964322	8	20	31	#
1374	635386	6	9	10	#
1375	62400	17	22	28	#
1376	969409	6	8	22	#
1377	626327	13	15	22	#
1378	866689	1	8	23	#
1379	781167	7	19	31	#
1380	115825	22	26	31	#
1381	590997	2	15	18	#
1382	638898	1	11	20	#
1383	183351	8	14	18	#
1384	380773	2	7	26	#
1385	77664	13	22	30	#
1386	533705	0	9	22	#
1387	264649	13	16	31	#
1388	179550	14	16	30	#
1389	957208	9	10	20	#
1390	664048	0	12	23	#
1391	466678	1	10	28	#
1392	517400	12	15	29	#
1393	737563	5	14	31	#
1394	593612	15	26	28	#
1395	71732	13	18	29	#
1396	549424	1	3	17	#
1397	871044	8	18	22	#
1398	844314	17	21	27	#
1399	87820	12	23	26	#
1400	731104	1	19	20	#
1401	219746	8	23	31	#
1402	382017	3	7	25	#
1403	890784	7	17	31	#
1404	395440	16	17	26	#
1405	108110	1	4	31	#
1406	945417	11	26	29	#
1407	882858	3	15	23	#
1408	923970	4	14	20	#
1409	637832	4	11	17	#
1410	559971	9	17	26	#
1411	858281	7	8	28	#
1412	715141	4	5	23	#
1413	459247	3	6	24	#
1414	757094	5	16	30	#
1415	10831	15	22	29	#
1416	764396	11	12	24	#
1417	884119	2	11	25	#
1418	819901	15	22	27	#
1419	96823	3	4	24	#
1420	363356	0	25	26	#
1421	391562	3	13	24	#
1422	911801	10	18	29	#
1423	93984	6	24	27	#
1424	623633	2	8	15	#
1425	638376	16	23	27	#
1426	553247	2	26	29	#
1427	908209	7	8	12	#
1428	181444	1	24	28	#
1429	421021	6	21	31	#
1430	98117	15	16	28	#
1431	567200	1	6	19	#
1432	657502	1	18	26	#
1433	789004	0	15	24	#
1434	654524	12	25	27	#
1435	905456	3	4	19	#
1436	841808	1	9	14	#
1437	965334	1	18	22	#
1438	855054	6	11	28	#
1439	854502	7	18	31	#
1440	330326	1	3	23	#
1441	220933	1	10	22	#
1442	747864	10	12	29	#
1443	202197	15	21	26	#
1444	757707	8	9	12	#
1445	77639	19	26	31	#
1446	464653	16	17	18	#
1447	454862	7	14	25	#
1448	374732	23	25	28	#
1449	36820	3	11	31	#
1450	345620	6	7	11	#
1451	564774	12	13	14	#
1452	528885	18	21	30	#
1453	522177	21	27	28	#
1454	48122	5	20	31	#
1455	387962	3	19	23	#
1456	723776	8	10	23	#
1457	900357	28	29	30	#
1458	711076	0	24	27	#
1459	985338	0	11	19	#
1460	756781	8	21	29	#
1461	788019	19	25	30	#
1462	871743	15	27	29	#
1463	178650	9	15	23	#
1464	816822	17	29	31	#
1465	473586	1	29	30	#
1466	520213	8	9	15	#
1467	410957	0	16	31	#
1468	620313	2	15	17	#
1469	380039	1	8	29	#
1470	729179	5	8	22	#
1471	41560	20	21	22	#
1472	90008	6	21	24	#
1473	422636	23	27	31	#
1474	371414	10	17	23	#
1475	643864	2	9	30	#
1476	988629	12	14	26	#
1477	513873	5	12	13	#
1478	438871	22	27	29	#
1479	618569	12	17	25	#
1480	564492	5	22	26	#
1481	722807	17	24	25	#
1482	907426	20	27	29	#
1483	245189	6	20	28	#
1484	296555	19	20	29	#
1485	918255	14	15	22	#
1486	917281	0	26	30	#
1487	79249	6	16	29	#
1488	311791	16	18	23	#
1489	950405	6	14	25	#
1490	375277	1	9	31	#
1491	913531	8	20	24	#
1492	508100	14	20	27	#
1493	263439	3	16	24	#
1494	821130	7	13	19	#
1495	30940	1	21	27	#
1496	871638	8	16	24	#
1497	864976	3	14	16	#
1498	592131	4	7	12	#
1499	782064	5	16	17	#
1500	885807	13	27	29	#
1501	69941	10	19	23	#
1502	865579	11	12	16	#
1503	675531	0	15	22	#
1504	135101	26	28	29	#
1505	992951	6	25	28	#
1506	541596	8	27	31	#
1507	909636	5	14	25	#
1508	732997	16	21	26	#
1509	823547	6	11	13	#
1510	192496	2	24	25	#
1511	761972	6	13	19	#
1512	386880	10	28	29	#
1513	716425	7	8	23	#
1514	852066	3	15	20	#
1515	588822	5	17	19	#
1516	618271	13	18	31	#
1517	525449	4	24	31	#
1518	138422	0	7	30	#
1519	420098	18	20	29	#
1520	917455	20	28	29	#
1521	128045	0	1	17	#
1522	4787	17	23	25	#
1523	357401	0	19	23	#
1524	712456	0	1	12	#
1525	451117	6	26	28	#
1526	479559	13	19	26	#
1527	759886	2	13	15	#
1528	863256	12	16	19	#
1529	539965	2	11	20	#
1530	592783	6	21	23	#
1531	340702	2	18	20	#
1532	979817	1	4	14	#
1533	873981	22	23	26	#
1534	540790	8	16	18	#
1535	713507	0	19	21	#
1536	212659	11	16	20	#
1537	469313	11	18	20	#
1538	820876	0	23	24	#
1539	658771	9	10	22	#
1540	417218	10	13	31	#
1541	994844	25	28	30	#
1542	750553	16	28	29	#
1543	248231	16	26	30	#
1544	348812	0	11	14	#
1545	808095	8	23	26	#
1546	964647	4	12	22	#
1547	905976	0	14	31	#
1548	669207	0	16	28	#
1549	863209	5	10	21	#
1550	59012	1	4	8	#
1551	749091	5	6	8	#
1552	970671	3	9	26	#
1553	350229	5	17	23	#
1554	811329	5	27	28	#
1555	497148	17	19	21	#
1556	615214	8	28	29	#
1557	412461	22	23	31	#
1558	141844	5	19	24	#
1559	930190	11	12	17	#
1560	590001	22	25	31	#
1561	840969	13	20	27	#
1562	928105	11	18	31	#
1563	808403	3	12	25	#
1564	926750	0	19	29	#
1565	874410	4	22	27	#
1566	244950	5	8	25	#
1567	416257	7	22	26	#
1568	724932	10	23	26	#
1569	374665	20	21	29	#
1570	93188	5	12	29	#
1571	31651	2	17	19	#
1572	227677	3	8	9	#
1573	690921	2	12	17	#
1574	905397	12	14	18	#
1575	614819	23	25	29	#
1576	455802	5	16	23	#
1577	514562	1	6	10	#
1578	135200	4	14	28	#
1579	27316	16	24	29	#
1580	423790	24	30	31	#
1581	958923	8	14	16	#
1582	448744	5	27	30	#
1583	59015	16	18	30	#
1584	562123	2	17	23	#
1585	604485	1	16	31	#
1586	388944	2	12	30	#
1587	614233	2	22	31	#
1588	563079	11	24	30	#
1589	82614	11	24	29	#
1590	792628	2	7	25	#
1591	974016	11	26	27	#
1592	253811	16	25	28	#
1593	826884	1	13	30	#
1594	595886	8	24	28	#
1595	610894	7	12	31	#
1596	740105	8	11	13	#
1597	586322	22	23	24	#
1598	415676	1	12	17	#
1599	814279	17	19	30	#
1600	168771	3	6	20	#
1601	944710	6	9	13	#
1602	225416	20	23	29	#
1603	826654	1	23	30	#
1604	82170	11	24	28	#
1605	867396	3	21	30	#
1606	423060	11	14	19	#
1607	845511	7	23	26	#
1608	628901	18	27	29	#
1609	456904	2	5	14	#
1610	584090	4	17	27	#
1611	434940	0	19	20	#
1612	800342	8	11	17	#
1613	163522	3	11	19	#
1614	589539	4	13	23	#
1615	414558	9	20	30	#
1616	163793	7	18	23	#
1617	791829	14	19	22	#
1618	642678	11	19	29	#
1619	342456	6	23	25	#
1620	714792	17	24	30	#
1621	183967	11	26	28	#
1622	605782	1	5	31	#
1623	690842	4	16	21	#
1624	242144	1	26	30	#
1625	441111	0	18	31	#
1626	663892	6	13	23	#
1627	826212	7	20	27	#
1628	934290	20	23	24	#
1629	449924	0	5	29	#
1630	360461	6	8	9	#
1631	112336	25	28	31	#
1632	922490	0	3	30	#
1633	650926	3	14	31	#
1634	385688	2	27	31	#
1635	452581	3	10	30	#
1636	869422	11	18	28	#
1637	488560	18	23	28	#
1638	222470	10	15	27	#
1639	560988	2	14	28	#
1640	417903	10	13	25	#
1641	628805	3	14	30	#
1642	595612	12	15	19	#
1643	780658	0	17	28	#
1644	805403	15	28	31	#
1645	851647	6	7	19	#
1646	645357	10	11	30	#
1647	527766	3	21	31	#
1648	280222	4	8	12	#
1649	224741	3	9	12	#
1650	192722	10	11	28	#
1651	2143	0	5	11	#
1652	60418	11	13	30	#
1653	620701	14	19	29	#
1654	595667	3	8	19	#
1655	545941	15	18	31	#
1656	552255	8	18	29	#
1657	88006	1	16	26	#
1658	927668	3	27	28	#
1659	482717	15	18	28	#
1660	651793	6	10	28	#
1661	626323	17	24	27	#
1662	373531	2	9	31	#
1663	194831	2	5	18	#
1664	989453	2	6	7	#
1665	908827	23	26	29	#
1666	804378	3	4	12	#
1667	952139	13	21	30	#
1668	235414	10	20	29	#
1669	114915	3	10	11	#
1670	997420	19	25	28	#
1671	808503	3	12	28	#
1672	962626	10	20	31	#
1673	562042	5	24	27	#
1674	557844	0	2	22	#
1675	239555	8	16	25	#
1676	881811	0	4	20	#
1677	683298	10	14	24	#
1678	986554	3	7	13	#
1679	568661	21	25	31	#
1680	963066	0	2	26	#
1681	943280	1	27	30	#
1682	213929	9	14	30	#
1683	859668	1	4	20	#
1684	82692	3	26	29	#
1685	913355	12	19	30	#
1686	801277	1	13	19	#
1687	592217	7	17	18	#
1688	218859	17	22	29	#
1689	401629	5	11	21	#
1690	636519	3	6	28	#
1691	884454	15	16	30	#
1692	841493	8	27	30	#
1693	44520	6	10	17	#
1694	752687	2	5	30	#
1695	562441	8	12	26	#
1696	536765	6	12	27	#
1697	993433	17	22	30	#
1698	681470	7	13	29	#
1699	763717	6	14	30	#
1700	442290	2	13	21	#
1701	986357	7	10	20	#
1702	553147	6	16	24	#
1703	516876	0	11	25	#
1704	622456	9	13	23	#
1705	976885	8	12	28	#
1706	106999	6	20	30	#
1707	652221	24	29	31	#
1708	480296	5	26	27	#
1709	787496	9	10	25	#
1710	76024	7	9	23	#
1711	766700	16	18	21	#
1712	631354	1	3	27	#
1713	476558	0	5	18	#
1714	723568	4	15	19	#
1715	776965	2	18	27	#
1716	777009	10	12	19	#
1717	277267	3	11	24	#
1718	352131	18	28	31	#
1719	477108	0	17	30	#
1720	93488	1	11	23	#
1721	808853	6	11	20	#
1722	794982	0	23	27	#
1723	708639	10	16	31	#
1724	870126	12	13	31	#
1725	698339	3	8	23	#
1726	437621	12	14	24	#
1727	855005	12	15	22	#
1728	766635	10	11	29	#
1729	839213	4	8	28	#
1730	335083	4	7	14	#
1731	982826	17	22	31	#
1732	188922	4	10	13	#
1733	242710	4	14	17	#
1734	874939	5	20	30	#
1735	537818	10	18	26	#
1736	681074	4	19	24	#
1737	754516	5	8	28	#
1738	643504	6	27	30	#
1739	565251	24	26	30	#
1740	279883	9	21	28	#
1741	775987	2	12	22	#
1742	755953	2	5	21	#
1743	90929	1	2	22	#
1744	573829	12	13	27	#
1745	913854	10	28	30	#
1746	461522	0	1	18	#
1747	176745	1	18	28	#
1748	662702	9	18	26	#
1749	867737	2	14	29	#
1750	453815	1	10	14	#
1751	937569	7	16	30	#
1752	999689	6	8	16	#
1753	298758	7	13	20	#
1754	734039	4	24	27	#
1755	971108	0	13	27	#
1756	17097	9	22	30	#
1757	438825	7	19	28	#
1758	611625	7	20	31	#
1759	908454	8	14	17	#
1760	365027	21	29	30	#
1761	231789	4	7	23	#
1762	744657	6	8	30	#
1763	397933	6	23	24	#
1764	455603	3	13	19	#
1765	34315	14	23	27	#
1766	836614	3	15	29	#
1767	34855	16	17	29	#
1768	418833	16	20	22	#
1769	288207	1	18	25	#
1770	835448	17	18	24	#
1771	972112	16	20	30	#
1772	770600	10	24	30	#
1773	724074	12	20	21	#
1774	288029	12	19	22	#
1775	353805	8	17	30	#
1776	625983	0	17	20	#
1777	722199	1	6	12	#
1778	619574	6	8	29	#
1779	274860	12	13	15	#
1780	301763	0	3	25	#
1781	508441	10	15	19	#
1782	831663	6	8	13	#
1783	468203	3	9	31	#
1784	22786	14	16	26	#
1785	979438	1	15	22	#
1786	711719	1	9	13	#
1787	774983	5	22	27	#
1788	392591	11	14	15	#
1789	836442	7	14	28	#
1790	820055	4	16	28	#
1791	811911	2	9	26	#
1792	607207	11	12	31	#
1793	731637	10	12	20	#
1794	849478	8	30	31	#
1795	773243	11	22	31	#
1796	701461	7	12	19	#
1797	822049	15	16	21	#
1798	596500	14	21	23	#
1799	899401	5	19	26	#
1800	749541	22	24	26	#
1801	472365	3	6	13	#
1802	956501	13	27	28	#
1803	318977	6	20	25	#
1804	206863	8	23	28	#
1805	81440	6	16	21	#
1806	818501	0	2	23	#
1807	919496	1	23	27	#
1808	688163	8	14	21	#
1809	860289	9	18	21	#
1810	470450	2	6	25	#
1811	642670	7	8	22	#
1812	432924	1	9	11	#
1813	295136	25	30	31	#
1814	465405	18	23	31	#
1815	304325	0	4	7	#
1816	378475	12	19	25	#
1817	774800	13	25	31	#
1818	492077	3	8	12	#
1819	901951	15	17	27	#
1820	810747	8	11	12	#
1821	891814	7	21	24	#
1822	701329	8	11	29	#
1823	633292	0	8	21	#
1824	434122	6	9	26	#
1825	50512	4	29	30	#
1826	481811	16	28	31	#
1827	926531	0	16	23	#
1828	918987	11	15	25	#
1829	15942	14	19	26	#
1830	301625	9	10	26	#
1831	806697	13	15	18	#
1832	848485	11	18	24	#
1833	838350	17	24	29	#
1834	730118	20	23	30	#
1835	128038	3	14	27	#
1836	579892	1	14	28	#
1837	321577	22	26	27	#
1838	319507	13	19	21	#
1839	970215	7	25	30	#
1840	620486	4	11	22	#
1841	110330	7	10	30	#
1842	148430	7	13	23	#
1843	185805	21	25	30	#
1844	337474	10	12	26	#
1845	985982	9	10	29	#
1846	245915	13	18	26	#
1847	96265	3	27	29	#
1848	574574	8	12	15	#
1849	291150	16	21	29	#
1850	70514	6	26	31	#
1851	71483	14	15	31	#
1852	969792	1	4	9	#
1853	68286	1	5	29	#
1854	339619	3	11	27	#
1855	658983	11	15	18	#
1856	562723	0	4	15	#
1857	871443	22	23	30	#
1858	740559	5	8	20	#
1859	150998	24	27	29	#
1860	22207	5	6	23	#
1861	698862	1	22	27	#
1862	890972	18	26	30	#
1863	809566	1	2	26	#
1864	40542	4	6	30	#
1865	994003	1	6	29	#
1866	522871	0	17	25	#
1867	193582	1	3	18	#
1868	534469	7	14	23	#
1869	484341	0	14	17	#
1870	319868	2	14	21	#
1871	467031	16	17	19	#
1872	437825	7	24	31	#
1873	750671	19	26	27	#
1874	844919	0	9	21	#
1875	755432	1	11	25	#
1876	690726	2	11	31	#
1877	30484	0	20	28	#
1878	470900	18	21	23	#
1879	139194	12	26	29	#
1880	253846	3	6	29	#
1881	308401	1	8	27	#
1882	489580	5	8	12	#
1883	285772	5	15	30	#
1884	438848	0	12	28	#
1885	971010	7	9	10	#
1886	214906	2	25	26	#
1887	290601	2	4	31	#
1888	799298	10	13	26	#
1889	767784	2	5	7	#
1890	121952	12	14	17	#
1891	896399	15	16	31	#
1892	771698	1	4	13	#
1893	876808	16	19	22	#
1894	265466	7	9	30	#
1895	444778	7	16	31	#
1896	481668	5	6	16	#
1897	490765	13	19	22	#
1898	941608	17	25	26	#
1899	504637	6	20	21	#
1900	157984	19	22	27	#
1901	914638	7	9	22	#
1902	547197	1	15	23	#
1903	356886	1	3	6	#
1904	542762	5	11	16	#
1905	699089	3	10	19	#
1906	195941	4	6	10	#
1907	806159	1	5	23	#
1908	916857	2	7	14	#
1909	252899	7	15	22	#
1910	863701	6	24	31	#
1911	958007	5	17	29	#
1912	659541	17	29	30	#
1913	986216	3	4	7	#
1914	985965	11	18	22	#
1915	969421	0	20	31	#
1916	488200	4	6	21	#
1917	215561	2	14	23	#
1918	567921	7	17	27	#
1919	810296	2	3	7	#
1920	683962	17	20	28	#
1921	212467	3	14	15	#
1922	80816	5	19	30	#
1923	315374	7	12	22	#
1924	768912	7	8	21	#
1925	975334	3	13	16	#
1926	706820	10	11	25	#
1927	465669	2	8	25	#
1928	136983	1	17	21	#
1929	499567	0	1	9	#
1930	950795	0	5	15	#
1931	628861	6	7	13	#
1932	162366	8	17	26	#
1933	285378	5	11	12	#
1934	235554	18	20	25	#
1935	967791	1	20	26	#
1936	516446	2	13	14	#
1937	53936	4	10	14	#
1938	358353	8	21	27	#
1939	268204	7	14	30	#
1940	89510	4	12	30	#
1941	835170	16	27	31	#
1942	593845	0	10	18	#
1943	851698	1	15	18	#
1944	909481	3	7	19	#
1945	570141	3	9	19	#
1946	456777	5	13	24	#
1947	681451	3	13	25	#
1948	29494	4	14	19	#
1949	865091	16	23	31	#
1950	999055	4	9	11	#
1951	296285	2	9	14	#
1952	983815	1	27	28	#
1953	690984	9	24	29	#
1954	792278	2	16	25	#
1955	646849	8	10	25	#
1956	872558	0	9	23	#
1957	160880	11	19	30	#
1958	460940	0	10	25	#
1959	899165	0	17	18	#
1960	717218	11	28	31	#
1961	893218	7	10	22	#
1962	893708	1	8	31	#
1963	589539	4	7	31	#
1964	371997	8	15	25	#
1965	441479	3	7	14	#
1966	257437	10	19	27	#
1967	280737	8	10	26	#
1968	424914	24	27	31	#
1969	617226	0	4	13	#
1970	664805	6	7	24	#
1971	678679	8	16	26	#
1972	898092	22	25	26	#
1973	307921	6	13	14	#
1974	762234	4	18	20	#
1975	752092	1	8	22	#
1976	367848	13	18	20	#
1977	861272	8	15	29	#
1978	471287	2	4	26	#
1979	986464	16	27	28	#
1980	333425	7	21	25	#
1981	563845	0	2	10	#
1982	968722	6	8	26	#
1983	180402	7	22	25	#
1984	99654	8	10	30	#
1985	426344	11	13	15	#
1986	677368	11	14	16	#
1987	290825	3	6	11	#
1988	741130	4	17	21	#
1989	210376	12	26	30	#
1990	881829	0	9	17	#
1991	399231	16	21	22	#
1992	728879	9	23	26	#
1993	283411	14	16	21	#
1994	38979	13	23	24	#
1995	796373	12	16	20	#
1996	138572	9	25	31	#
1997	397462	3	9	15	#
1998	420370	0	16	27	#
1999	358298	11	12	15	#
2000	543969	26	29	30	#
2001	396646	12	20	25	#
2002	284665	18	20	21	#
2003	751265	3	17	28	#
2004	512508	0	2	20	#
2005	948083	8	11	16	#
2006	805969	0	2	5	#
2007	792085	13	23	30	#
2008	273742	8	21	28	#
2009	970917	3	4	30	#
2010	480490	3	10	23	#
2011	639585	19	21	25	#
2012	116634	4	12	25	#
2013	296769	10	18	19	#
2014	919643	6	10	15	#
2015	898318	4	16	31	#
2016	657846	11	22	26	#
2017	155848	3	20	23	#
2018	806852	2	15	25	#
2019	536360	17	25	27	#
2020	544466	1	8	12	#
2021	732397	5	13	21	#
2022	998498	12	17	26	#
2023	455067	0	11	23	#
2024	939010	3	14	19	#
2025	327287	6	19	29	#
2026	821897	0	5	20	#
2027	932849	21	25	27	#
2028	501339	4	5	25	#
2029	800986	3	17	25	#
2030	273469	7	12	14	#
2031	923335	3	9	18	#
2032	545472	9	11	28	#
2033	745173	12	14	19	#
2034	846354	17	20	29	#
2035	767386	13	22	23	#
2036	598306	4	20	21	#
2037	589534	20	21	23	#
2038	728283	3	19	31	#
2039	792635	4	7	30	#
2040	898226	8	17	27	#
2041	101515	7	9	28	#
2042	723402	14	24	31	#
2043	681431	13	17	30	#
2044	183536	4	25	31	#
2045	624727	15	21	24	#
2046	127410	7	21	22	#
2047	759678	8	26	29	#
2048	20905	3	5	29	#
2049	65268	7	8	13	#
2050	398206	5	7	22	#
2051	767196	1	2	10	#
2052	721769	8	12	27	#
2053	417493	3	5	10	#
2054	145871	2	4	10	#
2055	476532	10	20	23	#
2056	725741	3	13	20	#
2057	615135	3	13	21	#
2058	125713	20	22	31	#
2059	271198	1	2	23	#
2060	174410	7	9	13	#
2061	864638	18	22	24	#
2062	223859	2	6	31	#
2063	635105	23	24	31	#
2064	560697	13	22	28	#
2065	868605	18	19	21	#
2066	357483	7	15	29	#
2067	736349	5	12	24	#
2068	719252	2	3	25	#
2069	988872	6	7	8	#
2070	152595	22	25	27	#
2071	975822	5	6	17	#
2072	870141	1	8	17	#
2073	982801	13	21	27	#
2074	657320	0	5	17	#
2075	483899	14	20	28	#
2076	133659	2	3	15	#
2077	621931	1	7	30	#
2078	489362	1	22	28	#
2079	710955	3	5	26	#
2080	97953	6	22	24	#
2081	77744	11	21	22	#
2082	273654	9	19	28	#
2083	970312	1	2	11	#
2084	808975	0	24	25	#
2085	769934	7	24	29	#
2086	311481	5	13	28	#
2087	972900	2	4	30	#
2088	597808	1	9	23	#
2089	382544	4	13	21	#
2090	46938	0	7	11	#
2091	545302	5	10	15	#
2092	502964	7	19	22	#
2093	914361	3	16	20	#
2094	887254	2	14	19	#
2095	269441	14	20	31	#
2096	810464	16	30	31	#
2097	146533	13	17	29	#
2098	450385	6	18	30	#
2099	934636	13	20	29	#
2100	467323	1	24	31	#
2101	174875	8	10	16	#
2102	515627	0	9	12	#
2103	616281	14	21	30	#
2104	521606	8	13	16	#
2105	583408	1	6	30	#
2106	811415	2	14	31	#
2107	251026	0	29	31	#
2108	956416	1	23	24	#
2109	618886	0	12	16	#
2110	872370	7	14	22	#
2111	792402	3	11	16	#
2112	671776	3	6	8	#
2113	407859	9	21	27	#
2114	98645	5	15	21	#
2115	755893	10	21	29	#
2116	484394	11	22	28	#
2117	763277	1	3	31	#
2118	724424	1	17	23	#
2119	652076	2	25	27	#
2120	96792	6	16	31	#
2121	794445	1	13	29	#
2122	636881	6	12	31	#
2123	893276	1	18	23	#
2124	141752	6	19	30	#
2125	511044	8	28	31	#
2126	535514	14	16	23	#
2127	93803	3	13	18	#
2128	731115	0	27	29	#
2129	723552	1	13	27	#
2130	948204	4	20	24	#
2131	31413	2	23	24	#
2132	777073	0	1	23	#
2133	997901	25	29	31	#
2134	732564	4	14	22	#
2135	163748	13	16	28	#
2136	855947	9	12	18	#
2137	253124	10	14	27	#
2138	966786	0	20	21	#
2139	243467	4	11	28	#
2140	872576	10	14	21	#
2141	231044	13	21	31	#
2142	825108	7	14	27	#
2143	200604	6	25	27	#
2144	144248	9	15	22	#
2145	243529	14	26	31	#
2146	758482	1	8	18	#
2147	976355	4	7	16	#
2148	301498	0	6	24	#
2149	917390	21	24	29	#
2150	544735	6	14	17	#
2151	801144	14	19	31	#
2152	69010	1	23	28	#
2153	750809	0	7	31	#
2154	366019	5	10	30	#
2155	960084	1	13	24	#
2156	20773	6	10	24	#
2157	428485	6	15	31	#
2158	783956	13	24	25	#
2159	817269	5	6	9	#
2160	535849	11	13	21	#
2161	144045	3	11	20	#
2162	318757	13	16	17	#
2163	809552	1	15	30	#
2164	631618	1	5	14	#
2165	551061	0	10	28	#
2166	38046	7	30	31	#
2167	982326	5	8	26	#
2168	273785	15	27	31	#
2169	888908	3	28	31	#
2170	981254	6	21	29	#
2171	672115	5	6	20	#
2172	523377	5	25	29	#
2173	1224	4	24	28	#
2174	117438	1	14	16	#
2175	78835	3	5	28	#
2176	470816	1	12	21	#
2177	677370	13	14	28	#
2178	555045	0	4	5	#
2179	567979	1	13	20	#
2180	791901	0	7	16	#
2181	880952	5	6	31	#
2182	804029	5	13	22	#
2183	304425	2	25	30	#
2184	609172	3	18	26	#
2185	830556	11	30	31	#
2186	283858	4	16	26	#
2187	722608	10	25	29	#
2188	741204	14	20	26	#
2189	957535	10	21	26	#
2190	327378	9	18	28	#
2191	226606	0	11	28	#
2192	666230	4	14	29	#
2193	369665	6	7	14	#
2194	324357	6	12	13	#
2195	880780	0	7	26	#
2196	147975	4	12	17	#
2197	306017	5	8	29	#
2198	694714	10	12	16	#
2199	806743	16	24	31	#
2200	717476	7	23	27	#
2201	270360	14	20	25	#
2202	158447	10	23	25	#
2203	884080	0	11	15	#
2204	427743	12	22	31	#
2205	20706	8	22	26	#
2206	279831	11	13	22	#
2207	231171	1	2	6	#
2208	740621	21	22	27	#
2209	228345	0	8	24	#
2210	614340	9	12	17	#
2211	375669	0	24	31	#
2212	556410	7	21	27	#
2213	480372	8	12	16	#
2214	858680	2	11	17	#
2215	590794	3	14	17	#
2216	653211	11	20	28	#
2217	831911	5	15	22	#
2218	926215	10	16	26	#
2219	564889	1	10	30	#
2220	890642	0	12	20	#
2221	333975	17	21	26	#
2222	893420	13	14	15	#
2223	752745	6	11	12	#
2224	590444	17	28	29	#
2225	691938	11	19	31	#
2226	653300	3	21	28	#
2227	55880	18	23	25	#
2228	396769	4	13	20	#
2229	104039	4	16	25	#
2230	71083	0	1	8	#
2231	62874	3	4	5	#
2232	737330	13	21	26	#
2233	799079	6	20	24	#
2234	784071	2	5	12	#
2235	581657	10	24	25	#
2236	440903	1	8	20	#
2237	223353	0	21	23	#
2238	50259	2	8	11	#
2239	935895	0	3	8	#
2240	567110	6	18	23	#
2241	572674	10	17	21	#
2242	651412	8	25	29	#
2243	771137	4	14	26	#
2244	220233	4	8	14	#
2245	820956	3	25	31	#
2246	962471	4	12	29	#
2247	584100	0	14	16	#
2248	901930	1	3	14	#
2249	209204	4	8	16	#
2250	756077	16	22	30	#
2251	692271	20	22	24	#
2252	6214	5	7	29	#
2253	490827	2	14	22	#
2254	96969	1	21	29	#
2255	973042	1	5	10	#
2256	418031	6	9	17	#
2257	393727	12	20	29	#
2258	905085	6	18	21	#
2259	22672	9	19	20	#
2260	382611	4	6	20	#
2261	613315	1	8	10	#
2262	911640	1	5	18	#
2263	489429	7	11	25	#
2264	687463	10	14	18	#
2265	692003	1	10	18	#
2266	487084	0	2	17	#
2267	658891	2	7	29	#
2268	979688	1	4	25	#
2269	312963	8	19	26	#
2270	706640	19	20	27	#
2271	116029	9	23	27	#
2272	584809	6	18	27	#
2273	835367	0	1	24	#
2274	930803	9	18	20	#
2275	773738	4	5	20	#
2276	32956	5	11	31	#
2277	912585	3	18	29	#
2278	512218	1	10	12	#
2279	40346	0	8	27	#
2280	947497	14	22	25	#
2281	841286	8	10	20	#
2282	994946	0	8	10	#
2283	437829	12	13	29	#
2284	390968	14	21	27	#
2285	215623	2	4	18	#
2286	661746	6	13	29	#
2287	159657	13	21	22	#
2288	849420	3	13	31	#
2289	448880	4	6	19	#
2290	826997	4	20	29	#
2291	686723	13	15	24	#
2292	960678	3	11	15	#
2293	453003	14	15	29	#
2294	175910	16	20	21	#
2295	251671	0	3	18	#
2296	488143	1	7	16	#
2297	609319	2	3	19	#
2298	554485	4	10	29	#
2299	849095	7	10	17	#
2300	166103	11	13	25	#
2301	659053	2	18	30	#
2302	100432	7	29	31	#
2303	87936	5	21	30	#
2304	374924	2	4	15	#
2305	424468	1	17	26	#
2306	958319	3	10	24	#
2307	651817	1	7	26	#
2308	887698	4	27	31	#
2309	775636	2	12	16	#
2310	951675	0	18	25	#
2311	407468	3	4	15	#
2312	905300	9	17	29	#
2313	124868	16	24	25	#
2314	834379	4	5	18	#
2315	913262	18	23	30	#
2316	7765	17	22	25	#
2317	720750	1	10	15	#
2318	539264	6	14	20	#
2319	657317	12	18	28	#
2320	119362	7	13	30	#
2321	90981	0	5	6	#
2322	943733	14	17	22	#
2323	900263	1	13	22	#
2324	624509	1	2	18	#
2325	485312	10	12	24	#
2326	640403	1	9	12	#
2327	563629	7	23	25	#
2328	274627	13	15	30	#
2329	824435	8	10	29	#
2330	424034	6	18	20	#
2331	555071	1	5	30	#
2332	805511	0	5	26	#
2333	841072	5	12	30	#
2334	246570	1	2	15	#
2335	710670	11	13	29	#
2336	100800	18	19	20	#
2337	950607	6	13	25	#
2338	597924	3	26	31	#
2339	14452	8	17	24	#
2340	348640	5	14	17	#
2341	315921	14	16	25	#
2342	322618	11	16	26	#
2343	200861	3	20	26	#
2344	21763	6	25	26	#
2345	281641	5	16	20	#
2346	602651	8	13	17	#
2347	549389	22	27	30	#
2348	193973	1	14	15	#
2349	592686	1	19	25	#
2350	331217	1	2	27	#
2351	962778	1	12	28	#
2352	218307	1	3	24	#
2353	526265	1	10	27	#
2354	665504	9	11	12	#
2355	967605	0	6	11	#
2356	587183	12	28	31	#
2357	146585	12	22	24	#
2358	510197	2	26	30	#
2359	762884	9	18	30	#
2360	757282	13	14	26	#
2361	176747	10	19	20	#
2362	715607	0	18	29	#
2363	656202	0	6	15	#
2364	53980	5	11	27	#
2365	449370	8	10	31	#
2366	636182	4	9	25	#
2367	898755	7	14	15	#
2368	754085	14	20	30	#
2369	787867	2	12	23	#
2370	60029	5	9	14	#
2371	314	16	18	24	#
2372	314313	4	15	23	#
2373	532936	0	12	25	#
2374	950370	2	18	22	#
2375	106451	17	19	25	#
2376	164058	5	6	28	#
2377	493971	7	14	24	#
2378	909456	4	7	15	#
2379	899845	2	7	13	#
2380	123314	9	14	24	#
2381	899241	8	9	17	#
2382	200032	11	13	26	#
2383	432154	2	3	24	#
2384	180735	4	10	18	#
2385	67617	0	16	22	#
2386	327872	15	16	18	#
2387	446151	13	15	21	#
2388	296488	16	19	26	#
2389	910717	9	12	27	#
2390	213731	4	18	25	#
2391	828729	14	24	30	#
2392	738174	4	22	29	#
2393	998769	14	16	28	#
2394	890376	9	10	13	#
2395	987146	24	26	29	#
2396	867031	14	18	21	#
2397	489805	2	18	21	#
2398	845016	16	25	26	#
2399	603976	7	17	26	#
2400	694639	5	23	30	#
2401	176540	12	17	19	#
2402	320031	12	20	28	#
2403	56746	2	24	27	#
2404	87551	6	15	24	#
2405	391689	0	13	30	#
2406	685754	6	15	19	#
2407	781813	8	21	22	#
2408	410137	1	9	26	#
2409	486732	2	20	22	#
2410	795661	4	23	25	#
2411	439933	8	13	30	#
2412	816516	0	18	21	#
2413	163723	0	6	14	#
2414	350514	1	24	29	#
2415	666652	0	1	2	#
2416	565546	18	23	24	#
2417	930420	20	21	31	#
2418	655459	13	14	31	#
2419	67842	2	10	30	#
2420	980102	12	15	28	#
2421	806688	15	22	24	#
2422	295342	17	24	28	#
2423	938315	5	15	24	#
2424	309050	15	19	29	#
2425	644254	6	26	27	#
2426	445087	4	15	21	#
2427	627579	26	27	28	#
2428	963432	6	24	30	#
2429	893197	7	10	15	#
2430	916630	13	17	20	#
2431	866922	14	21	25	#
2432	802550	1	5	20	#
2433	703162	7	13	25	#
2434	669891	3	24	27	#
2435	903838	3	8	31	#
2436	177093	5	6	27	#
2437	978716	13	23	28	#
2438	338974	14	17	23	#
2439	640432	8	14	25	#
2440	809445	9	16	22	#
2441	942995	15	19	31	#
2442	471820	1	5	12	#
2443	439713	3	17	20	#
2444	263053	4	9	12	#
2445	585188	3	17	22	#
2446	282895	10	23	24	#
2447	477866	5	13	27	#
2448	138571	8	22	28	#
2449	627654	0	18	28	#
2450	974868	16	17	25	#
2451	518949	1	11	19	#
2452	939819	1	14	31	#
2453	875582	1	21	24	#
2454	937557	8	14	24	#
2455	971991	0	6	10	#
2456	697602	16	18	29	#
2457	913420	12	28	29	#
2458	434649	3	13	26	#
2459	487417	14	16	29	#
2460	551846	6	11	31	#
2461	896177	13	15	16	#
2462	198441	14	22	31	#
2463	733570	2	9	25	#
2464	640750	4	9	21	#
2465	697845	7	21	23	#
2466	421036	11	12	27	#
2467	975593	7	13	26	#
2468	708758	0	7	23	#
2469	144083	3	5	17	#
2470	584314	2	9	22	#
2471	905857	19	21	29	#
2472	904	2	13	30	#
2473	725907	4	23	27	#
2474	944890	6	16	26	#
2475	445307	10	22	25	#
2476	855152	1	12	15	#
2477	321584	16	21	31	#
2478	586940	13	22	31	#
2479	23531	10	19	24	#
2480	313292	3	7	27	#
2481	434154	8	17	21	#
2482	683481	9	22	27	#
2483	646878	19	21	27	#
2484	801683	10	27	31	#
2485	103020	0	4	17	#
2486	93026	1	6	22	#
2487	448420	3	20	28	#
2488	429785	3	8	13	#
2489	641674	0	22	29	#
2490	466294	2	4	23	#
2491	693358	0	15	20	#
2492	795290	1	2	21	#
2493	73433	2	7	27	#
2494	507516	18	22	31	#
2495	584690	2	6	29	#
2496	378350	4	8	25	#
2497	314323	3	4	18	#
2498	612477	3	17	27	#
2499	937905	15	27	30	#
2500	864686	8	10	21	#
2501	459517	7	13	21	#
2502	926616	5	9	17	#
2503	716090	1	6	26	#
2504	748430	1	13	18	#
2505	879799	11	17	26	#
2506	198424	12	16	27	#
2507	767490	10	19	28	#
2508	769474	3	11	29	#
2509	103801	0	13	14	#
2510	924668	5	25	28	#
2511	445309	6	15	25	#
2512	430249	5	12	22	#
2513	340986	5	11	15	#
2514	604357	23	28	31	#
2515	491347	3	8	20	#
2516	451278	5	8	30	#
2517	791664	1	5	25	#
2518	972227	7	16	20	#
2519	723318	11	16	28	#
2520	431483	1	16	27	#
2521	981283	9	14	15	#
2522	255169	6	29	31	#
2523	965579	4	9	30	#
2524	21789	13	14	22	#
2525	978976	9	13	17	#
2526	14695	11	12	28	#
2527	148480	4	7	21	#
2528	812848	11	19	25	#
2529	465420	5	6	21	#
2530	158199	2	6	10	#
2531	922254	18	24	31	#
2532	165246	9	13	28	#
2533	727721	15	23	29	#
2534	542494	6	7	15	#
2535	667330	3	7	28	#
2536	363591	1	3	16	#
2537	376955	8	11	27	#
2538	421851	0	3	12	#
2539	547605	6	17	21	#
2540	826657	13	15	28	#
2541	561574	4	10	12	#
2542	763697	1	11	26	#
2543	663175	0	12	18	#
2544	776134	5	27	29	#
2545	317069	4	9	10	#
2546	324740	4	14	15	#
2547	785072	0	17	29	#
2548	38695	9	21	25	#
2549	394568	2	20	25	#
2550	853487	8	11	24	#
2551	693613	12	15	17	#
2552	137571	1	8	30	#
2553	459253	0	5	28	#
2554	634259	22	28	31	#
2555	710423	18	24	26	#
2556	14389	7	8	10	#
2557	540239	10	19	25	#
2558	988129	4	17	28	#
2559	946577	5	8	27	#
2560	676339	11	19	28	#
2561	629898	6	16	20	#
2562	816775	9	15	20	#
2563	809895	6	8	20	#
2564	893216	11	15	31	#
2565	163647	4	12	20	#
2566	589810	2	4	24	#
2567	70103	13	25	30	#
2568	404750	9	23	31	#
2569	945662	0	8	9	#
2570	567488	3	5	13	#
2571	596642	0	18	27	#
2572	570529	9	15	24	#
2573	844026	14	26	27	#
2574	32105	3	24	26	#
2575	963907	6	19	20	#
2576	209294	9	10	24	#
2577	239458	16	21	23	#
2578	391920	1	25	31	#
2579	645779	8	18	31	#
2580	18449	10	22	28	#
2581	533107	1	21	25	#
2582	827834	2	9	16	#
2583	768208	3	5	22	#
2584	343955	7	9	25	#
2585	521373	9	12	30	#
2586	951300	10	12	25	#
2587	180727	7	11	20	#
2588	92627	13	14	24	#
2589	338687	6	12	24	#
2590	403175	3	25	29	#
2591	86532	10	14	26	#
2592	59716	18	19	24	#
2593	512759	19	28	30	#
2594	41438	16	20	23	#
2595	291738	5	19	29	#
2596	293928	3	7	21	#
2597	585584	1	18	19	#
2598	809935	5	6	7	#
2599	771566	21	28	30	#
2600	560274	2	5	20	#
2601	568637	3	16	17	#
2602	852003	2	17	30	#
2603	691970	7	13	22	#
2604	373636	25	26	31	#
2605	690161	5	20	23	#
2606	604340	2	16	22	#
2607	847608	0	13	26	#
2608	897445	4	14	18	#
2609	969397	11	17	18	#
2610	212921	12	24	27	#
2611	930801	2	16	18	#
2612	754181	3	15	16	#
2613	7378	22	30	31	#
2614	299146	0	7	8	#
2615	634214	2	7	17	#
2616	246615	5	13	18	#
2617	887674	12	20	23	#
2618	6658	8	20	26	#
2619	984935	0	22	25	#
2620	961942	5	21	23	#
2621	995389	9	18	22	#
2622	848091	4	16	20	#
2623	25687	7	24	26	#
2624	274073	4	5	16	#
2625	8034	4	9	28	#
2626	597223	1	4	11	#
2627	703147	11	21	26	#
2628	635999	6	8	24	#
2629	321422	4	8	26	#
2630	978901	3	19	24	#
2631	732525	1	14	19	#
2632	426730	13	17	27	#
2633	732952	6	22	28	#
2634	831140	3	12	30	#
2635	934164	2	5	25	#
2636	415014	3	13	30	#
2637	412822	5	7	11	#
2638	46064	5	15	17	#
2639	47403	5	25	31	#
2640	940489	11	24	27	#
2641	200515	9	10	19	#
2642	542767	2	3	14	#
2643	880091	16	20	24	#
2644	351306	13	16	30	#
2645	119953	3	11	13	#
2646	512624	4	6	25	#
2647	700641	4	13	14	#
2648	556862	4	7	25	#
2649	681275	3	15	31	#
2650	866305	5	18	31	#
2651	677348	6	13	28	#
2652	515790	12	18	21	#
2653	976643	16	17	23	#
2654	735190	10	15	21	#
2655	798216	11	12	18	#
2656	357424	5	16	25	#
2657	348365	1	11	21	#
2658	134184	10	17	20	#
2659	729780	10	16	21	#
2660	826615	5	9	22	#
2661	334837	3	11	14	#
2662	793114	0	26	28	#
2663	232700	0	2	3	#
2664	12531	4	5	12	#
2665	40507	3	12	19	#
2666	890007	19	21	22	#
2667	994001	7	18	20	#
2668	139902	14	23	29	#
2669	738051	4	8	19	#
2670	71238	14	15	24	#
2671	234040	17	18	30	#
2672	148007	6	11	27	#
2673	34162	2	17	20	#
2674	618553	6	9	24	#
2675	771983	12	13	23	#
2676	929353	6	15	16	#
2677	910288	9	13	31	#
2678	811058	4	19	29	#
2679	79666	13	16	25	#
2680	469411	2	18	24	#
2681	242081	6	20	26	#
2682	840101	8	13	22	#
2683	274003	17	27	31	#
2684	277854	3	13	29	#
2685	939356	0	4	29	#
2686	411044	12	17	24	#
2687	327363	5	22	23	#
2688	752198	3	11	18	#
2689	530486	0	15	16	#
2690	698609	4	26	29	#
2691	355373	0	2	21	#
2692	731617	10	11	23	#
2693	286059	15	23	24	#
2694	869905	0	4	18	#
2695	765200	21	24	31	#
2696	958605	0	12	27	#
2697	870970	5	9	31	#
2698	215436	8	16	31	#
2699	140139	2	20	24	#
2700	261252	13	21	24	#
2701	516034	10	16	23	#
2702	398272	9	17	20	#
2703	77206	1	3	22	#
2704	598646	3	4	23	#
2705	475347	7	11	29	#
2706	704672	19	27	28	#
2707	237120	9	24	31	#
2708	416572	4	9	14	#
2709	799056	2	22	29	#
2710	855692	7	18	19	#
2711	77445	4	20	27	#
2712	231482	10	21	31	#
2713	656459	5	11	13	#
2714	802656	4	9	16	#
2715	567135	27	28	31	#
2716	968907	4	18	23	#
2717	594831	9	23	29	#
2718	853582	7	19	26	#
2719	845015	6	7	26	#
2720	549964	10	11	22	#
2721	312532	6	13	20	#
2722	774598	25	26	29	#
2723	190942	4	10	28	#
2724	369815	0	12	22	#
2725	502142	0	5	23	#
2726	896473	6	13	18	#
2727	911531	11	17	22	#
2728	411138	5	9	20	#
2729	751964	2	8	14	#
2730	628444	15	20	25	#
2731	594062	3	10	27	#
2732	338957	3	5	30	#
2733	346603	25	26	30	#
2734	647201	16	20	26	#
2735	564484	9	16	30	#
2736	807431	16	18	28	#
2737	877702	17	20	23	#
2738	990341	5	27	31	#
2739	371556	2	13	28	#
2740	537737	7	10	13	#
2741	145244	3	14	29	#
2742	55860	2	21	31	#
2743	836131	14	18	22	#
2744	903917	12	17	18	#
2745	686701	4	9	23	#
2746	368224	10	17	31	#
2747	754992	15	20	28	#
2748	893356	2	15	27	#
2749	365177	7	20	25	#
2750	330304	0	15	31	#
2751	662053	3	21	25	#
2752	280335	6	15	20	#
2753	122795	15	17	31	#
2754	679011	17	21	28	#
2755	613954	2	10	21	#
2756	215930	9	17	21	#
2757	408974	24	27	30	#
2758	773394	3	5	27	#
2759	612179	5	18	28	#
2760	547081	8	11	26	#
2761	117848	10	18	23	#
2762	185344	1	25	29	#
2763	398676	14	27	30	#
2764	305390	7	26	31	#
2765	172086	1	2	7	#
2766	939009	17	20	30	#
2767	369639	2	4	7	#
2768	961716	8	9	26	#
2769	870580	14	16	24	#
2770	79440	0	9	10	#
2771	200407	10	18	27	#
2772	627256	1	9	22	#
2773	447692	20	27	28	#
2774	260961	8	21	23	#
2775	238692	2	20	21	#
2776	590188	6	20	23	#
2777	358136	6	10	23	#
2778	739192	5	22	29	#
2779	262781	0	20	27	#
2780	515016	12	22	28	#
2781	623075	1	14	17	#
2782	938856	5	21	28	#
2783	964162	9	21	30	#
2784	505580	20	23	25	#
2785	257148	2	5	26	#
2786	290871	5	21	22	#
2787	663198	2	18	26	#
2788	822636	1	12	29	#
2789	523808	5	30	31	#
2790	449328	0	17	26	#
2791	873990	7	15	21	#
2792	890958	11	21	25	#
2793	718081	3	20	22	#
2794	676259	15	22	25	#
2795	391600	2	6	11	#
2796	581258	0	25	30	#
2797	751260	3	16	25	#
2798	17379	4	8	27	#
2799	284120	10	11	21	#
2800	192233	10	21	25	#
2801	948176	19	22	30	#
2802	124490	12	21	28	#
2803	150054	3	21	24	#
2804	458584	7	29	30	#
2805	339135	2	11	30	#
2806	471320	3	25	26	#
2807	104631	11	22	27	#
2808	581685	0	20	30	#
2809	5239	12	17	27	#
2810	58483	0	7	17	#
2811	188836	5	21	25	#
2812	937612	3	9	14	#
2813	789183	9	25	29	#
2814	636912	9	23	30	#
2815	202565	16	19	21	#
2816	922351	1	2	4	#
2817	723618	1	17	27	#
2818	400525	17	19	24	#
2819	333723	2	4	8	#
2820	265096	10	25	31	#
2821	47551	6	13	24	#
2822	615006	4	17	20	#
2823	791820	1	7	11	#
2824	354875	3	27	30	#
2825	618595	1	22	24	#
2826	777922	9	12	29	#
2827	119816	8	20	29	#
2828	889430	6	22	29	#
2829	12429	0	14	22	#
2830	827566	4	11	16	#
2831	764060	2	17	22	#
2832	132091	7	8	18	#
2833	768062	5	18	21	#
2834	588466	6	17	26	#
2835	643751	19	21	31	#
2836	795333	2	6	23	#
2837	336352	14	24	27	#
2838	236283	2	6	26	#
2839	38353	8	14	15	#
2840	523611	9	12	15	#
2841	626044	10	13	20	#
2842	464819	17	27	29	#
2843	983317	4	10	30	#
2844	944816	1	14	18	#
2845	314514	13	21	23	#
2846	331239	5	8	14	#
2847	806781	8	10	12	#
2848	225012	0	7	14	#
2849	670366	8	21	25	#
2850	989543	23	29	31	#
2851	53226	16	25	29	#
2852	395786	19	23	26	#
2853	452007	9	15	29	#
2854	559651	24	25	26	#
2855	103949	9	27	30	#
2856	937618	2	19	30	#
2857	873055	27	30	31	#
2858	755504	13	14	18	#
2859	260491	4	6	13	#
2860	817514	4	6	22	#
2861	520494	7	11	26	#
2862	526111	17	21	22	#
2863	658241	2	22	27	#
2864	119847	12	25	30	#
2865	576868	15	26	27	#
2866	872428	1	4	23	#
2867	943590	2	5	16	#
2868	294144	3	9	16	#
2869	631275	8	13	20	#
2870	524537	0	3	22	#
2871	294087	3	18	30	#
2872	570450	15	18	22	#
2873	186123	2	7	21	#
2874	242291	4	12	19	#
2875	377217	1	17	29	#
2876	113029	4	9	17	#
2877	518904	11	13	16	#
2878	786320	7	11	15	#
2879	593378	11	13	19	#
2880	891330	21	24	30	#
2881	284738	8	15	23	#
2882	484217	12	25	26	#
2883	252604	4	14	25	#
2884	113022	9	17	23	#
2885	431952	9	21	29	#
2886	10718	3	6	27	#
2887	176722	0	3	9	#
2888	961787	8	17	28	#
2889	441692	2	9	23	#
2890	41856	2	10	13	#
2891	98964	9	10	14	#
2892	608871	10	11	14	#
2893	449486	12	24	28	#
2894	695200	9	13	18	#
2895	71256	7	27	31	#
2896	978376	3	23	25	#
2897	35762	10	14	17	#
2898	629140	2	18	25	#
2899	963435	16	27	29	#
2900	587943	4	6	11	#
2901	871424	17	23	27	#
2902	443584	1	2	12	#
2903	163928	3	9	20	#
2904	29664	4	13	16	#
2905	744743	19	28	29	#
2906	792530	13	23	29	#
2907	226389	11	14	24	#
2908	621384	0	13	21	#
2909	210870	8	9	18	#
2910	111201	6	7	31	#
2911	81285	10	13	18	#
2912	620681	26	27	29	#
2913	772570	6	20	22	#
2914	733352	1	4	10	#
2915	252510	0	4	21	#
2916	908034	4	16	24	#
2917	119184	4	7	24	#
2918	562182	4	12	28	#
2919	315185	1	20	31	#
2920	932552	2	28	29	#
2921	256760	7	16	19	#
2922	716790	11	14	21	#
2923	567819	5	14	30	#
2924	212901	2	14	18	#
2925	271627	1	10	24	#
2926	813602	13	19	28	#
2927	180066	9	30	31	#
2928	752090	9	14	28	#
2929	88898	2	10	23	#
2930	489486	4	18	28	#
2931	836821	0	10	12	#
2932	393069	0	26	31	#
2933	982920	0	27	28	#
2934	255044	2	11	23	#
2935	637194	9	19	25	#
2936	823756	0	1	21	#
2937	61949	13	19	31	#
2938	831180	5	10	20	#
2939	693705	0	29	30	#
2940	233815	2	10	28	#
2941	585784	2	11	21	#
2942	375301	1	22	25	#
2943	526853	9	12	13	#
2944	867212	0	10	30	#
2945	161689	2	6	9	#
2946	870959	0	17	21	#
2947	633730	9	16	21	#
2948	220679	6	15	23	#
2949	194592	7	14	19	#
2950	622214	1	16	18	#
2951	337668	5	11	22	#
2952	72464	7	9	27	#
2953	595375	4	19	27	#
2954	288931	8	19	31	#
2955	715810	3	6	15	#
2956	249281	16	17	27	#
2957	840066	14	15	16	#
2958	48899	15	18	23	#
2959	911344	2	15	23	#
2960	413899	17	25	28	#
2961	674129	6	22	30	#
2962	965714	18	25	31	#
2963	786975	20	26	27	#
2964	787998	0	13	17	#
2965	770067	3	10	20	#
2966	248436	23	24	27	#
2967	49830	10	15	31	#
2968	169920	7	24	28	#
2969	920477	2	10	14	#
2970	546430	8	29	31	#
2971	12082	0	6	28	#
2972	685485	3	12	14	#
2973	183962	12	26	27	#
2974	553784	1	4	6	#
2975	964322	3	25	28	#
2976	576468	10	22	30	#
2977	566765	4	5	24	#
2978	796520	13	25	26	#
2979	465969	5	24	28	#
2980	960270	13	14	23	#
2981	7780	14	24	29	#
2982	907913	10	12	23	#
2983	929415	10	13	28	#
2984	224890	14	22	23	#
2985	230705	2	5	31	#
2986	187443	6	10	14	#
2987	154982	0	2	12	#
2988	498182	0	7	22	#
2989	699440	12	14	16	#
2990	763229	0	19	22	#
2991	611018	6	9	21	#
2992	929891	14	26	28	#
2993	426774	7	10	24	#
2994	21165	18	25	27	#
2995	816107	16	19	20	#
2996	532851	2	21	22	#
2997	972739	11	15	21	#
2998	498923	13	18	30	#
2999	824539	15	19	24	#
