%% File generated by CATS v.2.1Tue Jun 25 15:35:48 2013

%% The CATS webpage is http://robotics.stanford.edu/CATS

%% PARAMETER SETTINGS:
% Goods: 32; Bids: 4000; Distribution: L3; Runs: 1; Seed: 1372199530
% Legacy distribution parameters:
% Number of goods chosen according to Constant distribution (const_goods = 3).
% Price chosen according to Fixed Random distribution (low_fixed = 0, high_fixed = 1000).


goods 32
bids 4000
dummy 0

0	844664	3	22	29	#
1	679138	3	18	31	#
2	950929	0	1	17	#
3	874867	9	19	27	#
4	192654	1	26	30	#
5	636764	6	11	18	#
6	858261	4	19	25	#
7	399703	12	19	20	#
8	115623	8	9	31	#
9	714093	21	25	28	#
10	845989	6	7	19	#
11	850961	12	14	15	#
12	953978	1	7	30	#
13	715351	15	21	23	#
14	988507	16	22	25	#
15	998457	3	27	31	#
16	778898	4	11	14	#
17	812492	11	12	16	#
18	516449	19	28	30	#
19	404600	19	22	30	#
20	826760	1	13	21	#
21	880187	18	22	26	#
22	569517	4	9	28	#
23	846199	7	9	12	#
24	599284	2	6	23	#
25	547762	12	19	26	#
26	583294	9	27	31	#
27	720745	2	3	10	#
28	944549	1	2	23	#
29	651732	7	26	29	#
30	778734	13	17	26	#
31	939768	2	27	28	#
32	927124	0	29	30	#
33	355067	1	12	21	#
34	873427	0	22	29	#
35	681411	13	24	30	#
36	736354	0	14	17	#
37	742544	2	28	29	#
38	734931	7	10	23	#
39	822448	13	18	21	#
40	793394	1	13	25	#
41	997501	16	25	28	#
42	532430	1	3	30	#
43	661293	10	19	22	#
44	791221	9	13	28	#
45	4302	25	28	31	#
46	975259	11	12	30	#
47	846688	0	8	31	#
48	917055	16	20	27	#
49	959815	5	12	15	#
50	920540	2	5	7	#
51	725340	2	25	30	#
52	687395	10	13	24	#
53	997420	0	4	29	#
54	930254	1	5	22	#
55	924131	8	17	23	#
56	583379	13	24	26	#
57	854763	2	20	24	#
58	825907	5	14	28	#
59	998751	22	29	30	#
60	570774	6	12	15	#
61	562919	12	17	27	#
62	747488	7	10	24	#
63	898540	8	10	18	#
64	992523	7	14	23	#
65	542396	17	21	31	#
66	192467	18	20	21	#
67	78072	11	13	30	#
68	644134	4	17	24	#
69	878975	7	14	17	#
70	927648	1	6	7	#
71	842897	6	8	26	#
72	766825	16	17	22	#
73	934368	8	9	26	#
74	850119	3	17	20	#
75	754072	9	21	31	#
76	910170	12	17	19	#
77	804636	8	22	24	#
78	909403	5	13	24	#
79	744504	9	10	16	#
80	960647	3	5	7	#
81	730077	2	4	8	#
82	944167	5	8	17	#
83	997394	9	29	30	#
84	180741	18	21	27	#
85	677701	0	21	25	#
86	879278	2	12	27	#
87	451111	1	4	11	#
88	944718	0	7	16	#
89	531405	13	20	29	#
90	820110	7	24	30	#
91	276327	0	3	10	#
92	753511	7	13	15	#
93	938718	5	17	27	#
94	873496	11	20	21	#
95	80011	19	26	28	#
96	586551	15	17	28	#
97	511236	5	22	23	#
98	571197	16	20	21	#
99	714306	1	3	18	#
100	922474	4	18	29	#
101	452145	8	12	27	#
102	993954	0	16	20	#
103	660490	2	7	26	#
104	817958	4	19	26	#
105	996840	2	4	9	#
106	793602	0	11	19	#
107	657323	12	19	31	#
108	588286	12	19	25	#
109	815490	0	4	10	#
110	391243	14	19	21	#
111	804025	13	21	27	#
112	882935	8	20	31	#
113	87280	5	24	28	#
114	547353	12	28	30	#
115	735496	0	16	21	#
116	711835	3	17	27	#
117	818181	1	3	17	#
118	783907	3	4	30	#
119	296868	3	10	25	#
120	878417	12	15	21	#
121	497184	12	18	22	#
122	625919	0	19	31	#
123	906396	11	22	26	#
124	858846	0	20	26	#
125	668549	13	14	27	#
126	831340	6	12	21	#
127	511659	1	2	25	#
128	588547	10	20	26	#
129	982445	0	13	19	#
130	869401	12	20	25	#
131	913089	1	6	14	#
132	774711	0	24	30	#
133	489486	15	16	22	#
134	891229	2	10	26	#
135	615496	0	26	31	#
136	431339	0	11	18	#
137	996723	0	2	26	#
138	525027	2	9	19	#
139	797023	9	17	31	#
140	859541	10	17	18	#
141	763270	9	18	21	#
142	600729	4	23	25	#
143	932888	11	13	20	#
144	525752	3	19	28	#
145	296763	7	14	28	#
146	102028	9	23	25	#
147	146155	1	3	9	#
148	821806	17	18	29	#
149	541550	10	21	25	#
150	629030	4	23	24	#
151	662110	12	30	31	#
152	723150	20	21	25	#
153	924189	1	2	8	#
154	294121	2	7	23	#
155	995060	4	11	15	#
156	583793	0	17	21	#
157	987782	1	10	18	#
158	707073	10	13	15	#
159	748213	1	16	18	#
160	867605	5	14	31	#
161	841664	4	15	23	#
162	42311	4	6	15	#
163	248759	2	8	27	#
164	524747	19	25	28	#
165	856819	20	25	31	#
166	466434	3	16	25	#
167	655242	2	16	30	#
168	604609	7	13	26	#
169	948238	9	10	15	#
170	696227	5	18	28	#
171	854712	10	16	21	#
172	883647	2	10	24	#
173	766659	7	28	31	#
174	709031	5	17	23	#
175	552077	1	3	11	#
176	811862	0	2	14	#
177	701000	11	13	19	#
178	697719	5	18	30	#
179	594498	14	18	19	#
180	813639	1	6	30	#
181	813915	1	4	14	#
182	720667	7	8	14	#
183	753107	7	12	21	#
184	254410	5	15	23	#
185	770110	11	16	25	#
186	911281	1	20	23	#
187	509686	11	13	18	#
188	681392	19	20	21	#
189	923075	9	21	23	#
190	463155	1	9	25	#
191	881196	6	14	19	#
192	969090	12	13	20	#
193	999106	6	21	30	#
194	680318	11	16	18	#
195	679874	23	25	27	#
196	369251	4	8	18	#
197	204603	20	21	23	#
198	680330	4	12	15	#
199	953550	3	9	25	#
200	689230	1	9	14	#
201	628824	2	17	22	#
202	936100	2	16	17	#
203	748536	13	19	31	#
204	660370	1	6	8	#
205	143349	4	7	13	#
206	595691	21	28	31	#
207	989888	3	10	12	#
208	590190	4	20	24	#
209	249939	0	4	23	#
210	43860	9	10	24	#
211	330815	9	13	18	#
212	799646	3	5	14	#
213	882428	16	17	18	#
214	779991	5	11	12	#
215	685600	12	15	29	#
216	702423	15	17	25	#
217	619009	5	13	17	#
218	891136	7	12	29	#
219	899221	15	22	23	#
220	890285	5	15	19	#
221	872893	7	8	10	#
222	586658	2	15	27	#
223	980390	8	20	22	#
224	890348	1	25	29	#
225	976499	12	25	27	#
226	962901	8	23	31	#
227	446244	2	4	18	#
228	633275	0	22	30	#
229	569626	18	26	30	#
230	911931	2	5	25	#
231	487625	11	23	26	#
232	786958	6	10	24	#
233	800897	0	2	5	#
234	755818	6	20	21	#
235	985389	7	23	26	#
236	328844	0	18	31	#
237	199112	7	16	20	#
238	793750	9	12	20	#
239	891293	13	17	24	#
240	826680	2	21	24	#
241	409363	0	1	23	#
242	774383	18	19	23	#
243	960263	10	11	16	#
244	858213	12	18	26	#
245	883035	6	24	31	#
246	800989	7	9	27	#
247	708355	4	17	20	#
248	471540	5	19	31	#
249	920194	5	6	13	#
250	780410	2	15	17	#
251	941425	2	5	17	#
252	923028	8	17	29	#
253	771841	2	13	18	#
254	664665	1	22	28	#
255	884680	9	26	31	#
256	851472	3	8	16	#
257	515394	3	26	28	#
258	995820	6	8	27	#
259	754813	1	14	22	#
260	84747	5	9	18	#
261	478081	16	27	28	#
262	513035	8	16	22	#
263	902998	3	23	26	#
264	932649	14	15	18	#
265	677579	8	20	25	#
266	888991	5	10	25	#
267	823126	12	23	27	#
268	791942	17	22	23	#
269	384420	0	9	17	#
270	837944	12	21	31	#
271	719282	4	9	23	#
272	499938	0	2	19	#
273	969289	5	10	14	#
274	978067	8	20	28	#
275	726954	3	11	17	#
276	779389	5	23	27	#
277	860204	9	10	27	#
278	950511	0	5	14	#
279	980178	14	21	31	#
280	401794	19	23	26	#
281	710687	9	10	19	#
282	458014	3	20	29	#
283	838059	8	18	23	#
284	630560	0	16	17	#
285	826780	4	11	20	#
286	739964	12	14	28	#
287	454693	11	19	28	#
288	895456	9	17	25	#
289	934569	16	17	31	#
290	920752	8	25	29	#
291	792181	1	3	13	#
292	229822	0	28	30	#
293	726388	1	20	24	#
294	832365	2	25	27	#
295	696255	3	6	19	#
296	475824	7	12	24	#
297	888292	3	5	27	#
298	731457	18	21	25	#
299	394384	11	21	27	#
300	833374	2	4	14	#
301	590181	6	7	27	#
302	916583	3	17	18	#
303	963934	1	19	23	#
304	968486	12	18	23	#
305	770837	14	22	27	#
306	839325	1	17	20	#
307	537903	2	19	28	#
308	718467	12	18	25	#
309	959254	1	3	24	#
310	414208	5	7	15	#
311	574512	2	7	9	#
312	892142	8	24	25	#
313	408901	14	22	24	#
314	32809	8	12	13	#
315	461692	5	10	13	#
316	593449	12	15	16	#
317	906215	2	24	31	#
318	540547	16	20	25	#
319	358015	21	24	26	#
320	959714	13	14	16	#
321	975843	4	7	12	#
322	706746	0	27	28	#
323	707644	7	8	25	#
324	896379	18	27	30	#
325	869272	21	23	31	#
326	589371	7	16	19	#
327	937848	9	18	30	#
328	973119	2	7	20	#
329	776486	6	27	29	#
330	644569	6	23	29	#
331	819445	11	16	21	#
332	960951	2	16	25	#
333	342662	11	17	27	#
334	482377	10	12	17	#
335	735310	13	27	30	#
336	962331	5	9	29	#
337	628750	1	13	16	#
338	166579	0	21	22	#
339	449981	0	23	25	#
340	752937	8	14	17	#
341	460554	2	7	17	#
342	316308	22	26	28	#
343	551016	0	12	28	#
344	871221	9	11	30	#
345	774220	0	9	28	#
346	532464	16	25	26	#
347	241624	15	17	26	#
348	800993	1	23	24	#
349	385001	2	6	15	#
350	721181	2	6	19	#
351	859953	0	16	31	#
352	621896	15	20	22	#
353	746098	14	26	27	#
354	632551	16	24	31	#
355	869771	1	8	24	#
356	38301	10	11	31	#
357	598088	18	20	23	#
358	242475	0	19	24	#
359	636523	9	14	25	#
360	451144	10	16	18	#
361	881278	15	16	27	#
362	275735	8	13	25	#
363	987355	1	11	29	#
364	192795	3	8	30	#
365	907690	2	18	31	#
366	886954	2	15	16	#
367	775687	8	18	26	#
368	723154	2	3	24	#
369	439909	22	26	29	#
370	624768	3	5	18	#
371	848976	2	9	30	#
372	485223	13	16	18	#
373	461654	8	22	29	#
374	398819	7	23	28	#
375	865548	16	20	23	#
376	448072	18	19	21	#
377	826441	3	11	21	#
378	977133	9	19	31	#
379	558380	1	2	26	#
380	870256	1	20	21	#
381	800030	22	25	30	#
382	268969	0	8	21	#
383	916474	0	16	22	#
384	251718	0	3	12	#
385	983175	0	11	17	#
386	598899	9	13	27	#
387	820455	18	23	26	#
388	455076	10	15	30	#
389	461576	0	3	18	#
390	277740	6	12	25	#
391	548416	3	5	10	#
392	993895	9	22	26	#
393	387107	10	12	13	#
394	170553	9	22	31	#
395	533112	1	2	12	#
396	952533	3	15	24	#
397	668809	6	13	27	#
398	954669	12	26	30	#
399	577659	7	14	30	#
400	633660	4	17	31	#
401	939893	16	17	26	#
402	465539	0	1	27	#
403	911087	3	20	27	#
404	807661	9	26	28	#
405	658131	15	23	28	#
406	534975	14	25	31	#
407	925486	0	23	29	#
408	748605	9	12	31	#
409	580307	17	19	25	#
410	401204	6	16	17	#
411	600910	5	6	7	#
412	381388	13	24	29	#
413	328718	14	17	29	#
414	950574	8	20	26	#
415	558968	16	21	24	#
416	806143	4	12	13	#
417	984438	9	13	22	#
418	938496	8	29	31	#
419	301601	9	14	31	#
420	824319	4	15	17	#
421	942144	21	28	30	#
422	670559	0	7	20	#
423	966703	6	16	28	#
424	264227	2	15	28	#
425	864750	10	21	29	#
426	468635	1	4	16	#
427	794270	8	17	30	#
428	909378	17	23	31	#
429	888027	16	17	19	#
430	584197	2	5	31	#
431	993766	5	20	27	#
432	594039	10	15	16	#
433	766406	4	11	17	#
434	585456	10	14	23	#
435	34412	3	6	8	#
436	783728	10	13	14	#
437	885980	5	26	27	#
438	344339	3	5	16	#
439	844393	3	24	30	#
440	922742	15	16	31	#
441	599524	0	14	31	#
442	674604	2	9	11	#
443	959736	3	11	29	#
444	280179	5	15	17	#
445	993152	11	15	20	#
446	681637	1	19	21	#
447	596908	2	20	30	#
448	694705	3	8	10	#
449	197282	16	19	22	#
450	820272	0	10	27	#
451	600833	1	7	11	#
452	317280	8	9	12	#
453	674262	2	19	30	#
454	738929	2	3	14	#
455	177409	0	5	11	#
456	259683	4	12	19	#
457	368882	8	14	31	#
458	302932	10	16	27	#
459	97399	1	3	22	#
460	850388	3	29	30	#
461	233348	4	12	17	#
462	805737	14	23	30	#
463	577601	19	22	23	#
464	843469	4	20	29	#
465	507040	0	4	16	#
466	772692	5	10	31	#
467	912686	0	21	31	#
468	952952	6	10	15	#
469	866875	2	6	10	#
470	692920	5	21	30	#
471	812376	16	18	28	#
472	491065	14	20	25	#
473	641042	0	10	31	#
474	504758	11	12	14	#
475	626643	2	6	8	#
476	971698	9	22	25	#
477	907231	4	7	10	#
478	729101	6	11	31	#
479	841829	11	15	22	#
480	964793	9	14	18	#
481	532022	4	11	31	#
482	996589	2	6	11	#
483	796650	6	16	18	#
484	716739	0	6	24	#
485	758427	6	21	26	#
486	515520	13	21	23	#
487	850407	11	18	23	#
488	619079	4	19	29	#
489	991053	1	17	25	#
490	946748	4	16	20	#
491	782085	1	12	17	#
492	401840	3	7	24	#
493	789302	2	12	17	#
494	752731	4	5	8	#
495	967463	6	10	16	#
496	229158	6	17	21	#
497	188844	16	25	27	#
498	979753	2	8	14	#
499	525336	0	15	31	#
500	507754	9	10	25	#
501	294367	4	16	18	#
502	738257	0	5	10	#
503	126452	2	19	29	#
504	744335	8	24	31	#
505	973725	6	20	26	#
506	12927	7	9	15	#
507	835897	17	19	30	#
508	454561	8	16	19	#
509	922598	24	25	28	#
510	780723	2	23	27	#
511	842755	5	15	28	#
512	478125	4	10	21	#
513	843579	22	29	31	#
514	615611	4	13	30	#
515	448977	4	18	19	#
516	977734	13	22	24	#
517	844236	0	4	26	#
518	697932	11	15	29	#
519	550171	2	22	30	#
520	718521	1	6	22	#
521	831623	6	18	26	#
522	969341	11	21	31	#
523	876082	8	9	30	#
524	999680	0	4	17	#
525	719466	7	11	28	#
526	621248	4	15	28	#
527	935144	10	22	28	#
528	551965	6	10	27	#
529	427926	19	25	30	#
530	548457	0	14	20	#
531	608359	20	23	27	#
532	932086	14	24	27	#
533	952435	0	23	30	#
534	534387	14	16	31	#
535	235346	5	8	28	#
536	174921	15	23	31	#
537	730462	8	10	16	#
538	994082	12	18	29	#
539	970815	10	14	29	#
540	380071	6	15	24	#
541	845714	5	28	30	#
542	906472	10	16	17	#
543	767082	17	20	30	#
544	748782	5	16	19	#
545	777070	6	25	26	#
546	772545	11	17	18	#
547	830985	5	17	25	#
548	717287	5	6	24	#
549	983157	14	15	16	#
550	723497	7	28	29	#
551	794644	1	3	12	#
552	309598	7	18	25	#
553	226058	9	15	17	#
554	167186	4	8	20	#
555	948522	2	12	18	#
556	398221	3	7	26	#
557	806415	2	17	30	#
558	938808	3	25	28	#
559	933358	3	12	30	#
560	728762	5	6	12	#
561	970806	10	18	24	#
562	626996	6	16	27	#
563	842280	2	11	15	#
564	928627	8	22	30	#
565	693504	5	8	31	#
566	979668	2	13	22	#
567	981178	6	7	23	#
568	148022	13	16	17	#
569	808215	0	4	20	#
570	853981	10	17	20	#
571	643360	5	11	28	#
572	966290	16	19	29	#
573	909425	3	14	26	#
574	313820	4	10	16	#
575	641686	9	23	27	#
576	949243	15	19	29	#
577	445214	7	15	30	#
578	853191	15	17	23	#
579	179381	12	20	30	#
580	501000	18	19	26	#
581	931264	2	6	18	#
582	623809	13	18	26	#
583	954615	12	23	28	#
584	969779	8	13	28	#
585	880895	3	11	25	#
586	666788	13	18	30	#
587	987528	0	2	25	#
588	774932	17	24	28	#
589	669725	23	24	30	#
590	839804	12	22	26	#
591	961891	3	7	23	#
592	852461	12	24	30	#
593	794528	13	15	31	#
594	505940	20	21	28	#
595	172494	0	2	18	#
596	776067	22	26	27	#
597	996437	8	11	14	#
598	364783	5	18	27	#
599	202533	2	5	18	#
600	975272	11	13	17	#
601	743375	4	22	23	#
602	434609	1	3	26	#
603	600927	20	26	30	#
604	923073	1	11	17	#
605	847137	8	19	22	#
606	841801	9	11	27	#
607	946702	20	26	31	#
608	880841	2	10	22	#
609	533741	24	25	31	#
610	605572	3	7	10	#
611	637337	3	18	26	#
612	940203	0	11	27	#
613	767641	0	14	30	#
614	393394	11	18	29	#
615	771180	10	14	21	#
616	759120	6	9	11	#
617	690295	3	4	20	#
618	878292	10	15	25	#
619	854983	6	14	27	#
620	796778	1	21	24	#
621	808744	2	6	12	#
622	954047	0	1	5	#
623	314435	1	21	30	#
624	932582	2	16	22	#
625	894479	2	9	18	#
626	920671	3	22	30	#
627	455407	15	21	25	#
628	854965	5	8	29	#
629	813823	0	14	16	#
630	599509	7	8	19	#
631	700500	11	23	29	#
632	515265	2	18	21	#
633	857728	4	5	20	#
634	901618	1	15	30	#
635	826000	5	20	24	#
636	998804	5	12	22	#
637	952379	3	4	26	#
638	280502	6	28	29	#
639	806605	2	6	17	#
640	45437	17	18	30	#
641	332387	17	21	30	#
642	77599	15	21	31	#
643	854100	2	4	11	#
644	886064	4	7	11	#
645	678963	3	16	21	#
646	830939	7	13	24	#
647	968246	1	3	16	#
648	905636	6	8	10	#
649	962484	7	23	29	#
650	465398	18	22	30	#
651	593794	0	6	30	#
652	582268	0	14	21	#
653	997648	4	15	30	#
654	193392	4	7	15	#
655	616853	6	8	23	#
656	954399	12	21	23	#
657	846687	9	18	29	#
658	953364	4	14	31	#
659	897105	3	7	14	#
660	464284	2	12	24	#
661	791346	16	17	28	#
662	969100	3	14	29	#
663	922661	3	27	28	#
664	825723	1	11	20	#
665	546019	19	21	25	#
666	879339	17	26	31	#
667	305373	4	20	26	#
668	606785	4	9	19	#
669	954345	9	13	15	#
670	993809	0	11	20	#
671	227697	27	30	31	#
672	966110	9	25	26	#
673	562880	12	17	21	#
674	937672	5	8	15	#
675	505391	6	7	11	#
676	381189	11	18	24	#
677	293195	7	13	14	#
678	379366	5	6	29	#
679	919274	2	6	22	#
680	697975	10	18	30	#
681	620251	2	15	18	#
682	275224	8	23	25	#
683	791170	13	19	28	#
684	344086	23	25	31	#
685	946674	5	13	18	#
686	849337	1	2	5	#
687	872609	1	26	27	#
688	982800	19	23	25	#
689	374898	0	16	28	#
690	156810	0	7	29	#
691	817895	6	14	15	#
692	949611	9	14	22	#
693	394650	1	2	13	#
694	613275	18	21	29	#
695	146925	2	22	29	#
696	222288	15	26	31	#
697	866694	1	5	10	#
698	265946	12	14	23	#
699	483049	1	11	14	#
700	851009	1	4	10	#
701	640418	7	13	20	#
702	760649	8	14	19	#
703	223446	11	27	31	#
704	686214	23	30	31	#
705	538800	22	25	29	#
706	465853	11	19	20	#
707	844130	10	16	19	#
708	958975	5	9	27	#
709	165191	5	14	20	#
710	821857	3	15	26	#
711	845034	22	26	30	#
712	896516	5	11	23	#
713	798778	8	17	25	#
714	992161	9	13	23	#
715	603458	0	3	7	#
716	905508	5	9	19	#
717	924727	3	6	14	#
718	869936	11	18	22	#
719	915270	1	16	23	#
720	201559	12	26	27	#
721	980651	9	12	15	#
722	68281	18	21	22	#
723	765273	6	8	12	#
724	133339	9	13	14	#
725	827276	0	8	12	#
726	602299	9	13	29	#
727	583190	4	12	27	#
728	741068	4	30	31	#
729	945307	4	22	25	#
730	977484	0	4	27	#
731	937987	6	23	24	#
732	830031	1	7	24	#
733	741558	14	18	22	#
734	699244	2	20	31	#
735	14278	12	15	19	#
736	743608	15	16	28	#
737	648610	13	25	29	#
738	49437	3	9	18	#
739	597654	1	22	27	#
740	697929	11	25	28	#
741	925826	6	8	11	#
742	926756	0	10	15	#
743	752086	6	21	23	#
744	903037	7	8	29	#
745	620057	1	26	31	#
746	791247	8	18	20	#
747	943348	2	6	9	#
748	716028	14	23	24	#
749	274221	5	22	30	#
750	602521	1	26	29	#
751	619576	8	13	17	#
752	954026	4	8	22	#
753	969361	3	10	28	#
754	830897	6	7	15	#
755	686171	6	18	20	#
756	674182	17	22	29	#
757	704056	2	11	16	#
758	978322	13	23	31	#
759	980288	14	28	30	#
760	677630	5	16	21	#
761	482128	6	10	12	#
762	606986	14	15	21	#
763	588363	3	11	20	#
764	889953	8	12	29	#
765	902873	3	11	14	#
766	583211	6	18	23	#
767	820607	3	16	28	#
768	703733	5	8	12	#
769	911996	3	20	30	#
770	883062	18	25	27	#
771	360645	4	8	24	#
772	952079	2	10	11	#
773	565304	0	5	8	#
774	936015	2	3	9	#
775	922567	15	24	31	#
776	385287	11	19	26	#
777	958491	2	4	16	#
778	754250	3	25	31	#
779	765062	15	17	29	#
780	963847	4	7	16	#
781	470257	1	3	8	#
782	493998	0	1	15	#
783	927555	4	6	29	#
784	946502	7	9	22	#
785	715638	20	22	28	#
786	823797	8	14	21	#
787	996793	9	14	28	#
788	793832	3	22	26	#
789	645038	1	7	28	#
790	904759	7	9	24	#
791	793004	0	15	19	#
792	947095	0	21	28	#
793	777442	10	24	25	#
794	716318	10	19	31	#
795	993301	7	17	21	#
796	970035	5	8	24	#
797	494379	1	9	20	#
798	477613	8	18	21	#
799	851982	6	14	21	#
800	691899	21	25	31	#
801	490763	13	27	31	#
802	875084	0	5	19	#
803	349828	3	16	27	#
804	321224	13	21	28	#
805	443202	2	24	28	#
806	474303	6	13	17	#
807	97575	8	13	29	#
808	882275	18	19	29	#
809	863312	18	25	26	#
810	838619	17	18	27	#
811	468243	10	16	24	#
812	969657	7	21	22	#
813	116029	5	11	17	#
814	740594	15	20	27	#
815	424230	3	6	7	#
816	411951	9	25	27	#
817	881668	3	19	27	#
818	187282	12	14	17	#
819	842680	3	8	28	#
820	140053	12	13	18	#
821	856795	4	21	26	#
822	700679	10	24	28	#
823	959439	7	10	15	#
824	860405	18	21	28	#
825	145445	12	20	27	#
826	861013	3	12	20	#
827	440375	17	30	31	#
828	791450	1	2	21	#
829	525288	4	23	30	#
830	942469	7	10	21	#
831	927519	2	13	15	#
832	252729	0	2	23	#
833	957373	2	5	9	#
834	910965	10	18	27	#
835	786616	3	21	25	#
836	127046	6	24	25	#
837	674389	1	5	8	#
838	336573	9	20	22	#
839	205448	11	23	27	#
840	697929	10	20	28	#
841	944614	2	5	16	#
842	797245	0	2	13	#
843	577092	0	10	24	#
844	388316	5	23	31	#
845	676821	1	20	30	#
846	504973	4	6	28	#
847	57267	15	21	28	#
848	311865	0	5	15	#
849	676021	0	1	7	#
850	907345	4	6	19	#
851	696266	10	19	21	#
852	890612	4	19	22	#
853	957706	2	18	22	#
854	935523	1	8	29	#
855	680158	8	20	21	#
856	310638	0	11	12	#
857	483886	4	19	23	#
858	732322	2	14	15	#
859	892186	5	10	28	#
860	944356	0	7	21	#
861	301315	16	20	30	#
862	408506	3	4	17	#
863	717947	14	17	26	#
864	534098	9	10	21	#
865	495954	16	21	30	#
866	882987	3	14	31	#
867	481553	0	8	24	#
868	568529	5	11	27	#
869	774290	4	21	28	#
870	584810	15	18	20	#
871	729739	9	10	12	#
872	867979	10	14	22	#
873	257974	11	21	24	#
874	770541	10	16	25	#
875	616951	10	11	21	#
876	906354	12	29	31	#
877	610775	21	24	28	#
878	701953	20	21	31	#
879	508572	8	18	25	#
880	504709	4	17	27	#
881	782766	3	10	14	#
882	936734	8	26	27	#
883	934887	1	10	13	#
884	518053	11	13	26	#
885	650746	11	18	28	#
886	345471	3	14	21	#
887	664607	6	15	27	#
888	952566	3	8	25	#
889	421066	10	22	26	#
890	722438	13	19	22	#
891	737979	5	10	21	#
892	930003	2	11	30	#
893	887053	8	10	23	#
894	770181	17	27	28	#
895	882976	0	18	25	#
896	200744	0	1	4	#
897	973712	3	4	29	#
898	973941	4	20	31	#
899	659169	4	13	31	#
900	906735	5	19	26	#
901	686204	5	15	25	#
902	333684	3	7	22	#
903	436821	2	14	19	#
904	835606	9	17	26	#
905	745103	13	26	31	#
906	968121	2	19	26	#
907	551888	12	15	26	#
908	423179	3	5	22	#
909	237563	9	23	29	#
910	993185	17	21	26	#
911	815386	8	11	12	#
912	825987	15	19	26	#
913	414740	8	18	28	#
914	307983	0	2	8	#
915	816402	9	10	22	#
916	788881	3	19	20	#
917	322587	1	5	28	#
918	190743	18	20	31	#
919	379197	4	5	31	#
920	126296	7	24	26	#
921	650649	20	21	24	#
922	693074	1	13	26	#
923	507306	22	25	31	#
924	867486	17	26	27	#
925	807389	2	26	28	#
926	934609	0	20	27	#
927	885913	7	8	18	#
928	258338	11	13	15	#
929	675458	1	10	31	#
930	563915	13	15	25	#
931	377780	6	11	26	#
932	748361	20	22	25	#
933	779205	3	6	21	#
934	407851	2	14	21	#
935	352171	18	21	24	#
936	770393	6	17	28	#
937	504309	5	15	29	#
938	315707	7	8	24	#
939	808846	19	24	29	#
940	833110	17	18	28	#
941	909593	1	23	30	#
942	667316	10	13	25	#
943	871669	7	11	24	#
944	832825	11	12	28	#
945	941741	9	11	29	#
946	667974	7	23	27	#
947	428411	16	26	27	#
948	851541	1	18	29	#
949	78444	12	19	30	#
950	193256	15	20	29	#
951	617378	2	26	30	#
952	607314	4	20	30	#
953	892038	6	25	28	#
954	527098	9	11	28	#
955	380958	5	12	26	#
956	729700	3	6	12	#
957	814421	14	16	24	#
958	877607	1	5	18	#
959	27410	12	19	27	#
960	804398	2	3	12	#
961	933626	5	19	27	#
962	876769	1	7	9	#
963	917624	12	14	24	#
964	833925	8	25	28	#
965	834676	9	17	20	#
966	693164	3	10	18	#
967	491362	13	15	23	#
968	834637	5	20	29	#
969	640367	27	29	31	#
970	824187	15	25	27	#
971	240868	14	16	21	#
972	919371	5	12	29	#
973	835005	14	23	26	#
974	921505	11	30	31	#
975	938226	22	25	28	#
976	555397	10	19	27	#
977	827781	14	24	29	#
978	683535	9	12	17	#
979	846022	3	22	27	#
980	826977	18	20	27	#
981	330480	10	15	28	#
982	941134	9	19	21	#
983	678811	9	11	26	#
984	331163	11	22	28	#
985	821207	0	2	30	#
986	743771	4	7	25	#
987	840527	13	20	28	#
988	490806	2	12	20	#
989	475184	10	18	21	#
990	901591	1	11	25	#
991	482782	4	13	22	#
992	932928	6	10	14	#
993	833595	3	17	26	#
994	789867	2	3	20	#
995	855935	2	9	17	#
996	746539	17	25	30	#
997	605458	21	23	30	#
998	971936	4	24	31	#
999	771156	9	11	23	#
1000	912508	3	6	27	#
1001	959650	2	10	13	#
1002	909949	16	21	28	#
1003	360405	0	12	19	#
1004	827422	5	8	23	#
1005	549071	11	21	30	#
1006	969241	18	20	24	#
1007	496044	5	17	20	#
1008	984670	2	17	18	#
1009	183946	8	15	22	#
1010	969750	11	17	20	#
1011	325412	2	23	30	#
1012	462662	7	23	31	#
1013	617231	6	19	28	#
1014	959677	7	30	31	#
1015	808155	4	18	21	#
1016	284590	11	12	19	#
1017	797753	6	19	27	#
1018	262492	6	21	24	#
1019	916531	6	15	31	#
1020	937010	5	10	26	#
1021	204693	16	22	30	#
1022	812998	2	14	27	#
1023	221759	0	12	20	#
1024	806779	14	17	22	#
1025	987159	7	29	30	#
1026	921047	8	15	26	#
1027	946003	8	19	23	#
1028	665988	1	2	19	#
1029	861702	6	12	28	#
1030	168128	19	27	31	#
1031	469002	4	6	18	#
1032	806244	11	25	27	#
1033	903558	9	18	27	#
1034	700374	12	14	26	#
1035	853532	1	13	31	#
1036	718845	1	8	27	#
1037	810791	8	18	31	#
1038	936923	4	14	18	#
1039	888138	0	6	10	#
1040	548854	1	2	22	#
1041	922883	13	22	23	#
1042	375644	3	10	17	#
1043	278578	11	25	30	#
1044	81215	5	23	28	#
1045	815893	8	10	21	#
1046	712292	3	4	18	#
1047	961652	1	4	21	#
1048	419060	1	19	22	#
1049	769005	12	22	30	#
1050	324899	0	10	29	#
1051	930246	1	9	13	#
1052	860062	22	30	31	#
1053	914941	8	23	24	#
1054	845306	4	6	8	#
1055	617635	5	12	23	#
1056	990787	5	23	25	#
1057	222095	3	18	20	#
1058	331713	2	16	31	#
1059	749028	6	11	19	#
1060	900806	13	22	27	#
1061	354887	0	3	19	#
1062	905975	21	22	26	#
1063	976922	6	22	28	#
1064	544170	2	18	30	#
1065	911172	11	18	30	#
1066	864988	12	16	23	#
1067	411156	13	15	17	#
1068	957232	0	8	10	#
1069	837722	0	3	16	#
1070	480193	13	17	23	#
1071	33967	19	20	29	#
1072	714481	2	17	21	#
1073	544052	1	13	24	#
1074	342328	4	9	10	#
1075	840457	19	27	30	#
1076	535288	3	5	19	#
1077	932866	5	26	28	#
1078	661368	19	22	26	#
1079	806041	2	14	18	#
1080	619704	21	23	29	#
1081	844668	9	17	19	#
1082	652172	6	9	22	#
1083	943275	11	18	27	#
1084	746513	1	6	25	#
1085	798262	2	9	25	#
1086	802502	21	24	25	#
1087	984452	5	6	19	#
1088	422950	22	28	30	#
1089	941667	24	29	30	#
1090	194952	2	3	28	#
1091	805638	0	12	27	#
1092	807970	21	22	24	#
1093	872715	1	10	17	#
1094	964896	7	20	27	#
1095	927058	22	23	31	#
1096	908829	0	9	29	#
1097	751602	0	11	22	#
1098	635128	2	15	23	#
1099	615682	9	11	21	#
1100	402220	12	21	28	#
1101	641658	3	12	17	#
1102	358276	2	22	31	#
1103	105424	8	9	27	#
1104	355409	3	8	19	#
1105	839157	4	27	30	#
1106	864907	0	1	21	#
1107	260467	11	18	26	#
1108	902842	1	22	31	#
1109	760179	25	27	28	#
1110	440264	11	16	20	#
1111	969450	0	12	26	#
1112	536389	5	11	30	#
1113	954553	16	18	27	#
1114	616290	3	14	16	#
1115	91512	22	27	31	#
1116	190687	1	15	18	#
1117	145734	11	12	25	#
1118	864191	12	27	30	#
1119	648928	8	18	30	#
1120	811155	15	19	21	#
1121	516166	15	18	24	#
1122	700988	9	28	30	#
1123	915214	14	22	30	#
1124	981667	8	11	29	#
1125	419624	3	14	20	#
1126	897408	8	29	30	#
1127	792424	3	10	19	#
1128	949848	23	24	25	#
1129	945752	5	18	22	#
1130	823135	13	16	25	#
1131	512074	15	22	29	#
1132	628970	1	23	29	#
1133	509757	4	5	11	#
1134	990805	24	26	31	#
1135	502736	8	14	18	#
1136	813699	5	6	21	#
1137	807175	1	4	29	#
1138	428914	2	27	29	#
1139	339257	8	20	29	#
1140	665077	10	11	28	#
1141	817240	0	17	25	#
1142	812747	7	8	30	#
1143	730960	3	5	8	#
1144	803317	17	23	30	#
1145	501221	20	22	30	#
1146	535474	18	19	22	#
1147	522695	4	13	20	#
1148	733791	1	8	14	#
1149	794603	25	26	27	#
1150	835273	8	19	26	#
1151	439215	5	9	20	#
1152	436872	16	19	28	#
1153	229040	8	27	29	#
1154	551414	16	21	22	#
1155	430766	2	5	30	#
1156	550231	9	16	19	#
1157	226566	6	25	27	#
1158	898470	4	24	25	#
1159	887218	11	29	30	#
1160	965280	3	17	22	#
1161	10535	6	22	23	#
1162	999003	5	14	26	#
1163	966713	25	26	31	#
1164	794913	13	28	31	#
1165	263798	2	10	16	#
1166	332535	6	9	21	#
1167	731866	16	24	29	#
1168	878192	1	14	15	#
1169	221026	11	21	23	#
1170	927379	2	26	29	#
1171	757951	18	29	31	#
1172	914987	8	9	20	#
1173	472529	22	24	29	#
1174	734714	6	8	24	#
1175	799470	14	21	29	#
1176	496826	6	8	20	#
1177	948119	6	14	24	#
1178	767435	1	14	16	#
1179	279466	6	9	10	#
1180	956718	22	24	30	#
1181	811012	0	1	12	#
1182	926555	10	20	22	#
1183	248545	8	9	18	#
1184	243516	19	28	29	#
1185	619148	14	17	27	#
1186	449183	4	15	27	#
1187	453820	2	3	22	#
1188	89692	11	14	24	#
1189	503549	3	16	31	#
1190	718378	6	7	24	#
1191	441394	3	15	27	#
1192	924011	8	19	21	#
1193	549512	0	16	19	#
1194	352460	4	5	26	#
1195	961930	17	29	30	#
1196	955024	0	28	31	#
1197	981414	11	27	28	#
1198	657683	4	18	24	#
1199	434094	9	15	20	#
1200	818897	11	21	29	#
1201	683681	2	10	15	#
1202	965134	7	20	30	#
1203	520025	13	18	31	#
1204	243040	1	3	6	#
1205	725099	3	13	29	#
1206	686218	10	19	28	#
1207	565135	12	16	26	#
1208	471065	1	12	27	#
1209	723135	6	15	28	#
1210	546206	5	20	31	#
1211	430970	12	16	30	#
1212	954495	7	16	17	#
1213	637396	12	13	30	#
1214	933167	10	18	20	#
1215	946216	18	19	20	#
1216	801493	12	15	27	#
1217	411926	1	10	22	#
1218	242142	0	2	9	#
1219	850947	8	26	28	#
1220	466786	20	26	29	#
1221	880605	5	6	25	#
1222	877408	10	16	26	#
1223	543651	14	15	23	#
1224	79949	1	12	19	#
1225	900598	10	11	24	#
1226	862463	15	23	24	#
1227	920188	0	17	30	#
1228	956506	0	16	30	#
1229	706816	5	9	31	#
1230	732454	12	16	22	#
1231	622727	20	21	30	#
1232	931914	18	26	29	#
1233	565460	4	22	29	#
1234	681202	5	8	10	#
1235	154567	0	7	22	#
1236	919894	11	18	31	#
1237	353416	7	18	31	#
1238	912285	0	5	20	#
1239	579696	16	22	24	#
1240	931456	1	18	24	#
1241	878174	4	11	28	#
1242	726908	2	13	30	#
1243	826992	16	20	24	#
1244	614627	13	24	25	#
1245	702044	4	12	14	#
1246	875820	14	16	30	#
1247	674907	8	28	29	#
1248	947040	7	10	19	#
1249	502669	4	8	27	#
1250	431653	1	20	27	#
1251	870948	4	27	29	#
1252	678710	2	19	27	#
1253	110072	20	28	29	#
1254	970249	7	8	31	#
1255	793131	4	17	23	#
1256	475523	7	10	13	#
1257	887794	29	30	31	#
1258	334029	2	18	23	#
1259	797729	0	9	31	#
1260	840216	8	12	30	#
1261	679306	15	25	28	#
1262	999549	0	22	26	#
1263	874560	9	17	28	#
1264	930400	0	19	28	#
1265	93824	19	26	30	#
1266	624960	5	10	17	#
1267	898859	11	23	28	#
1268	901790	10	20	30	#
1269	904212	2	7	15	#
1270	922850	5	7	31	#
1271	918832	0	25	30	#
1272	379510	3	26	27	#
1273	653474	6	17	22	#
1274	893535	4	25	29	#
1275	805912	11	14	29	#
1276	498390	19	23	27	#
1277	919882	7	10	31	#
1278	582053	6	16	21	#
1279	280417	20	22	31	#
1280	146487	9	21	26	#
1281	467228	1	5	13	#
1282	549630	4	14	29	#
1283	650227	5	17	26	#
1284	978998	11	15	25	#
1285	587034	1	7	13	#
1286	631852	1	18	30	#
1287	942686	5	17	21	#
1288	636053	5	6	23	#
1289	476828	5	17	22	#
1290	79152	11	17	26	#
1291	876556	2	12	13	#
1292	880809	1	14	26	#
1293	518906	0	3	17	#
1294	530869	10	25	31	#
1295	468616	14	19	30	#
1296	939567	5	21	26	#
1297	559834	5	9	26	#
1298	90295	7	14	15	#
1299	701065	6	10	23	#
1300	780367	15	20	21	#
1301	39993	0	14	29	#
1302	797616	14	20	26	#
1303	777953	1	30	31	#
1304	641458	13	16	22	#
1305	547288	9	15	16	#
1306	400340	10	12	20	#
1307	717862	14	20	27	#
1308	576414	10	28	31	#
1309	621668	14	24	30	#
1310	705153	13	14	24	#
1311	759603	1	18	28	#
1312	953056	0	16	24	#
1313	904218	0	5	17	#
1314	680376	14	23	27	#
1315	573238	6	17	20	#
1316	421980	7	12	25	#
1317	562520	3	24	27	#
1318	476302	8	9	28	#
1319	814246	17	20	25	#
1320	547559	10	12	14	#
1321	339575	5	18	20	#
1322	407738	26	27	28	#
1323	737010	4	18	27	#
1324	966215	17	28	29	#
1325	156532	11	26	31	#
1326	196270	1	17	19	#
1327	214965	7	9	11	#
1328	457872	19	25	26	#
1329	819363	0	14	24	#
1330	503244	0	5	22	#
1331	941943	2	23	24	#
1332	841934	7	22	24	#
1333	875750	12	13	16	#
1334	442426	11	18	25	#
1335	649389	5	11	29	#
1336	895575	6	23	25	#
1337	449346	6	22	25	#
1338	973466	7	9	31	#
1339	291210	0	6	22	#
1340	818157	0	7	24	#
1341	975944	4	9	31	#
1342	776887	10	27	30	#
1343	704263	3	9	14	#
1344	671001	9	11	12	#
1345	774991	1	13	18	#
1346	916617	12	25	29	#
1347	615349	25	29	30	#
1348	921726	5	8	20	#
1349	175946	0	23	27	#
1350	350005	0	16	29	#
1351	622856	7	13	31	#
1352	175201	2	3	18	#
1353	671570	7	17	18	#
1354	502051	11	16	19	#
1355	821028	1	8	12	#
1356	241597	0	17	31	#
1357	976087	1	9	11	#
1358	780627	3	4	9	#
1359	320611	1	9	16	#
1360	464464	9	23	31	#
1361	831182	6	8	9	#
1362	870680	9	15	21	#
1363	666037	1	4	25	#
1364	412294	4	5	25	#
1365	644147	6	19	29	#
1366	913807	0	16	25	#
1367	693928	13	14	30	#
1368	860740	6	19	24	#
1369	865552	2	9	28	#
1370	739859	6	26	30	#
1371	529932	6	11	23	#
1372	755736	13	17	30	#
1373	924006	16	20	22	#
1374	935146	3	16	24	#
1375	943560	11	17	19	#
1376	466951	0	5	21	#
1377	297696	2	16	21	#
1378	412242	1	7	16	#
1379	930928	0	4	8	#
1380	707859	2	26	31	#
1381	955033	8	12	19	#
1382	686017	11	27	29	#
1383	811885	18	28	30	#
1384	679709	11	12	22	#
1385	621842	8	15	19	#
1386	24595	2	4	20	#
1387	921478	6	19	26	#
1388	877648	1	3	27	#
1389	699372	2	5	28	#
1390	687726	5	7	17	#
1391	959269	7	10	17	#
1392	893043	2	8	22	#
1393	973639	2	19	24	#
1394	410337	4	15	22	#
1395	604829	7	15	23	#
1396	387624	14	19	22	#
1397	937785	3	5	13	#
1398	560129	8	10	29	#
1399	608086	0	23	24	#
1400	333876	9	12	24	#
1401	462285	9	17	29	#
1402	877143	5	14	25	#
1403	539659	8	16	29	#
1404	49176	19	21	22	#
1405	597322	8	9	25	#
1406	823547	4	11	22	#
1407	741625	11	13	31	#
1408	532982	2	7	11	#
1409	782851	3	4	8	#
1410	498930	5	28	29	#
1411	244252	1	7	25	#
1412	801993	14	19	23	#
1413	824670	2	4	10	#
1414	545165	10	12	18	#
1415	746445	3	12	13	#
1416	867094	8	22	28	#
1417	61889	3	17	21	#
1418	965464	0	3	25	#
1419	929427	1	20	29	#
1420	224516	1	10	20	#
1421	803287	5	13	26	#
1422	428664	5	14	19	#
1423	717398	4	15	25	#
1424	705370	2	7	24	#
1425	965176	8	28	31	#
1426	508317	12	17	18	#
1427	328908	0	22	25	#
1428	301124	8	17	26	#
1429	788486	0	9	18	#
1430	994721	2	14	25	#
1431	733352	13	24	28	#
1432	983768	6	17	29	#
1433	774129	9	30	31	#
1434	708144	3	18	23	#
1435	129070	1	8	26	#
1436	952746	10	13	27	#
1437	990371	11	23	31	#
1438	951313	15	17	30	#
1439	39666	4	9	14	#
1440	285481	14	25	30	#
1441	782509	0	1	30	#
1442	848782	5	19	22	#
1443	890977	1	4	15	#
1444	293626	1	11	21	#
1445	957921	3	20	25	#
1446	795477	3	15	17	#
1447	768337	2	5	10	#
1448	951325	5	7	30	#
1449	95845	8	11	15	#
1450	689870	6	18	24	#
1451	576169	3	10	30	#
1452	941546	1	6	19	#
1453	900744	3	22	23	#
1454	691582	11	21	25	#
1455	569638	12	23	25	#
1456	383964	12	13	28	#
1457	590014	5	16	17	#
1458	746384	5	14	23	#
1459	423044	2	14	22	#
1460	877085	5	16	28	#
1461	821409	16	28	29	#
1462	939010	10	13	30	#
1463	776882	7	21	23	#
1464	684599	5	13	29	#
1465	893420	0	2	21	#
1466	747288	13	18	23	#
1467	473266	10	15	21	#
1468	938881	17	20	31	#
1469	566157	2	17	23	#
1470	777884	1	2	29	#
1471	330752	5	22	24	#
1472	951221	0	3	24	#
1473	957087	10	21	23	#
1474	782359	8	10	20	#
1475	724855	9	27	29	#
1476	104754	2	4	7	#
1477	462235	26	29	31	#
1478	908540	13	20	24	#
1479	886245	9	19	28	#
1480	506707	9	18	28	#
1481	947159	2	14	17	#
1482	471049	4	8	21	#
1483	686197	16	17	20	#
1484	311942	22	23	29	#
1485	985246	6	17	27	#
1486	505728	14	16	20	#
1487	641192	6	12	31	#
1488	981684	9	25	29	#
1489	868547	14	19	29	#
1490	925645	8	19	25	#
1491	92406	4	19	31	#
1492	882070	2	5	20	#
1493	883018	0	2	17	#
1494	574387	2	9	20	#
1495	520128	2	4	19	#
1496	666723	6	8	21	#
1497	493560	2	10	25	#
1498	765948	2	15	24	#
1499	991774	5	11	21	#
1500	731915	8	18	27	#
1501	998227	18	23	24	#
1502	687132	4	23	26	#
1503	627211	5	12	31	#
1504	756768	0	4	18	#
1505	708833	1	24	26	#
1506	531598	1	6	21	#
1507	963598	0	13	16	#
1508	929344	7	9	28	#
1509	108754	5	13	30	#
1510	910058	2	14	31	#
1511	293729	1	20	28	#
1512	585736	3	6	31	#
1513	604525	18	25	28	#
1514	757535	0	17	29	#
1515	902999	1	2	14	#
1516	938339	8	23	30	#
1517	70251	13	20	27	#
1518	187978	2	13	29	#
1519	393292	0	3	26	#
1520	617048	7	11	19	#
1521	458031	13	15	16	#
1522	965722	7	18	28	#
1523	110192	4	21	30	#
1524	580228	25	28	29	#
1525	499020	3	6	11	#
1526	481818	16	23	29	#
1527	510179	4	5	12	#
1528	606273	1	21	26	#
1529	951250	6	14	26	#
1530	988916	2	13	31	#
1531	514616	15	20	30	#
1532	467354	10	13	20	#
1533	796825	9	15	25	#
1534	307584	10	11	25	#
1535	941861	17	26	30	#
1536	442507	20	23	26	#
1537	810524	4	11	13	#
1538	820516	0	13	26	#
1539	669670	12	17	31	#
1540	804263	10	24	31	#
1541	480122	17	22	26	#
1542	475981	12	13	22	#
1543	959353	0	8	16	#
1544	971646	15	17	20	#
1545	49911	7	12	31	#
1546	471473	1	9	22	#
1547	989879	4	8	16	#
1548	869429	5	9	12	#
1549	280806	3	13	15	#
1550	908097	4	5	21	#
1551	205030	2	19	25	#
1552	905834	8	15	18	#
1553	941160	14	16	19	#
1554	965314	15	17	19	#
1555	612371	8	14	25	#
1556	367894	2	20	29	#
1557	222614	0	18	28	#
1558	863572	3	15	31	#
1559	880787	8	13	30	#
1560	388165	0	6	27	#
1561	650994	6	10	19	#
1562	593203	14	27	31	#
1563	497890	7	10	28	#
1564	491862	3	7	28	#
1565	314552	10	20	24	#
1566	956932	5	27	29	#
1567	961427	14	18	30	#
1568	531482	0	20	21	#
1569	710024	4	6	9	#
1570	730869	24	25	30	#
1571	827710	4	18	23	#
1572	808525	5	18	25	#
1573	643210	4	12	25	#
1574	821917	15	19	30	#
1575	589428	18	25	29	#
1576	157348	7	14	27	#
1577	357021	8	12	17	#
1578	530596	19	29	30	#
1579	930672	4	15	29	#
1580	557501	2	25	31	#
1581	814290	5	22	29	#
1582	985987	16	21	29	#
1583	660251	3	23	31	#
1584	806402	12	14	29	#
1585	125093	3	13	25	#
1586	667062	0	6	23	#
1587	808183	5	14	17	#
1588	589869	13	22	30	#
1589	998045	22	26	31	#
1590	776473	8	12	28	#
1591	902675	7	22	25	#
1592	956122	5	12	18	#
1593	914491	14	19	26	#
1594	949	7	8	27	#
1595	628805	1	7	17	#
1596	347196	22	27	30	#
1597	909361	5	19	25	#
1598	759769	7	21	25	#
1599	856570	1	3	23	#
1600	728575	23	27	31	#
1601	887425	9	19	24	#
1602	239785	0	15	29	#
1603	672457	0	4	12	#
1604	308985	7	9	26	#
1605	163095	1	14	31	#
1606	523766	1	15	16	#
1607	908314	3	27	30	#
1608	482546	8	14	29	#
1609	477604	12	26	28	#
1610	351348	4	11	19	#
1611	955890	0	10	12	#
1612	518351	2	19	22	#
1613	706718	14	19	31	#
1614	789063	1	11	16	#
1615	556620	8	13	27	#
1616	979040	6	11	13	#
1617	437427	0	3	11	#
1618	819729	5	26	30	#
1619	372895	2	6	30	#
1620	353158	7	10	11	#
1621	924737	11	20	25	#
1622	416352	4	13	18	#
1623	710303	6	21	22	#
1624	553833	4	7	20	#
1625	689394	5	6	28	#
1626	886276	0	18	24	#
1627	826892	3	23	25	#
1628	897407	9	15	30	#
1629	764692	8	22	26	#
1630	687014	9	21	29	#
1631	860658	2	7	19	#
1632	961099	14	22	29	#
1633	544220	4	16	23	#
1634	467682	12	16	27	#
1635	586875	13	25	26	#
1636	100517	4	15	26	#
1637	906219	23	26	31	#
1638	589175	3	4	14	#
1639	912004	4	14	20	#
1640	941341	0	24	28	#
1641	734493	6	14	23	#
1642	502038	6	16	22	#
1643	647683	0	1	16	#
1644	787725	10	13	18	#
1645	972837	4	9	11	#
1646	958593	0	2	28	#
1647	492960	2	8	17	#
1648	387517	5	12	24	#
1649	221145	1	10	27	#
1650	627416	1	28	30	#
1651	771573	7	14	20	#
1652	545649	8	20	24	#
1653	677631	16	18	31	#
1654	819794	2	5	22	#
1655	532643	0	2	31	#
1656	333963	17	23	24	#
1657	961450	17	27	30	#
1658	776631	3	21	23	#
1659	876221	3	7	29	#
1660	539417	21	22	31	#
1661	727954	19	21	29	#
1662	860527	3	20	31	#
1663	494109	23	24	28	#
1664	807991	10	15	24	#
1665	820444	0	23	31	#
1666	888893	6	10	26	#
1667	710278	3	23	28	#
1668	577271	0	12	18	#
1669	573821	2	4	13	#
1670	781509	11	24	25	#
1671	719800	2	3	11	#
1672	540611	8	9	29	#
1673	146048	10	14	28	#
1674	360878	0	6	14	#
1675	898580	4	13	24	#
1676	999972	1	12	16	#
1677	804340	4	12	31	#
1678	706082	4	14	19	#
1679	997344	7	21	30	#
1680	999999	8	17	21	#
1681	797487	5	23	30	#
1682	899374	8	17	22	#
1683	986315	10	19	25	#
1684	231720	12	20	21	#
1685	304418	2	11	31	#
1686	510681	6	7	9	#
1687	935442	14	18	20	#
1688	612094	8	17	20	#
1689	943957	0	12	21	#
1690	703583	3	14	22	#
1691	952024	7	15	19	#
1692	860041	20	24	25	#
1693	741614	11	15	30	#
1694	936627	0	13	24	#
1695	941629	10	14	17	#
1696	741373	0	5	7	#
1697	913568	11	12	21	#
1698	842752	3	16	30	#
1699	849994	0	9	26	#
1700	513613	3	11	30	#
1701	476276	15	18	27	#
1702	952930	10	25	30	#
1703	479528	13	18	24	#
1704	60670	10	21	22	#
1705	914342	2	16	27	#
1706	89312	22	23	30	#
1707	196937	4	5	29	#
1708	142971	10	11	19	#
1709	411506	0	5	9	#
1710	281816	3	21	28	#
1711	891750	7	11	21	#
1712	697183	8	9	21	#
1713	835517	17	26	29	#
1714	387347	8	10	14	#
1715	612840	9	11	16	#
1716	757905	10	22	25	#
1717	223309	0	10	22	#
1718	870589	14	21	26	#
1719	309409	2	9	21	#
1720	361347	5	13	27	#
1721	776019	5	12	14	#
1722	829962	13	15	24	#
1723	14953	0	9	19	#
1724	914044	8	10	31	#
1725	565222	8	13	21	#
1726	319486	3	7	25	#
1727	693277	5	6	26	#
1728	840853	4	11	21	#
1729	946961	13	17	25	#
1730	760001	1	11	24	#
1731	82020	11	13	28	#
1732	774405	12	22	25	#
1733	508221	19	21	26	#
1734	898415	18	20	29	#
1735	524722	5	19	21	#
1736	960196	16	22	31	#
1737	389231	18	27	28	#
1738	535396	13	16	20	#
1739	931396	7	13	16	#
1740	147598	0	19	20	#
1741	452122	8	13	15	#
1742	901561	12	25	28	#
1743	336357	2	21	25	#
1744	858273	1	6	27	#
1745	585612	7	9	30	#
1746	947949	8	15	28	#
1747	548409	2	8	23	#
1748	409928	0	12	24	#
1749	889106	10	22	24	#
1750	854870	5	8	22	#
1751	210685	4	10	27	#
1752	828354	20	21	29	#
1753	924163	12	13	17	#
1754	987951	3	9	21	#
1755	659255	25	27	31	#
1756	985220	2	21	28	#
1757	191701	0	9	11	#
1758	705568	3	4	25	#
1759	988144	8	16	27	#
1760	765788	4	18	26	#
1761	695919	0	10	23	#
1762	980937	4	5	7	#
1763	963561	12	15	28	#
1764	729008	9	13	26	#
1765	779365	6	20	25	#
1766	770818	0	7	13	#
1767	856265	1	5	31	#
1768	618976	6	20	22	#
1769	902230	0	21	26	#
1770	289870	2	11	26	#
1771	717343	8	16	30	#
1772	774936	1	10	24	#
1773	755337	11	25	26	#
1774	896987	1	29	30	#
1775	485553	6	22	27	#
1776	917071	3	26	31	#
1777	935333	7	19	21	#
1778	737150	4	15	21	#
1779	152537	24	27	30	#
1780	850582	4	6	11	#
1781	705077	2	8	31	#
1782	371099	18	26	27	#
1783	103861	5	7	8	#
1784	314415	10	22	27	#
1785	784411	3	24	29	#
1786	717093	23	27	29	#
1787	995459	4	5	15	#
1788	110835	1	22	30	#
1789	829492	20	23	29	#
1790	287889	3	6	24	#
1791	425387	0	8	18	#
1792	922564	6	10	25	#
1793	906995	1	6	17	#
1794	559098	18	19	31	#
1795	708494	2	5	14	#
1796	660762	2	3	21	#
1797	396409	15	26	28	#
1798	428715	14	21	30	#
1799	361618	7	13	19	#
1800	583205	1	16	20	#
1801	580119	18	22	31	#
1802	405481	2	18	27	#
1803	891205	8	15	30	#
1804	909294	10	15	19	#
1805	296202	5	16	31	#
1806	411229	7	16	25	#
1807	886171	10	11	30	#
1808	626022	0	30	31	#
1809	177734	9	10	13	#
1810	934663	3	18	28	#
1811	731657	16	22	29	#
1812	813855	4	11	12	#
1813	507593	5	17	19	#
1814	709508	19	20	25	#
1815	585387	8	11	18	#
1816	993770	9	24	27	#
1817	603189	6	7	12	#
1818	604029	6	14	22	#
1819	758090	7	10	12	#
1820	922877	24	25	29	#
1821	511346	11	14	19	#
1822	92593	5	16	27	#
1823	969579	19	23	29	#
1824	802213	8	9	22	#
1825	757382	0	5	29	#
1826	485605	12	28	29	#
1827	406901	1	8	22	#
1828	971528	3	8	24	#
1829	681285	13	15	30	#
1830	243329	1	21	22	#
1831	129901	3	8	17	#
1832	935104	1	15	27	#
1833	790646	0	14	15	#
1834	672716	7	26	30	#
1835	637218	22	28	29	#
1836	969118	4	7	22	#
1837	655439	6	20	27	#
1838	213544	15	16	29	#
1839	374897	5	21	27	#
1840	465224	11	25	29	#
1841	922606	0	20	28	#
1842	899897	6	8	15	#
1843	776778	2	17	28	#
1844	243966	2	21	29	#
1845	901918	21	25	26	#
1846	830306	1	28	31	#
1847	954966	20	21	22	#
1848	487434	5	10	20	#
1849	21036	0	7	14	#
1850	865154	4	6	27	#
1851	591267	3	25	30	#
1852	222753	1	8	20	#
1853	314228	1	6	16	#
1854	620778	13	14	17	#
1855	736110	4	15	16	#
1856	157924	2	4	6	#
1857	834261	7	13	28	#
1858	925197	0	11	31	#
1859	430139	6	12	22	#
1860	833837	18	26	28	#
1861	768295	2	7	29	#
1862	925828	2	3	6	#
1863	848099	8	23	29	#
1864	980532	4	7	18	#
1865	566790	16	26	31	#
1866	999791	9	24	30	#
1867	663714	4	18	28	#
1868	560538	10	22	31	#
1869	606860	12	21	24	#
1870	786658	3	30	31	#
1871	264230	7	12	19	#
1872	880460	8	22	23	#
1873	771953	10	29	30	#
1874	104179	2	3	30	#
1875	231512	7	11	29	#
1876	960896	0	9	14	#
1877	540248	7	16	30	#
1878	566378	1	3	31	#
1879	238126	0	11	28	#
1880	818320	8	11	13	#
1881	536140	8	14	16	#
1882	936254	1	11	28	#
1883	777503	11	16	22	#
1884	854344	18	27	29	#
1885	955058	12	13	19	#
1886	991388	0	25	28	#
1887	805477	2	10	29	#
1888	725658	0	17	28	#
1889	508650	5	25	26	#
1890	744201	10	23	28	#
1891	282896	1	14	25	#
1892	911988	2	8	18	#
1893	854060	3	19	31	#
1894	357589	16	17	24	#
1895	824694	14	30	31	#
1896	170623	3	4	28	#
1897	128952	4	21	24	#
1898	447706	14	26	29	#
1899	780543	10	12	26	#
1900	314334	5	11	24	#
1901	477035	1	8	18	#
1902	996078	10	17	26	#
1903	606734	0	3	23	#
1904	147472	27	29	30	#
1905	940112	6	10	21	#
1906	909180	5	24	26	#
1907	895239	10	17	30	#
1908	981841	12	14	20	#
1909	856447	1	7	27	#
1910	517635	7	11	22	#
1911	143909	0	12	22	#
1912	346468	16	22	28	#
1913	266504	0	7	19	#
1914	991452	19	22	31	#
1915	687212	7	8	12	#
1916	70725	0	27	30	#
1917	67569	6	12	19	#
1918	948477	18	21	30	#
1919	476669	12	25	30	#
1920	985851	3	5	9	#
1921	777281	2	5	11	#
1922	326147	5	20	25	#
1923	347273	11	16	24	#
1924	969448	11	14	17	#
1925	569509	11	17	23	#
1926	982780	4	18	20	#
1927	439869	11	24	30	#
1928	559243	7	16	21	#
1929	250825	10	13	23	#
1930	668853	6	18	28	#
1931	925298	7	16	23	#
1932	654011	8	15	20	#
1933	29843	6	15	16	#
1934	832417	0	17	23	#
1935	288382	6	15	17	#
1936	340955	1	11	30	#
1937	807545	2	21	30	#
1938	993928	4	24	28	#
1939	975480	17	19	24	#
1940	959232	4	9	26	#
1941	591775	12	17	20	#
1942	868443	10	25	26	#
1943	962391	8	10	26	#
1944	970661	0	6	31	#
1945	613276	9	10	31	#
1946	709204	9	19	23	#
1947	846798	13	15	27	#
1948	406962	8	12	31	#
1949	822323	0	1	25	#
1950	43446	9	16	28	#
1951	688572	20	25	26	#
1952	800450	3	11	19	#
1953	423007	1	5	25	#
1954	786884	21	27	30	#
1955	498184	4	13	29	#
1956	726826	7	9	14	#
1957	622397	12	18	27	#
1958	895840	9	13	16	#
1959	632505	23	24	31	#
1960	653737	7	12	27	#
1961	782604	0	6	16	#
1962	969529	3	5	21	#
1963	660589	0	3	6	#
1964	830000	3	7	9	#
1965	645314	10	19	20	#
1966	138070	18	20	25	#
1967	142168	0	13	14	#
1968	443912	4	8	29	#
1969	555085	5	8	25	#
1970	313774	13	22	31	#
1971	691847	6	23	26	#
1972	962345	1	11	23	#
1973	625952	3	10	11	#
1974	165759	11	15	26	#
1975	719449	10	12	23	#
1976	822947	6	13	14	#
1977	306091	1	10	21	#
1978	750320	13	15	20	#
1979	810242	1	2	10	#
1980	573099	10	15	22	#
1981	800424	2	6	21	#
1982	974913	5	23	26	#
1983	561927	14	22	23	#
1984	907652	3	23	29	#
1985	882772	0	6	19	#
1986	691815	10	11	23	#
1987	325295	2	12	26	#
1988	272712	7	19	28	#
1989	862720	7	12	18	#
1990	682362	17	25	27	#
1991	201782	5	25	31	#
1992	666349	9	29	31	#
1993	770419	6	9	23	#
1994	971059	2	8	28	#
1995	584428	4	10	26	#
1996	33605	0	4	22	#
1997	200738	17	23	27	#
1998	915423	3	10	21	#
1999	732547	3	15	28	#
2000	435063	5	21	22	#
2001	794045	10	26	31	#
2002	886561	14	17	20	#
2003	579851	10	17	31	#
2004	449560	6	26	27	#
2005	636454	16	21	31	#
2006	924785	3	6	26	#
2007	851146	1	12	29	#
2008	817379	16	28	30	#
2009	562863	13	17	29	#
2010	932832	4	9	18	#
2011	692409	4	5	19	#
2012	511920	3	6	30	#
2013	729132	4	26	29	#
2014	14023	1	4	26	#
2015	840488	22	24	31	#
2016	261524	15	18	26	#
2017	741874	14	15	28	#
2018	639090	13	19	21	#
2019	393503	3	6	18	#
2020	638291	1	6	29	#
2021	751853	9	25	30	#
2022	969668	10	18	26	#
2023	899328	1	14	24	#
2024	969277	5	6	11	#
2025	654153	9	11	17	#
2026	585258	18	26	31	#
2027	988867	2	21	22	#
2028	757088	3	9	31	#
2029	506536	15	17	31	#
2030	429689	24	26	30	#
2031	897584	21	26	27	#
2032	111429	20	21	26	#
2033	970147	11	20	31	#
2034	437557	13	23	25	#
2035	877171	17	19	29	#
2036	860491	3	6	22	#
2037	476116	7	18	27	#
2038	668366	4	13	15	#
2039	628494	6	10	17	#
2040	862157	1	14	20	#
2041	440861	4	16	21	#
2042	951080	10	20	31	#
2043	213010	9	12	28	#
2044	144533	6	18	29	#
2045	329473	3	7	21	#
2046	771939	20	22	27	#
2047	793666	0	6	11	#
2048	443667	10	22	30	#
2049	731625	1	16	30	#
2050	555514	7	12	15	#
2051	219320	16	21	25	#
2052	979247	11	15	28	#
2053	395078	1	7	20	#
2054	141793	11	17	30	#
2055	378633	6	15	22	#
2056	518000	16	19	30	#
2057	470302	2	24	25	#
2058	911561	25	26	29	#
2059	486837	1	10	28	#
2060	842751	15	21	22	#
2061	978618	1	7	29	#
2062	214285	3	8	15	#
2063	835063	1	19	27	#
2064	960203	4	6	31	#
2065	558776	6	13	24	#
2066	766522	0	18	21	#
2067	784551	1	16	22	#
2068	128876	11	14	25	#
2069	263573	15	19	24	#
2070	443571	18	22	29	#
2071	773247	9	23	28	#
2072	206859	1	2	18	#
2073	937829	7	20	25	#
2074	876754	3	10	15	#
2075	946225	15	20	24	#
2076	660688	20	25	27	#
2077	677776	3	17	23	#
2078	464469	4	22	28	#
2079	595310	4	25	27	#
2080	538781	1	4	9	#
2081	56068	4	17	29	#
2082	938462	0	19	23	#
2083	828198	2	20	27	#
2084	901002	0	9	30	#
2085	598570	6	9	20	#
2086	806676	0	20	30	#
2087	244745	7	15	25	#
2088	363231	9	21	30	#
2089	983443	0	5	28	#
2090	650539	14	27	28	#
2091	692879	12	14	16	#
2092	212418	2	8	20	#
2093	603379	2	6	25	#
2094	346936	0	3	27	#
2095	684145	21	22	30	#
2096	31972	9	15	29	#
2097	908756	3	7	31	#
2098	433879	11	16	27	#
2099	893702	1	14	23	#
2100	923377	2	8	12	#
2101	944286	1	18	21	#
2102	602673	0	3	14	#
2103	765711	4	13	19	#
2104	48827	9	20	23	#
2105	974170	13	20	21	#
2106	543177	15	22	31	#
2107	766079	1	7	18	#
2108	517500	2	12	31	#
2109	401840	10	17	19	#
2110	353371	8	20	23	#
2111	626092	13	21	29	#
2112	26741	1	17	27	#
2113	881608	7	10	25	#
2114	291595	2	17	19	#
2115	404476	6	20	29	#
2116	845615	13	22	26	#
2117	263487	12	16	31	#
2118	160508	6	9	14	#
2119	557946	14	19	28	#
2120	610487	21	23	25	#
2121	959870	3	11	23	#
2122	419946	2	17	29	#
2123	561144	6	13	25	#
2124	648661	18	19	28	#
2125	989769	3	7	17	#
2126	851662	6	13	18	#
2127	285296	3	19	24	#
2128	854718	20	23	30	#
2129	588219	1	5	27	#
2130	165957	5	6	20	#
2131	392419	3	17	30	#
2132	447177	13	25	27	#
2133	829184	0	8	15	#
2134	299629	1	6	15	#
2135	316028	6	16	20	#
2136	192788	3	10	29	#
2137	707939	5	12	27	#
2138	903902	0	6	7	#
2139	114744	5	12	21	#
2140	129206	6	12	18	#
2141	766626	2	12	29	#
2142	649728	20	23	24	#
2143	725633	0	16	18	#
2144	452292	2	4	15	#
2145	712257	19	21	31	#
2146	272643	3	28	29	#
2147	965905	8	19	30	#
2148	604500	1	15	22	#
2149	863199	11	16	17	#
2150	503591	9	18	19	#
2151	976656	1	15	29	#
2152	417205	16	25	31	#
2153	977988	2	13	14	#
2154	426038	6	29	31	#
2155	368267	11	17	24	#
2156	702922	6	7	13	#
2157	771901	4	5	23	#
2158	291923	5	20	26	#
2159	657850	10	11	27	#
2160	223109	2	12	14	#
2161	891953	17	21	29	#
2162	444451	6	22	26	#
2163	171081	1	17	29	#
2164	935885	5	6	8	#
2165	8079	2	8	29	#
2166	511367	12	14	19	#
2167	519705	11	18	21	#
2168	445234	17	24	26	#
2169	800907	3	12	25	#
2170	351924	19	26	27	#
2171	250286	7	17	22	#
2172	34568	4	20	23	#
2173	846710	0	10	21	#
2174	615733	15	22	25	#
2175	837459	21	22	27	#
2176	346768	2	4	26	#
2177	956258	0	8	17	#
2178	976042	0	20	25	#
2179	837580	9	17	21	#
2180	325882	18	21	26	#
2181	903199	14	24	26	#
2182	903727	4	12	23	#
2183	133394	5	25	27	#
2184	733923	9	13	24	#
2185	875025	2	15	25	#
2186	735423	2	11	19	#
2187	377107	11	15	24	#
2188	930583	19	21	24	#
2189	292496	9	14	16	#
2190	938039	9	12	25	#
2191	633425	8	13	14	#
2192	477268	16	24	25	#
2193	22953	17	20	23	#
2194	615781	5	17	28	#
2195	926111	4	12	20	#
2196	523156	5	12	17	#
2197	800398	12	22	23	#
2198	696866	9	22	29	#
2199	252016	3	10	13	#
2200	503626	18	20	28	#
2201	723686	0	21	29	#
2202	182923	8	16	24	#
2203	886032	5	15	20	#
2204	649339	11	13	14	#
2205	379507	1	9	24	#
2206	978317	1	26	28	#
2207	563121	5	16	20	#
2208	404827	15	21	30	#
2209	847824	4	10	17	#
2210	530289	11	17	21	#
2211	252204	0	11	15	#
2212	285380	17	24	29	#
2213	408209	2	9	15	#
2214	679764	8	12	14	#
2215	196602	11	17	25	#
2216	582842	4	5	22	#
2217	773786	8	11	31	#
2218	595278	13	19	23	#
2219	627727	1	10	11	#
2220	901369	13	15	18	#
2221	722101	20	25	30	#
2222	748530	15	16	23	#
2223	512017	7	20	24	#
2224	770707	4	27	31	#
2225	661362	0	4	7	#
2226	907471	19	21	23	#
2227	214776	10	19	26	#
2228	995656	0	3	28	#
2229	680514	4	25	28	#
2230	619907	12	19	24	#
2231	620160	20	24	26	#
2232	784495	6	7	29	#
2233	5449	5	7	27	#
2234	936369	5	16	23	#
2235	964976	0	10	17	#
2236	655711	9	11	14	#
2237	941670	24	26	28	#
2238	481443	19	22	28	#
2239	692413	24	25	27	#
2240	358226	2	6	31	#
2241	926571	27	28	29	#
2242	863328	10	16	30	#
2243	559293	4	15	24	#
2244	797550	4	16	17	#
2245	494504	11	21	26	#
2246	898744	0	11	24	#
2247	511964	13	23	27	#
2248	343881	11	18	20	#
2249	840043	4	19	20	#
2250	215406	6	13	31	#
2251	620849	9	20	25	#
2252	918391	18	25	31	#
2253	937569	4	16	30	#
2254	895854	15	18	19	#
2255	929242	6	12	16	#
2256	813652	10	18	19	#
2257	228834	3	9	15	#
2258	432371	6	18	22	#
2259	599750	15	23	29	#
2260	817121	2	11	18	#
2261	43366	10	23	29	#
2262	578244	6	11	29	#
2263	611230	2	3	17	#
2264	755143	8	13	31	#
2265	886024	0	3	21	#
2266	423525	0	15	16	#
2267	107796	6	8	25	#
2268	561499	8	21	23	#
2269	104392	11	14	20	#
2270	736690	7	20	29	#
2271	923472	4	25	31	#
2272	600976	1	28	29	#
2273	693038	9	10	29	#
2274	959488	14	19	20	#
2275	975647	12	17	29	#
2276	486939	2	11	24	#
2277	964081	1	8	23	#
2278	434650	3	18	21	#
2279	565041	1	14	21	#
2280	29376	3	9	29	#
2281	813250	0	9	16	#
2282	998889	12	18	21	#
2283	807520	9	25	31	#
2284	890801	19	20	31	#
2285	929951	10	12	28	#
2286	509411	14	20	29	#
2287	550375	4	9	24	#
2288	980015	0	12	15	#
2289	864011	15	20	23	#
2290	896176	5	7	18	#
2291	582297	1	23	25	#
2292	536186	9	11	13	#
2293	727968	10	23	25	#
2294	766396	3	16	29	#
2295	466352	14	16	27	#
2296	609738	1	5	14	#
2297	553590	3	18	22	#
2298	662980	21	29	31	#
2299	123442	8	15	25	#
2300	143315	2	3	26	#
2301	614883	10	26	28	#
2302	335483	4	6	24	#
2303	617609	1	16	19	#
2304	861297	0	1	20	#
2305	944216	14	15	30	#
2306	887911	0	1	13	#
2307	923127	13	20	22	#
2308	807046	11	22	30	#
2309	245313	0	6	13	#
2310	894390	9	13	19	#
2311	933204	25	30	31	#
2312	764578	0	7	18	#
2313	978288	1	12	13	#
2314	276264	0	18	19	#
2315	640498	16	17	30	#
2316	496157	7	13	25	#
2317	541492	1	16	28	#
2318	694432	5	21	23	#
2319	155124	17	24	31	#
2320	453902	13	16	29	#
2321	780145	6	16	29	#
2322	249397	8	16	28	#
2323	174981	1	21	28	#
2324	745366	8	23	26	#
2325	840555	1	8	21	#
2326	883354	2	7	21	#
2327	809950	6	10	13	#
2328	840824	13	20	30	#
2329	399500	3	23	27	#
2330	786809	4	21	31	#
2331	571797	7	26	28	#
2332	784160	2	12	19	#
2333	489101	3	5	17	#
2334	714112	7	10	27	#
2335	524334	4	24	27	#
2336	809243	5	20	30	#
2337	371966	1	18	19	#
2338	773869	2	15	29	#
2339	945363	7	8	28	#
2340	549438	5	10	19	#
2341	950359	17	23	25	#
2342	947537	4	15	31	#
2343	351409	3	16	19	#
2344	549681	8	18	22	#
2345	897651	7	12	23	#
2346	767414	1	13	23	#
2347	826760	23	28	31	#
2348	186928	1	24	29	#
2349	109920	3	4	22	#
2350	841605	6	17	31	#
2351	713271	12	13	25	#
2352	385557	2	3	4	#
2353	31072	2	18	28	#
2354	314310	6	8	29	#
2355	416224	4	5	6	#
2356	330046	0	13	25	#
2357	858009	9	23	24	#
2358	555404	13	19	29	#
2359	714533	1	9	10	#
2360	383745	6	11	28	#
2361	357040	9	12	27	#
2362	220770	14	23	31	#
2363	454399	10	15	20	#
2364	844436	16	19	31	#
2365	431330	11	23	30	#
2366	406433	2	8	26	#
2367	562293	3	5	29	#
2368	854660	0	2	10	#
2369	369417	3	11	13	#
2370	870416	19	23	31	#
2371	796629	0	8	25	#
2372	885924	3	19	23	#
2373	788935	3	5	6	#
2374	655917	13	17	18	#
2375	759095	8	19	27	#
2376	486579	16	28	31	#
2377	486294	11	15	27	#
2378	591080	1	29	31	#
2379	899396	14	20	22	#
2380	933452	3	13	23	#
2381	411393	2	4	17	#
2382	425696	5	12	30	#
2383	428737	5	14	24	#
2384	485661	3	21	26	#
2385	540565	13	21	26	#
2386	528221	5	17	31	#
2387	802384	11	17	29	#
2388	172450	14	27	30	#
2389	866920	0	8	23	#
2390	983082	17	21	27	#
2391	940581	2	18	25	#
2392	925895	5	20	22	#
2393	229638	8	10	11	#
2394	890789	8	11	24	#
2395	955585	2	17	24	#
2396	310937	2	6	20	#
2397	257807	24	26	27	#
2398	377543	7	15	24	#
2399	740512	22	23	26	#
2400	596439	0	13	28	#
2401	136776	1	9	31	#
2402	955018	1	18	31	#
2403	184678	1	8	15	#
2404	282820	15	25	31	#
2405	804455	0	17	27	#
2406	106484	6	9	17	#
2407	678509	9	14	29	#
2408	790780	6	24	26	#
2409	43955	13	17	28	#
2410	849000	10	12	21	#
2411	958501	6	13	21	#
2412	880315	0	13	22	#
2413	94511	10	12	19	#
2414	263132	0	14	22	#
2415	904207	4	10	20	#
2416	519271	4	17	25	#
2417	879898	5	9	24	#
2418	508078	12	27	28	#
2419	459076	11	22	25	#
2420	935403	2	18	20	#
2421	44693	6	20	24	#
2422	850336	11	14	18	#
2423	632392	3	16	17	#
2424	716114	13	23	29	#
2425	968866	16	29	30	#
2426	595669	7	17	27	#
2427	753360	2	23	25	#
2428	657497	5	16	30	#
2429	43559	16	25	30	#
2430	418439	1	16	25	#
2431	979322	0	13	27	#
2432	942812	0	28	29	#
2433	726444	2	13	19	#
2434	124444	6	13	28	#
2435	270786	9	20	30	#
2436	943295	20	27	31	#
2437	378837	25	27	29	#
2438	217581	13	25	31	#
2439	168628	9	16	22	#
2440	370893	4	6	14	#
2441	202692	0	17	18	#
2442	890867	0	8	28	#
2443	935771	1	17	24	#
2444	318439	14	20	21	#
2445	836653	8	12	15	#
2446	963902	1	2	9	#
2447	134526	15	18	25	#
2448	997280	10	18	22	#
2449	648516	19	21	28	#
2450	287588	10	22	23	#
2451	225958	2	15	30	#
2452	32139	5	10	22	#
2453	302426	5	19	20	#
2454	855628	4	10	25	#
2455	435839	11	20	26	#
2456	558356	9	19	26	#
2457	863755	4	5	9	#
2458	242176	17	23	29	#
2459	219913	2	7	18	#
2460	449000	6	10	11	#
2461	258064	6	13	23	#
2462	637061	1	5	7	#
2463	723018	17	26	28	#
2464	924450	3	24	28	#
2465	206617	13	14	22	#
2466	521810	10	20	27	#
2467	438234	7	19	25	#
2468	942826	8	10	22	#
2469	125600	3	19	22	#
2470	1865	7	20	22	#
2471	447140	7	18	22	#
2472	414914	1	9	27	#
2473	227386	9	14	26	#
2474	995355	8	10	17	#
2475	944008	7	15	29	#
2476	757508	13	14	29	#
2477	372932	9	17	30	#
2478	682641	13	16	23	#
2479	745920	2	5	24	#
2480	805429	6	15	21	#
2481	414038	8	14	22	#
2482	336097	4	11	25	#
2483	797475	10	13	22	#
2484	220727	11	28	29	#
2485	462760	3	5	11	#
2486	952414	2	18	19	#
2487	771305	1	7	23	#
2488	996342	1	6	31	#
2489	488497	2	13	26	#
2490	493868	9	18	22	#
2491	175047	4	15	19	#
2492	977228	5	14	15	#
2493	988388	26	27	31	#
2494	960382	6	14	31	#
2495	691593	0	8	26	#
2496	985885	16	19	23	#
2497	127769	16	25	29	#
2498	441891	3	6	16	#
2499	568119	7	15	27	#
2500	776686	1	12	28	#
2501	905363	6	14	25	#
2502	345857	0	2	24	#
2503	129555	0	10	11	#
2504	818674	6	22	29	#
2505	799565	6	12	17	#
2506	160501	19	27	29	#
2507	667804	1	20	31	#
2508	727570	7	19	29	#
2509	957561	2	9	24	#
2510	428657	21	25	29	#
2511	475614	7	22	23	#
2512	917307	2	12	15	#
2513	899769	9	11	24	#
2514	550596	17	18	26	#
2515	611031	4	20	28	#
2516	199617	17	19	28	#
2517	928597	1	19	28	#
2518	208186	2	14	29	#
2519	784303	7	13	22	#
2520	150604	13	21	25	#
2521	987789	0	13	18	#
2522	628193	2	15	22	#
2523	967589	5	13	21	#
2524	489655	12	27	31	#
2525	570635	6	7	8	#
2526	712739	0	5	31	#
2527	324577	4	5	13	#
2528	743763	8	15	23	#
2529	760353	0	1	14	#
2530	81335	12	28	31	#
2531	882012	12	20	28	#
2532	364523	12	13	23	#
2533	22121	9	19	22	#
2534	487464	11	19	25	#
2535	710007	0	4	5	#
2536	909537	1	18	22	#
2537	520431	1	2	16	#
2538	761869	10	17	27	#
2539	863795	17	21	23	#
2540	107800	1	18	27	#
2541	874849	3	9	28	#
2542	664317	1	22	26	#
2543	579201	1	24	28	#
2544	809322	1	3	5	#
2545	868943	18	22	25	#
2546	45489	4	11	16	#
2547	582825	0	1	2	#
2548	128092	19	20	26	#
2549	673361	24	28	31	#
2550	445817	15	16	18	#
2551	634523	1	9	29	#
2552	456870	4	6	7	#
2553	303399	18	24	27	#
2554	619440	3	18	19	#
2555	575526	0	13	15	#
2556	658850	0	1	10	#
2557	180618	0	9	22	#
2558	856856	1	21	31	#
2559	870224	13	14	15	#
2560	984523	3	10	16	#
2561	789146	20	27	28	#
2562	663702	4	9	20	#
2563	886445	7	16	28	#
2564	903995	7	25	31	#
2565	909412	16	17	23	#
2566	496405	9	12	29	#
2567	583370	1	7	26	#
2568	293090	13	15	29	#
2569	44433	19	24	25	#
2570	460857	11	29	31	#
2571	748877	1	14	27	#
2572	780125	3	8	27	#
2573	635203	8	24	27	#
2574	494594	4	14	28	#
2575	702718	20	24	29	#
2576	969872	2	4	30	#
2577	298174	6	14	18	#
2578	965190	2	6	14	#
2579	447881	8	14	26	#
2580	819571	1	23	31	#
2581	749653	2	23	28	#
2582	405892	2	5	23	#
2583	943668	8	10	30	#
2584	716935	0	13	30	#
2585	675279	4	24	30	#
2586	98291	19	23	28	#
2587	872727	10	16	29	#
2588	488238	13	16	30	#
2589	506720	10	19	29	#
2590	517452	6	9	19	#
2591	332802	15	26	30	#
2592	135928	10	15	23	#
2593	237727	1	5	17	#
2594	911217	22	24	28	#
2595	884752	17	21	24	#
2596	399508	1	13	14	#
2597	949061	10	18	29	#
2598	894204	16	26	30	#
2599	398823	0	1	9	#
2600	848620	16	24	30	#
2601	668508	3	4	23	#
2602	879457	2	7	8	#
2603	3412	3	13	18	#
2604	775950	0	11	26	#
2605	372606	1	4	5	#
2606	898478	15	24	25	#
2607	715735	9	13	17	#
2608	351897	12	16	21	#
2609	525712	9	18	23	#
2610	608672	14	18	29	#
2611	882240	2	5	15	#
2612	517216	3	8	26	#
2613	133296	5	11	25	#
2614	285589	4	28	29	#
2615	486614	20	26	27	#
2616	858014	7	11	30	#
2617	546244	14	23	28	#
2618	765059	3	4	10	#
2619	448827	5	24	31	#
2620	280379	4	6	21	#
2621	889180	1	5	23	#
2622	873002	4	7	24	#
2623	767994	8	16	17	#
2624	2897	2	7	25	#
2625	495176	7	10	29	#
2626	920626	6	22	24	#
2627	872899	2	25	28	#
2628	72535	4	10	24	#
2629	676614	11	14	27	#
2630	349036	14	16	29	#
2631	333889	5	15	26	#
2632	793657	15	21	29	#
2633	577509	6	17	26	#
2634	375457	4	10	15	#
2635	730036	0	1	11	#
2636	470470	15	28	29	#
2637	947251	7	24	31	#
2638	993833	5	7	23	#
2639	746755	21	24	29	#
2640	591480	2	25	29	#
2641	988333	10	14	25	#
2642	526847	10	25	27	#
2643	257600	14	23	25	#
2644	104160	5	7	25	#
2645	705225	12	24	25	#
2646	761036	1	10	19	#
2647	408161	1	13	17	#
2648	88467	9	11	25	#
2649	251578	1	7	22	#
2650	671073	5	12	16	#
2651	988567	1	13	27	#
2652	7236	9	14	27	#
2653	737332	17	22	24	#
2654	313931	15	20	25	#
2655	921223	9	14	23	#
2656	337351	14	23	29	#
2657	705930	10	23	26	#
2658	946353	0	14	27	#
2659	989288	3	15	29	#
2660	889660	3	23	24	#
2661	647028	0	1	6	#
2662	266932	14	20	31	#
2663	649204	0	1	31	#
2664	837368	3	21	24	#
2665	834357	9	16	20	#
2666	472883	15	21	27	#
2667	993815	5	11	20	#
2668	902500	10	11	12	#
2669	603637	6	21	31	#
2670	233649	8	16	21	#
2671	399174	3	5	24	#
2672	658908	7	13	29	#
2673	911046	15	17	22	#
2674	840730	9	23	26	#
2675	749510	10	14	27	#
2676	566339	11	15	18	#
2677	771386	1	10	25	#
2678	870066	3	11	31	#
2679	845517	19	22	24	#
2680	511405	8	21	27	#
2681	809321	8	26	29	#
2682	187097	9	16	30	#
2683	859178	15	18	22	#
2684	339864	6	18	21	#
2685	433912	2	12	28	#
2686	30859	5	22	31	#
2687	780462	15	25	30	#
2688	460416	4	16	19	#
2689	100149	4	17	26	#
2690	409898	3	8	18	#
2691	399990	3	20	22	#
2692	920873	0	24	25	#
2693	855868	17	19	22	#
2694	870985	15	18	29	#
2695	924074	2	24	30	#
2696	796325	10	13	16	#
2697	213643	9	16	25	#
2698	501275	1	16	27	#
2699	925022	3	6	23	#
2700	709745	4	8	25	#
2701	734659	6	19	20	#
2702	993131	6	8	13	#
2703	344072	3	13	26	#
2704	218509	3	15	23	#
2705	820671	8	14	15	#
2706	291737	1	18	25	#
2707	604706	22	28	31	#
2708	977707	5	10	16	#
2709	585523	3	16	18	#
2710	689663	13	14	18	#
2711	696456	7	19	31	#
2712	575998	8	21	22	#
2713	838597	2	10	14	#
2714	601041	9	27	30	#
2715	844428	7	12	13	#
2716	661707	21	27	31	#
2717	673968	1	5	26	#
2718	170960	9	22	30	#
2719	233365	0	1	26	#
2720	739471	0	15	23	#
2721	859591	11	22	23	#
2722	199928	6	13	20	#
2723	889940	6	7	18	#
2724	406144	1	11	12	#
2725	480332	12	20	31	#
2726	711411	15	20	26	#
2727	208726	7	11	15	#
2728	565026	5	15	31	#
2729	771446	4	9	22	#
2730	489285	7	11	31	#
2731	741401	5	16	26	#
2732	909015	3	7	30	#
2733	735248	19	27	28	#
2734	945549	8	12	24	#
2735	578489	12	22	27	#
2736	386367	4	12	28	#
2737	871590	7	22	30	#
2738	524081	10	17	23	#
2739	817919	3	8	31	#
2740	820539	10	28	30	#
2741	368465	8	14	23	#
2742	813820	6	25	29	#
2743	933521	8	21	25	#
2744	937083	0	14	26	#
2745	734955	8	26	30	#
2746	902502	18	20	30	#
2747	712144	16	18	29	#
2748	541575	0	15	30	#
2749	830387	9	12	21	#
2750	337280	7	9	17	#
2751	908096	13	20	26	#
2752	230715	17	18	24	#
2753	349435	3	13	21	#
2754	711750	4	29	30	#
2755	518971	2	20	26	#
2756	944690	3	17	28	#
2757	378215	12	22	28	#
2758	794428	9	25	28	#
2759	897893	1	19	30	#
2760	940345	8	20	27	#
2761	859378	0	9	21	#
2762	897982	6	17	25	#
2763	816042	11	12	13	#
2764	46376	17	20	29	#
2765	403013	4	11	23	#
2766	805569	6	7	25	#
2767	977886	19	20	28	#
2768	802412	1	11	19	#
2769	972337	4	11	18	#
2770	839621	11	12	20	#
2771	181942	8	18	29	#
2772	41613	0	12	13	#
2773	987753	8	21	26	#
2774	509357	2	8	24	#
2775	499521	1	2	30	#
2776	322568	8	13	18	#
2777	677359	14	17	19	#
2778	798988	1	2	20	#
2779	788302	11	19	29	#
2780	890068	3	12	23	#
2781	789780	1	3	19	#
2782	197134	0	7	25	#
2783	589304	9	11	18	#
2784	805029	1	13	20	#
2785	980982	1	25	27	#
2786	845127	7	18	29	#
2787	484762	6	7	16	#
2788	646857	16	23	25	#
2789	812194	24	28	30	#
2790	842874	7	17	26	#
2791	709591	12	21	30	#
2792	732577	1	10	30	#
2793	904317	6	11	16	#
2794	328137	1	23	26	#
2795	262936	13	21	30	#
2796	453907	2	14	24	#
2797	889423	20	22	26	#
2798	431776	9	16	23	#
2799	712812	4	12	26	#
2800	197830	1	7	15	#
2801	372091	6	28	31	#
2802	419332	11	16	28	#
2803	702406	12	29	30	#
2804	960236	12	21	27	#
2805	700643	18	24	30	#
2806	985672	0	3	20	#
2807	587688	0	12	14	#
2808	327137	10	11	26	#
2809	776336	3	7	20	#
2810	273717	10	14	19	#
2811	974602	6	10	30	#
2812	298151	6	15	25	#
2813	971440	6	12	27	#
2814	458719	1	21	23	#
2815	611915	5	6	15	#
2816	955337	10	20	23	#
2817	915307	1	2	28	#
2818	870515	7	11	16	#
2819	466492	3	26	30	#
2820	555427	15	19	27	#
2821	978125	23	28	30	#
2822	365678	11	13	25	#
2823	479072	0	8	27	#
2824	848250	2	19	23	#
2825	813754	20	22	29	#
2826	494194	0	6	29	#
2827	894231	23	25	29	#
2828	828163	2	26	27	#
2829	944617	5	11	18	#
2830	336274	5	10	27	#
2831	609101	5	19	29	#
2832	710978	0	8	14	#
2833	837074	6	11	27	#
2834	936539	13	14	21	#
2835	505902	9	15	26	#
2836	460443	12	23	31	#
2837	855716	9	16	17	#
2838	952525	5	8	18	#
2839	972908	0	13	21	#
2840	336115	2	13	28	#
2841	108928	2	8	21	#
2842	338752	4	10	19	#
2843	670791	7	15	17	#
2844	597668	1	2	11	#
2845	801340	3	12	29	#
2846	881648	14	21	25	#
2847	799558	4	6	20	#
2848	129066	16	20	29	#
2849	320244	4	10	18	#
2850	432370	15	16	25	#
2851	979027	6	18	31	#
2852	571110	3	29	31	#
2853	749929	0	12	17	#
2854	829169	4	28	30	#
2855	813359	0	1	3	#
2856	605468	6	16	26	#
2857	450231	5	9	30	#
2858	446363	6	12	14	#
2859	273317	13	18	25	#
2860	164667	3	18	27	#
2861	971348	13	23	26	#
2862	341295	5	9	13	#
2863	239154	2	9	29	#
2864	600949	1	19	25	#
2865	330183	13	25	28	#
2866	994158	15	24	27	#
2867	977068	1	7	19	#
2868	707156	13	14	23	#
2869	648635	5	21	25	#
2870	550866	0	12	30	#
2871	345755	5	6	31	#
2872	994936	2	3	7	#
2873	989832	2	11	17	#
2874	510780	6	8	19	#
2875	311521	14	18	23	#
2876	823569	10	14	30	#
2877	691075	12	24	28	#
2878	492037	7	17	19	#
2879	162703	8	22	31	#
2880	911318	4	8	12	#
2881	303356	1	15	21	#
2882	166556	1	25	26	#
2883	813333	2	8	9	#
2884	494485	0	4	13	#
2885	739282	3	4	19	#
2886	978005	1	4	28	#
2887	541463	10	13	28	#
2888	599845	1	5	6	#
2889	919652	16	23	28	#
2890	926724	26	27	30	#
2891	625811	11	19	30	#
2892	407610	0	6	18	#
2893	937489	6	8	17	#
2894	689235	2	29	31	#
2895	81607	7	20	21	#
2896	781934	3	6	9	#
2897	779373	8	15	16	#
2898	802204	21	26	31	#
2899	887870	1	2	4	#
2900	658625	3	13	30	#
2901	708647	11	25	31	#
2902	446029	5	9	25	#
2903	945443	5	16	25	#
2904	315939	27	28	30	#
2905	97006	16	18	25	#
2906	249032	14	20	30	#
2907	619652	16	22	23	#
2908	6796	3	4	27	#
2909	63541	2	13	16	#
2910	641026	5	26	29	#
2911	795682	12	22	31	#
2912	717865	9	24	28	#
2913	961729	2	7	10	#
2914	458082	10	21	24	#
2915	974007	3	4	5	#
2916	977320	2	3	8	#
2917	279084	2	13	27	#
2918	329288	7	9	13	#
2919	811127	3	12	28	#
2920	703341	9	11	15	#
2921	73454	6	21	27	#
2922	869306	9	24	25	#
2923	341296	23	25	26	#
2924	990906	10	12	29	#
2925	720459	3	7	15	#
2926	886778	15	16	20	#
2927	539349	16	18	30	#
2928	789329	11	13	24	#
2929	682348	3	12	31	#
2930	979083	5	13	16	#
2931	880779	0	2	20	#
2932	167639	12	14	27	#
2933	640330	3	17	29	#
2934	261780	0	3	31	#
2935	951317	5	10	15	#
2936	796110	4	10	31	#
2937	875498	1	13	30	#
2938	428636	7	29	31	#
2939	916257	2	4	22	#
2940	708376	3	12	18	#
2941	431948	0	7	26	#
2942	157720	2	7	13	#
2943	947491	21	23	24	#
2944	283313	8	25	30	#
2945	270056	13	25	30	#
2946	667698	10	13	29	#
2947	515687	1	9	12	#
2948	443456	2	3	15	#
2949	997654	9	22	27	#
2950	338149	10	12	22	#
2951	876022	2	11	20	#
2952	763347	4	6	22	#
2953	218980	7	18	26	#
2954	395879	3	20	23	#
2955	858818	5	29	30	#
2956	591625	1	5	30	#
2957	698022	6	9	30	#
2958	3315	10	11	17	#
2959	371517	18	24	29	#
2960	755195	2	6	7	#
2961	768944	15	17	18	#
2962	426096	14	26	31	#
2963	274930	17	23	26	#
2964	564208	6	9	24	#
2965	57590	2	11	29	#
2966	796372	0	24	26	#
2967	245234	3	17	25	#
2968	987073	4	26	30	#
2969	923552	3	16	22	#
2970	236037	4	16	26	#
2971	937325	0	10	30	#
2972	762671	11	16	26	#
2973	839769	8	11	19	#
2974	701612	7	14	31	#
2975	71467	4	13	23	#
2976	110939	1	17	28	#
2977	386864	16	20	26	#
2978	707979	1	27	29	#
2979	635786	0	10	16	#
2980	873044	4	7	19	#
2981	178235	4	18	25	#
2982	521452	6	18	19	#
2983	419492	1	10	12	#
2984	316748	7	14	16	#
2985	711944	3	8	22	#
2986	595108	12	27	29	#
2987	703095	25	26	30	#
2988	462342	20	24	27	#
2989	705764	7	19	24	#
2990	244254	8	10	28	#
2991	899515	1	6	18	#
2992	780848	11	26	27	#
2993	705625	12	20	24	#
2994	126250	5	15	22	#
2995	719414	9	18	31	#
2996	238374	0	1	19	#
2997	474859	6	22	31	#
2998	477685	1	4	8	#
2999	816603	4	7	14	#
3000	914319	12	19	21	#
3001	30384	3	12	27	#
3002	974697	9	21	25	#
3003	481307	8	9	10	#
3004	695354	1	2	15	#
3005	989722	2	7	30	#
3006	942226	1	5	11	#
3007	745998	3	14	18	#
3008	134487	0	11	16	#
3009	419583	1	12	31	#
3010	821057	7	17	23	#
3011	789551	0	1	24	#
3012	814558	1	5	29	#
3013	632749	14	15	25	#
3014	754176	1	11	15	#
3015	588827	4	22	31	#
3016	986657	16	27	29	#
3017	868720	12	21	29	#
3018	719527	5	15	27	#
3019	820072	3	22	31	#
3020	905163	9	12	30	#
3021	952935	4	21	29	#
3022	213319	6	17	24	#
3023	745312	11	23	25	#
3024	802163	15	16	21	#
3025	934851	9	13	20	#
3026	828266	0	5	26	#
3027	257316	3	9	17	#
3028	613036	22	23	27	#
3029	66589	1	27	31	#
3030	882401	6	16	24	#
3031	336675	8	12	26	#
3032	917971	0	8	29	#
3033	992431	9	26	30	#
3034	610365	11	21	28	#
3035	972165	9	21	24	#
3036	936988	1	5	19	#
3037	55205	7	20	23	#
3038	649556	23	29	30	#
3039	395593	3	10	23	#
3040	759335	2	6	26	#
3041	69553	3	7	12	#
3042	849908	4	7	29	#
3043	887256	1	19	29	#
3044	683755	3	9	16	#
3045	959914	3	6	25	#
3046	718535	9	12	22	#
3047	959541	11	15	23	#
3048	849265	1	16	26	#
3049	835616	1	15	23	#
3050	435015	9	12	19	#
3051	873223	9	12	16	#
3052	749202	17	20	24	#
3053	800809	5	10	23	#
3054	657369	2	5	27	#
3055	423712	11	20	22	#
3056	425809	4	8	15	#
3057	163677	3	12	21	#
3058	254876	0	15	24	#
3059	90667	11	14	26	#
3060	815851	16	20	31	#
3061	974170	11	13	16	#
3062	544865	2	8	15	#
3063	264659	22	24	25	#
3064	487343	5	12	19	#
3065	723148	1	12	20	#
3066	256595	6	9	16	#
3067	127086	8	12	16	#
3068	769711	4	7	30	#
3069	422317	13	30	31	#
3070	129604	8	25	31	#
3071	797056	18	24	28	#
3072	980037	21	24	27	#
3073	219208	8	14	27	#
3074	112399	16	23	30	#
3075	962966	5	16	24	#
3076	872060	0	25	27	#
3077	153700	15	17	27	#
3078	816943	21	29	30	#
3079	570192	7	27	31	#
3080	721128	11	14	30	#
3081	907182	11	19	27	#
3082	553349	6	23	27	#
3083	352844	2	11	22	#
3084	994841	0	1	18	#
3085	879265	8	14	24	#
3086	972180	19	20	24	#
3087	686579	6	12	26	#
3088	802554	7	18	23	#
3089	449423	0	17	24	#
3090	473234	2	16	26	#
3091	71232	10	14	26	#
3092	860320	2	7	27	#
3093	993674	19	23	24	#
3094	138165	7	10	18	#
3095	446552	12	17	24	#
3096	495439	2	20	25	#
3097	761832	8	21	31	#
3098	748492	22	27	29	#
3099	504996	6	12	20	#
3100	461205	0	3	22	#
3101	837426	4	5	16	#
3102	995629	3	21	30	#
3103	706976	8	13	16	#
3104	94409	1	16	17	#
3105	516383	9	18	24	#
3106	891390	0	7	9	#
3107	913327	2	10	18	#
3108	677635	11	19	24	#
3109	471906	2	16	19	#
3110	16442	11	12	26	#
3111	773751	7	14	24	#
3112	813985	1	5	12	#
3113	525906	3	9	13	#
3114	805785	11	14	23	#
3115	731095	4	14	21	#
3116	815347	7	9	29	#
3117	451863	4	8	19	#
3118	921490	4	10	13	#
3119	840967	28	29	30	#
3120	646441	28	30	31	#
3121	411220	13	22	28	#
3122	698531	9	15	27	#
3123	941845	9	19	30	#
3124	949039	12	21	25	#
3125	878056	17	28	30	#
3126	980797	4	20	27	#
3127	878488	3	13	31	#
3128	587188	17	18	19	#
3129	245817	3	14	17	#
3130	329836	8	11	25	#
3131	508655	6	13	19	#
3132	885487	3	7	19	#
3133	849608	13	17	27	#
3134	12004	18	20	22	#
3135	396099	0	6	9	#
3136	996057	11	17	28	#
3137	103251	20	24	30	#
3138	13394	11	28	30	#
3139	560218	10	27	29	#
3140	110206	5	15	16	#
3141	999271	3	4	11	#
3142	623215	10	22	29	#
3143	561676	3	14	27	#
3144	945543	0	8	19	#
3145	321653	0	13	23	#
3146	867649	4	13	27	#
3147	235725	3	14	28	#
3148	820957	12	15	30	#
3149	260338	12	19	28	#
3150	449184	0	4	14	#
3151	892921	0	10	14	#
3152	747489	8	22	25	#
3153	669478	1	9	30	#
3154	935055	2	24	29	#
3155	576478	5	23	29	#
3156	543992	19	22	27	#
3157	709354	6	27	31	#
3158	755829	9	28	29	#
3159	149413	6	29	30	#
3160	79572	9	13	25	#
3161	719983	1	27	28	#
3162	35325	10	19	24	#
3163	879559	8	15	21	#
3164	704470	2	13	23	#
3165	854002	16	17	29	#
3166	172917	14	18	31	#
3167	241922	8	12	20	#
3168	909340	3	11	24	#
3169	864773	5	7	16	#
3170	722143	9	12	18	#
3171	340281	18	21	31	#
3172	294818	12	16	29	#
3173	459266	0	7	27	#
3174	505845	17	28	31	#
3175	844785	1	8	30	#
3176	72520	4	6	13	#
3177	997570	3	11	18	#
3178	785411	9	14	20	#
3179	866147	2	16	20	#
3180	673163	0	7	17	#
3181	233418	3	21	27	#
3182	556376	1	6	13	#
3183	332063	4	8	17	#
3184	252469	0	6	17	#
3185	396658	7	10	14	#
3186	359071	8	16	26	#
3187	83209	2	17	27	#
3188	905476	2	11	21	#
3189	803080	1	11	18	#
3190	842484	12	16	24	#
3191	171739	0	12	23	#
3192	619611	1	9	15	#
3193	891482	7	19	23	#
3194	961242	0	1	22	#
3195	930935	8	13	24	#
3196	23166	4	21	25	#
3197	569317	1	2	17	#
3198	543919	3	19	29	#
3199	505939	21	30	31	#
3200	312133	3	12	24	#
3201	545681	0	7	31	#
3202	181848	14	17	31	#
3203	322188	5	21	29	#
3204	675407	0	13	29	#
3205	316344	14	22	26	#
3206	986358	9	10	18	#
3207	945444	9	16	27	#
3208	520861	15	27	28	#
3209	702404	13	18	19	#
3210	744044	0	15	17	#
3211	178333	7	25	27	#
3212	773432	4	11	26	#
3213	729193	1	10	16	#
3214	656397	2	10	12	#
3215	194147	4	17	18	#
3216	873684	7	13	17	#
3217	786998	10	15	27	#
3218	243776	0	17	20	#
3219	278712	0	8	11	#
3220	86107	16	19	25	#
3221	70565	4	17	22	#
3222	632826	4	10	11	#
3223	588909	13	20	25	#
3224	386359	8	13	22	#
3225	632583	18	22	27	#
3226	833902	8	13	20	#
3227	667672	15	27	31	#
3228	717299	2	20	28	#
3229	753525	18	22	28	#
3230	543635	2	9	10	#
3231	331982	6	10	31	#
3232	200382	3	15	30	#
3233	979869	19	29	31	#
3234	338394	7	12	26	#
3235	203264	3	4	24	#
3236	810424	10	15	29	#
3237	651410	3	4	16	#
3238	376464	19	25	29	#
3239	470710	0	14	25	#
3240	976195	2	5	8	#
3241	266682	2	9	16	#
3242	112675	3	28	30	#
3243	155495	17	19	20	#
3244	534414	19	24	30	#
3245	915511	0	9	24	#
3246	119320	5	8	14	#
3247	361479	5	14	18	#
3248	477529	17	19	31	#
3249	534736	7	18	20	#
3250	762227	12	21	26	#
3251	16575	26	28	30	#
3252	788556	12	15	20	#
3253	440734	9	15	31	#
3254	491452	14	18	27	#
3255	908741	8	21	28	#
3256	165452	5	14	29	#
3257	918770	10	14	20	#
3258	648897	1	17	26	#
3259	511303	9	11	22	#
3260	857104	11	13	22	#
3261	134949	4	7	28	#
3262	850071	2	9	14	#
3263	151667	1	6	26	#
3264	393606	9	27	28	#
3265	433580	7	18	21	#
3266	280603	3	17	31	#
3267	465438	2	8	25	#
3268	508790	2	8	10	#
3269	916051	12	25	26	#
3270	432585	4	6	17	#
3271	747516	4	7	27	#
3272	446561	11	26	29	#
3273	770163	18	19	27	#
3274	77982	10	24	27	#
3275	891624	6	19	30	#
3276	879515	0	17	19	#
3277	304575	6	7	10	#
3278	993066	0	10	28	#
3279	826887	4	14	26	#
3280	200513	4	16	25	#
3281	97480	5	11	19	#
3282	361546	2	3	16	#
3283	62752	5	22	28	#
3284	975742	3	9	24	#
3285	357470	0	3	30	#
3286	55997	2	11	27	#
3287	93197	8	12	25	#
3288	320628	5	13	14	#
3289	979731	17	18	21	#
3290	44734	8	21	29	#
3291	667194	9	10	20	#
3292	473950	9	21	27	#
3293	755695	2	5	6	#
3294	44503	9	15	23	#
3295	306182	16	21	23	#
3296	847665	5	19	30	#
3297	657499	9	11	19	#
3298	929172	6	15	20	#
3299	902870	6	11	15	#
3300	760218	19	26	29	#
3301	950139	14	15	19	#
3302	189416	17	19	27	#
3303	889887	9	13	31	#
3304	430265	8	11	23	#
3305	204087	14	17	25	#
3306	741421	0	19	26	#
3307	718565	2	23	26	#
3308	589112	0	16	23	#
3309	671221	7	8	15	#
3310	672783	1	6	24	#
3311	459273	17	18	20	#
3312	637732	3	14	19	#
3313	472508	0	22	28	#
3314	636721	1	5	20	#
3315	940099	15	17	24	#
3316	173902	3	19	21	#
3317	650498	5	24	25	#
3318	353012	7	13	21	#
3319	690195	7	15	21	#
3320	263596	5	16	29	#
3321	709172	6	14	20	#
3322	220373	8	13	23	#
3323	609947	2	18	29	#
3324	925818	9	23	30	#
3325	115414	14	20	28	#
3326	521456	19	21	27	#
3327	222650	5	8	27	#
3328	897220	9	14	19	#
3329	936741	0	2	16	#
3330	822377	4	9	15	#
3331	737723	3	27	29	#
3332	430012	2	4	28	#
3333	728391	1	3	20	#
3334	486078	1	2	31	#
3335	569669	3	9	22	#
3336	721000	6	20	28	#
3337	362440	1	8	28	#
3338	704838	15	23	27	#
3339	926165	7	19	22	#
3340	914404	8	24	30	#
3341	895116	13	14	20	#
3342	601268	4	9	13	#
3343	47788	7	18	30	#
3344	565320	4	13	25	#
3345	355699	7	11	17	#
3346	954291	6	9	13	#
3347	318318	2	10	31	#
3348	299110	13	26	29	#
3349	360809	0	7	23	#
3350	610571	10	11	14	#
3351	598746	2	14	20	#
3352	193287	12	13	24	#
3353	587773	1	16	21	#
3354	854834	7	17	24	#
3355	723477	13	19	26	#
3356	857091	4	10	29	#
3357	851936	9	12	26	#
3358	291738	3	5	28	#
3359	284660	17	22	31	#
3360	739509	11	18	19	#
3361	730580	0	22	31	#
3362	932032	2	14	28	#
3363	832288	5	16	22	#
3364	403316	4	5	27	#
3365	360041	13	17	31	#
3366	682768	3	5	20	#
3367	594307	2	23	31	#
3368	378798	3	8	21	#
3369	26344	5	17	30	#
3370	551767	22	27	28	#
3371	458552	8	22	27	#
3372	458340	6	24	27	#
3373	929715	12	23	24	#
3374	817113	5	19	23	#
3375	219638	17	22	30	#
3376	880181	16	27	31	#
3377	803276	3	10	20	#
3378	427964	3	15	25	#
3379	897544	1	23	27	#
3380	811706	1	12	22	#
3381	402437	10	20	21	#
3382	324848	8	9	15	#
3383	384581	11	15	17	#
3384	995028	4	10	30	#
3385	184037	0	22	27	#
3386	448282	14	22	25	#
3387	228894	19	20	22	#
3388	921008	11	12	17	#
3389	782387	2	24	27	#
3390	962075	7	11	25	#
3391	956064	9	11	31	#
3392	609747	0	12	16	#
3393	335194	7	15	22	#
3394	510779	4	16	31	#
3395	786970	3	12	15	#
3396	897562	1	4	23	#
3397	518445	3	11	27	#
3398	190026	8	19	31	#
3399	673949	14	27	29	#
3400	245532	12	14	21	#
3401	270917	2	4	5	#
3402	943836	13	14	19	#
3403	631072	5	18	26	#
3404	237115	14	19	27	#
3405	759677	15	18	21	#
3406	511005	1	8	31	#
3407	650933	20	29	31	#
3408	750707	2	29	30	#
3409	300922	14	15	29	#
3410	643266	8	11	16	#
3411	982488	2	9	22	#
3412	679462	13	14	25	#
3413	528548	0	23	28	#
3414	470441	7	22	28	#
3415	684809	6	15	23	#
3416	741538	0	2	29	#
3417	404216	10	18	25	#
3418	231690	7	24	27	#
3419	414575	4	13	16	#
3420	271913	9	10	28	#
3421	556840	11	12	29	#
3422	413741	14	29	31	#
3423	994417	14	28	29	#
3424	791208	10	11	20	#
3425	430267	6	12	29	#
3426	569013	3	4	15	#
3427	963448	8	17	24	#
3428	911540	9	16	31	#
3429	613869	7	10	30	#
3430	740296	5	12	20	#
3431	527615	1	5	9	#
3432	978295	0	1	28	#
3433	909023	0	24	29	#
3434	533794	6	20	30	#
3435	385273	10	12	24	#
3436	877344	3	6	29	#
3437	973123	4	13	14	#
3438	151183	1	3	10	#
3439	767760	6	9	25	#
3440	796308	13	29	31	#
3441	212096	6	16	30	#
3442	348378	3	13	17	#
3443	798884	4	11	30	#
3444	485258	9	10	11	#
3445	800669	2	3	19	#
3446	805579	2	3	13	#
3447	871015	3	5	26	#
3448	462819	6	24	28	#
3449	706245	9	17	23	#
3450	95500	2	15	19	#
3451	946663	14	16	25	#
3452	628210	4	23	27	#
3453	664812	1	13	29	#
3454	195294	8	27	31	#
3455	844264	22	24	26	#
3456	191538	7	20	26	#
3457	597021	4	16	22	#
3458	51786	2	25	26	#
3459	481371	16	30	31	#
3460	205152	0	11	14	#
3461	272139	1	24	27	#
3462	737758	5	30	31	#
3463	529347	5	14	22	#
3464	882423	4	5	17	#
3465	926635	15	22	27	#
3466	556901	10	26	29	#
3467	709433	10	21	31	#
3468	952352	13	14	26	#
3469	445313	14	24	28	#
3470	684622	9	22	28	#
3471	361755	9	10	26	#
3472	315496	6	8	18	#
3473	934058	3	13	24	#
3474	351989	11	24	31	#
3475	285253	0	14	18	#
3476	988436	0	18	20	#
3477	965800	3	5	30	#
3478	325186	22	25	27	#
3479	914884	6	10	22	#
3480	469768	8	17	31	#
3481	775785	5	6	18	#
3482	169784	7	21	24	#
3483	83500	13	14	28	#
3484	651618	11	26	28	#
3485	670637	1	19	20	#
3486	857870	3	9	19	#
3487	139332	17	25	28	#
3488	822544	0	11	21	#
3489	21391	9	19	29	#
3490	379557	25	29	31	#
3491	636830	12	14	31	#
3492	746438	8	24	29	#
3493	263660	23	24	29	#
3494	865592	2	12	21	#
3495	667084	12	14	22	#
3496	405515	7	19	26	#
3497	523829	9	16	24	#
3498	971254	7	12	28	#
3499	475456	15	23	30	#
3500	917873	7	11	23	#
3501	510889	3	12	16	#
3502	720027	2	10	27	#
3503	627691	0	20	24	#
3504	496516	1	14	19	#
3505	39597	17	27	29	#
3506	13214	12	13	27	#
3507	999441	2	7	14	#
3508	882989	1	6	23	#
3509	958423	0	15	21	#
3510	647612	13	16	31	#
3511	997444	7	24	29	#
3512	997839	6	14	16	#
3513	92803	6	13	16	#
3514	294114	21	26	28	#
3515	215394	1	4	30	#
3516	585740	0	5	12	#
3517	31693	11	16	23	#
3518	223658	0	13	31	#
3519	391691	0	18	30	#
3520	692245	18	23	29	#
3521	691761	4	7	23	#
3522	852722	2	4	29	#
3523	592989	6	13	15	#
3524	617507	0	5	30	#
3525	614806	4	15	18	#
3526	395010	3	24	31	#
3527	616913	0	1	29	#
3528	237151	3	10	22	#
3529	148180	14	15	31	#
3530	237183	4	17	30	#
3531	242795	0	6	26	#
3532	566115	1	11	27	#
3533	941206	0	4	28	#
3534	387537	22	24	27	#
3535	501068	5	7	29	#
3536	274841	5	25	29	#
3537	844127	3	12	14	#
3538	202580	1	15	28	#
3539	599155	3	21	22	#
3540	610432	2	22	26	#
3541	944999	17	22	25	#
3542	922254	20	29	30	#
3543	142291	14	15	26	#
3544	848098	4	8	31	#
3545	125790	0	15	27	#
3546	518606	4	19	30	#
3547	985455	11	19	31	#
3548	695894	18	23	31	#
3549	996674	13	15	26	#
3550	417533	7	22	26	#
3551	958695	7	13	30	#
3552	259938	5	13	19	#
3553	887593	13	23	28	#
3554	842258	7	10	20	#
3555	243854	5	13	22	#
3556	611716	23	26	28	#
3557	719894	4	18	31	#
3558	474674	1	18	26	#
3559	82468	7	8	11	#
3560	448184	5	8	21	#
3561	76657	7	23	30	#
3562	573984	0	24	31	#
3563	937128	16	19	20	#
3564	753290	26	28	29	#
3565	232432	7	24	28	#
3566	451765	7	8	20	#
3567	859390	7	11	27	#
3568	699692	18	19	24	#
3569	162495	5	21	24	#
3570	311570	10	14	31	#
3571	791049	13	19	25	#
3572	514512	15	22	24	#
3573	226298	2	3	29	#
3574	133798	15	24	30	#
3575	563252	0	6	25	#
3576	605252	5	18	23	#
3577	419962	17	20	22	#
3578	512528	6	26	28	#
3579	726173	5	9	16	#
3580	936770	10	13	17	#
3581	378985	4	6	12	#
3582	644823	15	25	29	#
3583	391656	19	20	23	#
3584	106929	8	10	12	#
3585	894843	5	24	30	#
3586	457801	20	27	30	#
3587	890432	5	7	26	#
3588	39897	19	25	31	#
3589	397132	6	12	23	#
3590	135831	18	24	25	#
3591	338653	8	25	26	#
3592	502382	0	29	31	#
3593	741321	12	20	23	#
3594	880993	5	8	13	#
3595	928976	22	23	28	#
3596	82383	2	4	31	#
3597	516367	2	6	28	#
3598	714068	16	23	26	#
3599	866254	0	9	25	#
3600	483554	17	18	23	#
3601	522059	5	13	28	#
3602	171867	11	12	31	#
3603	836346	1	5	15	#
3604	359342	7	21	28	#
3605	506507	10	15	17	#
3606	251152	0	15	28	#
3607	946080	13	29	30	#
3608	773805	6	9	29	#
3609	491274	13	18	22	#
3610	381185	16	19	24	#
3611	450916	2	10	17	#
3612	659274	14	18	26	#
3613	277940	1	15	24	#
3614	731775	25	26	28	#
3615	377688	6	23	28	#
3616	979769	14	20	23	#
3617	762972	0	4	6	#
3618	931073	3	19	30	#
3619	182048	3	5	12	#
3620	258027	20	22	23	#
3621	110337	5	15	21	#
3622	55409	4	25	26	#
3623	278684	6	9	26	#
3624	843193	11	15	31	#
3625	308766	20	24	31	#
3626	955311	0	25	26	#
3627	494627	1	9	19	#
3628	532062	1	12	23	#
3629	982084	6	7	20	#
3630	466525	10	17	29	#
3631	265594	3	8	20	#
3632	984898	23	28	29	#
3633	232916	10	20	25	#
3634	656689	1	3	29	#
3635	744099	2	4	23	#
3636	687654	19	21	30	#
3637	426570	14	26	28	#
3638	479473	11	22	24	#
3639	568534	13	23	30	#
3640	796737	2	6	27	#
3641	650771	11	14	16	#
3642	972999	9	14	21	#
3643	782010	6	14	17	#
3644	401394	2	10	20	#
3645	673281	0	5	13	#
3646	489952	8	12	21	#
3647	605307	5	9	15	#
3648	332591	4	6	10	#
3649	715299	12	15	22	#
3650	947377	2	6	16	#
3651	280271	8	9	11	#
3652	256918	9	21	28	#
3653	5960	0	4	21	#
3654	747332	0	2	3	#
3655	56548	10	14	15	#
3656	826297	28	29	31	#
3657	325025	8	18	19	#
3658	876287	6	23	31	#
3659	957578	23	29	31	#
3660	760845	5	7	28	#
3661	183912	6	10	28	#
3662	92220	2	5	29	#
3663	645276	1	4	17	#
3664	446429	4	11	29	#
3665	589488	3	4	12	#
3666	995443	8	26	31	#
3667	881459	7	11	20	#
3668	850240	7	8	23	#
3669	818644	6	12	13	#
3670	874168	7	21	31	#
3671	245377	6	19	21	#
3672	537849	0	8	30	#
3673	546037	3	6	20	#
3674	762831	23	27	30	#
3675	450300	2	8	19	#
3676	305772	12	23	26	#
3677	227553	8	12	18	#
3678	440692	8	24	28	#
3679	21823	2	11	13	#
3680	763535	20	27	29	#
3681	521648	4	10	23	#
3682	143746	0	2	22	#
3683	433633	7	11	14	#
3684	596310	0	3	5	#
3685	946992	2	3	31	#
3686	608971	21	23	27	#
3687	220862	3	15	20	#
3688	773651	3	4	31	#
3689	305113	8	19	20	#
3690	333795	1	12	25	#
3691	943586	8	27	28	#
3692	921924	10	12	27	#
3693	16551	11	21	22	#
3694	349261	7	21	27	#
3695	406537	6	9	18	#
3696	92207	8	23	28	#
3697	216122	1	4	19	#
3698	105542	14	25	28	#
3699	15170	13	17	20	#
3700	431331	8	9	13	#
3701	776572	6	11	20	#
3702	422538	21	25	27	#
3703	349836	7	20	28	#
3704	472413	4	12	16	#
3705	491372	9	15	22	#
3706	761823	7	27	30	#
3707	786340	10	11	29	#
3708	814117	12	17	30	#
3709	752031	3	15	16	#
3710	681811	4	9	25	#
3711	784012	12	18	31	#
3712	603367	0	12	25	#
3713	986685	8	19	28	#
3714	820601	6	10	18	#
3715	695252	3	20	21	#
3716	846471	23	24	27	#
3717	940991	0	6	21	#
3718	573533	20	23	31	#
3719	51131	1	6	10	#
3720	458261	5	11	26	#
3721	171053	11	22	31	#
3722	654885	0	7	10	#
3723	404527	7	10	16	#
3724	931829	8	10	25	#
3725	39571	3	10	26	#
3726	956676	4	8	30	#
3727	592207	7	8	16	#
3728	986921	0	18	22	#
3729	447426	0	20	31	#
3730	72177	5	18	24	#
3731	744116	3	15	22	#
3732	868129	4	20	22	#
3733	802011	13	22	29	#
3734	187532	0	21	27	#
3735	476294	3	4	7	#
3736	700093	1	4	7	#
3737	333754	3	22	25	#
3738	219758	4	22	26	#
3739	351548	7	25	28	#
3740	684448	4	5	24	#
3741	656584	2	14	30	#
3742	237907	0	6	12	#
3743	22847	4	19	24	#
3744	32268	13	26	30	#
3745	447604	4	22	30	#
3746	238302	3	17	24	#
3747	767160	8	28	30	#
3748	708414	23	25	30	#
3749	250990	15	18	23	#
3750	660689	0	19	30	#
3751	591560	11	15	19	#
3752	583682	5	19	28	#
3753	656626	12	13	15	#
3754	532985	4	28	31	#
3755	281028	10	17	21	#
3756	855031	10	13	31	#
3757	295252	4	21	23	#
3758	118339	13	16	21	#
3759	663396	1	19	31	#
3760	266848	3	14	24	#
3761	216455	2	7	31	#
3762	381017	2	28	30	#
3763	794173	4	13	21	#
3764	779536	8	16	25	#
3765	565575	1	8	17	#
3766	284068	5	25	28	#
3767	281168	3	10	27	#
3768	26072	16	21	26	#
3769	161032	18	22	23	#
3770	623851	17	27	31	#
3771	650560	1	27	30	#
3772	706234	5	22	27	#
3773	502469	9	18	26	#
3774	328202	2	13	25	#
3775	265918	5	27	30	#
3776	36778	3	9	26	#
3777	946156	15	23	25	#
3778	877018	2	16	28	#
3779	643621	17	18	25	#
3780	323795	18	23	25	#
3781	583123	7	15	18	#
3782	165729	10	23	31	#
3783	51733	0	5	18	#
3784	533953	15	20	28	#
3785	874444	15	22	26	#
3786	796069	1	7	8	#
3787	298134	4	16	24	#
3788	682193	5	7	12	#
3789	641955	2	28	31	#
3790	2245	3	18	30	#
3791	40203	19	24	27	#
3792	526684	5	25	30	#
3793	454298	19	25	27	#
3794	329196	15	27	29	#
3795	49030	7	14	26	#
3796	206393	6	18	30	#
3797	622950	9	14	15	#
3798	690909	12	17	25	#
3799	174616	13	15	22	#
3800	680717	24	27	29	#
3801	365770	7	16	18	#
3802	235778	11	22	29	#
3803	849718	7	22	29	#
3804	684044	6	11	12	#
3805	917489	1	8	10	#
3806	867583	18	28	29	#
3807	600490	6	20	31	#
3808	355321	4	13	28	#
3809	36203	16	19	27	#
3810	357748	4	16	29	#
3811	840688	13	18	20	#
3812	235035	1	5	24	#
3813	849613	8	11	26	#
3814	488933	17	23	28	#
3815	53342	21	26	29	#
3816	668391	17	20	27	#
3817	433414	3	18	25	#
3818	297962	6	8	16	#
3819	939414	6	14	30	#
3820	435244	7	17	28	#
3821	430512	12	24	27	#
3822	389295	9	10	30	#
3823	388061	7	25	30	#
3824	205701	1	6	28	#
3825	866168	0	20	22	#
3826	660960	24	28	29	#
3827	293435	2	22	27	#
3828	563008	8	10	27	#
3829	751032	4	20	25	#
3830	285185	15	28	30	#
3831	337687	6	10	29	#
3832	943551	14	25	27	#
3833	117057	15	23	26	#
3834	945121	3	24	26	#
3835	682406	7	22	31	#
3836	888437	16	24	26	#
3837	610253	4	20	21	#
3838	397022	11	23	24	#
3839	399746	5	27	28	#
3840	181911	12	19	29	#
3841	731480	9	17	22	#
3842	645059	14	22	31	#
3843	935051	7	20	31	#
3844	432406	7	9	25	#
3845	537558	9	13	21	#
3846	678696	1	2	27	#
3847	370255	1	13	15	#
3848	16449	10	13	26	#
3849	459480	15	24	26	#
3850	773467	0	15	22	#
3851	153033	8	21	24	#
3852	894155	7	9	20	#
3853	358675	9	20	24	#
3854	309087	3	14	30	#
3855	842877	1	19	24	#
3856	686257	10	14	24	#
3857	155798	4	18	30	#
3858	696864	3	18	24	#
3859	760277	2	3	27	#
3860	268910	1	2	7	#
3861	895018	4	8	14	#
3862	28817	9	16	26	#
3863	7443	4	12	24	#
3864	85520	0	4	11	#
3865	325887	5	9	23	#
3866	396330	2	4	24	#
3867	374384	17	19	23	#
3868	407771	1	3	15	#
3869	798338	10	18	28	#
3870	118195	5	8	9	#
3871	437164	5	24	27	#
3872	596945	0	3	13	#
3873	224231	3	7	8	#
3874	227525	5	23	24	#
3875	801038	6	24	30	#
3876	956059	4	14	15	#
3877	925997	4	19	21	#
3878	96163	18	24	26	#
3879	764605	9	18	25	#
3880	608480	24	27	28	#
3881	97198	5	7	14	#
3882	373640	26	29	30	#
3883	656222	12	18	30	#
3884	163689	5	18	31	#
3885	54656	17	18	22	#
3886	512004	15	29	30	#
3887	252039	1	21	29	#
3888	496762	6	7	31	#
3889	338043	0	7	15	#
3890	839445	9	26	27	#
3891	237196	1	15	26	#
3892	808323	9	17	27	#
3893	782056	3	6	13	#
3894	74050	11	15	16	#
3895	708393	4	21	27	#
3896	852535	15	16	17	#
3897	511359	3	9	27	#
3898	732644	12	23	30	#
3899	673413	9	24	29	#
3900	195404	11	12	27	#
3901	475509	5	6	9	#
3902	396549	9	17	18	#
3903	386300	11	14	15	#
3904	28404	2	16	29	#
3905	86725	6	13	29	#
3906	458655	7	16	26	#
3907	60653	17	19	21	#
3908	506728	15	17	21	#
3909	502496	18	24	31	#
3910	604727	2	18	24	#
3911	106218	4	23	29	#
3912	500572	2	12	16	#
3913	796334	1	12	24	#
3914	864103	3	10	31	#
3915	545239	3	16	23	#
3916	648794	3	21	29	#
3917	349191	1	10	23	#
3918	257364	6	8	14	#
3919	368398	16	18	26	#
3920	332711	0	2	7	#
3921	222332	1	17	23	#
3922	558465	16	20	28	#
3923	40327	1	3	4	#
3924	928915	0	9	12	#
3925	909419	2	12	23	#
3926	323983	9	15	19	#
3927	264301	5	9	17	#
3928	220877	14	16	28	#
3929	486083	1	9	26	#
3930	162380	19	24	31	#
3931	400357	13	21	24	#
3932	53789	7	13	18	#
3933	901076	19	22	25	#
3934	16258	1	20	22	#
3935	938668	3	11	12	#
3936	74470	1	21	27	#
3937	612086	13	18	29	#
3938	265066	6	11	30	#
3939	653334	12	17	22	#
3940	124476	8	10	13	#
3941	572356	11	12	18	#
3942	106578	13	23	24	#
3943	17113	0	3	29	#
3944	429666	3	12	22	#
3945	359826	0	19	27	#
3946	342877	21	28	29	#
3947	57850	2	8	16	#
3948	268489	2	17	20	#
3949	871951	21	22	28	#
3950	977992	2	7	22	#
3951	880620	2	5	26	#
3952	245396	10	26	30	#
3953	944283	11	14	31	#
3954	770693	6	21	25	#
3955	623653	2	17	26	#
3956	321047	2	9	13	#
3957	858984	4	9	16	#
3958	496153	1	8	9	#
3959	953246	1	21	25	#
3960	69337	5	13	20	#
3961	211666	1	16	29	#
3962	998342	10	16	23	#
3963	714656	0	3	9	#
3964	762284	13	19	27	#
3965	952525	12	19	23	#
3966	991672	4	6	30	#
3967	370057	16	18	21	#
3968	272956	12	15	23	#
3969	172354	8	13	26	#
3970	772525	1	3	28	#
3971	173451	3	8	9	#
3972	4453	3	9	23	#
3973	936878	8	24	26	#
3974	672060	11	24	27	#
3975	188056	8	13	19	#
3976	664397	5	7	20	#
3977	708342	6	11	25	#
3978	939620	15	26	27	#
3979	561366	10	17	25	#
3980	422586	1	11	22	#
3981	513053	26	30	31	#
3982	81911	0	12	29	#
3983	800166	18	23	30	#
3984	90584	0	9	10	#
3985	698151	15	18	31	#
3986	405029	1	4	6	#
3987	174513	1	5	16	#
3988	225214	1	17	21	#
3989	228450	13	15	28	#
3990	776417	1	4	27	#
3991	302323	2	22	28	#
3992	652202	9	22	23	#
3993	673674	22	23	24	#
3994	444837	6	16	19	#
3995	263601	1	18	23	#
3996	162556	1	4	22	#
3997	334902	12	18	28	#
3998	728777	1	19	26	#
3999	419924	7	12	20	#
