%% File generated by CATS v.2.1Wed Jun 19 19:07:40 2013

%% The CATS webpage is http://robotics.stanford.edu/CATS

%% PARAMETER SETTINGS:
% Goods: 64; Bids: 2000; Distribution: L4; Runs: 50; Seed: 1371663978
% Legacy distribution parameters:
% Number of goods chosen according to Decay distribution (alpha = 0.55).
% Price chosen according to Linear Random distribution (low_linearly = 1, high_linearly = 1000).


goods 64
bids 2000
dummy 0

0	939652	12	#
1	1844502	5	22	#
2	996205	63	#
3	989819	9	#
4	971810	5	#
5	1605472	4	20	#
6	2993402	6	13	44	#
7	990601	23	#
8	1892781	15	60	#
9	997525	34	#
10	2631320	3	44	51	#
11	959096	48	#
12	999987	61	#
13	999362	47	#
14	989832	35	#
15	995547	13	#
16	983928	53	#
17	998449	51	#
18	1023658	7	9	#
19	1768167	12	48	#
20	2047400	3	8	27	#
21	2121350	9	54	62	#
22	999721	28	#
23	2829461	39	42	49	#
24	994761	7	#
25	1185710	6	20	#
26	993578	20	#
27	2016129	3	39	41	50	#
28	950112	32	#
29	2659649	6	23	49	#
30	1916048	0	42	63	#
31	1342489	2	58	61	#
32	979727	54	#
33	1269207	17	57	#
34	1424189	53	57	#
35	3631644	14	34	53	61	62	#
36	990074	45	#
37	996164	27	#
38	1635452	3	19	#
39	976401	56	#
40	899375	30	#
41	2548026	2	15	57	#
42	2467303	0	31	44	54	#
43	975386	37	#
44	958226	6	#
45	963358	4	#
46	3772980	0	3	54	62	#
47	983334	29	#
48	991538	39	#
49	996970	21	#
50	1789251	18	41	#
51	1699185	13	26	63	#
52	3501990	32	36	38	56	60	#
53	1615104	15	37	#
54	994594	25	#
55	4818406	1	19	43	44	63	#
56	949342	24	#
57	1963429	13	15	#
58	2252928	23	49	50	#
59	5456924	2	6	9	15	16	30	43	44	51	57	#
60	2170384	6	9	45	58	#
61	996090	19	#
62	966454	52	#
63	978169	49	#
64	2069746	1	51	56	#
65	999429	2	#
66	1707154	31	33	#
67	3301643	14	40	52	57	58	#
68	4542712	7	15	23	41	45	58	60	61	#
69	4438258	4	15	32	43	51	#
70	788299	43	#
71	1943373	40	62	#
72	3313437	7	14	21	22	24	26	#
73	935483	41	#
74	992396	0	#
75	999915	8	#
76	988477	10	#
77	1046685	3	61	#
78	971417	16	#
79	2319235	33	34	39	51	59	#
80	1679556	36	51	#
81	3120571	1	2	23	29	41	43	50	51	55	57	#
82	993619	59	#
83	1478513	35	60	#
84	999729	22	#
85	1501397	25	44	#
86	897155	38	#
87	990204	55	#
88	1663697	18	62	#
89	3027103	6	22	31	50	#
90	992152	50	#
91	908265	11	#
92	4500830	16	50	56	57	59	#
93	1537583	14	42	#
94	986941	44	#
95	1518038	24	62	#
96	1941524	5	15	23	58	#
97	1705091	10	31	#
98	1957758	8	42	#
99	986949	60	#
100	2048550	47	54	62	#
101	1810915	37	38	#
102	949123	36	#
103	904840	33	#
104	973035	26	#
105	1453026	32	33	#
106	984195	15	#
107	2599958	7	41	50	#
108	1758340	32	52	#
109	2630594	6	30	51	#
110	1868575	13	30	#
111	1915414	13	48	#
112	961310	14	#
113	2728557	9	47	54	#
114	1237759	9	27	48	#
115	990129	17	#
116	1910127	28	53	#
117	1166926	20	48	#
118	2381419	13	24	38	#
119	1076770	1	43	#
120	4308072	4	11	30	45	57	#
121	1474406	14	23	24	#
122	1981227	7	36	#
123	1802681	0	5	#
124	1618346	0	58	#
125	998710	1	#
126	3672534	9	18	19	54	#
127	1538275	20	39	#
128	988540	58	#
129	997409	42	#
130	1945761	2	24	#
131	2698912	35	38	42	#
132	1952822	4	8	#
133	1995833	6	30	#
134	2970508	47	52	55	61	#
135	1358511	35	50	#
136	995806	57	#
137	2979075	5	8	17	#
138	2690969	6	55	56	#
139	2866380	18	21	30	#
140	6401819	0	3	11	15	25	40	44	45	47	#
141	1022384	0	62	#
142	984367	31	#
143	1621049	3	38	#
144	2991066	0	4	28	29	#
145	2153713	16	20	24	26	44	55	#
146	4697264	1	5	6	7	10	14	15	29	33	47	53	57	60	#
147	2938353	18	32	48	#
148	1582180	45	54	#
149	2069805	30	34	37	#
150	2231468	10	17	31	35	50	61	#
151	1868488	22	36	#
152	1661689	52	63	#
153	5445147	11	17	22	34	45	54	#
154	2361008	8	13	25	#
155	991224	48	54	#
156	1946211	6	33	#
157	2362755	23	29	51	58	#
158	4803411	9	30	45	48	63	#
159	1788127	33	60	#
160	982798	46	#
161	1547983	14	43	50	#
162	1926856	27	53	#
163	4520341	17	27	51	54	59	#
164	2310533	7	40	53	#
165	1650486	29	36	45	#
166	3127258	17	19	25	45	#
167	974827	18	#
168	1966490	2	37	#
169	2930188	12	23	43	#
170	1279509	32	40	#
171	1782125	38	40	#
172	1819260	7	15	#
173	2120452	6	17	39	#
174	1672693	26	27	#
175	1983738	7	8	38	#
176	1548224	33	41	#
177	1757852	2	60	#
178	1688125	24	28	57	#
179	1047506	4	63	#
180	1089612	1	36	38	#
181	3647391	8	18	27	56	#
182	1735742	8	23	#
183	2700754	24	49	51	#
184	1060208	21	41	#
185	3916381	18	23	28	55	62	#
186	2746065	3	13	62	#
187	1134930	4	37	#
188	2664780	36	51	53	#
189	1528790	29	37	#
190	1536818	5	7	53	#
191	3118850	4	24	31	32	#
192	1701441	0	30	#
193	2286986	38	47	49	#
194	1198422	7	38	#
195	1948715	8	24	#
196	4878095	11	44	50	62	63	#
197	1997038	56	59	#
198	3019742	19	22	40	44	58	#
199	1528561	28	30	#
200	6757815	2	25	38	51	54	56	57	#
201	1816056	36	59	#
202	1125376	31	35	#
203	2685813	21	32	42	#
204	2995471	36	51	63	#
205	2701068	2	11	42	#
206	1097053	4	27	#
207	1639977	3	52	#
208	981512	40	#
209	2034097	24	35	56	#
210	2038653	42	51	60	61	#
211	1362941	43	50	#
212	1661981	21	33	#
213	2071774	38	46	57	#
214	3947908	4	6	10	26	58	#
215	2778374	7	27	29	33	#
216	1455980	0	11	18	29	#
217	5591618	13	35	40	46	48	59	#
218	3025126	2	12	27	59	#
219	2758071	10	46	47	61	#
220	1853061	25	45	#
221	1924154	18	35	#
222	6868613	1	5	11	15	27	29	49	57	#
223	1814458	31	55	#
224	1991698	17	20	42	#
225	1488417	45	59	#
226	1033407	45	62	#
227	1970655	1	16	31	50	#
228	2547789	6	11	61	#
229	1948393	0	36	#
230	1926513	11	25	#
231	4000599	3	6	8	23	27	35	#
232	1516571	23	40	#
233	1842871	37	38	57	#
234	3347253	3	12	18	44	51	#
235	1905831	52	55	#
236	1862660	43	63	#
237	2379680	15	42	61	#
238	6332285	0	3	7	8	12	17	26	32	33	38	49	51	57	60	#
239	2548236	13	54	58	#
240	1648589	35	57	#
241	1773874	28	54	#
242	1698084	8	13	#
243	1111157	14	59	#
244	1373219	27	32	#
245	1798265	32	33	35	#
246	1912986	12	62	#
247	1427351	10	37	55	#
248	1104454	23	31	#
249	1505792	41	46	#
250	2950010	8	32	33	37	59	#
251	3577317	19	27	29	58	#
252	4604524	14	20	26	45	56	59	#
253	1720067	43	55	#
254	2766494	1	8	19	28	47	49	#
255	2503783	13	27	60	#
256	1136169	10	29	#
257	2648276	10	40	50	#
258	1919047	8	14	#
259	1527231	40	58	#
260	1185122	23	27	#
261	4313250	12	13	22	50	61	#
262	1846852	15	51	#
263	2472642	8	13	14	22	35	#
264	1926312	29	39	#
265	3874041	27	35	57	59	#
266	1348585	60	63	#
267	2188833	29	62	63	#
268	3438113	3	10	35	41	#
269	2972827	1	14	15	41	51	54	#
270	1488628	39	55	#
271	2433429	27	33	52	#
272	1644519	25	49	#
273	1904594	22	24	#
274	955561	3	#
275	2251063	39	55	57	60	#
276	1450854	10	32	#
277	3874539	4	17	32	37	#
278	1603922	10	19	#
279	1887427	12	45	#
280	2706309	28	47	54	#
281	1358129	42	56	#
282	7196781	2	3	9	31	32	41	52	56	58	#
283	1614729	28	46	#
284	1482767	15	62	#
285	2954070	8	15	33	42	47	62	#
286	1974613	51	63	#
287	1541011	4	44	#
288	1334209	39	59	#
289	1502197	1	39	#
290	1003795	5	29	#
291	3935402	2	19	25	26	#
292	1766169	10	40	#
293	1948363	26	41	#
294	1782728	14	38	51	#
295	2490438	2	9	44	58	63	#
296	1938683	40	61	#
297	1222091	14	51	#
298	1941276	3	10	#
299	1227678	21	44	#
300	1449480	21	36	#
301	1846285	2	25	#
302	1573111	20	23	#
303	1472922	45	53	#
304	1009906	33	50	#
305	1538168	37	53	56	#
306	1814231	3	7	26	55	#
307	1851966	2	5	28	50	#
308	4492066	2	17	29	41	56	#
309	1368935	13	44	#
310	1976631	18	61	#
311	1447779	25	36	#
312	3402895	2	24	29	46	#
313	2398441	38	47	55	#
314	1975687	15	22	#
315	1833940	26	47	48	51	#
316	1428654	25	41	#
317	1747171	36	63	#
318	960634	62	#
319	3805119	28	33	39	57	#
320	1927393	15	43	#
321	1056111	3	5	44	#
322	1973046	30	34	46	#
323	1695296	25	46	#
324	1502791	39	44	#
325	1649113	4	11	#
326	2723654	12	47	56	#
327	1492450	19	40	#
328	2552936	5	8	24	33	48	#
329	1437769	12	16	#
330	1839422	2	39	#
331	6850280	2	10	14	35	43	52	58	60	63	#
332	3363589	3	6	14	24	#
333	1290959	51	60	#
334	1871846	8	9	38	59	#
335	1615400	9	30	#
336	1072084	1	53	#
337	5681619	0	7	11	15	36	57	#
338	1155109	15	27	#
339	2847995	27	47	56	#
340	2300484	7	29	35	42	#
341	1888424	13	22	#
342	2532580	3	31	48	49	59	60	61	#
343	3921581	9	11	27	28	49	#
344	1834151	21	23	#
345	1887587	0	4	9	#
346	1979436	8	61	#
347	1993740	39	61	#
348	2451041	13	19	21	34	45	53	#
349	1941289	12	24	#
350	1814502	25	26	#
351	1893040	51	56	#
352	2271794	15	32	44	54	#
353	2481068	13	44	47	#
354	3651661	0	4	17	52	60	#
355	2195663	0	9	35	#
356	3527861	11	23	26	34	48	#
357	1874045	32	38	48	52	#
358	3068889	12	16	34	39	#
359	1752058	23	33	#
360	1132166	11	30	#
361	1357861	28	55	#
362	1835360	38	49	#
363	2167038	8	26	36	37	54	#
364	1249712	1	49	#
365	1591308	4	54	#
366	1526834	24	53	#
367	2487758	7	43	57	#
368	2105726	45	48	57	#
369	1607900	17	47	#
370	1941073	22	37	41	49	55	57	#
371	1636600	20	21	26	36	#
372	1669752	39	48	#
373	1967460	7	59	#
374	1916014	30	42	#
375	4292458	0	2	24	42	57	#
376	1988048	49	56	#
377	2656072	0	9	14	#
378	1621547	9	17	#
379	1557544	2	46	#
380	1300667	14	22	#
381	1009690	0	9	26	#
382	1480909	16	44	#
383	1735520	10	50	57	#
384	1629372	33	57	#
385	1526566	0	24	63	#
386	1176247	24	44	#
387	2403921	33	43	48	62	#
388	1065242	57	58	#
389	1943950	16	34	#
390	2264476	7	38	61	#
391	2934291	1	6	30	33	40	62	#
392	4852021	5	7	16	23	36	56	#
393	3212854	8	15	20	40	43	52	56	#
394	1637609	19	22	60	#
395	1409747	32	46	#
396	1218661	20	51	#
397	3889194	11	15	27	43	#
398	4297197	2	7	11	21	37	#
399	1765881	34	40	48	55	#
400	1408619	10	22	#
401	1365136	26	31	#
402	2227772	11	12	17	20	#
403	4931872	7	21	36	43	57	61	#
404	2886745	2	14	18	#
405	1539731	46	53	#
406	2167633	28	49	57	60	#
407	2040053	15	17	19	48	59	63	#
408	2549124	13	26	48	54	#
409	1894558	18	50	#
410	5282273	2	34	41	47	59	61	#
411	1970803	12	29	45	#
412	1082913	22	47	#
413	2598352	5	29	37	#
414	1123142	20	43	#
415	3372871	16	20	48	57	#
416	1230612	20	50	#
417	1769871	1	50	#
418	3270190	2	22	59	61	#
419	1922485	18	21	#
420	1737070	27	28	#
421	3894103	4	9	17	44	#
422	1664806	5	12	#
423	3308917	9	11	27	29	37	#
424	1337119	24	42	#
425	1579840	7	41	62	#
426	3053746	14	20	49	55	#
427	2906630	7	38	49	#
428	1705026	33	34	#
429	1179157	6	41	#
430	3770014	3	7	15	61	#
431	3562810	5	24	43	62	#
432	1753954	11	50	#
433	2432652	3	10	13	#
434	2114377	11	38	63	#
435	5075747	2	12	13	14	19	26	29	54	60	#
436	1899798	15	32	#
437	2937227	10	30	39	#
438	3326212	4	36	43	49	#
439	2338347	12	27	35	#
440	1702669	20	55	#
441	6149137	7	13	22	25	29	55	58	62	#
442	1945029	18	34	#
443	4094114	4	6	10	37	58	#
444	1629862	29	63	#
445	3274019	20	33	36	50	53	#
446	1442938	9	57	#
447	2127666	6	18	49	#
448	1545217	0	28	56	#
449	1965151	21	59	#
450	1951202	27	49	#
451	1562916	24	58	#
452	2837722	5	8	24	35	36	49	51	#
453	1814057	13	38	#
454	2977615	43	55	59	62	#
455	1563810	20	58	#
456	5761876	29	32	37	40	51	55	56	#
457	1375676	31	50	#
458	1954200	43	54	#
459	2104827	15	22	60	#
460	2134013	11	27	32	#
461	1773842	8	56	#
462	2387501	3	7	24	30	#
463	2255950	9	17	32	#
464	2836123	19	31	50	52	#
465	1608055	9	18	#
466	1762440	28	29	37	#
467	1215274	27	40	#
468	3505353	18	52	55	63	#
469	3332891	10	29	31	46	#
470	3679250	3	8	17	39	#
471	2495240	18	58	60	61	#
472	5251387	0	4	9	15	38	49	#
473	1288345	24	27	#
474	2371279	9	43	48	55	59	#
475	2934677	33	41	43	#
476	4703647	6	21	25	60	63	#
477	5428436	23	31	34	35	36	39	46	59	#
478	1921760	13	28	37	#
479	1952669	46	49	#
480	1949294	24	32	44	#
481	1361766	36	49	#
482	1053605	23	46	52	59	#
483	1969748	10	14	#
484	1200044	10	36	#
485	2367788	2	3	16	32	#
486	2190763	14	48	60	#
487	1512174	14	40	#
488	2114663	37	45	47	#
489	6049242	0	7	21	25	32	34	37	52	#
490	1886052	41	44	#
491	2462258	47	48	58	#
492	3915257	11	20	31	52	#
493	1143521	1	8	21	#
494	1304728	21	60	#
495	3602655	27	33	39	49	#
496	1514092	0	53	#
497	2667983	15	20	22	29	46	#
498	2548615	30	35	36	54	#
499	1789831	43	44	#
500	1990044	4	21	#
501	3660371	11	31	34	39	45	48	54	55	#
502	2553370	16	18	54	#
503	2601471	0	9	44	#
504	3357517	16	18	24	29	32	38	57	63	#
505	1961286	4	17	#
506	2720388	10	34	63	#
507	1658848	29	58	#
508	1226107	6	54	#
509	4005214	12	13	15	20	28	44	49	50	54	#
510	1694793	38	63	#
511	2808155	52	58	62	#
512	1310898	4	13	#
513	2528017	1	5	26	#
514	1685469	55	57	61	#
515	1018011	11	57	#
516	2505348	22	29	50	#
517	3239024	21	24	35	40	#
518	2380235	7	8	12	#
519	1417101	51	59	#
520	1851448	6	27	60	#
521	1731438	50	57	#
522	2802386	0	9	15	#
523	1691947	1	17	#
524	2404924	7	21	36	45	56	63	#
525	2170914	3	4	52	#
526	1188221	33	36	#
527	1967369	52	54	#
528	1596319	33	39	#
529	2428616	15	16	54	#
530	1662134	37	42	43	#
531	1672395	24	39	#
532	1488291	4	55	#
533	1845491	22	51	#
534	1538654	1	3	49	#
535	2819908	15	22	24	37	#
536	3856737	10	18	41	42	#
537	2540059	9	39	44	45	#
538	3766285	8	40	49	62	#
539	1303526	1	14	#
540	1732047	8	21	52	#
541	7201741	11	18	21	41	45	50	52	55	60	63	#
542	2349077	11	40	54	#
543	1578309	32	42	#
544	1645435	17	45	#
545	2863392	14	15	43	54	#
546	1877132	0	6	37	61	#
547	1123890	36	43	53	#
548	1979730	11	56	#
549	1356603	9	55	#
550	2105613	3	44	47	#
551	4386656	17	41	46	55	59	#
552	1343811	12	46	#
553	1354886	19	30	#
554	2052902	7	10	55	#
555	2811657	5	17	18	#
556	1484808	41	45	#
557	2359117	19	43	44	#
558	5021874	22	34	36	47	50	54	#
559	2922855	0	11	13	45	#
560	1385932	6	53	#
561	1106629	3	26	#
562	2837917	15	22	39	44	#
563	5398978	8	9	28	34	42	44	52	56	62	#
564	1366609	53	59	#
565	2144060	21	52	60	#
566	1483440	21	48	#
567	1586524	50	58	#
568	2610211	23	41	61	#
569	1789752	0	47	#
570	1839178	19	33	#
571	1500413	47	62	#
572	1803336	17	40	#
573	1384294	8	20	#
574	1010277	31	57	#
575	2305953	6	27	37	40	51	#
576	5487321	6	12	41	42	48	62	#
577	1288539	36	43	61	#
578	1587323	6	62	#
579	2199971	27	41	55	#
580	2936549	37	42	60	#
581	2942864	2	26	29	49	#
582	2596091	3	18	42	53	#
583	1782535	1	12	27	37	#
584	1062756	18	51	#
585	2094391	9	20	40	59	#
586	3409928	17	30	32	61	#
587	1831293	47	52	63	#
588	2479438	41	43	49	#
589	1491114	9	32	48	#
590	1971611	39	40	#
591	3890051	0	4	43	57	58	#
592	1061775	42	63	#
593	1994314	4	41	55	#
594	3472156	1	3	45	57	#
595	1736335	29	33	#
596	1543719	9	58	#
597	1475305	11	21	#
598	2350584	9	25	44	#
599	4931339	22	33	47	52	62	#
600	2001318	9	23	28	29	63	#
601	2173382	1	11	20	#
602	2382757	19	51	60	#
603	1510673	6	8	#
604	1368528	13	53	#
605	1823367	27	39	#
606	2733970	9	25	34	44	#
607	2592058	3	22	57	#
608	1389090	37	53	#
609	5657784	8	24	31	37	48	50	#
610	5573165	4	30	38	45	54	58	#
611	1771114	11	52	#
612	2690258	27	38	45	62	#
613	2541625	3	10	50	#
614	1302620	45	46	#
615	2315127	5	12	34	#
616	1535562	22	43	#
617	1684646	46	57	#
618	1752266	26	34	#
619	5894637	0	9	10	17	21	27	33	47	52	53	#
620	1706487	31	46	50	#
621	4885684	35	39	55	57	58	#
622	1304369	14	15	#
623	1853632	12	48	49	#
624	1881061	22	37	42	#
625	1849091	23	34	#
626	3708995	19	35	40	57	#
627	1684786	12	26	#
628	2795407	21	38	39	62	#
629	1652684	27	42	#
630	3585534	43	46	55	56	#
631	1262072	25	53	#
632	7151218	0	11	24	36	37	39	52	53	57	#
633	1336551	2	52	#
634	2510626	16	27	61	#
635	1873836	31	39	56	#
636	1512527	8	57	#
637	2317302	19	31	34	55	#
638	2450421	20	41	54	#
639	1534160	0	57	#
640	2670880	20	48	52	#
641	2897546	27	48	51	#
642	1494538	3	9	#
643	2059294	17	20	33	51	56	#
644	1901822	50	60	#
645	6341746	6	19	24	29	32	34	45	63	#
646	2381368	27	38	58	#
647	2729455	14	42	57	#
648	1631287	31	49	#
649	1296685	20	34	#
650	1458182	53	63	#
651	1060780	3	28	#
652	2336811	8	14	20	38	42	#
653	4436016	12	13	27	36	40	#
654	5704710	5	10	20	35	46	51	#
655	1748988	28	40	#
656	1665546	3	50	#
657	1993283	8	54	#
658	1593459	16	41	61	#
659	4855611	6	22	34	40	47	#
660	2426647	0	21	22	39	41	55	#
661	1047648	42	48	#
662	2812984	20	32	56	#
663	1984106	4	12	28	#
664	2266834	2	3	36	#
665	1734267	17	42	62	#
666	1318479	21	54	#
667	1500351	25	34	47	#
668	1095147	4	29	#
669	1465389	8	35	#
670	3000186	13	26	45	55	#
671	1878282	0	54	#
672	2024034	3	32	48	#
673	1532844	7	54	#
674	3767707	0	25	32	61	#
675	1765799	40	42	#
676	1379420	22	29	#
677	2044021	5	22	29	33	44	#
678	1943110	12	43	#
679	3635406	11	24	58	60	#
680	1841644	5	34	#
681	1964705	52	57	#
682	2483726	33	37	47	56	58	#
683	1860230	15	54	#
684	2246339	35	55	62	#
685	5386818	34	41	42	44	51	63	#
686	1662583	10	17	#
687	1518460	56	62	#
688	3269762	0	28	29	48	#
689	5473785	7	9	17	20	51	62	#
690	1167883	8	62	#
691	2357884	14	27	35	46	55	#
692	7368044	3	5	11	43	51	54	59	61	#
693	2400368	21	43	44	#
694	2235717	1	34	41	#
695	1459658	17	52	#
696	2317296	26	29	43	54	#
697	2880505	27	33	51	#
698	2420865	10	11	39	41	#
699	2821627	23	24	38	#
700	1026607	35	61	#
701	2436949	0	8	27	42	51	#
702	1918497	27	33	#
703	1815103	13	61	#
704	2125308	7	24	38	#
705	4166726	4	17	28	45	62	#
706	1825100	54	58	#
707	5186668	1	3	5	10	12	26	36	38	41	48	57	#
708	946159	33	43	#
709	1178659	1	27	#
710	4540565	7	10	17	42	50	#
711	1225394	23	36	#
712	2514300	2	10	35	#
713	1231149	10	39	#
714	2168116	26	45	56	#
715	1081577	39	52	#
716	1562209	21	58	#
717	4436298	10	30	40	45	62	#
718	2616284	8	14	24	48	61	62	#
719	1103799	44	62	#
720	1914649	20	54	#
721	2750362	0	40	49	#
722	6836989	3	7	14	20	22	28	61	62	#
723	1672361	50	61	#
724	3841841	3	11	12	13	26	29	#
725	3966247	3	9	19	31	36	38	48	54	#
726	2124133	12	15	25	60	#
727	3638258	0	15	22	24	33	40	#
728	1164388	14	53	#
729	2947878	41	44	56	#
730	1247857	48	62	#
731	1161234	1	45	#
732	1925152	10	18	49	#
733	1893514	4	25	31	#
734	2845296	8	31	60	#
735	1578839	1	9	#
736	1872568	12	42	#
737	3628955	8	12	15	19	31	58	#
738	1209701	14	21	#
739	1284828	46	51	#
740	2640332	24	25	44	62	#
741	1520325	44	55	58	#
742	2894424	6	28	55	60	#
743	2447778	1	33	54	63	#
744	1776038	2	8	#
745	1614865	16	28	#
746	1090580	30	62	#
747	2790497	11	41	48	#
748	3624168	6	12	23	31	47	#
749	1763616	0	20	#
750	2746584	6	22	59	#
751	2897855	16	44	61	#
752	2961051	2	14	17	#
753	1838218	11	62	#
754	1413560	30	40	#
755	1799676	16	36	63	#
756	7805086	5	11	22	41	44	49	55	56	57	58	#
757	1018115	21	43	#
758	2440695	30	46	55	#
759	2232292	1	5	28	47	49	#
760	2548513	20	32	41	#
761	1494300	0	17	#
762	1873123	6	44	#
763	2993543	1	11	54	56	#
764	2417668	31	43	52	#
765	1925978	13	32	#
766	1906674	7	16	#
767	2844255	5	10	49	55	#
768	2287202	21	28	35	#
769	1835025	28	34	#
770	1828183	26	48	#
771	1819383	21	29	#
772	4033739	1	6	21	24	61	#
773	2433641	8	31	44	#
774	1863719	42	50	#
775	2972696	8	10	16	#
776	1697440	19	21	24	31	48	63	#
777	1825477	2	17	#
778	1536450	8	36	#
779	4058327	4	11	14	17	18	#
780	2938832	18	40	43	61	#
781	3175126	5	15	56	61	#
782	1825106	34	49	#
783	1899679	15	30	#
784	1915129	0	17	30	47	#
785	1509304	19	63	#
786	1587128	8	11	#
787	1301185	44	61	#
788	2012236	2	8	37	#
789	1191244	16	47	#
790	3745182	0	1	7	37	#
791	3780387	1	13	27	32	#
792	5599856	14	17	22	27	30	34	#
793	3773748	7	46	47	53	59	#
794	2600896	5	26	35	37	46	58	#
795	1182360	10	54	63	#
796	3782961	3	11	16	21	23	41	49	#
797	4705856	1	6	22	41	44	53	58	#
798	1931736	14	37	#
799	4421181	8	20	51	52	57	63	#
800	3127898	26	31	36	48	53	#
801	1934983	26	30	#
802	2588210	4	6	12	19	29	40	42	52	61	#
803	1976464	9	27	56	63	#
804	2489964	6	29	35	48	#
805	1417725	1	48	#
806	7880627	12	14	22	35	36	48	58	61	#
807	1764707	8	22	#
808	1689807	0	35	41	56	#
809	5284275	6	11	23	41	43	63	#
810	1224258	49	58	#
811	1100448	19	25	#
812	7061426	0	6	8	24	32	33	36	37	39	44	45	#
813	3038957	3	35	39	41	44	46	47	48	57	#
814	2965084	13	25	32	#
815	1003030	42	61	#
816	6618831	2	4	16	23	35	38	49	50	51	54	58	#
817	1336462	7	48	#
818	1476961	13	16	#
819	1751948	24	50	#
820	2218884	11	26	41	46	49	#
821	2891353	22	37	48	55	#
822	1756963	15	53	#
823	2860086	13	14	49	#
824	4992999	10	36	43	44	53	55	#
825	2046586	12	13	21	33	#
826	1444572	19	34	54	#
827	1984731	9	20	#
828	2176747	14	23	35	#
829	2569376	56	58	59	#
830	1458843	12	44	#
831	2931794	8	17	21	#
832	1483544	18	33	#
833	1548371	5	54	#
834	1407723	4	41	#
835	1868814	10	25	#
836	5802588	0	4	22	26	35	39	41	57	#
837	1532208	48	63	#
838	4393332	16	17	20	50	56	59	#
839	1197043	54	59	#
840	2001116	13	16	48	51	#
841	1437233	23	49	54	55	#
842	3295005	15	16	29	42	46	51	59	#
843	2748107	4	13	15	26	#
844	1592101	5	52	#
845	1015313	14	52	62	#
846	2630886	4	25	55	#
847	1561866	12	49	#
848	2537530	0	6	9	23	33	57	#
849	6683982	14	16	25	45	46	49	61	#
850	1728295	8	58	#
851	3080231	0	30	33	41	54	58	#
852	2875323	11	34	49	#
853	4429004	2	4	22	28	36	44	53	#
854	1061160	30	48	54	#
855	2338672	9	11	52	61	#
856	2588665	16	17	19	33	#
857	2311605	15	23	51	#
858	2850261	3	19	26	41	42	#
859	1005644	29	34	#
860	2876975	10	17	32	46	50	#
861	1286275	6	51	#
862	1174150	25	33	37	#
863	1891140	3	7	14	43	#
864	1497389	14	35	#
865	2544522	4	7	19	26	#
866	1617963	32	38	50	#
867	2366012	7	27	63	#
868	5109126	11	13	18	21	31	37	47	52	57	59	#
869	1772408	3	27	#
870	1640645	35	62	#
871	1897432	30	47	#
872	2804573	2	19	23	#
873	6278565	1	15	16	33	42	57	61	#
874	1983804	15	63	#
875	1339268	40	60	#
876	2786102	4	11	19	63	#
877	1802020	3	8	#
878	2443678	39	53	56	#
879	2743919	40	60	63	#
880	1305060	37	57	63	#
881	2043973	17	23	27	29	52	#
882	1705137	13	49	#
883	1449950	46	48	#
884	6240620	10	17	23	27	43	44	46	48	50	#
885	2171487	6	7	10	17	24	33	41	#
886	1147685	49	57	#
887	3191462	1	8	23	40	#
888	3191822	1	2	8	25	42	55	60	#
889	2915054	10	25	31	35	61	#
890	2462625	23	30	60	#
891	3777516	21	29	31	37	45	47	#
892	1127273	5	61	#
893	2669690	8	32	53	#
894	1155480	5	62	#
895	3237771	3	42	48	55	#
896	1649180	4	30	#
897	1980882	29	48	#
898	2850690	2	14	60	#
899	1496490	19	41	48	#
900	2082620	34	47	53	#
901	4839838	0	2	6	7	12	13	15	19	24	46	47	54	56	#
902	3507440	23	31	39	49	60	#
903	1908819	29	56	#
904	2057654	7	13	36	54	#
905	1786286	24	47	49	#
906	3068619	8	19	21	24	28	30	41	51	#
907	1397532	34	48	#
908	3494001	0	9	11	15	33	#
909	2254243	34	51	53	#
910	1756363	5	12	38	#
911	4030449	12	16	20	25	53	62	#
912	2365172	1	5	37	60	#
913	1835613	46	56	#
914	2705941	16	19	27	61	#
915	2812361	19	27	31	#
916	2464197	32	53	54	#
917	1891195	7	45	#
918	4753100	0	5	10	20	24	28	34	36	59	#
919	5733680	1	6	11	32	38	54	#
920	3981995	30	36	39	40	51	58	#
921	2262318	9	24	31	#
922	1041152	11	36	#
923	4933575	22	38	39	47	50	#
924	4698153	16	18	21	28	33	#
925	1352567	22	40	#
926	1860468	8	17	#
927	1972581	17	50	#
928	3444914	7	12	16	37	#
929	3872385	23	33	43	51	#
930	1417606	33	59	#
931	1639774	38	57	#
932	1796244	37	61	#
933	3814802	7	18	32	53	57	59	#
934	1829679	17	54	#
935	1384402	24	59	#
936	4281667	4	10	13	22	25	27	32	33	55	59	#
937	1349669	5	33	35	38	#
938	1151954	7	28	#
939	3855491	7	24	29	38	46	#
940	2062557	2	10	39	45	63	#
941	1636969	17	31	#
942	2873250	15	30	38	#
943	2668726	4	7	26	29	#
944	1521017	22	59	#
945	1939790	13	55	#
946	1305551	21	53	#
947	3831407	8	23	35	50	#
948	4614247	16	23	42	52	55	#
949	2473628	38	48	62	#
950	1394940	7	22	#
951	1995639	16	21	#
952	2779673	25	50	51	#
953	3243951	2	17	26	27	33	47	#
954	1261658	27	57	#
955	2822291	1	16	30	#
956	1340311	3	42	#
957	1814526	24	34	#
958	3838618	20	22	43	53	#
959	1760087	56	57	#
960	2229089	4	46	51	#
961	2133252	9	17	26	#
962	3663118	10	18	35	40	#
963	2116741	19	36	37	#
964	4345666	7	20	26	27	28	#
965	2996982	5	11	12	30	32	38	63	#
966	3543996	18	22	52	56	#
967	1581757	41	46	61	#
968	2946072	32	62	63	#
969	3431153	32	35	41	54	#
970	1808965	53	55	#
971	2349283	2	40	48	#
972	1765648	4	6	7	10	13	20	47	#
973	2617000	7	43	46	#
974	2188877	27	36	52	63	#
975	3182996	0	11	21	30	#
976	9266251	6	22	28	33	41	42	45	47	50	58	#
977	1857697	28	44	#
978	2835355	21	41	47	#
979	2302358	30	45	51	54	#
980	1927792	55	56	#
981	3997846	0	19	34	58	#
982	1478797	34	50	#
983	10060530	1	4	8	18	25	35	39	54	55	57	61	#
984	1921905	1	4	34	#
985	3331457	8	19	30	39	55	#
986	5139140	19	26	33	43	44	52	#
987	1626481	13	21	37	#
988	2703295	4	17	30	34	42	#
989	1284561	18	31	#
990	1987105	11	18	23	#
991	1378820	1	41	#
992	2678152	29	44	45	#
993	1970373	6	35	50	#
994	2819935	1	15	22	#
995	1752988	8	49	#
996	3124734	13	16	19	23	#
997	1300809	3	35	59	#
998	1709933	1	24	#
999	1561679	17	43	#
1000	2564495	55	56	57	61	#
1001	3134098	14	26	45	50	#
1002	4737909	7	16	31	35	56	63	#
1003	2250389	6	9	15	27	#
1004	1042863	9	36	#
1005	1893962	27	29	#
1006	3112776	20	30	48	63	#
1007	1785676	17	44	52	#
1008	1069735	19	62	#
1009	3809783	21	23	24	31	41	#
1010	3692440	13	32	55	62	#
1011	2712707	2	20	42	#
1012	3374594	17	24	32	50	#
1013	2199097	7	8	11	27	52	57	#
1014	2168329	3	20	31	#
1015	4745418	38	44	49	52	58	#
1016	1451275	39	50	#
1017	3302064	9	11	18	51	#
1018	4612384	0	14	16	30	45	#
1019	3298345	2	5	11	15	56	#
1020	5064505	8	11	31	43	47	59	#
1021	3157923	10	28	35	43	46	#
1022	1462979	37	42	#
1023	2354223	8	20	36	#
1024	2980082	51	52	62	#
1025	1585901	12	13	#
1026	1731966	7	23	#
1027	2188481	9	40	42	49	51	#
1028	1729570	0	28	29	#
1029	2081161	19	33	39	#
1030	6362666	32	47	48	49	52	53	59	#
1031	1792771	45	49	#
1032	5051540	11	13	24	34	38	42	#
1033	2277120	6	17	20	29	34	46	55	61	#
1034	2642309	5	25	31	55	#
1035	1958145	11	16	52	#
1036	2590223	23	35	60	#
1037	2172751	4	8	12	24	26	34	48	60	#
1038	2767428	0	19	24	29	37	#
1039	2672092	18	54	61	#
1040	6932828	2	27	31	33	43	47	59	#
1041	1977308	39	54	#
1042	1243160	1	42	#
1043	2091292	7	19	39	50	56	#
1044	1608284	11	32	#
1045	1829748	5	43	#
1046	2808299	15	16	26	32	34	39	41	46	#
1047	3389373	8	13	29	33	36	48	#
1048	2881819	4	8	15	29	58	#
1049	1567802	3	51	#
1050	3912059	17	55	59	62	#
1051	1549428	2	57	61	#
1052	1236309	22	32	#
1053	2165486	8	29	35	39	#
1054	3831171	12	17	28	44	#
1055	1809970	6	28	#
1056	1730384	13	34	#
1057	1336064	8	30	#
1058	1965630	16	44	62	63	#
1059	1917364	4	35	36	#
1060	2335731	22	26	28	#
1061	1153136	49	59	#
1062	1825675	16	26	#
1063	1515029	40	47	#
1064	2017126	31	56	63	#
1065	2517968	7	16	54	56	63	#
1066	1089165	0	42	#
1067	1852208	16	25	#
1068	1904870	13	17	#
1069	1944372	17	59	#
1070	1856742	14	16	#
1071	1918330	30	61	#
1072	1304808	7	50	56	#
1073	2096205	0	22	30	36	49	#
1074	1890202	5	56	#
1075	3425877	4	17	35	59	62	#
1076	2918019	2	19	37	48	58	#
1077	4007910	2	20	27	35	40	46	48	53	55	56	63	#
1078	2145868	12	17	34	#
1079	2713626	9	29	30	38	42	49	#
1080	2216894	12	16	36	#
1081	1922115	12	63	#
1082	4099553	6	13	25	27	44	47	#
1083	5690851	6	25	35	42	43	45	54	#
1084	1809174	28	30	45	48	#
1085	1277926	34	35	#
1086	1128964	39	63	#
1087	1533561	34	47	50	#
1088	1475471	34	39	#
1089	1968323	24	34	54	#
1090	2808370	4	19	20	46	#
1091	1577936	19	20	50	#
1092	1803231	3	16	17	39	44	#
1093	992314	5	33	#
1094	3224005	11	14	43	44	61	#
1095	2927164	3	46	52	#
1096	2443769	2	25	45	49	51	#
1097	2053588	15	27	57	#
1098	2600359	25	32	51	#
1099	3698806	8	16	27	32	35	#
1100	2041310	6	18	59	#
1101	1323930	4	7	#
1102	1228697	6	58	#
1103	3841105	5	32	43	55	#
1104	1407173	37	51	#
1105	3570447	21	29	33	35	#
1106	1754108	16	22	#
1107	1929412	27	36	#
1108	1403394	25	51	#
1109	1722120	32	62	#
1110	2888935	7	30	36	#
1111	2583710	9	43	45	#
1112	1786949	5	32	#
1113	2305308	3	6	10	15	24	27	#
1114	1057017	28	45	#
1115	1727206	31	38	#
1116	2333347	4	14	22	42	#
1117	2911242	19	27	46	51	#
1118	1042199	3	12	17	#
1119	2290413	30	32	34	#
1120	1694335	2	15	33	42	#
1121	1308240	51	57	#
1122	2090734	1	6	7	12	17	22	33	37	45	50	#
1123	1176193	1	46	#
1124	1608814	8	45	46	#
1125	1402513	41	61	#
1126	3334607	6	16	17	21	40	44	62	#
1127	3095617	11	25	38	54	#
1128	6521016	18	20	35	47	49	57	63	#
1129	2500038	32	45	48	#
1130	1012288	38	53	#
1131	2159452	11	23	35	#
1132	1534099	51	61	#
1133	3849125	11	17	19	25	52	#
1134	1312618	4	48	#
1135	1875790	11	60	#
1136	1306122	42	47	#
1137	11624482	1	5	11	23	24	31	47	48	53	54	59	61	63	#
1138	1074779	16	57	#
1139	2493058	9	49	55	57	#
1140	3252394	0	30	52	61	#
1141	3594599	8	15	17	34	42	#
1142	3072411	3	14	18	19	22	38	#
1143	4434601	4	10	16	44	50	#
1144	3610199	29	39	41	46	52	#
1145	1332134	24	49	#
1146	1864406	24	33	#
1147	2356516	9	21	37	39	42	53	#
1148	1567181	45	51	#
1149	1788127	16	37	53	#
1150	1251182	2	44	58	#
1151	3376846	1	20	47	49	55	#
1152	1536274	35	38	39	#
1153	2129803	3	6	35	38	#
1154	1590902	6	19	20	39	#
1155	1765543	23	63	#
1156	1213731	25	39	#
1157	1869230	3	28	40	#
1158	2676671	11	23	48	#
1159	1550607	1	37	40	49	#
1160	4275650	20	21	22	42	49	54	#
1161	2630372	14	35	40	51	56	#
1162	2479565	5	12	43	#
1163	1486119	3	34	#
1164	3625884	10	26	33	50	51	#
1165	2058059	10	17	26	#
1166	1055989	4	5	51	#
1167	1578608	32	55	#
1168	1995428	34	56	#
1169	3889404	12	22	25	37	39	#
1170	5753592	1	13	29	45	53	55	57	#
1171	5438870	26	30	37	46	51	56	58	#
1172	1302393	2	14	#
1173	1909917	6	31	#
1174	1926902	18	46	#
1175	2353064	11	16	42	56	#
1176	1967283	17	41	#
1177	2039550	35	36	39	#
1178	3362123	4	12	19	57	#
1179	1327054	6	32	#
1180	3707385	2	23	38	40	46	59	63	#
1181	1515685	20	33	62	#
1182	2298636	13	32	55	#
1183	2410206	23	43	60	#
1184	2081121	9	11	22	29	#
1185	2607105	4	22	56	#
1186	1245126	6	35	#
1187	1320942	2	9	63	#
1188	2751020	2	7	20	#
1189	2244778	15	48	62	#
1190	2571108	0	14	19	24	#
1191	1518863	3	62	#
1192	1292387	36	50	52	#
1193	2139849	41	58	60	#
1194	1376083	20	59	#
1195	3681362	21	24	57	62	#
1196	1432715	46	50	#
1197	1041809	9	23	54	#
1198	1810958	57	60	#
1199	1339074	17	62	#
1200	1726882	11	43	#
1201	2466286	12	14	59	#
1202	1293019	14	26	#
1203	1664699	29	45	53	#
1204	1422291	15	57	#
1205	1345217	44	49	#
1206	1740047	12	21	#
1207	2095682	20	22	34	#
1208	1238002	38	62	#
1209	1147817	2	20	#
1210	4402443	4	23	25	38	45	#
1211	1613574	26	54	#
1212	2401582	0	7	57	#
1213	1307145	12	23	51	#
1214	2397351	0	4	11	12	46	#
1215	2013019	0	3	18	20	21	26	36	39	#
1216	1589286	33	54	#
1217	1367305	0	48	#
1218	2748252	32	57	58	60	#
1219	2924323	0	6	13	20	23	#
1220	2362101	5	46	60	#
1221	2475136	0	1	5	44	58	#
1222	4860240	11	17	22	39	40	41	46	52	#
1223	3399427	20	27	31	34	#
1224	1827536	18	44	#
1225	2892725	7	15	22	34	47	#
1226	3867035	13	32	45	57	#
1227	2546429	13	26	49	56	#
1228	1801397	17	61	#
1229	1913897	6	46	#
1230	2665002	6	9	52	#
1231	2271133	9	19	27	#
1232	1344540	36	48	#
1233	2187682	15	18	20	#
1234	1390880	2	16	#
1235	3291559	9	34	50	58	#
1236	7641654	3	10	13	17	32	39	40	42	63	#
1237	6752456	1	20	21	28	49	59	62	#
1238	4418569	16	18	28	30	41	#
1239	3489088	3	5	19	35	#
1240	1912507	21	27	29	52	#
1241	2971336	4	20	22	50	#
1242	1459823	0	37	#
1243	2060340	30	37	51	#
1244	2664617	2	25	26	#
1245	3441945	0	35	39	54	62	#
1246	2941627	41	56	57	#
1247	3427042	21	30	52	54	#
1248	2717268	4	11	54	#
1249	2000140	3	6	50	#
1250	3247120	17	19	25	41	50	#
1251	3255171	2	31	51	56	#
1252	1854025	11	37	#
1253	5126990	4	9	19	24	46	47	51	53	54	63	#
1254	1961015	23	39	#
1255	5239800	3	20	25	42	48	49	#
1256	1330351	28	61	#
1257	2408621	20	28	63	#
1258	5309282	6	15	18	20	22	33	51	59	#
1259	1470809	4	57	#
1260	1218910	51	53	#
1261	2801867	18	40	42	#
1262	1224746	10	15	#
1263	1685736	8	41	#
1264	6321127	0	3	7	23	28	41	62	#
1265	1821450	0	1	26	#
1266	1241046	15	41	52	#
1267	2722261	13	37	44	54	#
1268	1996799	5	12	60	#
1269	2158367	18	40	59	#
1270	4882093	3	12	13	31	63	#
1271	1858432	9	29	#
1272	2472617	22	35	42	#
1273	2543632	8	13	22	49	#
1274	2579730	1	18	20	31	41	59	#
1275	1869245	20	24	#
1276	1249628	26	56	#
1277	4444415	0	9	13	20	26	37	#
1278	3079080	9	29	34	54	#
1279	1801144	4	18	42	#
1280	1535293	20	31	#
1281	2933161	7	18	39	#
1282	997626	17	32	#
1283	3627459	45	48	53	57	#
1284	3920790	3	12	28	45	50	#
1285	4422705	40	46	54	57	63	#
1286	2687957	5	14	20	22	30	35	43	#
1287	2490264	17	29	42	#
1288	3573678	2	17	36	51	#
1289	1909056	18	43	#
1290	1847796	53	54	#
1291	1600733	19	42	#
1292	2313032	3	40	61	#
1293	2932167	13	20	48	55	#
1294	2930896	3	36	47	#
1295	2740472	32	54	61	#
1296	2161085	22	39	62	#
1297	1333246	41	55	#
1298	1687914	5	46	#
1299	3387993	2	15	27	30	57	59	#
1300	2041486	9	33	51	54	#
1301	3622216	10	16	30	55	#
1302	7568535	12	17	21	49	52	55	57	59	#
1303	1744191	39	60	#
1304	2922407	10	43	48	#
1305	3143919	0	8	12	17	21	28	43	#
1306	2439773	34	46	59	#
1307	2001337	3	61	62	#
1308	1804542	9	23	31	#
1309	2598297	11	44	52	#
1310	3640342	8	15	19	63	#
1311	1686470	22	52	#
1312	5654745	2	43	44	47	49	63	#
1313	1812654	17	19	#
1314	5446024	8	13	16	20	26	47	#
1315	1499475	10	57	#
1316	3661227	2	10	15	32	#
1317	3790595	8	9	34	43	48	63	#
1318	1087452	10	46	#
1319	1668520	6	39	45	#
1320	1281493	8	31	#
1321	1867239	20	27	56	61	#
1322	1985324	26	49	#
1323	3791129	12	16	32	42	59	#
1324	1891200	4	45	#
1325	1532369	37	58	#
1326	2662571	19	40	50	53	60	#
1327	1340132	0	35	#
1328	2575848	31	55	60	#
1329	4004455	2	8	13	40	50	#
1330	2676371	4	23	50	56	#
1331	3945473	0	4	9	10	30	#
1332	1351113	10	21	60	#
1333	1413789	0	55	#
1334	1014794	57	63	#
1335	1682378	14	19	26	#
1336	1553985	9	44	#
1337	1915209	18	23	#
1338	1908290	44	59	#
1339	1196464	40	46	#
1340	2180446	24	52	62	#
1341	1367347	8	46	#
1342	1030130	0	14	#
1343	5135463	1	8	13	28	37	50	55	61	#
1344	1171518	15	24	#
1345	4788673	4	33	34	36	37	#
1346	2150918	5	20	59	#
1347	2416242	6	8	25	38	58	#
1348	3473220	10	30	37	44	45	62	#
1349	2790197	3	23	39	40	#
1350	2225035	4	24	30	#
1351	2947690	7	9	14	32	41	#
1352	3533492	3	8	15	19	30	41	#
1353	4823398	0	4	30	39	59	#
1354	4831665	13	14	16	56	61	#
1355	1498968	26	57	#
1356	3086877	4	27	38	40	54	58	#
1357	1310440	10	24	#
1358	3029263	0	22	25	30	#
1359	1594915	13	23	#
1360	6126251	1	6	10	29	36	43	54	#
1361	3590812	1	4	17	18	44	#
1362	2527501	3	15	18	48	52	#
1363	1216308	10	28	#
1364	2221262	2	33	36	48	#
1365	3335932	0	4	8	10	27	30	#
1366	3277727	11	24	37	40	49	#
1367	2228102	2	14	61	#
1368	2965384	2	17	19	37	39	#
1369	1224136	34	63	#
1370	5190439	29	31	40	46	52	54	57	#
1371	2989756	5	14	24	#
1372	1901232	28	40	57	#
1373	1938404	0	5	14	17	32	52	63	#
1374	1207098	2	20	26	#
1375	1216220	33	44	#
1376	2146411	16	26	28	43	60	61	#
1377	3357233	0	16	20	25	53	#
1378	1676568	16	53	#
1379	1518552	22	50	#
1380	1682293	39	43	45	58	#
1381	1633753	10	33	#
1382	1047725	0	43	#
1383	2194836	27	38	50	54	#
1384	1780082	6	26	35	#
1385	1505403	0	44	#
1386	2690195	0	36	60	#
1387	3551886	3	12	23	27	39	#
1388	3236752	15	24	37	52	#
1389	1575384	20	43	49	#
1390	1802830	49	62	#
1391	4553538	11	13	41	52	54	57	#
1392	3089619	9	15	23	34	51	#
1393	2416755	3	10	52	#
1394	4915013	0	18	26	42	48	49	53	#
1395	4919633	10	11	22	32	41	45	54	#
1396	2734948	14	28	46	#
1397	1878243	8	12	27	46	#
1398	1329210	24	31	44	#
1399	1073582	28	36	#
1400	1050221	33	42	#
1401	2708935	20	21	29	#
1402	1966693	23	44	45	#
1403	4491202	12	14	25	52	62	#
1404	1352888	42	44	60	#
1405	1453160	11	45	#
1406	1142237	11	49	#
1407	2988207	18	22	40	#
1408	1821471	11	33	#
1409	1712564	23	38	54	#
1410	2020692	3	17	33	#
1411	1092350	12	59	#
1412	2312096	13	15	51	#
1413	2597117	4	32	50	61	#
1414	2737616	0	1	9	47	61	#
1415	2452059	10	23	57	#
1416	2143424	3	29	44	#
1417	1934921	8	49	58	#
1418	1425395	14	20	34	#
1419	1466700	37	56	#
1420	1470977	0	10	22	46	#
1421	1317603	49	53	#
1422	3795382	19	21	55	56	#
1423	1082100	23	25	50	#
1424	1646844	10	32	55	#
1425	1662041	14	57	#
1426	2791317	4	8	38	44	#
1427	2872731	17	43	56	#
1428	1263141	24	51	#
1429	1686852	0	1	31	#
1430	2053630	11	20	41	47	#
1431	2960560	0	41	53	#
1432	2225757	13	31	36	#
1433	2157044	8	12	26	42	49	50	#
1434	1531788	8	44	#
1435	4433466	0	1	5	26	46	53	54	57	#
1436	2558498	28	43	52	62	#
1437	1432595	16	17	63	#
1438	4827208	20	38	54	57	61	#
1439	1261006	10	20	#
1440	4053661	0	5	11	44	60	61	#
1441	2125438	19	47	50	#
1442	2604454	14	21	25	40	#
1443	5241913	3	11	27	29	37	50	57	63	#
1444	2338919	41	45	59	#
1445	1712671	47	53	#
1446	5756539	11	15	36	40	45	46	53	#
1447	2333559	4	47	51	58	#
1448	3975957	13	41	59	63	#
1449	1545773	27	31	#
1450	1460350	29	49	#
1451	4196076	10	19	20	46	60	62	#
1452	2611165	27	29	47	#
1453	1533849	34	45	#
1454	1512786	3	14	15	#
1455	3973941	3	37	42	51	#
1456	1479403	21	62	#
1457	2280872	35	41	47	#
1458	3138991	3	14	15	24	#
1459	2658153	43	47	49	#
1460	1829605	4	13	43	52	#
1461	3053792	0	1	5	27	32	41	#
1462	2167989	3	8	20	46	#
1463	2890909	6	8	17	#
1464	2391141	0	3	32	#
1465	2541724	20	21	42	47	#
1466	1053985	47	51	#
1467	2279052	3	16	19	20	27	35	42	51	58	#
1468	1050288	7	31	58	#
1469	1975081	18	22	32	#
1470	1002535	22	57	#
1471	2607299	18	27	28	31	34	39	57	#
1472	1801632	9	23	37	#
1473	1701180	18	22	#
1474	1696116	10	19	21	46	54	#
1475	3289694	22	40	43	50	#
1476	2165984	5	14	37	42	#
1477	2940413	1	45	46	62	#
1478	2326312	29	39	43	50	#
1479	2230959	7	40	44	#
1480	1429601	19	44	61	#
1481	2406013	13	23	25	#
1482	3211117	1	36	49	57	#
1483	2169913	7	23	34	#
1484	1071878	35	40	#
1485	1446800	2	22	#
1486	2974606	3	11	39	#
1487	1766802	5	20	60	#
1488	4587183	4	8	11	24	26	40	45	49	#
1489	1963949	18	54	#
1490	1802931	1	44	#
1491	1440952	8	40	#
1492	3882790	24	36	49	62	#
1493	2656738	16	34	54	#
1494	1806689	30	43	60	#
1495	2089209	4	27	30	#
1496	4665294	16	22	34	45	55	57	#
1497	3225374	7	8	19	36	#
1498	2708846	9	30	59	#
1499	2703457	6	15	63	#
1500	1756672	29	31	38	#
1501	4939992	15	36	39	40	45	61	#
1502	1403600	22	46	#
1503	2332168	23	36	63	#
1504	1045393	19	35	45	56	#
1505	3157749	17	31	45	48	51	#
1506	2856319	3	36	41	45	50	52	57	61	#
1507	5724598	6	14	16	24	27	59	#
1508	2911683	27	34	37	38	47	#
1509	1606920	21	25	#
1510	2549086	32	45	52	#
1511	6069387	8	11	13	18	26	36	54	#
1512	1183318	23	60	#
1513	2984324	19	35	47	#
1514	2620049	10	14	19	#
1515	3838915	3	32	48	54	#
1516	1762253	14	40	45	#
1517	4551370	7	36	37	48	62	#
1518	3404431	5	6	55	60	#
1519	2258551	23	41	49	#
1520	1326861	16	42	62	#
1521	1138934	9	59	#
1522	2870712	6	26	46	#
1523	1046038	25	61	#
1524	1946387	11	17	49	#
1525	1695757	22	32	45	#
1526	2623819	27	47	54	#
1527	1636484	10	16	39	49	#
1528	2446329	2	6	10	18	#
1529	1135542	52	53	#
1530	1590187	1	15	#
1531	2711667	0	27	32	#
1532	2660525	12	33	42	#
1533	2717606	10	12	23	#
1534	1977085	13	16	36	49	#
1535	1902860	0	39	#
1536	2645106	0	14	27	#
1537	3658774	5	33	49	54	62	#
1538	2146769	46	49	52	#
1539	1861710	25	28	#
1540	3349494	24	48	50	60	#
1541	2782052	7	11	16	31	47	#
1542	1461494	15	44	#
1543	1111338	7	41	#
1544	8918673	1	7	10	17	22	35	39	45	47	#
1545	2199225	4	16	38	#
1546	5773874	34	45	49	50	60	63	#
1547	1833572	33	49	#
1548	2422751	43	44	47	59	#
1549	2420434	20	27	53	#
1550	1847011	32	33	43	49	#
1551	2636164	25	52	54	#
1552	1673066	5	21	#
1553	1546751	1	26	#
1554	2319222	22	50	57	#
1555	2544099	0	17	19	#
1556	4996703	18	24	30	32	37	51	58	60	61	#
1557	1565171	37	39	44	63	#
1558	1841660	5	23	#
1559	2593998	8	40	53	#
1560	1103385	5	16	#
1561	1269920	30	46	#
1562	1532952	44	47	#
1563	1407754	28	38	#
1564	2697960	51	55	56	#
1565	6890100	6	7	16	19	29	35	50	61	#
1566	1803252	1	15	36	#
1567	3894164	4	41	58	61	63	#
1568	2608984	50	53	58	#
1569	1266714	20	53	#
1570	3959878	19	31	44	62	#
1571	2094389	0	2	40	58	#
1572	1673303	40	53	#
1573	1911723	18	25	#
1574	2451665	27	29	38	62	#
1575	2324983	8	18	21	22	#
1576	1535515	14	43	#
1577	3653790	39	54	57	62	#
1578	2596227	0	8	34	36	47	61	#
1579	5540097	5	9	45	46	47	57	#
1580	4558423	13	40	42	55	62	#
1581	1390750	7	14	19	55	#
1582	6875619	4	17	36	44	49	51	61	#
1583	1022854	11	61	#
1584	1256449	3	5	25	#
1585	3987774	7	9	22	56	#
1586	2692076	2	38	54	#
1587	6713136	10	12	14	16	18	35	48	50	56	#
1588	2823261	11	55	59	60	#
1589	1072057	8	47	#
1590	2818323	13	24	54	#
1591	1488052	59	61	#
1592	1174744	15	46	#
1593	2196712	16	28	33	50	#
1594	1826940	52	59	61	#
1595	2930145	1	5	24	33	37	48	52	57	60	#
1596	1456686	20	22	#
1597	2212199	19	41	42	54	#
1598	1439326	35	49	52	#
1599	1681538	27	47	#
1600	3603767	19	24	46	60	#
1601	2243810	9	22	23	26	54	#
1602	1943248	5	35	46	#
1603	2023645	45	51	63	#
1604	1410626	32	50	#
1605	1990551	29	35	39	#
1606	1534694	6	26	#
1607	3977711	8	14	24	25	27	39	51	#
1608	1718767	47	55	#
1609	2014542	21	35	61	#
1610	1309740	20	42	#
1611	1511442	6	24	40	#
1612	1450059	2	11	#
1613	1936582	9	25	#
1614	4892771	24	28	30	43	44	46	49	51	60	#
1615	1608492	1	33	#
1616	2821599	5	12	16	55	#
1617	1696352	6	22	#
1618	1032736	59	60	#
1619	1950349	2	12	44	45	#
1620	1380768	2	43	#
1621	1919584	5	37	#
1622	1007632	21	49	#
1623	1861761	23	26	38	54	56	#
1624	1331878	15	34	#
1625	3303360	38	46	55	56	59	61	#
1626	2762126	21	34	50	#
1627	1504550	0	9	16	#
1628	4403889	13	23	24	43	52	55	#
1629	2167315	11	19	35	43	#
1630	2610820	3	45	58	#
1631	1750705	2	5	#
1632	5710302	2	7	16	23	31	44	45	#
1633	1237769	27	61	#
1634	3302688	0	28	40	45	46	51	#
1635	1230274	22	61	#
1636	3893685	0	14	45	63	#
1637	1966257	28	38	59	#
1638	2968377	1	28	59	#
1639	3469479	7	38	46	62	#
1640	2010955	31	53	59	#
1641	2975423	37	44	58	#
1642	1785178	4	12	#
1643	2112421	19	26	59	#
1644	3437563	17	20	31	56	#
1645	2739017	26	47	54	#
1646	1463221	14	38	#
1647	1911515	0	43	59	#
1648	1814061	10	38	58	#
1649	2768608	13	15	24	44	#
1650	1114576	25	38	#
1651	7806429	1	11	12	14	24	32	36	40	44	49	#
1652	1435559	21	34	#
1653	2875778	19	21	26	#
1654	1655202	31	40	#
1655	2384825	11	16	24	34	#
1656	2572673	32	50	60	#
1657	2181490	15	26	39	48	#
1658	1634001	8	16	38	#
1659	3974136	7	36	43	47	48	#
1660	8961051	13	14	15	19	21	45	49	50	62	#
1661	1459637	48	59	#
1662	1450856	11	54	#
1663	1585686	24	35	#
1664	1625635	22	29	44	#
1665	2165024	17	44	58	#
1666	2198379	31	38	41	46	49	#
1667	1844051	5	15	25	#
1668	3500429	1	15	28	38	#
1669	1488210	9	21	48	#
1670	1601613	3	45	#
1671	1305239	30	60	#
1672	2160062	22	32	48	#
1673	1515806	27	50	#
1674	3170858	5	12	13	35	43	46	#
1675	1885103	1	8	46	#
1676	1426646	19	41	#
1677	2523449	16	27	30	#
1678	1456629	27	37	#
1679	3162249	4	29	49	52	55	#
1680	5885827	14	15	17	40	49	55	#
1681	3695807	9	36	44	49	#
1682	1011642	10	60	#
1683	3740344	10	12	18	30	35	41	59	#
1684	2370462	0	4	11	17	36	#
1685	1967222	1	18	27	37	49	#
1686	2061384	21	29	50	52	#
1687	1454105	38	44	#
1688	1256339	29	61	#
1689	3326531	3	24	35	43	#
1690	1866495	24	61	#
1691	2631905	7	10	29	62	#
1692	3577477	31	41	43	59	61	#
1693	1999555	28	39	#
1694	1142451	36	42	#
1695	3209938	6	32	33	41	#
1696	1611834	39	50	55	#
1697	1896120	42	59	#
1698	1907169	36	40	#
1699	1799693	2	13	63	#
1700	1302432	6	43	#
1701	5147368	0	2	10	28	47	61	63	#
1702	2090066	15	22	26	32	51	#
1703	2153162	35	45	58	#
1704	5584785	2	14	26	45	54	60	#
1705	1234486	32	37	#
1706	1978942	1	4	23	33	61	#
1707	6223818	5	6	17	24	40	49	50	#
1708	9453362	1	5	7	8	10	20	30	35	52	55	#
1709	3414623	12	28	37	53	56	61	#
1710	1988439	6	16	#
1711	1080596	5	24	#
1712	1713232	7	9	32	48	#
1713	1301575	32	54	#
1714	2117971	40	53	61	#
1715	3400280	0	7	29	33	#
1716	3437187	0	14	21	31	48	57	63	#
1717	4978026	4	6	10	20	48	55	57	59	#
1718	1448446	14	58	#
1719	2419844	14	19	46	#
1720	2607169	27	32	36	59	#
1721	3557858	10	19	25	39	53	#
1722	2559809	25	40	48	#
1723	2724957	13	34	53	61	#
1724	3935475	8	11	17	26	39	#
1725	2916805	15	19	44	62	#
1726	2003847	28	51	52	58	#
1727	2358570	0	16	27	#
1728	1204162	10	44	#
1729	2085155	15	56	60	#
1730	3838491	20	43	51	62	#
1731	4437004	2	25	33	52	56	#
1732	1305636	20	47	#
1733	3439866	37	55	59	63	#
1734	2801344	17	26	36	41	#
1735	1982820	25	27	#
1736	6724697	9	25	26	31	34	38	39	58	#
1737	1214151	5	42	#
1738	2544504	6	34	35	#
1739	1962167	2	19	42	#
1740	2240720	0	3	44	#
1741	1297563	15	61	#
1742	3757594	12	18	29	61	#
1743	3643501	0	2	22	33	40	53	61	#
1744	3858718	4	14	19	31	#
1745	2659707	13	18	21	23	25	#
1746	3577281	9	25	26	32	43	#
1747	1878772	1	22	55	#
1748	2987944	5	42	49	52	#
1749	2951926	48	60	63	#
1750	1083481	4	14	52	#
1751	1966357	23	49	51	#
1752	2654728	2	37	39	#
1753	1504252	24	55	#
1754	1019233	9	47	#
1755	1297984	43	46	#
1756	4692659	1	4	7	14	36	42	45	#
1757	2530461	15	36	52	#
1758	5152608	5	7	13	25	27	29	48	61	#
1759	2975619	13	16	33	41	46	#
1760	2043968	28	44	49	62	#
1761	1666191	14	60	#
1762	3437524	2	28	43	60	#
1763	4104201	9	27	36	39	44	58	60	62	63	#
1764	2734574	24	39	48	#
1765	1964690	13	29	#
1766	2572536	31	41	46	51	#
1767	1572943	12	15	19	#
1768	999945	23	46	#
1769	2597793	0	22	34	#
1770	3884702	8	31	44	56	#
1771	1850279	11	20	#
1772	5036848	0	1	9	26	55	61	#
1773	1179257	28	35	#
1774	3728327	5	11	16	19	21	27	52	#
1775	2778882	22	43	48	#
1776	6780362	11	14	19	44	45	59	62	#
1777	1336819	27	60	61	#
1778	2809284	0	8	50	#
1779	3221768	2	7	16	36	44	#
1780	3115642	10	16	17	33	34	38	41	44	47	60	62	#
1781	1813684	35	46	#
1782	2935276	10	31	49	#
1783	1687506	39	53	#
1784	2685037	8	33	47	#
1785	1424942	6	47	#
1786	3175134	17	44	46	51	57	61	#
1787	2075707	18	50	56	#
1788	2300880	13	23	46	48	59	#
1789	2199440	14	30	48	60	#
1790	2847440	5	7	8	25	39	53	#
1791	1085808	18	28	52	#
1792	1569510	20	63	#
1793	3043981	5	10	57	59	62	#
1794	2494408	7	10	27	#
1795	1079741	30	32	38	#
1796	3139425	9	10	22	23	34	38	#
1797	1202859	45	63	#
1798	2427287	17	29	47	62	#
1799	2517952	24	47	62	#
1800	1500214	6	11	51	#
1801	1499254	43	56	60	#
1802	6132687	6	11	19	24	30	50	54	59	#
1803	1365838	29	36	#
1804	1224614	25	43	#
1805	2026710	12	21	39	#
1806	1479506	5	17	#
1807	2902726	19	21	46	50	#
1808	1118215	5	14	18	55	#
1809	4023428	9	24	31	34	40	#
1810	3619317	27	31	40	52	#
1811	1567528	13	35	#
1812	1602752	10	30	#
1813	2516058	10	13	29	#
1814	2714077	15	18	27	34	#
1815	5606064	22	29	31	47	50	51	#
1816	3827052	0	11	16	27	39	51	55	#
1817	3526499	6	14	21	25	#
1818	3036428	3	22	28	42	#
1819	1954337	8	15	39	#
1820	1588592	8	38	47	#
1821	1814410	10	23	#
1822	1839445	15	28	#
1823	2536159	8	19	48	#
1824	2375350	7	18	19	54	#
1825	2601004	22	56	60	#
1826	1636930	2	18	59	#
1827	1086327	1	22	35	#
1828	1937430	53	61	#
1829	4705164	7	13	30	40	50	56	#
1830	2507819	1	12	36	#
1831	2094272	28	58	59	#
1832	1450863	13	45	#
1833	2604542	5	7	14	#
1834	1656447	16	40	55	#
1835	1013087	3	11	#
1836	1265023	2	47	#
1837	1667341	9	14	58	#
1838	3597857	1	7	25	41	#
1839	8699916	6	20	27	28	31	35	46	59	60	#
1840	1040694	17	27	#
1841	1597887	33	47	#
1842	2960127	0	9	25	#
1843	2514779	1	4	12	26	30	46	54	#
1844	1864243	4	14	30	46	60	#
1845	2967831	16	18	21	23	29	39	40	#
1846	4449054	3	4	7	40	45	55	#
1847	3897873	5	19	41	43	#
1848	1983912	5	10	16	58	#
1849	2778958	11	41	60	62	#
1850	4535610	0	24	36	46	55	56	#
1851	3546687	5	13	39	46	56	#
1852	3522597	0	1	54	56	#
1853	3961381	19	20	22	23	24	28	36	42	52	#
1854	1002649	14	62	#
1855	1021316	13	20	26	#
1856	2121707	25	27	39	#
1857	3396432	11	14	17	31	43	#
1858	1333926	1	10	#
1859	3107941	20	41	44	50	56	#
1860	1715406	47	52	#
1861	2781574	11	19	38	59	#
1862	3693081	12	14	16	17	19	26	39	51	#
1863	2803058	17	26	53	#
1864	1858967	24	29	36	54	#
1865	1605928	44	57	#
1866	2548647	52	56	60	#
1867	2085036	13	31	34	58	#
1868	1277567	9	40	#
1869	3731182	16	20	32	45	56	#
1870	2359019	30	35	37	#
1871	2246048	7	22	24	62	#
1872	2604623	37	50	52	#
1873	2758223	15	32	58	#
1874	2648181	1	6	32	#
1875	1788318	29	32	#
1876	1933060	17	39	43	49	#
1877	1762486	27	43	#
1878	1362401	0	3	#
1879	2630221	0	1	3	#
1880	3800970	3	4	14	15	20	27	32	37	44	46	51	53	#
1881	1162395	4	19	46	60	#
1882	2068707	4	15	25	58	#
1883	1786503	8	36	37	#
1884	2763949	9	54	58	#
1885	1017478	5	47	#
1886	3796985	10	38	42	56	#
1887	1975905	8	45	52	#
1888	3334051	20	26	35	42	#
1889	3617173	4	22	37	50	#
1890	2700807	0	12	45	#
1891	6991106	19	23	29	32	48	53	58	#
1892	2858223	1	2	8	19	38	41	44	50	51	57	#
1893	4646467	39	40	48	49	50	61	#
1894	4588458	3	8	15	35	45	47	55	60	62	#
1895	1849601	17	33	#
1896	1688033	1	5	57	#
1897	2895470	29	32	41	#
1898	1802525	4	7	58	63	#
1899	1007250	9	16	38	51	#
1900	1617423	6	43	48	61	#
1901	3817071	12	18	42	54	#
1902	2717497	0	25	26	#
1903	2210069	8	17	27	35	58	#
1904	3976604	32	48	50	51	#
1905	1933339	6	29	#
1906	1514242	24	56	#
1907	2779982	2	3	34	62	#
1908	3386679	5	18	37	44	52	58	#
1909	2296764	16	33	41	#
1910	2943652	9	13	22	24	33	36	43	49	53	#
1911	3627837	5	35	54	58	#
1912	1071508	4	36	39	#
1913	1915789	34	53	#
1914	2130078	5	38	56	#
1915	1018083	38	45	47	60	#
1916	2029802	4	6	16	56	#
1917	1672297	20	45	#
1918	4595890	1	13	16	37	61	63	#
1919	2511336	30	33	43	59	#
1920	7343876	0	7	11	14	16	23	25	44	55	#
1921	2486769	27	41	54	#
1922	1880139	19	49	#
1923	1994888	28	37	49	#
1924	1069086	5	36	#
1925	1588863	41	42	#
1926	1366930	47	58	#
1927	1250046	4	9	#
1928	3933269	3	4	42	59	62	#
1929	2395189	0	15	22	#
1930	9562281	0	3	6	9	25	33	47	54	58	63	#
1931	1479729	5	6	10	13	39	#
1932	1088846	15	56	#
1933	2781468	4	21	30	52	57	59	#
1934	4585389	33	39	47	49	56	#
1935	2723399	21	47	49	#
1936	1402219	21	22	#
1937	1746032	9	12	13	26	44	#
1938	3991302	8	24	32	43	#
1939	2021273	13	43	56	#
1940	2414747	11	54	56	#
1941	3061375	1	19	31	45	#
1942	3745789	20	22	26	30	34	38	#
1943	1609808	43	45	#
1944	1813885	11	35	#
1945	4258866	4	18	20	22	57	#
1946	1468640	1	8	52	#
1947	3648124	3	4	31	46	57	#
1948	2593791	11	16	17	28	38	39	42	#
1949	5924595	8	21	32	35	42	49	#
1950	4637731	1	39	40	48	54	#
1951	3972696	21	26	27	48	49	56	#
1952	2206148	9	27	33	#
1953	3768541	0	4	40	44	#
1954	2996166	6	27	36	39	60	#
1955	1047014	31	45	#
1956	4991886	4	16	32	34	36	#
1957	1212441	15	50	#
1958	1039043	49	52	#
1959	3970655	14	18	24	54	#
1960	1046114	32	53	#
1961	2933948	41	42	43	#
1962	3505105	4	22	41	43	#
1963	2851538	1	10	21	40	#
1964	3645106	0	12	28	42	44	47	59	#
1965	2736927	30	37	46	#
1966	996036	6	45	#
1967	1502687	13	47	#
1968	1089729	27	34	#
1969	1809228	17	51	#
1970	1373709	8	55	60	#
1971	1119367	33	45	#
1972	2320736	7	48	60	#
1973	4580702	5	13	18	38	43	#
1974	2231759	9	31	46	63	#
1975	1617318	31	37	#
1976	1177035	40	41	56	#
1977	3175630	8	27	37	56	58	#
1978	2703941	10	20	30	#
1979	1870175	44	57	61	#
1980	3359306	18	30	49	56	#
1981	2188847	35	40	52	#
1982	3363276	7	10	18	29	36	38	59	#
1983	1040219	41	62	#
1984	2045956	12	36	47	#
1985	3196337	2	11	12	18	28	38	51	59	62	#
1986	1411110	3	31	54	#
1987	1243488	45	55	57	#
1988	2512628	4	36	42	#
1989	2537078	1	27	28	#
1990	2633761	5	30	31	#
1991	2434315	7	13	44	#
1992	1606940	19	38	#
1993	2841505	2	30	44	#
1994	1800165	11	31	#
1995	2218663	0	11	26	#
1996	1347318	22	27	#
1997	2577853	5	6	49	#
1998	1761078	18	36	#
1999	2195565	15	31	36	38	39	#
