%% File generated by CATS v.2.1Wed Jun 19 19:07:40 2013

%% The CATS webpage is http://robotics.stanford.edu/CATS

%% PARAMETER SETTINGS:
% Goods: 64; Bids: 2000; Distribution: L4; Runs: 50; Seed: 1371663978
% Legacy distribution parameters:
% Number of goods chosen according to Decay distribution (alpha = 0.55).
% Price chosen according to Linear Random distribution (low_linearly = 1, high_linearly = 1000).


goods 64
bids 2000
dummy 0

0	980813	11	#
1	997755	19	#
2	2747640	4	25	56	#
3	975882	45	#
4	991681	13	#
5	2679484	9	16	31	#
6	995398	58	#
7	1904262	37	39	#
8	984668	61	#
9	968668	28	#
10	962145	15	#
11	1617845	25	45	#
12	2354539	23	25	54	#
13	967151	52	#
14	1834356	31	44	#
15	997879	43	#
16	990849	41	#
17	990525	37	#
18	993123	55	#
19	995079	60	#
20	996227	53	#
21	6979621	2	9	12	16	19	23	29	32	46	61	#
22	1293533	22	41	#
23	993127	16	#
24	999221	31	#
25	997636	32	#
26	3810573	5	20	26	46	#
27	989733	44	#
28	997724	34	#
29	992882	48	#
30	995639	56	#
31	995223	17	#
32	998015	8	#
33	2639374	1	10	45	51	#
34	3185080	7	14	29	33	#
35	997260	38	#
36	997591	5	#
37	994602	29	#
38	1645139	31	47	#
39	3164581	7	20	22	36	39	43	45	57	#
40	991672	54	#
41	1331643	48	59	#
42	1499996	29	30	#
43	1984446	13	57	#
44	966289	62	#
45	993900	23	#
46	1374462	20	33	#
47	1783029	9	14	#
48	995186	25	#
49	1905365	39	47	#
50	3362708	3	6	12	49	#
51	976224	51	#
52	4325931	2	34	51	52	57	#
53	996389	7	#
54	1521241	42	43	#
55	969596	49	#
56	995696	24	#
57	979080	18	#
58	1471073	4	39	#
59	980271	2	#
60	1666503	8	12	#
61	2086406	22	39	45	48	#
62	2025981	45	48	58	#
63	2147690	13	18	24	35	54	#
64	993631	3	#
65	998862	9	#
66	904647	4	#
67	948067	26	#
68	968599	47	#
69	2475746	2	7	29	39	#
70	2618334	14	16	35	43	#
71	5950485	10	14	26	28	31	52	59	#
72	1964963	13	48	58	#
73	994661	59	#
74	2406779	12	40	53	57	#
75	1807221	5	62	#
76	3877244	3	17	33	60	#
77	971762	39	#
78	4870201	10	18	21	22	26	37	44	#
79	3266983	32	37	41	58	#
80	1629287	4	45	#
81	3449546	11	28	30	63	#
82	1532854	13	17	#
83	997749	46	#
84	4053213	4	10	11	12	45	51	62	#
85	988542	22	#
86	1155675	24	35	#
87	2007068	14	25	61	#
88	979727	42	#
89	993930	35	#
90	1455455	35	58	#
91	1179661	5	18	#
92	986365	63	#
93	1451341	13	21	#
94	5317808	0	14	21	22	24	37	50	#
95	4172153	0	1	3	30	43	#
96	2365705	19	22	43	52	#
97	3158797	1	17	34	39	54	#
98	994783	36	#
99	1870262	36	49	#
100	2263977	2	45	49	#
101	1039151	14	48	#
102	998425	0	#
103	877347	12	#
104	1821803	16	52	#
105	2644419	1	6	49	60	#
106	1414449	48	62	#
107	957891	6	#
108	968045	33	#
109	988780	30	#
110	1600536	5	13	33	44	59	#
111	995913	14	#
112	1400187	11	19	#
113	1419994	5	50	#
114	1902576	20	48	#
115	3830849	26	28	49	58	59	#
116	3422883	27	31	52	55	#
117	1476263	11	39	#
118	1782334	26	28	#
119	3924777	1	10	28	34	53	#
120	1927778	26	37	#
121	971192	50	#
122	2614914	3	16	20	#
123	2259325	18	20	45	53	56	#
124	2038974	1	7	9	30	#
125	1410296	14	20	41	59	#
126	2840565	1	11	24	50	58	#
127	2342658	2	11	15	17	41	49	57	62	#
128	1789681	26	38	#
129	2459768	31	39	40	#
130	1847763	37	54	#
131	1863982	8	27	#
132	1833802	41	47	#
133	967606	27	#
134	1550654	31	62	#
135	1614389	0	35	47	#
136	3284986	1	30	32	56	59	60	#
137	2668034	17	45	49	58	61	#
138	2531904	14	30	37	40	#
139	2808553	12	16	33	#
140	1852368	22	61	#
141	975649	10	#
142	2520979	8	19	61	#
143	1469609	15	26	#
144	2404358	3	10	26	39	54	#
145	1689343	57	61	#
146	4522045	0	11	13	25	39	#
147	1309456	5	48	58	#
148	1896703	6	51	#
149	1451769	30	39	56	#
150	1998461	5	8	#
151	975456	40	#
152	2368011	11	57	63	#
153	3740283	3	5	26	32	#
154	2481181	18	28	49	#
155	1917035	35	46	#
156	1101556	5	9	40	#
157	4208829	4	8	9	20	30	49	55	62	#
158	1979353	12	51	#
159	2947885	42	46	51	#
160	2939064	9	13	32	34	61	#
161	2666990	29	49	61	#
162	2447549	28	34	41	47	57	#
163	1837634	38	42	#
164	1738926	1	45	#
165	1922022	8	43	#
166	2040650	7	14	39	#
167	2376632	14	47	53	#
168	3544689	4	6	9	44	51	#
169	1371958	6	19	#
170	997838	1	#
171	4300862	8	14	16	21	38	63	#
172	2722987	13	25	58	#
173	1630666	7	25	59	#
174	1246032	2	22	#
175	2803886	1	26	53	#
176	987229	20	#
177	1650358	14	60	#
178	2284681	13	42	58	#
179	1919832	9	21	62	#
180	1953927	2	3	#
181	2614516	15	17	58	63	#
182	4270755	1	6	7	11	33	35	40	43	53	#
183	4963886	11	14	15	17	22	#
184	1434489	4	21	#
185	1425357	9	46	#
186	998599	21	#
187	2074851	1	19	43	#
188	1348705	9	25	#
189	1725829	4	10	#
190	1952334	9	49	#
191	1867793	18	23	41	#
192	941717	57	#
193	2084493	0	11	17	29	#
194	1724971	16	24	#
195	2389161	47	49	52	#
196	1207029	14	18	20	#
197	3794617	1	5	28	54	#
198	3270745	1	14	45	51	#
199	1784102	18	53	57	#
200	6090178	0	7	22	26	28	54	61	62	#
201	1517891	32	51	#
202	1632336	19	43	#
203	2636182	3	9	16	18	44	#
204	2271955	4	8	16	#
205	1857368	2	45	#
206	2920767	2	6	58	#
207	2219520	35	58	63	#
208	3562877	10	20	55	56	#
209	1488536	31	43	#
210	1093435	7	48	53	#
211	1955733	23	34	#
212	1984220	25	61	#
213	1790236	22	35	#
214	2373273	5	7	14	#
215	1830424	43	49	#
216	2761991	0	7	37	45	#
217	2995194	46	49	61	#
218	5955243	6	11	23	38	44	58	#
219	2436744	1	34	46	53	#
220	1976257	28	31	#
221	1315482	21	45	#
222	1653889	2	39	41	#
223	1808410	55	59	#
224	1713430	1	54	#
225	5853809	5	13	18	23	45	49	#
226	1287623	7	36	56	#
227	1856557	11	17	#
228	2040002	15	37	48	#
229	2258958	9	20	32	#
230	1118941	9	34	56	#
231	2917999	4	42	52	#
232	1735637	20	62	#
233	2087379	3	19	20	35	43	50	55	#
234	1878685	15	61	#
235	1846664	16	61	#
236	1420025	10	16	#
237	1103611	19	46	#
238	2709514	0	1	11	17	18	53	#
239	1709138	15	45	#
240	1393491	16	23	#
241	1938983	16	21	#
242	2648997	0	8	28	#
243	2641175	4	13	16	31	36	57	60	#
244	3578166	4	9	39	42	#
245	1839022	25	40	#
246	1910554	11	26	#
247	2096923	29	36	56	#
248	3520827	6	9	12	36	#
249	1584814	7	38	#
250	1896098	7	9	47	#
251	1500749	33	62	#
252	1380166	21	56	#
253	2825589	10	45	47	#
254	1429062	50	56	#
255	2071148	1	11	62	#
256	2469388	38	48	61	62	#
257	1819729	16	28	29	49	62	#
258	2103376	5	7	40	45	57	#
259	1937678	1	12	#
260	1813911	33	55	#
261	1525715	11	25	34	#
262	1615267	13	62	#
263	2945800	24	31	42	#
264	1448035	4	26	#
265	1530564	37	61	#
266	1711465	39	45	#
267	1831072	14	62	#
268	3752561	20	42	54	61	#
269	3089617	19	23	41	48	#
270	2362173	21	40	63	#
271	2891363	0	21	24	#
272	1287034	6	29	#
273	1962357	37	54	60	#
274	1363623	13	42	50	55	#
275	1837989	48	60	#
276	2300016	9	10	11	35	50	#
277	2066033	27	48	57	#
278	1435104	10	48	#
279	2709758	14	22	25	37	49	56	58	60	#
280	2184122	7	15	29	43	#
281	2495439	10	17	48	#
282	2180824	9	12	14	28	40	41	59	60	#
283	1071762	2	16	#
284	4777701	14	17	39	52	54	#
285	2003587	11	32	44	#
286	3692763	5	12	15	18	21	29	43	#
287	2220750	17	20	54	#
288	1900098	34	58	#
289	1707703	29	63	#
290	2196725	19	25	28	36	40	#
291	1692037	18	58	#
292	1778720	23	27	51	#
293	1912176	5	13	36	53	#
294	1611709	18	31	34	#
295	1784750	11	24	#
296	2479026	23	39	50	56	61	#
297	2652366	11	27	44	55	#
298	1271915	20	63	#
299	3744597	14	16	32	47	51	#
300	1658932	42	60	#
301	4565571	3	14	20	52	62	#
302	1295932	44	63	#
303	4931870	1	9	19	33	39	#
304	1914931	8	41	#
305	1620453	25	51	#
306	2282028	13	22	29	52	#
307	2252706	3	42	43	#
308	3905580	26	28	35	54	#
309	2292979	35	56	58	#
310	2456611	14	21	58	#
311	2533553	6	41	54	#
312	2978767	34	45	54	#
313	1995336	13	49	#
314	1572136	6	30	#
315	1179307	53	61	#
316	2607994	21	23	48	#
317	3437058	19	20	30	43	54	59	#
318	1895085	1	10	#
319	2135117	34	41	61	#
320	2241617	4	48	53	#
321	1200843	7	25	53	#
322	1461617	5	14	58	#
323	1933886	41	52	#
324	1846796	41	49	#
325	1749806	27	44	#
326	1618114	24	25	#
327	3276360	4	10	26	33	35	40	53	#
328	2352579	9	44	54	#
329	2706234	11	18	22	25	47	#
330	1965533	26	56	#
331	1781344	30	36	#
332	1365460	43	61	#
333	2992917	20	36	39	58	#
334	1915396	32	33	53	#
335	2217399	3	5	25	#
336	2254010	15	35	44	46	52	57	#
337	6926741	0	11	22	30	40	44	57	#
338	1996847	26	29	39	#
339	2957150	9	30	51	55	#
340	1693248	53	60	#
341	1701121	4	50	#
342	1161327	4	14	#
343	4927332	6	11	26	43	50	#
344	2860238	3	4	15	18	23	#
345	1659343	5	16	#
346	1712779	32	63	#
347	2765849	21	54	59	63	#
348	1537651	18	25	34	#
349	3241677	1	42	44	59	#
350	1783253	12	40	#
351	2917483	9	37	59	#
352	2852307	10	27	60	#
353	1297354	1	6	#
354	4834809	0	6	41	47	49	#
355	1920260	21	35	36	40	58	#
356	2868109	17	45	56	61	#
357	1339971	21	35	#
358	2276352	14	15	42	63	#
359	1437933	7	46	#
360	2441169	7	36	51	54	62	#
361	2917422	22	44	47	#
362	2473468	6	19	31	#
363	2751953	10	45	51	60	#
364	1725149	6	22	#
365	1581042	14	31	42	52	#
366	1611764	10	31	#
367	1937011	43	58	#
368	2550214	1	9	38	#
369	1203602	10	20	#
370	1497590	25	55	#
371	1401855	50	58	#
372	3346287	27	29	30	38	61	#
373	6260018	12	14	19	24	27	28	38	52	#
374	3176881	29	33	44	46	#
375	3187256	5	11	12	50	#
376	2251631	5	12	13	#
377	2352484	8	9	11	#
378	2086383	35	39	49	54	#
379	1240512	41	43	#
380	1344823	2	9	27	#
381	1743890	39	57	#
382	2611215	0	30	33	#
383	2968078	9	25	26	37	#
384	2920165	9	17	32	#
385	6829312	7	10	25	33	44	62	63	#
386	1076181	12	17	#
387	1971534	27	62	#
388	1266628	35	47	#
389	6579710	8	13	22	24	26	39	40	#
390	1656818	30	51	#
391	1903956	1	30	#
392	5862148	3	21	27	39	40	50	#
393	1969321	3	29	#
394	1646827	6	47	#
395	1942316	7	27	#
396	3647239	19	31	42	57	#
397	2968469	8	10	14	#
398	1154531	18	46	#
399	4388506	15	21	26	43	46	48	57	#
400	1507944	22	53	#
401	5171549	15	21	22	42	46	60	#
402	1215217	18	56	#
403	1903165	42	44	61	#
404	2485669	15	34	55	60	63	#
405	2989843	0	4	30	47	57	#
406	2019094	16	39	52	#
407	2857564	13	27	43	#
408	1547038	6	55	#
409	2178886	33	51	58	#
410	1046471	56	62	#
411	1379513	10	39	#
412	1753560	18	38	#
413	2006500	17	43	52	#
414	1383230	4	23	#
415	3717561	13	25	38	42	49	#
416	2861848	5	38	39	60	#
417	3790064	12	40	48	49	50	60	#
418	2808451	20	30	34	46	#
419	1711037	10	34	#
420	1795809	16	54	#
421	1300980	12	60	#
422	1831271	17	46	#
423	1804565	1	32	#
424	2611283	24	52	57	#
425	5850873	13	23	34	40	47	57	#
426	2671899	5	9	29	44	46	54	#
427	1764599	39	46	#
428	1818417	7	16	#
429	1669343	23	45	#
430	1746242	23	40	#
431	1352536	18	21	#
432	1642421	2	35	#
433	3256521	8	20	21	22	31	54	#
434	6307356	0	8	10	11	15	38	40	54	61	#
435	1812856	16	18	#
436	2825069	2	25	46	#
437	3586987	2	52	56	60	#
438	1743620	0	37	48	#
439	1899399	0	41	#
440	1297805	35	61	#
441	2728022	22	28	31	63	#
442	1622264	21	47	#
443	1820287	11	32	61	#
444	1050105	32	47	#
445	1891617	17	42	#
446	1162416	41	58	#
447	2622051	5	12	34	#
448	1967331	15	34	#
449	1863110	2	48	#
450	2648238	14	27	59	60	#
451	1641964	17	30	#
452	2201985	18	33	50	#
453	3011026	16	20	30	42	#
454	3095278	5	8	38	39	49	#
455	1889405	7	33	40	#
456	3632137	16	17	28	33	50	#
457	3586295	2	6	35	38	#
458	4642720	9	19	26	36	52	60	#
459	4730774	19	24	35	47	55	#
460	3852724	25	31	32	54	#
461	3499787	12	20	50	61	#
462	1419655	32	57	#
463	1325133	15	39	60	#
464	1224034	23	31	#
465	1236867	16	33	#
466	1206307	6	17	35	#
467	1333958	20	22	#
468	1650144	14	27	#
469	1684365	14	57	#
470	1954358	25	56	#
471	2749795	2	5	10	12	15	28	46	61	#
472	3373544	6	7	8	42	55	#
473	2631963	3	5	8	9	11	13	55	61	62	#
474	1747981	21	60	#
475	8692621	6	10	19	21	22	35	36	37	59	#
476	1794770	18	28	55	#
477	1695081	27	50	#
478	2453386	18	34	52	#
479	5602091	5	11	24	31	35	41	43	62	#
480	4241356	8	16	19	24	38	40	51	#
481	1389218	35	40	#
482	3187604	2	15	31	35	37	#
483	1191310	8	24	#
484	3382836	17	53	59	62	#
485	1979205	1	63	#
486	1746464	22	48	#
487	4593201	7	20	28	52	61	#
488	1145243	17	18	#
489	3098686	8	10	22	29	#
490	1148694	11	22	#
491	5187707	8	11	12	20	28	53	61	#
492	1628780	27	54	#
493	2594446	9	13	20	39	54	57	#
494	2986451	22	24	51	60	#
495	3576800	27	32	36	37	40	#
496	1928887	15	42	#
497	1088361	37	46	#
498	2835727	6	43	55	#
499	3021862	7	8	10	17	29	34	63	#
500	3034442	30	40	54	55	#
501	2580802	30	41	49	#
502	1960919	43	45	#
503	1266159	23	63	#
504	1095232	28	53	#
505	3405474	3	5	26	27	41	42	54	61	62	#
506	1830527	0	29	40	48	#
507	7212846	3	8	9	12	14	23	26	27	35	53	54	62	#
508	3574259	22	29	30	48	#
509	1508406	9	47	#
510	1645280	1	18	#
511	2026200	20	41	44	56	#
512	8053437	10	18	26	28	29	33	34	35	61	#
513	2438109	48	51	60	#
514	2606807	9	11	14	44	47	50	52	#
515	1457084	44	49	63	#
516	1198058	6	46	#
517	2260584	2	16	26	#
518	1909562	57	63	#
519	2986771	6	15	25	35	51	53	62	#
520	1538455	27	49	#
521	2236354	2	40	62	#
522	3201522	6	29	32	46	#
523	1596774	19	50	#
524	2172231	13	35	48	60	#
525	2499817	6	20	59	60	#
526	2186619	7	29	56	#
527	1799696	8	33	#
528	1945200	13	30	52	#
529	3189439	7	9	22	52	54	#
530	3043635	24	43	47	54	#
531	2192374	8	15	30	46	62	63	#
532	4770448	11	26	36	37	41	#
533	3329739	14	28	35	43	44	48	63	#
534	2982945	7	14	19	26	47	#
535	1973268	28	33	#
536	2840855	2	18	32	#
537	2289686	1	12	26	39	#
538	4992397	10	12	26	43	49	#
539	1595295	5	26	40	51	#
540	1743813	11	40	#
541	2307640	4	54	56	#
542	1201631	50	59	#
543	1395821	11	44	59	#
544	2724131	11	12	13	16	61	#
545	1207055	3	23	58	#
546	1986196	7	22	#
547	2631231	24	28	32	#
548	1726763	30	60	#
549	1638171	19	40	#
550	2214991	10	30	52	#
551	3534271	10	18	19	44	52	55	#
552	1784593	7	13	#
553	7737349	3	6	9	18	30	32	34	50	52	58	#
554	1171501	0	38	#
555	4835483	20	31	34	50	56	#
556	2204096	4	18	27	28	29	41	#
557	1831682	47	52	#
558	1346854	1	33	#
559	1556837	9	35	#
560	1426005	3	30	#
561	2569379	1	9	13	34	36	49	58	#
562	2185939	3	55	58	#
563	2625512	30	44	57	#
564	1260613	51	52	53	#
565	3314557	3	9	16	30	34	52	#
566	1347877	13	14	59	#
567	1427042	26	30	#
568	1854062	50	51	#
569	1765706	37	53	#
570	3627556	13	22	46	60	#
571	1997089	10	19	33	61	#
572	1250335	33	39	#
573	1376306	12	30	35	#
574	1592309	1	57	#
575	1065525	0	55	#
576	1789432	11	38	#
577	1970850	36	39	#
578	2787932	8	33	42	44	56	#
579	1760483	20	43	#
580	2635709	10	22	26	#
581	3236802	0	2	7	8	14	20	24	30	32	#
582	1737734	6	18	#
583	1045642	0	26	#
584	3210557	9	14	15	33	47	48	57	61	#
585	1837362	46	55	#
586	1448729	11	47	#
587	2151553	7	52	54	60	#
588	2707287	3	16	55	#
589	1721557	21	26	47	#
590	2028862	7	22	28	29	38	50	#
591	2782200	9	34	38	62	#
592	6629916	0	4	9	10	17	19	22	44	#
593	5725898	18	41	43	45	60	61	62	#
594	1077754	8	28	#
595	1429203	17	39	#
596	3787105	13	26	38	46	#
597	2681005	13	52	61	#
598	2123794	3	30	36	#
599	3171822	3	12	33	41	#
600	1160381	6	23	#
601	2158846	8	44	50	#
602	1185035	4	7	#
603	1222897	22	56	#
604	4003214	11	16	28	47	54	#
605	1195635	1	26	#
606	2768874	14	39	47	52	#
607	1884750	0	21	50	57	#
608	1715752	3	48	#
609	3157867	6	40	42	55	56	#
610	2100132	4	9	10	38	#
611	3674066	0	33	47	50	53	#
612	2230339	2	4	40	47	#
613	5894796	1	14	26	42	46	48	#
614	2692719	7	8	11	17	21	44	46	50	51	53	59	#
615	2616939	29	48	50	#
616	6442515	5	25	31	35	36	40	51	#
617	4270179	5	13	23	36	56	#
618	2196475	16	28	51	#
619	4204517	14	16	22	36	44	#
620	1901490	9	11	#
621	2631535	5	42	48	50	#
622	3608138	9	27	58	59	#
623	6571910	2	3	22	31	43	49	57	#
624	2633122	15	26	35	40	44	52	54	#
625	1292879	15	39	#
626	2229069	13	36	46	#
627	1303409	12	13	#
628	1590156	16	26	#
629	2173807	6	20	26	57	62	#
630	4734464	5	6	9	35	42	#
631	1260614	13	45	#
632	1538832	9	18	34	#
633	6513836	1	3	15	19	29	37	52	#
634	1750436	7	41	#
635	2963773	6	12	29	#
636	1775184	58	59	63	#
637	2725759	18	23	29	55	#
638	1616535	10	41	#
639	2478576	1	13	34	55	#
640	1130267	18	40	#
641	4555650	0	34	40	43	56	#
642	1447192	2	9	53	#
643	3968171	9	16	28	51	#
644	4657075	6	12	16	18	27	63	#
645	1329951	0	25	33	#
646	3210302	0	22	61	63	#
647	1817783	2	62	#
648	3730834	16	22	26	60	#
649	2032158	19	25	29	50	#
650	1220144	8	16	#
651	1378266	1	23	#
652	1411744	21	37	#
653	1879833	12	27	31	43	#
654	1645579	8	15	#
655	1218873	43	52	#
656	1919201	37	62	#
657	1795480	4	6	13	#
658	1858639	28	63	#
659	1858807	25	58	#
660	1080784	1	25	44	#
661	1476272	3	37	#
662	1744853	51	58	#
663	3579728	16	20	31	52	#
664	2475784	7	9	10	24	48	59	#
665	1177042	7	10	#
666	6774771	8	9	15	25	42	47	57	59	60	61	63	#
667	1808820	2	53	58	#
668	1082683	4	20	#
669	1417623	5	9	18	30	#
670	2708675	25	29	52	#
671	2772672	13	26	46	54	#
672	2961256	8	12	42	47	#
673	2065503	8	25	52	#
674	1376770	19	27	#
675	3393372	10	18	32	55	57	#
676	1629133	9	41	#
677	1890417	46	47	#
678	4833092	12	27	29	31	52	53	57	#
679	1359465	45	52	#
680	1848112	19	54	#
681	1753439	16	46	49	#
682	1046851	5	31	#
683	1751375	28	59	#
684	1739117	30	34	63	#
685	1573948	4	29	#
686	2843101	4	14	53	#
687	2651994	21	33	45	#
688	1118539	8	38	#
689	1885414	10	50	#
690	3436811	2	6	43	46	#
691	1391610	5	30	#
692	1636245	17	20	35	#
693	2229145	31	37	52	#
694	3332412	2	15	17	18	#
695	2896845	49	51	54	#
696	9241717	0	8	27	28	38	45	46	48	51	55	62	#
697	1005219	15	19	#
698	1252881	59	63	#
699	2083846	15	19	26	27	39	43	#
700	1790455	31	53	#
701	6032590	2	13	20	21	49	50	52	#
702	3489716	2	16	22	57	#
703	1372713	6	10	#
704	4327936	9	19	25	29	56	#
705	2171055	0	5	7	20	#
706	1551287	16	31	#
707	1371816	16	60	#
708	3030163	1	3	40	42	46	57	61	#
709	2840448	5	20	21	#
710	1411286	18	44	54	#
711	5479924	8	19	22	24	29	49	50	63	#
712	1443653	3	56	#
713	1981687	1	22	33	52	#
714	4291039	8	15	28	49	51	52	#
715	2045350	18	52	55	#
716	5180316	12	16	37	38	44	61	#
717	1925028	2	47	#
718	1816510	32	42	#
719	1911739	31	38	#
720	1243133	44	46	#
721	4301243	21	55	56	61	62	#
722	1708112	38	56	#
723	1117828	13	40	#
724	2040227	3	36	43	#
725	3132383	30	34	46	56	#
726	4286893	11	27	41	51	54	#
727	2758862	23	29	46	#
728	1662871	3	43	50	#
729	1124476	8	58	62	#
730	1593074	10	18	#
731	1839323	29	31	36	43	#
732	7542219	2	5	11	13	19	42	53	54	#
733	2933874	16	25	32	37	#
734	5401959	17	30	31	43	46	47	#
735	1603259	43	54	#
736	2211908	21	51	60	#
737	2400319	9	23	47	#
738	2450854	8	40	48	#
739	1390697	5	52	#
740	5616562	13	17	18	23	31	56	59	#
741	1773244	35	52	#
742	1648041	27	34	37	49	52	60	#
743	1502545	24	33	#
744	3338300	21	33	37	42	#
745	1918944	11	24	33	38	48	62	#
746	1650158	12	56	#
747	1832729	14	19	44	52	#
748	1211733	6	31	#
749	1350543	17	22	#
750	2727149	36	41	59	#
751	1280975	38	41	#
752	1995263	4	27	#
753	1793985	3	22	#
754	3456352	17	30	36	41	#
755	1602925	13	37	#
756	1372276	22	45	#
757	1207513	4	34	43	#
758	1932101	46	61	#
759	1690912	26	53	#
760	2861789	2	5	29	34	#
761	2838732	2	5	7	8	10	56	#
762	1550000	53	54	#
763	5388936	1	16	26	33	35	38	46	51	#
764	5029126	17	23	25	26	38	44	45	47	58	62	#
765	1259149	9	29	48	#
766	1645449	53	56	#
767	2617803	26	27	30	#
768	1135511	0	29	37	#
769	1429813	3	14	#
770	4070786	8	12	46	51	58	#
771	1785080	46	63	#
772	1898291	23	42	#
773	1526403	7	58	#
774	1172588	28	44	55	#
775	4829527	3	13	39	48	56	59	#
776	1982493	12	17	27	59	#
777	4185334	14	17	28	42	62	#
778	2611300	5	34	36	38	#
779	1712899	5	56	#
780	3557870	25	33	39	50	#
781	1636267	0	54	#
782	1332574	6	33	#
783	3626033	27	44	49	59	#
784	1044220	57	62	#
785	1940914	5	35	#
786	1740892	13	35	#
787	2551108	7	26	45	#
788	2054940	5	16	53	#
789	5662641	1	6	19	26	35	53	56	#
790	1855277	11	52	58	#
791	5612500	9	18	37	43	49	56	#
792	2648436	5	19	42	#
793	3694986	8	24	28	58	#
794	1573677	24	42	#
795	2052690	2	7	43	50	62	#
796	2066090	16	24	30	#
797	1598063	43	59	#
798	1748805	38	61	#
799	4943492	15	20	23	25	51	#
800	1986383	18	22	46	55	#
801	1966700	9	51	#
802	2778232	11	15	18	44	#
803	3752398	24	46	48	56	#
804	1852299	39	51	57	#
805	4564254	2	22	43	49	63	#
806	1834000	22	55	63	#
807	1974395	11	23	43	#
808	1439485	1	28	53	#
809	2317706	17	33	51	62	#
810	3285885	5	11	15	32	48	60	#
811	1388436	40	57	#
812	1677832	33	50	#
813	2462224	21	33	58	#
814	1271649	25	48	#
815	3703952	15	28	36	37	45	#
816	1637349	36	37	#
817	4818085	2	18	19	36	48	58	#
818	2616524	18	31	43	58	#
819	3079945	6	21	48	49	51	60	#
820	1495175	47	60	62	#
821	2605629	3	53	57	#
822	1970388	24	44	#
823	1942007	0	7	40	48	62	63	#
824	4655293	4	17	27	47	54	55	58	60	61	#
825	5299054	2	10	27	43	44	45	#
826	1030146	12	33	#
827	1087187	7	60	#
828	3269028	22	43	58	61	#
829	2215581	17	20	23	47	#
830	4066169	1	5	24	29	36	38	47	62	#
831	1726436	12	29	#
832	1707496	30	52	#
833	1259179	8	52	#
834	3959791	3	37	61	62	#
835	3064347	13	31	48	63	#
836	2299938	22	28	36	#
837	1777888	11	23	27	#
838	1492672	6	14	38	#
839	5059474	1	3	4	27	45	48	#
840	3949957	15	22	31	57	#
841	3324608	10	43	59	60	#
842	1901414	17	52	#
843	3690785	5	17	44	50	#
844	3587139	4	12	14	17	52	54	60	#
845	2225475	2	23	43	63	#
846	2684261	12	33	37	48	#
847	1630197	6	16	#
848	3563969	10	35	38	46	54	63	#
849	2628433	3	11	61	#
850	5254599	8	14	19	22	48	55	58	62	#
851	1638408	16	22	26	#
852	1415084	0	56	#
853	1441713	27	32	#
854	1044452	39	51	#
855	1741632	5	22	#
856	1359320	25	35	#
857	2830781	16	30	38	#
858	1867699	1	38	56	#
859	1877846	11	33	#
860	2902801	15	20	56	#
861	1372845	36	43	#
862	1941336	11	31	44	59	#
863	1121964	22	29	42	#
864	2244491	12	20	23	#
865	5070967	6	15	21	28	36	50	61	#
866	1335086	5	25	#
867	2469187	0	9	10	19	23	39	40	44	#
868	4148949	24	40	48	52	63	#
869	1204432	29	43	#
870	1694431	23	28	35	#
871	1284581	0	47	#
872	1086685	1	50	#
873	2188418	1	10	17	32	#
874	4354553	2	11	18	22	25	41	#
875	1485077	3	53	#
876	2443999	23	39	56	59	#
877	1957286	13	48	#
878	3804677	0	4	15	25	26	51	#
879	4221855	0	4	5	10	22	28	#
880	5263273	2	10	15	17	18	47	#
881	2086269	3	28	38	#
882	4915985	24	25	29	36	55	#
883	2407151	11	21	63	#
884	984131	15	62	#
885	1589401	10	12	#
886	4387368	5	6	18	39	44	52	#
887	1605694	5	36	#
888	2026931	14	29	31	59	63	#
889	1723091	33	37	#
890	1156200	20	34	39	#
891	1944248	6	42	#
892	2572559	28	33	50	#
893	1034314	0	45	#
894	1202308	15	24	#
895	2219059	13	17	21	44	56	#
896	1938492	50	61	#
897	2186545	5	34	45	57	#
898	2022290	9	15	28	35	52	59	#
899	1239542	21	46	#
900	2160444	8	15	22	46	#
901	1830660	26	54	61	#
902	1057846	18	57	#
903	1599306	10	59	#
904	1342805	26	59	#
905	1054064	3	59	#
906	3630362	1	2	45	47	#
907	2724351	10	18	46	#
908	2154862	4	11	58	#
909	3163250	25	41	49	53	62	#
910	3747649	7	10	33	48	#
911	5171809	20	24	33	45	50	51	60	#
912	1977543	3	36	#
913	1947417	54	55	#
914	1946126	2	32	#
915	2451480	7	10	25	#
916	2612599	5	40	43	#
917	2897156	15	19	26	40	#
918	2738208	13	18	46	53	55	#
919	2713090	13	27	62	#
920	1178731	2	40	56	#
921	1105668	3	23	#
922	1514431	36	41	62	#
923	1963743	0	13	#
924	1123706	24	29	#
925	1531553	29	55	#
926	2353646	6	16	20	#
927	2453212	0	37	39	59	#
928	1541127	22	29	60	#
929	3738910	24	26	30	45	61	#
930	1850607	45	63	#
931	2127613	10	20	28	#
932	1320086	15	27	#
933	1853039	14	58	62	#
934	1320892	11	46	#
935	1450703	14	63	#
936	1028878	24	48	52	58	#
937	3680842	14	36	41	60	#
938	1338277	14	37	#
939	1757422	4	9	15	#
940	1156723	52	57	#
941	1537830	49	55	#
942	1142494	18	19	#
943	1666453	9	26	#
944	1167463	25	28	43	50	#
945	1420598	10	39	44	61	#
946	2666402	10	15	45	#
947	2775430	4	16	19	32	36	#
948	1611367	32	40	#
949	1775793	43	46	59	#
950	2502329	2	15	30	37	41	#
951	1507495	43	56	#
952	1678543	3	16	#
953	1491900	21	36	40	#
954	2241295	11	15	18	21	56	#
955	4250275	8	40	45	57	61	#
956	1130426	1	14	16	#
957	1047241	33	45	60	#
958	1735473	35	62	#
959	1664353	20	28	#
960	1927869	5	38	#
961	1629023	24	40	#
962	1633182	5	10	#
963	3479605	4	37	46	58	#
964	1908039	16	45	#
965	7256963	8	11	25	30	38	46	58	63	#
966	2994893	12	27	29	37	#
967	2670211	4	35	43	#
968	2053401	41	42	45	#
969	1443301	4	11	49	#
970	1508810	7	34	#
971	3237726	0	6	7	26	33	35	47	#
972	1605196	12	15	48	53	#
973	2103453	28	34	47	#
974	1280252	44	49	#
975	1949783	19	30	#
976	2000756	2	12	28	51	#
977	2002027	4	23	29	51	#
978	1527579	12	63	#
979	1692299	22	63	#
980	3347454	13	25	44	61	#
981	1220937	23	60	#
982	2480708	3	13	14	#
983	6695552	28	31	43	45	46	51	61	#
984	1291175	5	7	40	#
985	1601138	20	40	#
986	2896050	5	8	31	35	43	44	49	59	#
987	1843893	6	52	#
988	1868123	20	39	42	#
989	1742682	7	28	#
990	1671268	9	50	#
991	1873724	14	29	37	#
992	1597309	14	22	#
993	1071955	22	32	#
994	1243020	20	37	#
995	1607228	18	37	48	#
996	4246116	6	10	28	49	60	62	#
997	2175179	34	43	47	50	#
998	1624643	22	52	#
999	1581462	6	13	#
1000	3730765	6	10	32	39	61	#
1001	5675843	15	24	25	31	38	42	56	58	#
1002	1650474	32	33	#
1003	1682352	11	18	#
1004	4234857	7	15	43	45	55	#
1005	2872259	1	42	61	#
1006	1970458	3	31	62	#
1007	3052633	2	35	40	52	59	#
1008	2140692	8	34	50	#
1009	1825130	24	41	#
1010	5761420	12	15	17	35	51	52	#
1011	2187424	24	55	60	#
1012	2535272	11	16	17	57	59	#
1013	2197698	30	40	53	#
1014	1926107	17	29	#
1015	3074004	2	35	42	47	#
1016	1109074	43	48	#
1017	1821110	3	27	55	#
1018	1441388	36	40	48	61	#
1019	2134857	29	31	40	#
1020	2708080	13	28	55	#
1021	2013687	33	41	58	#
1022	1527843	1	7	#
1023	2994517	5	8	37	#
1024	1406851	12	27	37	48	#
1025	1961498	10	27	#
1026	1276040	1	58	#
1027	3007453	17	26	42	46	#
1028	1813193	1	20	#
1029	2919603	2	25	32	35	#
1030	1355998	25	31	#
1031	3637520	1	8	30	39	49	#
1032	2728007	4	40	54	#
1033	1451306	53	58	#
1034	1815501	16	20	22	54	#
1035	2044910	29	56	57	62	#
1036	4111099	0	32	37	38	48	58	#
1037	4185341	18	33	37	41	50	55	#
1038	1096724	0	29	#
1039	1495514	46	53	#
1040	5786043	8	23	26	31	36	47	49	57	60	#
1041	1957059	42	62	#
1042	1818274	19	21	#
1043	1952917	5	34	37	#
1044	3129780	33	37	43	54	63	#
1045	3057872	12	14	20	41	#
1046	6425018	5	12	17	27	37	39	47	#
1047	1652900	20	52	#
1048	2882834	7	22	54	#
1049	2271123	12	32	55	#
1050	2943610	7	44	60	#
1051	1842094	15	53	56	60	#
1052	1586710	8	55	#
1053	1284030	0	39	#
1054	1890418	19	35	#
1055	2377178	23	57	60	#
1056	1846284	4	19	47	#
1057	1713271	3	9	35	#
1058	3015364	10	15	17	24	26	#
1059	1615840	22	23	#
1060	1730079	9	28	#
1061	2017393	0	14	60	#
1062	1742419	16	26	27	36	51	#
1063	3817336	13	19	31	35	48	52	60	62	#
1064	2927595	7	10	36	#
1065	2242707	37	39	56	63	#
1066	2724601	2	5	20	#
1067	1864794	26	33	41	#
1068	1722857	6	50	#
1069	2543428	18	38	57	60	#
1070	1286673	7	8	10	24	#
1071	3406419	9	10	18	20	47	48	57	#
1072	6528474	0	13	21	23	25	30	34	37	58	#
1073	1949516	7	30	58	#
1074	3693210	2	10	12	44	51	#
1075	3260334	6	17	22	27	33	34	42	43	45	48	#
1076	2392245	0	41	55	#
1077	3489017	7	12	25	29	#
1078	5366173	0	10	23	44	55	58	#
1079	1197340	14	52	#
1080	1911690	0	59	#
1081	1906414	5	30	52	#
1082	2140108	0	55	59	#
1083	2646977	8	17	42	46	#
1084	8979158	9	27	32	36	43	46	52	54	57	#
1085	3160105	13	15	30	58	#
1086	3099862	4	20	31	54	#
1087	1777701	2	19	#
1088	1127061	29	34	50	#
1089	3987722	27	42	47	51	#
1090	10288925	5	8	21	24	28	29	30	33	53	58	60	#
1091	3655917	17	28	38	40	41	#
1092	1325525	19	31	37	49	#
1093	2727885	41	43	44	#
1094	3012670	1	6	38	56	#
1095	1933804	4	38	#
1096	3313579	17	26	37	38	40	#
1097	3791088	12	20	34	39	58	#
1098	1299728	4	62	#
1099	2459603	7	23	24	#
1100	1866906	37	45	#
1101	5810040	12	27	28	35	41	42	#
1102	1559256	20	29	34	42	#
1103	2558612	25	54	55	#
1104	1332219	47	51	#
1105	2348698	19	26	62	#
1106	3171106	42	43	50	55	#
1107	1423010	6	15	#
1108	1789431	25	49	#
1109	1681670	19	32	#
1110	1046762	34	43	#
1111	4400847	3	4	6	19	40	63	#
1112	1865037	24	33	34	53	54	#
1113	3943309	10	43	47	51	56	#
1114	2027615	20	22	31	#
1115	1481888	14	36	#
1116	1249435	19	42	55	#
1117	3870899	5	6	29	47	60	#
1118	2254350	15	30	37	51	63	#
1119	1283117	33	36	#
1120	990696	27	47	#
1121	1922124	10	31	36	#
1122	1140385	29	53	#
1123	2126993	0	12	14	15	22	55	#
1124	1332462	14	16	30	#
1125	3651009	4	16	29	36	#
1126	2304631	1	13	43	#
1127	1997644	1	55	#
1128	3659232	15	29	34	40	62	#
1129	1245652	13	53	#
1130	1995611	3	22	32	33	34	#
1131	1728796	38	58	#
1132	2953044	2	23	28	#
1133	5286652	8	19	22	27	28	63	#
1134	2251689	3	7	27	#
1135	2211109	4	5	7	8	18	41	59	#
1136	2125777	3	9	24	36	#
1137	1779680	1	4	7	18	24	25	45	#
1138	2640920	7	15	24	51	#
1139	3206952	7	18	22	57	62	#
1140	1082911	7	42	#
1141	2523305	27	50	61	#
1142	3792137	20	23	42	53	55	#
1143	3650486	11	32	47	54	#
1144	3268259	2	15	17	47	#
1145	1765554	33	51	#
1146	1165106	44	58	#
1147	1660088	2	28	#
1148	1709282	4	47	#
1149	1904480	32	42	57	#
1150	1155738	4	52	#
1151	1907219	55	58	#
1152	2057745	22	30	61	#
1153	3313713	5	8	34	53	#
1154	1183613	32	58	61	#
1155	3038498	17	18	19	21	59	#
1156	1415013	20	31	#
1157	1698372	48	53	61	#
1158	3286844	13	17	36	61	#
1159	1040695	0	7	#
1160	2303155	0	8	51	55	#
1161	2796577	9	15	27	32	#
1162	1543993	21	24	61	#
1163	1499293	45	58	59	#
1164	1768645	0	6	#
1165	1139822	16	46	#
1166	1752277	15	22	#
1167	1345716	54	62	#
1168	4515821	1	4	20	27	40	47	56	#
1169	2283493	17	24	42	#
1170	1022040	36	42	#
1171	4575930	13	15	17	39	60	#
1172	1563710	19	34	#
1173	2025870	0	28	55	#
1174	2968426	2	35	55	#
1175	1400426	11	36	#
1176	1263108	26	35	#
1177	2847104	6	11	36	40	41	62	#
1178	4593458	16	23	35	46	50	58	#
1179	1986913	2	31	#
1180	3390488	25	39	54	58	#
1181	2332811	1	34	55	#
1182	3283470	10	28	35	60	#
1183	1858477	21	41	#
1184	4238733	8	17	23	44	46	#
1185	4278533	9	14	20	25	34	#
1186	1016520	0	52	#
1187	3214464	4	8	9	15	22	26	35	36	40	51	#
1188	3735302	13	30	32	62	#
1189	1462773	34	47	#
1190	1563458	1	2	13	#
1191	2623762	38	45	53	#
1192	1498486	20	53	58	#
1193	1905328	2	10	12	20	50	55	#
1194	5448772	8	9	32	39	41	42	#
1195	2650753	0	54	63	#
1196	1474201	39	63	#
1197	2065267	2	16	23	35	53	#
1198	1169545	1	38	#
1199	1213098	27	58	#
1200	1837131	0	4	15	26	29	33	#
1201	1984708	3	7	60	#
1202	3763681	6	8	37	42	#
1203	1553154	23	41	#
1204	1338438	22	30	41	#
1205	2256671	15	34	59	#
1206	1330213	6	9	#
1207	3944949	27	28	29	30	31	63	#
1208	1456205	0	51	#
1209	2120111	19	22	31	#
1210	1049817	51	59	#
1211	1383163	1	13	#
1212	2232654	9	29	43	#
1213	3861104	6	9	30	47	58	63	#
1214	1251743	41	61	#
1215	4126626	3	7	26	32	40	#
1216	1822227	1	2	52	#
1217	2629096	6	15	26	28	#
1218	2685748	1	21	35	#
1219	2885258	7	21	27	40	60	63	#
1220	1954141	15	30	#
1221	1787232	19	28	#
1222	2822652	7	15	39	42	#
1223	1354427	33	38	#
1224	2241025	20	32	35	#
1225	1031853	2	43	#
1226	1768147	18	36	#
1227	6336752	0	9	20	23	24	26	44	49	60	62	#
1228	4039739	3	15	41	54	55	63	#
1229	2285193	9	28	31	#
1230	1925774	18	35	59	#
1231	2268388	2	12	21	#
1232	4954341	11	22	24	40	49	#
1233	1866437	11	22	44	#
1234	2327903	3	15	28	39	56	#
1235	1288266	46	59	#
1236	2237874	1	38	40	43	57	#
1237	1810143	6	24	#
1238	3140537	7	21	35	39	41	#
1239	1654108	22	36	55	#
1240	1850466	0	53	#
1241	1474641	14	46	#
1242	1655568	19	62	#
1243	3503867	22	27	29	32	#
1244	3223553	27	45	50	55	#
1245	1599814	27	28	#
1246	3072886	3	7	10	33	52	53	#
1247	2459952	5	40	44	#
1248	1995656	6	32	#
1249	4781024	2	19	20	24	38	40	42	45	55	62	#
1250	2142455	4	14	30	47	#
1251	1353981	28	40	49	#
1252	5971467	17	18	23	32	39	52	#
1253	1893766	9	18	31	56	#
1254	2971370	8	28	33	37	#
1255	3622101	6	17	41	48	#
1256	1305011	27	53	#
1257	2267998	17	29	31	#
1258	1207137	24	36	56	#
1259	4707465	22	28	32	34	50	#
1260	1874050	10	45	#
1261	2516774	10	22	29	50	58	#
1262	1734256	19	24	48	61	#
1263	1270133	7	23	36	53	#
1264	1326790	15	53	#
1265	1866069	37	47	#
1266	2156218	15	30	44	#
1267	3074375	22	34	38	47	#
1268	2901411	5	41	46	#
1269	2279453	5	45	55	#
1270	1984148	13	16	60	62	#
1271	1686738	34	45	59	#
1272	1764883	20	33	60	#
1273	2811736	2	4	45	53	57	#
1274	2516889	39	43	54	#
1275	4283172	8	16	32	46	55	#
1276	1662741	1	27	#
1277	1689420	12	16	32	#
1278	2909703	3	42	53	#
1279	1520613	5	42	#
1280	1136247	25	43	#
1281	1834771	13	41	#
1282	3442282	41	46	50	56	#
1283	4064830	17	25	31	38	39	58	61	#
1284	1864380	9	62	#
1285	2949002	10	35	60	#
1286	5361667	2	8	39	52	54	55	60	#
1287	1014853	16	57	#
1288	2150030	32	38	44	#
1289	2761071	5	7	23	#
1290	2782237	5	51	54	#
1291	1724712	4	39	55	#
1292	2340479	15	42	60	#
1293	1322221	11	56	#
1294	1152536	9	63	#
1295	2563595	12	49	53	#
1296	2593722	27	43	56	57	#
1297	1705675	26	47	#
1298	4396014	5	18	28	35	42	#
1299	2575794	6	20	48	#
1300	2121930	11	45	50	#
1301	3909231	35	36	52	55	#
1302	1109138	12	27	#
1303	3314717	24	35	37	40	42	#
1304	4275840	11	25	30	36	60	#
1305	2942975	13	43	47	#
1306	1256523	19	24	#
1307	1723576	22	33	#
1308	1665345	9	31	36	#
1309	4437298	1	2	4	27	40	41	46	63	#
1310	1267975	33	49	#
1311	3056140	11	23	25	52	#
1312	2730459	0	10	17	60	#
1313	1356583	7	44	#
1314	1411838	27	55	#
1315	1021250	12	42	#
1316	3988299	18	32	35	55	#
1317	1599006	20	21	#
1318	3201723	9	20	35	56	#
1319	3573522	0	12	35	41	55	#
1320	1402659	3	8	19	52	#
1321	1856427	28	38	#
1322	1072427	11	59	#
1323	1059238	41	57	#
1324	1294259	38	63	#
1325	3589672	4	48	55	57	#
1326	3289862	4	12	29	55	58	#
1327	6250400	2	3	17	22	25	27	33	53	#
1328	1177464	2	49	#
1329	1534370	62	63	#
1330	1755881	4	23	29	35	#
1331	1819669	55	60	#
1332	1550483	27	40	45	#
1333	2020640	1	40	58	#
1334	1010141	9	33	#
1335	2443535	35	40	48	#
1336	1327017	1	19	48	56	#
1337	2480072	8	30	36	60	#
1338	4262048	13	17	22	39	45	56	#
1339	4356117	4	27	38	43	56	60	62	#
1340	1470480	30	42	#
1341	1288472	9	29	39	53	#
1342	4031412	28	35	45	52	62	#
1343	1017679	41	45	#
1344	3292594	14	20	22	32	37	52	59	#
1345	2726660	0	4	22	#
1346	5656174	3	4	14	19	26	42	#
1347	5403898	1	16	28	30	33	36	44	50	59	#
1348	1184975	27	57	#
1349	2888845	19	41	48	#
1350	1611025	7	26	50	#
1351	5882544	1	2	3	43	44	47	48	50	57	#
1352	1687217	19	45	#
1353	1150439	46	60	#
1354	5700446	0	19	37	41	42	46	57	63	#
1355	1877032	42	51	#
1356	1318928	20	55	#
1357	3580572	7	11	19	23	#
1358	1315365	32	41	#
1359	5411140	6	9	13	43	45	55	#
1360	4416336	3	10	11	43	47	63	#
1361	1662610	11	16	29	37	#
1362	2062095	20	21	40	54	#
1363	3407789	0	23	40	42	43	#
1364	2451959	6	24	43	49	#
1365	1413950	18	21	49	#
1366	4817268	9	16	26	43	62	#
1367	2539667	16	45	48	#
1368	3099606	0	14	28	29	#
1369	1321265	50	53	#
1370	1246117	7	52	#
1371	3104168	10	35	47	48	55	#
1372	6700419	1	2	20	28	44	53	57	#
1373	1332842	41	51	#
1374	1642323	7	14	33	42	#
1375	2403505	5	18	61	#
1376	1810963	17	38	#
1377	2913173	7	32	37	43	44	#
1378	2952123	25	27	45	#
1379	4263406	13	14	17	43	54	62	#
1380	2439488	21	44	52	61	#
1381	1476703	1	49	#
1382	2033061	1	13	33	39	63	#
1383	2989551	7	10	22	28	54	60	#
1384	1232549	1	5	#
1385	1437706	21	55	#
1386	5789724	3	13	44	54	57	58	#
1387	2055629	5	22	23	50	52	#
1388	1313930	5	37	#
1389	3265135	14	22	45	59	#
1390	6272265	2	15	18	19	22	28	31	50	#
1391	4105278	1	8	10	26	34	46	#
1392	1976141	17	32	#
1393	1574466	34	53	#
1394	4461502	3	5	18	44	45	52	55	#
1395	4541055	1	5	19	21	58	#
1396	1679973	13	46	#
1397	1445113	15	20	#
1398	2888118	28	29	38	51	62	#
1399	2656288	16	30	55	#
1400	1834896	13	34	#
1401	2619008	18	27	54	#
1402	2770442	1	6	27	#
1403	3774023	18	27	51	59	#
1404	1786165	28	29	#
1405	2699162	11	27	30	60	#
1406	5604806	6	11	18	21	32	39	53	#
1407	3897352	1	35	37	38	#
1408	3228260	5	9	17	59	#
1409	2841941	4	11	31	53	#
1410	1050343	36	58	#
1411	5038637	12	20	34	44	46	50	#
1412	1733593	3	18	20	60	#
1413	2108603	34	59	63	#
1414	2032380	1	9	37	#
1415	2334083	1	17	63	#
1416	2968516	4	20	25	63	#
1417	1790849	4	22	#
1418	3777486	5	9	20	26	30	47	#
1419	1057836	7	49	57	#
1420	3640667	0	9	14	33	35	#
1421	1610296	20	27	#
1422	3702662	7	35	40	54	#
1423	2891775	10	17	50	#
1424	1500676	25	46	#
1425	1820924	3	28	30	#
1426	3435193	16	25	47	49	56	#
1427	3474194	1	2	29	32	39	40	50	54	59	60	#
1428	1934600	20	27	49	#
1429	3694646	13	14	31	48	#
1430	3196927	3	33	56	58	#
1431	3320201	11	13	24	28	#
1432	2335219	1	23	37	44	#
1433	6288499	11	16	23	25	28	36	37	46	#
1434	7555192	7	14	15	19	29	36	46	49	#
1435	3241534	8	15	25	53	54	#
1436	1371100	42	45	#
1437	1636778	7	54	#
1438	1772152	28	46	#
1439	2073565	0	13	25	42	#
1440	4859883	0	2	20	23	25	30	33	42	45	54	56	60	61	#
1441	1809904	3	51	#
1442	2733821	0	15	53	#
1443	3934713	5	6	31	35	41	43	56	58	#
1444	2290957	27	36	39	54	#
1445	2738124	10	35	47	#
1446	1101032	10	11	#
1447	6002045	9	16	25	36	40	51	63	#
1448	4926761	6	35	37	39	58	#
1449	1364104	40	61	#
1450	2296789	9	25	32	53	54	#
1451	3547560	31	44	46	48	#
1452	1052184	14	32	#
1453	1385534	61	62	#
1454	2200005	20	44	50	#
1455	1099041	3	11	21	#
1456	2541041	0	32	51	#
1457	2785903	24	46	61	#
1458	2484502	16	29	38	48	60	#
1459	1049810	16	17	#
1460	2424804	2	13	18	41	#
1461	2255858	9	11	20	21	30	45	#
1462	1815786	28	47	#
1463	8247891	4	5	12	14	19	21	33	37	45	46	48	#
1464	2821614	6	19	45	51	#
1465	1671606	42	49	#
1466	3288051	24	34	37	55	#
1467	1827262	6	38	43	60	#
1468	1655904	0	2	#
1469	3224890	5	26	33	52	#
1470	5691557	12	24	28	39	44	57	#
1471	2090300	3	29	46	53	#
1472	1170562	17	23	#
1473	2924579	19	37	39	49	51	#
1474	1771802	57	59	#
1475	1672148	3	39	#
1476	5396541	10	20	25	32	39	55	#
1477	2190091	4	11	20	#
1478	2753085	8	56	59	#
1479	2254002	11	17	35	42	#
1480	2020152	5	20	44	#
1481	2034435	0	3	17	#
1482	1357231	40	44	#
1483	1754979	2	5	16	33	#
1484	2056218	18	26	53	55	60	#
1485	1796131	17	19	#
1486	1032519	2	11	#
1487	1040470	29	61	#
1488	2770018	14	36	42	47	#
1489	4016484	15	17	30	33	55	60	#
1490	5100755	3	4	16	30	40	54	58	#
1491	1390074	32	56	#
1492	1810547	7	38	55	63	#
1493	4487601	14	38	39	44	53	#
1494	6092264	2	15	18	21	22	34	45	46	48	54	62	#
1495	7362759	4	8	17	21	30	32	38	39	48	60	63	#
1496	1087516	32	50	#
1497	2491026	2	7	10	#
1498	1010937	8	46	#
1499	2677038	5	29	33	47	49	60	#
1500	1114223	9	54	#
1501	3336763	3	24	28	33	37	#
1502	2526309	6	23	29	57	#
1503	2944377	23	26	50	#
1504	5167201	3	5	26	35	37	49	#
1505	2638781	27	33	61	#
1506	1860316	24	53	#
1507	4746821	12	14	16	22	24	27	31	39	41	60	#
1508	1729827	23	62	#
1509	2468570	25	50	53	58	60	#
1510	3033112	1	4	48	52	58	61	#
1511	1603971	23	37	41	60	#
1512	1454389	22	28	49	#
1513	3679342	3	16	34	50	#
1514	2755391	9	40	47	50	52	#
1515	1086861	28	50	#
1516	2464441	25	35	43	#
1517	2632615	3	4	25	49	#
1518	3431292	46	50	53	57	#
1519	1326147	38	57	#
1520	13178622	2	10	11	28	34	37	38	40	42	43	50	52	54	56	63	#
1521	1877030	29	30	36	60	#
1522	2431894	10	12	17	24	27	30	#
1523	3305254	3	12	24	25	32	#
1524	2709958	14	32	53	63	#
1525	2154452	25	40	50	#
1526	1297804	7	59	#
1527	2752627	4	39	43	#
1528	2490156	10	12	17	24	39	41	61	#
1529	2097150	8	32	43	#
1530	1093333	1	19	#
1531	1277916	53	55	#
1532	2168958	1	8	14	26	33	37	55	#
1533	1254647	39	59	#
1534	1127395	0	50	#
1535	2743039	25	54	59	#
1536	3913842	22	28	42	52	#
1537	3948271	4	60	61	62	#
1538	1690082	1	21	#
1539	3590336	18	44	46	51	#
1540	1934318	4	32	#
1541	1064842	34	37	#
1542	2320301	26	39	53	#
1543	1705210	53	59	#
1544	6840048	11	15	26	29	32	42	46	52	#
1545	3327404	7	33	46	53	#
1546	12601586	6	17	18	28	32	36	44	46	49	50	51	58	63	#
1547	3544591	1	23	41	47	59	#
1548	2682507	1	6	53	55	#
1549	4084100	27	37	48	53	56	#
1550	2019948	14	24	26	#
1551	2387339	12	46	62	#
1552	2330295	18	29	39	#
1553	3024989	0	40	42	46	51	#
1554	1935252	29	38	#
1555	1989041	4	28	43	#
1556	3340244	12	28	34	52	#
1557	3111724	26	29	37	40	41	46	59	#
1558	4931552	8	12	16	40	57	#
1559	988342	52	61	#
1560	1347170	17	43	#
1561	1461720	40	42	#
1562	1694589	36	46	#
1563	1681038	20	26	36	#
1564	6074824	2	18	32	46	53	61	62	#
1565	2199686	12	39	51	#
1566	1445939	15	28	#
1567	1427111	28	51	#
1568	1206661	37	49	#
1569	1506658	3	9	#
1570	2613287	32	46	51	55	#
1571	2849653	24	27	30	39	47	48	#
1572	1683676	13	37	42	60	#
1573	4806957	4	9	17	37	41	42	#
1574	1428091	26	51	#
1575	1890329	46	56	#
1576	2599551	12	17	36	46	#
1577	3549793	0	1	6	19	26	29	40	43	48	49	#
1578	2322628	13	16	22	28	32	#
1579	3407125	12	42	48	59	#
1580	4335587	10	12	21	27	59	#
1581	1938773	1	46	#
1582	1929061	26	42	#
1583	1747451	9	10	#
1584	4662714	6	20	42	50	63	#
1585	2338317	0	21	44	#
1586	2963232	6	15	26	54	#
1587	2121007	30	31	40	#
1588	1084410	4	6	#
1589	2831426	8	17	36	#
1590	2494330	18	22	24	35	36	47	59	63	#
1591	1953129	54	59	#
1592	1118785	42	50	#
1593	1582752	5	20	#
1594	2260933	19	30	34	43	#
1595	1892360	22	27	#
1596	1945715	27	43	57	#
1597	1193805	19	58	#
1598	1155950	15	36	#
1599	1539549	20	57	#
1600	3072348	22	30	45	47	#
1601	3246726	0	2	5	22	46	47	#
1602	2412033	4	10	12	19	#
1603	2114394	3	23	37	#
1604	3117943	13	22	37	60	#
1605	2237195	14	47	55	#
1606	4533780	3	6	27	43	52	59	#
1607	2462015	0	34	36	50	#
1608	2171726	30	37	50	#
1609	2298165	15	22	25	61	#
1610	4293971	6	12	15	29	35	#
1611	2542128	8	29	38	#
1612	5382983	10	11	15	19	23	31	43	47	#
1613	6303798	0	24	31	32	35	38	39	58	#
1614	1813708	4	30	33	#
1615	1011190	2	26	#
1616	1621263	7	39	#
1617	2637785	0	9	12	#
1618	1262995	11	14	#
1619	1766673	0	4	#
1620	5383993	6	11	19	24	39	42	50	#
1621	1083974	46	62	#
1622	2475998	2	34	51	#
1623	3583893	1	5	22	37	51	#
1624	1126437	21	57	#
1625	1655476	8	9	#
1626	1967371	11	14	29	34	37	61	63	#
1627	1751886	4	37	#
1628	2200882	1	5	30	36	46	51	58	#
1629	1875107	21	59	#
1630	1476895	34	46	#
1631	3667388	19	42	43	45	#
1632	1649949	21	31	33	#
1633	3383206	3	7	19	38	#
1634	2330789	20	58	61	#
1635	4334613	4	40	42	46	49	#
1636	1501301	14	56	#
1637	3036193	7	12	17	27	30	31	48	#
1638	1311852	30	37	#
1639	2325512	1	20	21	39	#
1640	3789835	11	16	55	57	#
1641	2679775	15	39	62	#
1642	2837801	25	27	29	30	35	46	#
1643	1220005	18	40	45	#
1644	3966892	16	27	59	60	#
1645	1137028	16	44	#
1646	1656953	45	50	#
1647	2442327	8	24	33	41	45	47	59	#
1648	2496891	9	20	42	51	#
1649	1212129	10	19	#
1650	1434279	33	36	48	#
1651	1214980	25	27	43	#
1652	1399394	19	29	#
1653	4955173	0	6	16	23	30	#
1654	2024307	8	11	19	58	59	#
1655	1030787	17	57	#
1656	3276214	23	30	41	58	#
1657	4749311	26	28	35	39	49	59	#
1658	3951915	8	15	32	36	55	#
1659	1608591	13	54	#
1660	2262875	6	34	62	#
1661	1000340	40	60	#
1662	1429412	11	35	#
1663	4339721	17	20	23	41	45	48	#
1664	1936702	8	26	35	#
1665	1873843	23	27	37	38	44	54	61	#
1666	4746660	0	32	40	49	58	59	#
1667	5574506	3	5	34	51	52	53	55	#
1668	2197190	6	22	34	58	#
1669	1358415	9	32	#
1670	1825108	44	60	#
1671	1303258	34	40	#
1672	1605620	1	50	58	#
1673	2378826	6	12	13	41	#
1674	1553522	12	41	#
1675	2482575	1	27	54	#
1676	1296810	4	31	#
1677	1345566	6	12	#
1678	5905394	3	6	7	12	19	21	22	28	29	32	43	47	53	56	60	#
1679	1308545	26	41	#
1680	4469517	0	25	39	53	61	#
1681	1974651	24	53	62	#
1682	1995499	7	8	21	53	57	#
1683	2231912	31	39	44	#
1684	1798032	13	16	58	#
1685	2660369	9	31	43	46	60	61	#
1686	1358563	9	13	#
1687	4131680	4	14	34	39	40	53	57	61	#
1688	1951506	26	33	38	#
1689	2951505	11	32	51	#
1690	1652946	35	43	#
1691	4050205	17	25	31	33	36	39	41	#
1692	1532314	13	52	#
1693	1059437	36	41	#
1694	1809394	32	49	#
1695	3469041	22	24	42	48	60	#
1696	2708965	13	20	37	#
1697	3742067	4	9	10	13	29	37	#
1698	1354417	2	22	59	#
1699	3728107	18	21	42	47	52	55	#
1700	2586852	8	9	19	#
1701	1994219	10	32	#
1702	1876808	27	30	#
1703	2930088	15	17	46	#
1704	2371540	5	10	37	#
1705	1082088	36	55	#
1706	1214115	44	59	#
1707	4745861	0	3	6	37	46	49	#
1708	3638936	37	39	42	52	#
1709	2859095	16	39	51	#
1710	2671142	18	32	54	#
1711	2456068	4	14	18	#
1712	1929521	38	45	#
1713	6477245	1	2	3	8	32	33	55	#
1714	1505221	11	15	#
1715	1398375	12	30	38	46	#
1716	1757885	6	9	53	#
1717	3160772	14	19	22	24	29	39	#
1718	3419840	19	29	52	60	#
1719	1155496	15	33	#
1720	5857317	32	33	38	40	44	45	50	#
1721	1790152	12	22	30	#
1722	1611656	37	43	#
1723	2497331	21	51	56	#
1724	1563421	31	50	#
1725	4656495	26	51	52	57	58	#
1726	1767068	31	33	62	#
1727	4422852	10	22	28	38	57	61	#
1728	2359870	30	35	60	#
1729	1092507	27	63	#
1730	1182434	1	17	#
1731	1465392	34	38	#
1732	2907144	8	18	23	24	27	56	58	#
1733	3981245	4	47	53	55	#
1734	1650076	16	29	46	#
1735	2188446	1	34	36	#
1736	1435755	1	37	#
1737	1360601	0	27	#
1738	1948158	7	11	46	#
1739	2040028	5	21	51	#
1740	1008154	0	22	#
1741	2428663	7	25	38	#
1742	2026271	13	23	44	#
1743	3146212	9	25	27	33	46	47	48	60	61	#
1744	5662359	8	9	10	22	26	43	54	#
1745	2446157	3	14	56	#
1746	2546123	25	26	52	#
1747	1188864	2	10	#
1748	1853752	2	7	#
1749	3336544	14	19	32	45	56	#
1750	5289699	23	33	35	39	40	42	#
1751	2486428	2	15	29	49	#
1752	2510492	9	48	54	63	#
1753	2566837	8	10	55	#
1754	1475173	30	62	#
1755	1028995	42	52	#
1756	2577687	14	17	27	#
1757	2523748	45	46	61	#
1758	2696052	14	24	28	#
1759	1355728	18	26	62	#
1760	1477150	2	10	11	#
1761	2500987	4	52	56	#
1762	2434334	4	30	57	62	#
1763	1126842	2	15	43	#
1764	1548240	17	60	#
1765	5197105	3	8	12	29	53	55	#
1766	1023511	10	28	37	#
1767	1683839	30	40	50	#
1768	2770669	4	7	44	#
1769	3451915	9	22	26	35	49	54	#
1770	2246904	11	13	34	#
1771	1747842	24	30	#
1772	3929406	3	4	5	18	#
1773	10474647	2	6	18	19	25	28	36	50	52	53	60	#
1774	1334725	5	29	#
1775	1593738	9	59	#
1776	1435160	5	14	#
1777	1685676	5	11	13	20	36	#
1778	1921100	0	42	#
1779	2559945	17	38	49	#
1780	2218754	4	23	30	42	#
1781	1838236	10	14	54	#
1782	1202366	12	21	#
1783	2117751	42	43	52	57	58	#
1784	3205217	0	1	37	51	52	#
1785	1045140	39	42	#
1786	1433090	10	60	#
1787	7469134	8	9	18	35	41	44	49	55	#
1788	4843079	21	26	30	36	44	57	#
1789	2508252	11	45	58	#
1790	1174403	3	8	34	#
1791	1155981	37	56	#
1792	2428888	12	30	56	#
1793	2115273	10	35	38	48	57	#
1794	2712018	8	33	36	58	62	#
1795	2888504	21	51	58	#
1796	1761498	15	24	37	#
1797	2542787	5	38	43	48	52	#
1798	1176163	39	44	#
1799	2634297	0	7	12	52	53	59	#
1800	1640111	6	41	#
1801	1518212	13	28	#
1802	1863094	22	48	54	#
1803	1720709	24	59	#
1804	2687751	0	24	32	#
1805	3118197	4	6	22	52	59	62	#
1806	5337928	1	25	26	34	53	54	55	56	#
1807	4204120	10	23	34	53	57	61	#
1808	2071500	21	39	44	#
1809	2949674	7	39	60	#
1810	2929076	16	38	40	53	#
1811	1764128	18	41	43	#
1812	2691095	16	57	61	#
1813	1197407	19	39	#
1814	1620287	28	44	61	#
1815	1567973	31	39	#
1816	1100014	5	58	#
1817	3497972	9	16	25	33	36	50	#
1818	2402189	26	47	50	63	#
1819	1285912	32	53	#
1820	1922932	6	34	#
1821	3890393	4	7	19	29	30	#
1822	2468754	8	27	39	61	#
1823	1280007	47	58	#
1824	2237014	6	10	29	57	#
1825	1262722	11	27	41	42	#
1826	1409565	19	58	60	#
1827	3420510	33	36	41	63	#
1828	1417468	1	15	#
1829	3077216	30	32	40	41	#
1830	2177276	3	20	24	#
1831	3004390	2	21	30	41	#
1832	1345591	29	36	#
1833	1566058	20	54	#
1834	1713659	8	25	48	#
1835	3258380	0	26	46	57	62	#
1836	1273553	8	10	57	#
1837	2512527	12	26	27	44	49	56	63	#
1838	1880221	9	35	39	57	#
1839	2785090	13	14	33	#
1840	1312509	24	61	#
1841	1226696	18	41	#
1842	1476514	1	59	#
1843	1341347	53	62	#
1844	5620471	9	10	13	29	44	51	#
1845	2991071	19	24	62	#
1846	4719661	4	26	34	50	52	56	#
1847	3754877	3	4	11	28	#
1848	2260054	24	32	41	59	#
1849	1844103	28	60	#
1850	3921969	4	20	58	63	#
1851	1177785	3	45	#
1852	1557166	38	62	#
1853	1526340	6	59	#
1854	3144582	18	31	46	53	54	#
1855	1113137	11	60	#
1856	1566355	5	49	#
1857	4985522	12	13	30	31	35	36	55	#
1858	3446188	15	19	29	51	#
1859	2056218	24	42	56	#
1860	1016715	0	9	#
1861	2195666	12	13	41	#
1862	2752921	39	48	61	#
1863	1947102	21	39	#
1864	3605717	28	50	54	58	#
1865	12686497	9	17	18	19	20	22	25	30	34	44	47	48	50	51	58	#
1866	3960069	14	26	29	33	49	63	#
1867	1132202	25	33	#
1868	1908461	0	10	44	#
1869	1739590	43	50	57	#
1870	4858300	7	22	36	48	54	#
1871	4525234	7	13	40	44	46	58	#
1872	4951349	10	15	26	28	55	58	#
1873	3614197	11	27	30	36	51	56	61	#
1874	5949582	15	16	33	43	52	58	#
1875	1642066	40	54	#
1876	2768553	13	51	63	#
1877	1313716	40	41	#
1878	4544104	5	6	18	19	54	58	#
1879	1806958	28	57	#
1880	2392198	23	39	46	#
1881	1953555	10	50	51	#
1882	2589161	7	19	45	47	55	#
1883	1056710	29	41	#
1884	2115450	13	15	22	#
1885	2731102	5	24	33	#
1886	1993437	22	42	58	#
1887	3829304	11	15	28	32	#
1888	1306132	4	51	#
1889	2080267	6	25	51	#
1890	1190269	10	63	#
1891	1236531	11	37	#
1892	8402073	16	21	22	27	36	42	45	59	60	62	#
1893	2146480	4	27	55	#
1894	1857651	27	43	52	#
1895	4314647	7	12	14	41	52	56	#
1896	2754955	20	39	56	#
1897	4505710	9	33	43	47	59	#
1898	2513531	5	7	63	#
1899	2005698	9	33	35	56	#
1900	2530901	1	26	32	45	#
1901	2272386	12	43	56	#
1902	2005613	26	27	53	57	#
1903	4359517	26	27	33	52	54	#
1904	1560132	14	49	#
1905	1116994	30	32	#
1906	1777142	54	57	#
1907	2320726	10	36	51	#
1908	2015376	32	33	57	#
1909	2242150	0	4	26	60	#
1910	5037512	8	20	29	46	54	63	#
1911	3043010	21	27	30	38	40	48	56	57	#
1912	2359304	0	12	32	#
1913	3582087	9	16	22	41	#
1914	1141281	24	34	#
1915	2677109	2	27	51	#
1916	2800575	31	46	56	#
1917	1638021	23	35	#
1918	3238381	11	36	39	55	#
1919	2901635	2	25	30	59	#
1920	1992399	3	14	21	37	43	61	#
1921	2152035	9	52	54	#
1922	1263818	18	63	#
1923	1558915	47	50	#
1924	1816568	1	8	38	57	#
1925	4051954	8	30	37	38	52	62	#
1926	2965253	13	26	31	48	49	58	#
1927	1923851	29	53	55	#
1928	1881689	0	5	34	#
1929	2639808	24	27	33	40	47	#
1930	2361655	10	22	61	#
1931	2711102	7	55	62	#
1932	1755002	39	40	#
1933	3078252	21	25	51	57	#
1934	1960803	48	51	#
1935	2142411	5	9	12	18	#
1936	5927998	3	24	34	40	51	53	54	#
1937	3709092	10	24	36	37	38	63	#
1938	1056264	56	60	#
1939	2351544	37	46	52	#
1940	2215654	18	25	50	#
1941	2654432	5	14	26	57	#
1942	1851944	10	47	#
1943	1970267	15	46	#
1944	1273519	10	62	#
1945	2513871	25	51	58	#
1946	1125879	35	56	#
1947	4083348	8	29	41	42	49	#
1948	1972889	0	23	30	#
1949	1824125	54	61	#
1950	1767996	30	59	#
1951	1472780	28	54	#
1952	2866132	15	30	60	#
1953	2137046	5	19	50	#
1954	1644580	11	28	44	48	#
1955	3568051	3	21	31	55	#
1956	2719717	9	16	43	#
1957	1073554	34	57	#
1958	1004799	12	39	58	#
1959	3710831	6	7	27	32	#
1960	2936198	42	43	53	#
1961	1460795	30	32	46	#
1962	4169888	12	17	27	49	63	#
1963	2708884	6	15	55	#
1964	1596796	5	39	53	#
1965	4137405	14	15	16	22	51	#
1966	1117022	13	31	56	59	#
1967	2941674	18	20	26	42	#
1968	2675182	0	21	25	37	47	54	55	61	#
1969	2260209	3	14	19	63	#
1970	1823685	6	16	47	54	#
1971	5917310	17	24	26	46	49	51	62	#
1972	3034277	0	20	22	48	59	#
1973	7085109	6	7	16	24	33	36	43	46	48	53	#
1974	3917546	3	5	6	12	35	56	#
1975	2162395	27	29	37	#
1976	3213427	13	22	26	32	36	53	#
1977	3777669	2	21	28	50	#
1978	2241488	4	15	25	35	58	#
1979	1500171	56	58	#
1980	1868165	30	50	52	#
1981	2387556	0	53	54	#
1982	1119689	12	50	52	#
1983	3550965	8	9	14	21	53	#
1984	2282100	0	34	59	#
1985	2028183	10	41	43	#
1986	1301502	17	18	27	#
1987	3568712	2	5	21	42	53	61	#
1988	1698855	9	17	18	#
1989	2085053	23	38	40	#
1990	4793844	23	28	48	53	56	59	#
1991	3577990	4	7	11	26	62	#
1992	1258523	3	40	55	#
1993	1023063	4	46	#
1994	1039912	17	63	#
1995	990108	47	49	#
1996	3555208	11	28	52	63	#
1997	1222328	47	56	#
1998	2939916	11	30	53	#
1999	3648196	0	9	13	24	46	50	57	#
