%% File generated by CATS v.2.1Wed Jun 19 19:07:41 2013

%% The CATS webpage is http://robotics.stanford.edu/CATS

%% PARAMETER SETTINGS:
% Goods: 64; Bids: 2000; Distribution: L4; Runs: 50; Seed: 1371663978
% Legacy distribution parameters:
% Number of goods chosen according to Decay distribution (alpha = 0.55).
% Price chosen according to Linear Random distribution (low_linearly = 1, high_linearly = 1000).


goods 64
bids 2000
dummy 0

0	1922275	12	57	#
1	990982	36	#
2	989531	16	#
3	1729812	38	58	#
4	992762	60	#
5	999641	1	#
6	1255984	11	52	#
7	987492	35	#
8	964061	5	#
9	2914023	9	34	46	#
10	984682	3	#
11	988616	19	#
12	996495	40	#
13	1444058	5	47	#
14	980662	52	#
15	969063	2	#
16	972268	49	#
17	991032	38	#
18	1807025	9	50	#
19	1837205	7	56	#
20	1460697	49	53	54	#
21	1850224	18	27	#
22	6831609	0	34	35	38	42	47	54	#
23	2698800	5	6	34	#
24	2475924	41	60	62	#
25	987879	7	#
26	1626243	20	21	#
27	1670844	39	63	#
28	998420	21	#
29	930811	47	#
30	2213977	8	39	52	#
31	960059	31	#
32	973529	44	#
33	1167175	22	59	#
34	996156	63	#
35	2479250	2	19	27	34	52	60	#
36	1808009	4	40	#
37	1119424	5	38	#
38	1420547	5	34	40	#
39	975248	22	#
40	5088970	2	12	26	34	36	39	59	#
41	927534	0	#
42	2950196	12	18	33	36	#
43	992219	54	#
44	4870668	20	35	39	41	52	#
45	3088320	11	29	48	56	#
46	986289	23	#
47	974891	32	#
48	999777	57	#
49	984869	56	#
50	1586380	8	38	#
51	1984432	11	51	#
52	1819334	30	60	63	#
53	987212	30	#
54	2228623	3	13	33	#
55	967302	51	#
56	1890135	6	40	#
57	1903790	22	46	#
58	988202	17	#
59	6781938	2	5	32	40	46	48	50	51	#
60	1548083	19	33	#
61	2430682	2	38	42	50	58	#
62	2469126	32	37	42	#
63	1345296	11	44	#
64	979944	55	#
65	1358838	23	51	#
66	985311	46	#
67	3375941	7	9	20	21	25	26	35	44	47	#
68	1114059	8	22	#
69	4538146	0	34	42	50	59	#
70	1909738	0	20	#
71	1819056	33	54	#
72	985288	9	#
73	980349	41	#
74	997985	34	#
75	994685	27	#
76	2258394	23	38	47	#
77	1985494	34	59	#
78	960280	28	#
79	2459099	1	18	34	51	58	#
80	972653	62	#
81	2436719	8	22	30	34	63	#
82	1864321	22	24	#
83	998304	43	#
84	1516257	10	56	#
85	998211	18	#
86	3359577	19	26	40	42	53	61	#
87	2431274	37	42	47	#
88	2794277	1	23	25	42	#
89	1919435	14	52	#
90	1299623	23	26	#
91	5758273	5	13	21	27	43	59	#
92	2720422	31	40	51	#
93	1352742	8	49	#
94	1895982	39	50	#
95	1718388	14	56	#
96	971546	53	#
97	1797965	36	42	48	#
98	1946662	28	51	#
99	2608495	8	15	37	#
100	996431	58	#
101	1695814	51	58	#
102	988565	4	#
103	1729666	17	37	#
104	991278	33	#
105	1597350	21	22	38	#
106	995412	26	#
107	1962539	1	45	#
108	3522373	10	12	20	23	31	#
109	3596115	12	13	17	42	#
110	1620022	24	30	#
111	990677	25	#
112	1686451	11	32	#
113	993820	48	#
114	1871761	30	55	#
115	1404117	12	33	49	56	#
116	1986343	2	34	44	47	57	58	#
117	1263265	14	54	#
118	1543518	2	28	60	#
119	981150	20	#
120	971591	50	#
121	1885601	13	54	#
122	1357413	20	25	#
123	999898	42	#
124	2014481	15	47	57	#
125	1698346	55	59	#
126	1671175	2	7	#
127	940428	61	#
128	5249383	22	27	31	33	35	59	62	#
129	976125	29	#
130	2115031	15	24	36	48	62	#
131	973983	24	#
132	1868048	45	61	#
133	2298217	1	6	25	28	#
134	997958	15	#
135	1700046	35	62	#
136	1980007	20	53	#
137	2560552	21	60	61	#
138	2422937	27	36	40	#
139	2904576	12	21	25	#
140	1929375	9	49	#
141	987495	14	#
142	977107	45	#
143	2808069	9	15	58	#
144	1969695	30	34	#
145	1816779	6	54	#
146	1885541	14	34	#
147	1739840	17	30	#
148	1428461	11	17	#
149	1695237	3	46	#
150	2211354	10	27	35	50	#
151	1758083	61	63	#
152	6692588	4	7	14	47	52	59	61	#
153	1897375	5	24	34	63	#
154	972502	39	#
155	1235058	9	33	#
156	1857006	19	32	#
157	2330349	18	28	45	51	#
158	2974288	10	35	40	47	#
159	2778669	32	50	60	#
160	1834038	24	43	#
161	2510333	19	29	51	55	#
162	1555038	6	43	#
163	1295555	40	62	#
164	1248972	1	12	#
165	834671	37	#
166	1848735	2	9	#
167	1992684	48	51	#
168	1742704	6	26	#
169	1443806	46	55	#
170	1705003	2	44	59	#
171	2626599	0	30	34	52	57	#
172	1174153	0	30	52	#
173	1863420	27	41	#
174	2652931	0	12	13	36	39	#
175	1643330	6	10	#
176	2215465	19	27	52	#
177	1858092	17	27	#
178	1884719	3	55	56	#
179	2038789	0	4	38	#
180	4550662	3	12	16	17	48	#
181	2939782	11	37	63	#
182	3949623	37	51	59	62	#
183	5041210	3	4	9	21	25	27	29	30	48	56	61	#
184	1981441	34	52	#
185	1186635	51	62	#
186	2967695	6	15	43	#
187	4232777	19	25	28	33	46	54	#
188	2476675	32	47	52	62	#
189	2928365	21	29	56	58	#
190	1763291	27	49	#
191	6078425	1	10	22	24	29	35	38	41	#
192	1600199	11	60	#
193	1670995	2	43	52	#
194	1836544	24	41	56	#
195	1973924	49	61	#
196	2357802	16	32	49	#
197	1969866	33	51	#
198	1708207	4	22	27	#
199	1027705	58	59	#
200	1279921	36	48	#
201	988352	6	#
202	957414	8	#
203	2715635	25	27	31	32	42	44	#
204	3398423	6	31	34	35	52	59	#
205	1145635	20	30	#
206	3963326	0	11	30	44	51	58	63	#
207	2648421	10	15	50	#
208	2149315	2	4	21	57	#
209	1335974	11	12	#
210	2822628	6	33	55	58	#
211	2654325	16	37	50	#
212	8086766	1	9	11	15	20	37	44	55	56	60	#
213	1833804	30	44	#
214	1440303	6	53	#
215	1918880	39	42	#
216	946046	10	#
217	2889358	4	24	38	59	#
218	2455912	5	30	54	62	#
219	6058578	1	6	17	41	47	57	62	#
220	2830499	14	20	21	33	54	#
221	2538928	4	39	46	61	#
222	2012734	3	12	13	#
223	2221322	7	8	13	21	50	#
224	2914398	3	20	26	52	#
225	1895949	1	52	#
226	1942460	6	33	#
227	2933764	0	15	52	#
228	1387846	35	45	#
229	962857	13	#
230	1535855	30	35	#
231	3681313	6	10	11	25	#
232	1195563	28	62	#
233	1234220	17	42	#
234	2556169	3	23	57	#
235	2360025	28	29	32	#
236	2398464	0	7	39	#
237	2256038	0	2	4	11	38	45	54	59	#
238	1510241	19	24	45	#
239	2549635	21	38	53	55	#
240	1972422	19	31	#
241	1603201	36	50	62	63	#
242	2586246	3	33	50	#
243	6692861	12	17	26	28	43	55	57	#
244	908885	11	#
245	2715459	0	17	19	34	43	#
246	1886571	2	33	#
247	1037928	19	55	#
248	1232959	28	45	#
249	1940312	8	44	#
250	2182791	5	8	26	55	#
251	2109781	14	16	26	31	46	51	#
252	1497718	29	45	#
253	6496425	9	23	33	36	39	44	45	53	#
254	1751486	25	47	52	#
255	1364998	19	52	#
256	1886818	13	56	#
257	2585128	12	32	47	#
258	1008720	29	34	57	#
259	1876272	11	59	#
260	1224062	31	51	#
261	2251332	18	26	45	58	#
262	2880600	0	32	46	63	#
263	1484937	4	18	#
264	1694521	20	48	63	#
265	1821163	45	51	#
266	1772695	47	63	#
267	1660942	37	59	#
268	2060349	24	43	62	#
269	1580415	40	43	#
270	1940321	20	22	42	58	#
271	2609166	1	28	43	#
272	1498808	16	34	#
273	2807309	3	30	53	#
274	7622585	2	4	6	21	27	28	32	51	52	#
275	1049243	8	12	30	#
276	1568714	15	17	45	#
277	1912028	1	42	#
278	2059477	1	36	40	#
279	2873686	8	46	47	#
280	1564631	13	27	#
281	1670737	13	49	#
282	2790455	1	8	40	44	61	#
283	4822201	0	9	17	21	22	54	#
284	2132713	5	7	27	61	63	#
285	1077583	8	27	59	#
286	1045801	7	43	#
287	1198874	22	33	#
288	5576306	22	32	33	37	38	39	45	47	53	#
289	5050758	6	21	25	34	35	42	#
290	2609356	8	41	59	#
291	2075695	17	27	46	#
292	4686347	14	27	35	40	48	50	56	#
293	1591082	25	51	56	60	#
294	2938435	21	46	61	#
295	1194136	42	47	#
296	1670168	14	33	#
297	1249978	5	54	60	#
298	1876459	17	60	#
299	1928773	2	36	#
300	2984671	14	21	50	#
301	5061855	9	14	18	41	47	55	58	59	61	62	63	#
302	1874200	28	41	#
303	2385861	0	34	43	48	#
304	1884439	16	61	#
305	1934404	20	26	#
306	2559812	7	18	33	53	#
307	4389814	16	22	33	34	63	#
308	1415703	21	55	#
309	2084522	38	42	47	#
310	1574746	12	17	#
311	1450535	15	45	#
312	1790471	26	56	#
313	4202319	9	20	41	52	56	63	#
314	1502259	17	21	#
315	2226360	1	2	48	#
316	971406	59	#
317	1420444	2	41	#
318	1877585	45	56	#
319	2902477	8	26	48	57	61	#
320	1372342	23	25	30	#
321	1350063	8	32	45	#
322	1567177	5	25	26	45	#
323	1124276	14	24	#
324	1934301	17	39	#
325	3193904	16	18	37	46	#
326	2972800	29	34	40	#
327	2361658	21	28	58	61	#
328	1605801	6	30	#
329	1731325	28	57	#
330	8447232	2	4	10	12	21	28	29	40	42	#
331	1983796	21	27	#
332	1607836	25	49	#
333	1392850	33	44	#
334	1979076	25	32	#
335	1636771	5	22	#
336	1759294	24	41	#
337	1016898	3	18	34	#
338	3890678	1	16	29	52	61	#
339	1630887	0	45	#
340	1522732	42	49	#
341	1701776	16	30	#
342	2221784	5	27	38	#
343	1879258	36	39	#
344	2828756	15	24	32	45	#
345	1993611	25	39	#
346	1334497	0	3	#
347	1681285	41	62	#
348	1101361	6	29	#
349	2447490	5	24	51	#
350	1530134	52	62	#
351	1767448	2	18	#
352	2151639	19	42	55	#
353	1361228	20	63	#
354	1550667	12	23	#
355	1615610	10	50	#
356	3464849	0	3	7	25	43	48	51	#
357	990202	12	#
358	2218193	6	10	18	21	23	34	50	#
359	1920390	16	37	#
360	3250002	0	12	31	39	63	#
361	1108398	8	48	#
362	1725520	31	33	#
363	1729275	27	58	#
364	4763093	12	14	35	44	56	#
365	3866704	0	1	3	17	38	40	54	#
366	1946431	7	9	17	20	30	59	#
367	3094739	13	17	25	30	#
368	3875662	0	4	30	31	47	59	#
369	1822642	18	39	#
370	1423564	1	24	#
371	1755943	12	45	#
372	1349789	24	59	#
373	2173208	12	33	40	42	55	#
374	1994773	11	62	#
375	1028633	22	53	#
376	1369365	0	35	#
377	1962987	24	49	#
378	1687722	9	34	#
379	2220876	2	16	57	58	#
380	3200994	12	22	58	59	#
381	1475019	42	61	#
382	1390089	8	20	62	#
383	1571743	13	47	#
384	1687764	25	37	#
385	1958312	18	61	#
386	2998095	0	20	34	#
387	2644301	5	6	12	23	63	#
388	2279031	2	9	16	31	36	#
389	1918122	11	19	#
390	2069866	4	47	50	58	#
391	2222364	26	54	55	#
392	5648678	14	15	29	37	39	44	48	63	#
393	1292427	9	21	#
394	1955560	1	13	23	24	27	34	#
395	1586981	4	55	#
396	2915070	0	6	45	#
397	3155417	40	57	58	60	#
398	1568617	11	43	#
399	1270948	40	57	#
400	2899539	30	37	62	#
401	2744619	8	20	37	44	63	#
402	1422614	4	20	#
403	1501493	32	41	#
404	5422494	16	21	35	41	45	63	#
405	1374347	1	43	#
406	3237816	3	14	35	57	#
407	1933081	21	28	45	48	57	#
408	1653576	10	62	#
409	2249982	0	14	17	#
410	2245112	27	32	50	#
411	1237535	5	54	#
412	2311371	1	3	12	24	27	41	43	#
413	1197857	33	61	#
414	1820457	4	36	#
415	1988372	16	39	#
416	1831907	31	45	#
417	4015327	14	16	30	45	56	#
418	1134448	33	48	#
419	2363013	14	20	28	30	36	44	#
420	1934935	31	59	#
421	2158894	20	27	60	#
422	1681422	33	37	50	#
423	1989305	1	55	#
424	1676000	9	18	#
425	1644469	33	46	#
426	2791101	2	39	63	#
427	1436466	5	16	#
428	1506440	22	37	#
429	2537176	33	40	53	#
430	2113212	9	14	35	#
431	1114189	38	45	#
432	2884694	11	42	59	#
433	1687718	7	57	#
434	3848665	9	19	27	60	#
435	1567856	11	25	#
436	1705087	22	39	#
437	3597403	10	20	38	55	#
438	1737710	0	28	#
439	1142997	10	45	#
440	1849358	35	44	#
441	1817136	34	55	#
442	2433302	8	16	27	#
443	2130627	5	24	30	#
444	2066663	5	45	55	56	61	#
445	2461077	2	3	21	32	39	#
446	1011879	7	17	#
447	2608607	25	48	54	61	#
448	1009233	26	28	#
449	4400938	2	31	41	55	57	#
450	1979797	11	57	#
451	1843021	20	32	46	#
452	2248916	22	34	60	#
453	1408941	25	40	#
454	1188858	27	42	#
455	2455315	10	39	53	#
456	1247872	42	46	#
457	1771588	19	34	#
458	3993592	18	34	40	44	47	#
459	2774120	35	47	53	#
460	1970420	10	26	#
461	3131839	0	17	32	50	#
462	1996509	9	52	#
463	997547	20	41	#
464	1330939	35	48	#
465	3937008	11	20	23	54	57	#
466	1226809	9	53	#
467	1587151	33	62	#
468	2150901	27	38	59	#
469	2998374	9	10	36	43	#
470	3198010	2	14	19	21	42	#
471	1864831	19	35	#
472	6726510	2	6	11	39	45	48	49	#
473	3343374	2	10	14	15	38	45	#
474	2210771	41	43	60	#
475	1384152	18	19	#
476	2224801	10	51	62	#
477	5842476	0	10	11	31	42	63	#
478	1021483	4	45	#
479	1898735	7	60	#
480	1811069	21	59	#
481	3196219	7	13	25	47	53	#
482	1312758	33	58	#
483	1213938	10	42	#
484	3795500	10	11	19	20	37	41	42	#
485	1251876	21	24	#
486	1144423	5	63	#
487	1884510	0	49	#
488	4513614	0	18	40	50	51	#
489	5109780	17	28	36	42	45	52	55	#
490	3500322	8	9	16	19	39	44	58	#
491	2300125	21	25	26	59	63	#
492	1677730	40	46	#
493	1671115	27	31	37	#
494	1881410	31	52	#
495	2413469	2	47	55	#
496	1737547	15	30	#
497	4959638	22	41	43	61	62	#
498	2904979	24	26	27	#
499	9238171	3	4	16	20	25	26	27	28	35	36	57	59	63	#
500	1160096	17	51	#
501	2343633	40	54	62	#
502	1359886	36	52	#
503	1542935	22	48	#
504	3433251	1	10	21	24	25	28	29	33	45	50	62	#
505	1680360	11	28	#
506	1819218	10	34	46	#
507	1886902	9	62	#
508	3519486	20	36	43	58	#
509	3391189	10	16	28	58	#
510	2333710	25	28	31	35	36	#
511	1681959	39	43	#
512	2420619	0	26	37	#
513	2081068	10	45	52	#
514	1087467	55	61	#
515	3705790	1	2	6	16	#
516	2970958	34	38	44	56	#
517	1545129	14	18	#
518	1704210	13	60	#
519	1981140	19	51	#
520	2759513	31	34	63	#
521	3417385	7	19	35	59	#
522	2091188	6	13	19	41	55	#
523	1797786	18	35	#
524	1317598	35	50	63	#
525	1297090	36	51	#
526	2106754	5	43	51	#
527	1583012	8	53	#
528	1931846	14	38	#
529	1133156	32	55	#
530	1354062	43	61	#
531	1975999	3	9	#
532	4081474	1	5	13	35	57	#
533	3332676	5	10	12	23	52	#
534	2791384	16	30	47	#
535	2752044	32	41	63	#
536	1827381	12	30	31	50	#
537	3478030	4	8	30	32	48	59	#
538	1128813	13	61	#
539	1594889	44	51	#
540	1526584	2	26	#
541	1040347	3	34	56	#
542	2522787	2	5	11	16	#
543	1638298	6	55	#
544	1175050	14	59	#
545	1340077	26	47	#
546	1130922	32	56	#
547	6447801	7	18	22	24	30	41	51	#
548	2588246	36	48	58	#
549	2129364	11	21	50	#
550	3237158	3	10	33	55	#
551	1302609	49	50	#
552	2922772	35	57	60	#
553	1638836	40	59	#
554	1545477	11	18	21	#
555	1291547	43	63	#
556	1752617	35	43	#
557	2481356	12	21	31	42	#
558	4685302	0	5	29	33	34	#
559	1837343	8	32	37	#
560	1352188	1	13	#
561	1566598	7	28	29	#
562	2037425	7	12	51	#
563	1507217	18	20	63	#
564	1102334	24	45	#
565	2687552	4	35	57	#
566	2100576	17	29	52	#
567	4094370	16	22	26	35	43	58	#
568	3814679	12	28	33	38	49	56	#
569	3508272	6	25	39	48	56	61	#
570	1662585	6	36	58	#
571	2731257	4	17	21	26	27	37	#
572	2947231	21	25	42	51	#
573	1668374	7	58	#
574	1073332	7	24	#
575	2339494	21	45	49	62	#
576	2010048	41	47	51	#
577	5030440	17	30	33	41	42	62	#
578	4434126	23	26	28	32	42	#
579	6029468	10	14	39	46	61	62	63	#
580	2688491	14	26	46	53	#
581	1034774	56	63	#
582	1586202	7	13	50	#
583	4336403	18	28	34	48	54	62	#
584	3293720	3	6	15	29	57	#
585	1168468	31	43	#
586	1362026	8	58	#
587	2736918	16	29	44	#
588	4978650	8	18	24	33	37	#
589	1541023	8	56	#
590	1707100	1	31	49	#
591	2718931	16	34	46	#
592	2779744	14	15	25	55	#
593	5744812	1	18	21	22	24	27	28	56	63	#
594	1781247	12	43	#
595	2034988	17	31	55	#
596	1709843	3	28	45	#
597	2841071	2	15	63	#
598	4800282	0	7	13	27	32	34	52	60	#
599	2473457	8	61	63	#
600	2095879	51	53	55	62	#
601	2643776	3	14	20	#
602	5575260	6	8	21	38	46	48	#
603	1792753	37	63	#
604	1158330	3	41	#
605	6693506	3	11	32	33	49	51	61	#
606	2120363	8	44	48	60	#
607	2842001	4	19	25	31	56	#
608	1863288	5	13	50	52	#
609	5673187	4	5	7	16	31	39	#
610	1938947	36	57	#
611	4167666	6	15	25	46	49	55	#
612	3436741	45	46	50	52	58	#
613	1530581	6	31	#
614	2905810	8	9	14	17	19	25	40	#
615	2073012	23	28	45	#
616	1859197	1	21	44	#
617	3747032	26	28	52	62	#
618	1966567	20	21	41	#
619	3896749	1	7	17	19	27	#
620	1015589	11	14	#
621	2056817	37	39	42	46	#
622	1404868	32	58	#
623	2158258	20	57	62	#
624	2386526	6	45	49	62	#
625	1411761	9	24	#
626	1520398	18	59	#
627	1957642	12	20	#
628	3551815	15	21	33	46	#
629	1197279	13	38	#
630	2512192	33	37	54	#
631	2103173	25	26	34	53	#
632	1683120	16	63	#
633	1677962	5	6	49	#
634	2887961	47	55	63	#
635	1223394	39	41	#
636	3850550	5	9	46	48	60	#
637	1638686	24	51	#
638	1899418	26	27	#
639	1495247	41	48	#
640	1266913	23	58	#
641	2061177	26	47	59	63	#
642	2592667	3	13	44	57	#
643	1889499	12	24	27	53	#
644	2003401	15	40	61	#
645	1881627	47	61	#
646	2885016	9	19	23	27	44	53	57	#
647	1996750	5	8	22	57	#
648	2293595	14	17	56	#
649	2528649	2	4	42	#
650	1589017	0	9	40	#
651	2232398	29	35	45	#
652	1491583	13	59	#
653	3324661	25	30	45	48	#
654	2935577	36	41	43	46	51	#
655	6989812	18	31	39	41	42	48	49	#
656	4079522	4	12	16	20	22	29	37	43	61	#
657	2293373	4	5	12	24	28	40	#
658	5107885	0	5	15	18	31	40	47	54	#
659	1234228	38	48	#
660	3671973	31	36	44	53	60	#
661	2022628	16	50	60	#
662	1523972	21	37	#
663	2431333	7	13	41	45	60	#
664	1913330	10	52	58	59	#
665	1711303	22	31	#
666	1886238	5	62	#
667	1680031	27	61	#
668	2349825	7	20	44	#
669	1881370	14	28	#
670	1100132	12	36	#
671	4729842	0	1	2	30	32	55	60	#
672	2296607	2	7	44	#
673	1876111	13	17	#
674	1395118	5	6	#
675	1904515	3	20	24	#
676	1226161	54	61	#
677	1190942	2	61	#
678	6185536	21	27	33	36	47	55	59	#
679	2487167	48	56	61	#
680	1969949	19	59	#
681	2222621	3	22	41	#
682	2953697	29	40	62	63	#
683	7370803	7	21	30	45	46	52	62	63	#
684	1861809	19	27	28	34	39	#
685	5252484	7	14	23	33	37	46	50	60	#
686	3779362	10	40	43	50	56	#
687	2709516	10	25	27	42	58	#
688	3273770	1	3	5	26	27	62	#
689	1111211	24	53	#
690	2131270	7	10	59	#
691	1730290	7	18	#
692	1903450	37	41	57	#
693	2314890	8	30	53	#
694	1731684	6	63	#
695	1221165	5	35	#
696	4068913	0	8	19	35	47	49	61	#
697	5747585	3	13	27	38	41	60	#
698	1941347	15	16	#
699	1624179	18	22	#
700	3974024	4	5	9	10	11	12	20	21	36	46	#
701	2634372	25	29	54	#
702	1533614	54	62	#
703	1612567	20	36	#
704	1187301	43	44	#
705	5934578	4	11	14	24	36	57	#
706	1909123	40	52	#
707	4967986	18	30	36	40	56	#
708	3003004	2	14	20	25	32	52	63	#
709	1882355	2	4	17	25	28	31	38	#
710	2170834	19	23	32	48	50	56	#
711	4108646	20	38	46	51	62	#
712	4563386	7	13	45	53	61	#
713	2633812	17	28	35	43	#
714	1422912	9	14	#
715	3437303	10	25	34	37	53	59	#
716	1685152	9	60	#
717	1963718	17	26	#
718	1588776	21	41	#
719	1390443	26	55	#
720	2519919	20	21	53	54	#
721	1206536	32	51	#
722	1886185	13	30	#
723	2559120	15	17	19	25	32	49	#
724	1025574	31	42	#
725	2377557	19	26	46	#
726	2693295	0	24	62	#
727	1573747	43	54	#
728	1842469	38	40	#
729	1995966	5	43	#
730	1028114	12	15	#
731	1606745	7	14	37	#
732	2618281	7	14	27	#
733	3903746	20	38	56	60	61	#
734	4883221	2	18	26	46	57	#
735	1777795	38	47	#
736	1594302	13	36	#
737	1990140	15	43	#
738	2576631	16	38	54	#
739	1434628	11	24	#
740	3725188	22	25	50	63	#
741	1736140	1	9	61	#
742	1368782	30	47	#
743	1018077	16	20	#
744	2155556	10	13	20	47	#
745	1645596	29	60	#
746	2787530	6	8	12	14	54	#
747	3676556	7	14	25	54	#
748	2255137	8	16	43	52	#
749	1809771	37	54	#
750	2412279	1	10	61	#
751	1826865	4	54	#
752	3066263	20	31	53	59	#
753	1577010	16	27	#
754	1924614	19	39	47	#
755	1705886	20	43	62	#
756	1618105	35	47	55	56	#
757	1806420	15	24	#
758	2969435	26	44	53	55	#
759	1123540	25	62	#
760	2847272	9	29	34	36	51	#
761	3978702	1	31	37	56	#
762	1558552	2	54	#
763	3286756	6	7	14	34	#
764	1969088	10	39	#
765	2313246	33	44	58	#
766	1714628	35	41	#
767	2990496	40	46	50	#
768	1451352	10	19	#
769	1895727	18	29	#
770	1503609	5	58	#
771	3447898	11	17	34	38	55	#
772	4661446	8	17	23	32	42	46	#
773	3538510	7	23	28	34	40	#
774	2338636	3	17	26	49	#
775	4806263	8	26	33	36	46	#
776	1806948	16	51	#
777	2710287	12	32	42	50	#
778	3689492	2	32	52	57	#
779	1604382	35	38	#
780	1214748	3	25	51	#
781	1490255	25	41	63	#
782	1513408	22	63	#
783	1642747	38	57	#
784	7472373	0	10	19	27	50	56	58	61	#
785	2485954	12	35	53	#
786	1913025	14	55	#
787	2803007	9	25	44	45	#
788	2964039	1	24	47	#
789	3314145	22	31	32	55	#
790	2246946	3	8	33	#
791	1376118	41	44	47	#
792	6509601	4	5	7	12	17	43	57	59	#
793	2393379	7	19	34	50	56	#
794	3722160	21	22	37	45	55	#
795	3291595	44	47	54	63	#
796	2327061	17	36	63	#
797	1519784	18	57	#
798	3256001	9	33	54	58	#
799	1465064	49	62	#
800	4137925	2	12	15	35	43	#
801	1286615	20	50	#
802	1370770	0	9	35	#
803	1836495	0	2	3	7	35	#
804	2193043	26	31	54	#
805	1900206	51	57	#
806	4830191	2	10	12	20	40	54	#
807	1681372	7	51	#
808	1198396	42	63	#
809	1797927	1	28	63	#
810	2891326	38	43	63	#
811	1327457	8	42	#
812	1411045	12	39	#
813	1778745	30	59	#
814	1976478	0	59	#
815	2059173	21	41	60	#
816	1551241	9	20	#
817	1705581	13	39	#
818	1961643	4	46	55	#
819	1791664	8	12	19	21	#
820	1084076	41	55	#
821	1145081	10	34	#
822	1233674	50	58	#
823	4676512	6	22	49	60	62	#
824	2498109	24	34	53	#
825	1022045	0	26	40	#
826	4983391	0	18	25	35	38	46	48	#
827	1671803	18	46	#
828	1391282	34	50	#
829	1645750	24	36	#
830	1976717	18	46	53	#
831	4196731	1	12	16	29	47	58	62	#
832	1017978	28	39	#
833	2465180	1	49	55	57	#
834	1689227	32	33	37	#
835	1410004	38	63	#
836	1898053	1	3	30	40	62	#
837	1755844	7	16	25	63	#
838	5072956	3	14	16	19	23	44	54	#
839	1834255	15	59	#
840	3102226	21	25	39	61	#
841	2040737	14	27	28	30	#
842	1329381	8	63	#
843	1360091	1	14	#
844	3942621	3	25	43	52	#
845	2095103	6	22	37	46	49	#
846	2357914	21	34	45	#
847	3082631	0	47	55	57	#
848	2414683	2	31	52	53	57	#
849	1648341	34	63	#
850	1667913	13	21	26	32	#
851	5383825	32	38	43	55	56	61	62	#
852	2781792	8	12	30	39	#
853	3168237	7	47	55	63	#
854	2345353	32	45	62	#
855	1728368	45	62	#
856	4895117	2	3	10	55	59	#
857	1028978	23	62	#
858	1896121	9	46	#
859	2766388	23	27	60	#
860	6795024	0	11	14	30	37	50	63	#
861	2920207	11	18	33	35	57	#
862	1287031	9	27	45	#
863	1943279	6	38	#
864	2375223	12	48	54	#
865	1482385	30	39	#
866	1547885	43	45	#
867	1186955	9	22	32	#
868	3154959	0	27	41	45	#
869	3210781	23	26	41	52	#
870	5521220	8	18	20	25	28	39	43	51	#
871	3988803	33	35	36	43	#
872	4077145	0	6	14	23	58	60	#
873	1204978	10	13	58	#
874	2243356	17	18	28	#
875	1626910	20	31	58	#
876	2432561	14	37	58	#
877	1872464	37	40	46	59	#
878	1115517	21	56	#
879	2974466	16	37	55	#
880	2913809	6	15	29	31	#
881	1427565	9	57	#
882	3483466	11	17	24	44	45	47	#
883	2420635	12	39	58	#
884	1547777	3	57	#
885	2700776	18	41	43	52	61	#
886	1803759	40	41	#
887	1645577	7	32	#
888	1070983	11	36	#
889	2140857	1	9	28	#
890	2429927	3	14	45	#
891	1222031	9	13	#
892	1450954	7	17	47	#
893	2732683	2	10	14	44	#
894	4730235	22	26	29	39	40	44	60	#
895	3846196	26	43	47	54	#
896	1587675	44	62	#
897	4583901	12	19	20	23	44	#
898	2030667	19	25	38	#
899	5082416	2	15	28	48	56	63	#
900	2175634	1	54	61	#
901	1145262	20	62	#
902	1853972	44	49	63	#
903	1222701	22	26	#
904	4892323	4	9	12	15	26	36	54	#
905	1214273	21	40	#
906	1119694	15	38	#
907	1873359	1	2	4	40	51	#
908	1584616	4	44	#
909	1900033	9	41	#
910	3651717	15	39	40	42	61	62	#
911	2160095	14	24	36	46	#
912	1463954	13	18	24	#
913	1093073	36	58	#
914	4797033	1	5	9	13	37	44	52	#
915	1886031	26	59	#
916	1762958	41	42	52	#
917	2202360	12	30	51	#
918	2762459	0	13	22	#
919	1247029	32	48	#
920	1922549	5	16	47	#
921	2762820	16	21	29	31	#
922	4426225	22	23	28	30	42	45	48	#
923	4000151	22	26	44	47	59	#
924	1079456	1	63	#
925	1913108	29	39	#
926	3222857	21	22	26	49	#
927	1040297	14	50	#
928	2410728	13	21	40	#
929	2610050	9	10	11	13	35	#
930	2198313	9	13	29	43	53	#
931	1780597	24	36	58	#
932	1605809	5	55	#
933	2433388	2	6	47	#
934	1979856	3	12	24	55	#
935	4595623	6	9	12	16	23	31	#
936	5925953	6	7	16	26	42	60	#
937	2879301	35	43	59	#
938	2724657	31	48	49	57	#
939	2045833	9	16	38	60	61	#
940	1706576	1	7	28	61	#
941	2002359	7	8	11	60	#
942	1908462	7	59	#
943	2211477	27	32	51	60	#
944	1855143	22	41	#
945	1118513	6	45	#
946	1960886	31	44	49	53	#
947	1232711	11	58	#
948	1782932	2	37	59	#
949	1730099	25	53	#
950	2989898	3	5	8	15	#
951	2670393	9	22	62	#
952	2426347	4	27	42	#
953	2563644	26	47	60	#
954	1190023	11	41	#
955	1530967	4	48	#
956	1710820	3	11	61	#
957	2581764	15	18	62	#
958	1481069	12	18	58	#
959	1124842	8	32	#
960	3699653	10	21	27	33	#
961	2272021	25	34	43	#
962	2962786	13	54	55	#
963	1628246	39	61	#
964	2133247	0	5	13	38	50	59	60	61	#
965	3361035	2	3	5	7	10	18	19	38	40	#
966	2594068	33	37	52	61	#
967	2348259	1	12	56	#
968	3520386	22	23	33	52	#
969	6509783	2	6	14	26	35	36	54	62	#
970	1608218	11	29	#
971	8603446	0	16	19	25	31	40	53	54	57	#
972	1921798	28	36	#
973	1238295	1	39	#
974	4895231	16	20	34	39	60	#
975	1121142	21	35	#
976	3042402	11	31	49	51	#
977	1250379	13	28	37	#
978	1814094	19	38	50	#
979	2910588	1	35	40	#
980	2588120	10	16	28	39	#
981	1793743	29	51	#
982	2690199	27	34	47	58	#
983	1088790	2	55	#
984	2614981	23	39	49	#
985	3050093	2	35	55	57	#
986	4539177	7	28	37	50	59	60	#
987	1430688	32	46	#
988	3911131	5	28	31	36	#
989	1074165	23	36	38	42	#
990	1959466	13	24	63	#
991	1186219	24	26	#
992	1797165	41	58	#
993	2168089	27	33	61	#
994	1196359	33	49	#
995	3451408	6	20	30	54	56	#
996	2848993	11	30	34	62	63	#
997	5514041	18	23	27	35	40	45	46	61	#
998	1426975	4	26	#
999	1156213	35	46	#
1000	4515418	9	21	27	28	30	31	32	38	60	#
1001	3411377	8	18	28	54	59	60	#
1002	1040532	9	55	#
1003	1909310	10	35	#
1004	3612338	13	14	26	46	#
1005	1475304	31	60	#
1006	3288987	2	23	36	51	#
1007	1936402	23	48	52	60	#
1008	1298943	0	15	25	#
1009	1623943	1	21	#
1010	1540137	26	31	36	#
1011	1019876	8	15	#
1012	2168521	16	17	25	28	30	#
1013	2043921	36	47	49	#
1014	1942065	20	23	56	#
1015	2053807	6	13	44	#
1016	2026460	6	35	63	#
1017	2395960	1	8	56	#
1018	3569676	1	5	6	20	#
1019	1559404	16	48	#
1020	1187701	5	49	#
1021	1281477	26	32	#
1022	1392411	7	45	#
1023	2144275	40	41	59	62	#
1024	5805119	5	17	24	43	48	52	63	#
1025	2041872	9	47	51	#
1026	2281001	7	18	28	#
1027	1153911	39	54	#
1028	1663334	43	58	#
1029	4246669	4	19	21	31	39	42	58	#
1030	3500416	23	27	31	41	#
1031	5220838	6	15	28	30	51	61	#
1032	1377362	4	9	#
1033	1499385	10	23	#
1034	1838277	4	10	#
1035	3120145	9	18	31	47	50	52	56	#
1036	2262844	18	41	46	#
1037	1543263	7	25	35	46	#
1038	2465491	13	30	33	#
1039	2778401	10	11	20	21	46	#
1040	1524368	15	42	#
1041	1584403	23	53	#
1042	1555017	26	28	61	#
1043	1971771	32	43	#
1044	1272759	16	17	#
1045	3974292	16	17	25	27	30	52	63	#
1046	2827114	28	45	48	57	58	#
1047	3207049	5	28	36	42	51	#
1048	1125008	29	58	#
1049	4362557	1	24	32	52	60	#
1050	1330575	42	60	#
1051	1380709	0	2	#
1052	6737813	1	3	15	17	29	50	53	61	#
1053	1254788	17	53	#
1054	1646602	7	11	24	#
1055	1639607	42	44	#
1056	4661890	2	9	34	55	62	#
1057	3667877	4	15	27	50	53	61	#
1058	1929586	3	5	30	39	49	#
1059	3750881	3	20	29	50	60	#
1060	1446360	8	26	#
1061	2046011	6	28	60	#
1062	2261703	3	11	51	53	63	#
1063	1961654	19	44	#
1064	1639613	47	54	#
1065	3730289	2	10	11	37	47	#
1066	2314956	16	25	31	32	51	55	58	60	#
1067	2541605	3	26	42	#
1068	2522691	31	34	40	#
1069	3874061	3	45	51	53	#
1070	1781930	11	16	28	52	#
1071	2263041	7	35	52	62	#
1072	1022415	11	30	37	#
1073	4974394	7	16	19	24	27	46	50	52	54	62	#
1074	3563137	0	14	22	35	49	56	#
1075	1307975	42	43	#
1076	2899781	22	49	57	#
1077	1585849	2	17	#
1078	1956011	5	57	60	#
1079	1915410	26	37	57	#
1080	1662380	29	30	#
1081	2811748	2	23	26	30	38	40	61	#
1082	2596040	39	40	46	53	#
1083	5692333	12	14	19	26	33	35	57	58	#
1084	1537481	34	60	61	#
1085	1882201	1	8	60	#
1086	1080073	37	51	#
1087	1056934	35	36	37	#
1088	3084197	10	15	23	39	58	#
1089	2838707	5	9	40	#
1090	1081826	16	28	#
1091	2909646	0	33	55	#
1092	2706121	2	7	23	#
1093	1933746	34	43	#
1094	1368490	7	38	#
1095	3885674	3	7	33	52	60	#
1096	1353346	0	46	#
1097	5449214	3	14	18	22	29	35	#
1098	2863370	4	31	50	51	#
1099	1400848	1	37	#
1100	1227087	23	24	#
1101	3148369	1	4	15	18	61	#
1102	4611009	9	10	13	31	40	61	62	#
1103	2435760	11	21	23	41	44	52	#
1104	4026319	4	14	28	34	61	#
1105	5308727	8	15	16	24	32	52	#
1106	1640859	6	60	#
1107	1759664	36	55	#
1108	1718909	57	62	#
1109	2941571	12	19	36	#
1110	1133349	13	40	55	#
1111	1924895	3	42	#
1112	2411405	5	22	59	#
1113	3549294	0	1	19	28	31	43	45	63	#
1114	4272128	1	10	13	14	27	30	44	47	58	#
1115	3471142	4	22	29	55	#
1116	3339687	10	17	27	39	54	#
1117	2059849	18	23	27	#
1118	4496875	25	32	41	44	63	#
1119	2550173	38	48	49	#
1120	1911859	34	35	38	#
1121	2424694	1	40	46	#
1122	3862822	2	23	28	29	35	#
1123	1117039	5	7	#
1124	2363694	17	20	54	#
1125	1852247	10	59	#
1126	1754138	46	47	#
1127	5268108	6	9	16	28	38	39	41	50	#
1128	2886035	55	61	63	#
1129	3270377	2	4	16	17	42	47	#
1130	2926700	6	26	40	46	55	#
1131	2684718	31	53	58	#
1132	1620222	58	61	#
1133	1363297	53	60	#
1134	4667322	0	9	18	21	45	#
1135	2138290	14	43	51	53	#
1136	1134057	11	14	47	#
1137	2854228	29	32	34	52	56	61	#
1138	3536571	0	6	26	45	#
1139	2752321	10	12	25	33	46	49	50	61	#
1140	979812	31	53	#
1141	1765274	15	34	#
1142	1142478	5	57	#
1143	4064970	8	33	38	49	57	#
1144	1712854	19	41	#
1145	2265622	1	4	5	46	52	#
1146	1342716	41	47	#
1147	4043417	6	10	29	51	62	#
1148	3121164	25	33	40	42	#
1149	1797046	28	47	#
1150	1610533	12	22	#
1151	1532004	14	15	#
1152	2154875	34	45	47	63	#
1153	2168919	34	42	54	60	61	#
1154	2266233	0	13	14	39	43	54	#
1155	1796916	4	26	31	44	#
1156	2147770	14	17	34	39	43	#
1157	1065050	48	60	#
1158	2543099	2	24	47	#
1159	2071578	13	49	56	#
1160	2245617	1	14	16	55	61	#
1161	1314196	10	47	#
1162	3168526	4	17	37	48	#
1163	2137136	10	13	59	#
1164	1059365	11	13	#
1165	1615797	23	33	#
1166	1905455	36	56	#
1167	1937973	5	33	#
1168	1651823	1	7	11	24	36	61	#
1169	3561799	17	21	26	30	46	#
1170	5643847	5	24	28	44	48	52	#
1171	4503783	5	25	27	28	43	46	59	#
1172	2970780	19	33	34	#
1173	2821489	28	30	56	62	63	#
1174	6483832	6	7	9	17	19	22	37	#
1175	3666088	21	43	51	56	60	#
1176	4684464	6	19	29	38	59	#
1177	1839215	3	6	43	#
1178	1813552	1	62	#
1179	1279526	17	44	#
1180	3409407	0	7	13	17	32	37	46	58	63	#
1181	3968683	3	5	17	43	50	#
1182	3774995	9	30	58	60	#
1183	980888	41	49	#
1184	7803156	7	12	23	27	28	36	45	48	53	55	#
1185	1208505	22	38	#
1186	1983189	4	52	#
1187	1671511	8	18	63	#
1188	1642371	3	6	#
1189	1653326	17	55	#
1190	2966863	38	42	46	#
1191	2139087	9	11	12	41	#
1192	1656644	0	38	61	#
1193	1880517	31	46	#
1194	3221636	34	47	56	61	#
1195	2325848	4	17	53	#
1196	1660317	21	25	#
1197	2013595	8	24	46	#
1198	1675282	9	16	42	#
1199	3085197	24	40	58	60	#
1200	1415335	39	46	#
1201	3850165	5	36	42	61	#
1202	1686496	5	11	#
1203	1075955	0	13	#
1204	1591073	8	35	#
1205	1223121	12	15	32	52	#
1206	4610444	5	17	21	45	54	#
1207	2874221	6	24	63	#
1208	1850642	40	42	#
1209	2287748	9	13	20	#
1210	2090231	5	41	54	#
1211	2060812	6	11	38	#
1212	3550483	15	16	24	27	42	#
1213	3685199	27	37	58	61	#
1214	2192527	27	48	62	#
1215	1743787	33	35	59	#
1216	4887536	3	12	42	49	62	#
1217	1249257	23	46	#
1218	2322649	9	19	32	34	43	#
1219	3619286	13	26	27	36	39	#
1220	1407388	19	21	#
1221	8037547	4	11	12	13	14	30	37	38	40	53	59	62	63	#
1222	2577285	7	8	28	34	52	#
1223	2833576	11	16	39	49	#
1224	1336909	45	63	#
1225	1600072	21	46	#
1226	2304032	22	43	50	54	#
1227	2348794	1	9	27	#
1228	1037712	28	63	#
1229	1103854	25	36	#
1230	1607625	5	9	25	27	45	47	#
1231	3271234	4	29	47	58	#
1232	1179627	14	23	#
1233	1241460	17	56	#
1234	1695532	4	59	#
1235	2771547	15	32	56	#
1236	1806038	11	15	#
1237	1754153	31	32	#
1238	1406372	11	14	44	47	#
1239	1684751	31	34	#
1240	1806215	0	54	#
1241	2205519	0	28	30	#
1242	1395735	12	18	#
1243	2901140	18	26	38	48	#
1244	5100471	6	7	11	18	30	48	57	60	#
1245	4603755	4	7	18	30	35	#
1246	1881715	12	37	#
1247	7339263	34	38	40	44	48	54	55	59	#
1248	1645372	23	54	#
1249	1816960	18	47	#
1250	1997134	10	38	62	#
1251	1647351	20	30	32	#
1252	1851428	12	14	60	#
1253	1607311	15	18	#
1254	2697863	3	41	46	#
1255	1639629	10	15	47	#
1256	1599961	28	35	56	#
1257	1509000	2	38	#
1258	2567989	19	25	53	#
1259	2652975	27	34	47	#
1260	2079855	37	58	59	#
1261	2849282	3	5	11	29	50	#
1262	1940261	30	52	62	#
1263	2456673	2	4	31	63	#
1264	1192189	29	62	#
1265	1616646	41	42	#
1266	10732735	1	7	19	27	29	31	37	41	42	44	47	51	58	#
1267	1688310	34	36	61	#
1268	1199375	25	28	#
1269	990242	12	32	#
1270	2677760	21	24	26	39	#
1271	1603145	51	54	#
1272	2186826	3	7	47	#
1273	1259795	14	30	#
1274	2666331	16	31	49	57	#
1275	1807608	12	60	#
1276	4356959	2	4	21	23	58	#
1277	1492713	19	39	52	57	#
1278	1528562	10	23	52	#
1279	3278777	7	20	23	38	46	57	#
1280	4331736	27	35	38	45	55	#
1281	1074605	4	25	#
1282	2631926	33	43	48	#
1283	2756557	17	41	51	#
1284	2879050	53	57	58	62	#
1285	1603872	10	34	45	#
1286	4850120	5	16	37	53	55	63	#
1287	3297420	3	35	43	63	#
1288	2671311	38	41	51	#
1289	2934894	30	36	57	#
1290	2617982	0	7	59	62	#
1291	4491002	11	18	20	28	41	#
1292	1663076	52	55	#
1293	2256224	33	59	62	#
1294	1486293	21	33	50	#
1295	1384115	6	14	#
1296	1718290	29	48	#
1297	5865628	2	3	4	26	30	45	53	#
1298	1549486	14	20	#
1299	1517281	19	50	#
1300	982522	52	53	#
1301	1642548	5	46	#
1302	1953103	13	43	49	#
1303	2153060	15	18	23	#
1304	3172964	21	46	50	63	#
1305	2968244	0	40	62	#
1306	3482821	6	25	38	48	51	#
1307	1234939	30	40	#
1308	3766111	4	29	52	56	#
1309	2007197	0	17	22	34	61	#
1310	2568850	18	20	32	#
1311	1378943	1	25	50	#
1312	7391582	7	9	18	25	32	33	36	44	61	#
1313	3928101	0	23	36	37	38	57	#
1314	6244053	4	11	16	17	32	43	52	#
1315	1688379	34	62	#
1316	1876055	6	21	34	#
1317	1401870	2	14	53	57	#
1318	2681682	9	26	36	48	#
1319	1668758	8	14	20	39	#
1320	1773978	5	19	37	#
1321	1512016	6	15	#
1322	1153578	9	47	#
1323	1934711	58	62	#
1324	9031715	4	22	25	27	41	44	49	51	55	58	#
1325	1159787	2	32	#
1326	3949460	3	10	11	22	#
1327	2330282	13	38	45	54	#
1328	2783526	19	21	42	#
1329	2842083	28	44	47	53	#
1330	2443938	10	40	51	58	#
1331	4006326	4	13	34	48	58	#
1332	1275802	28	35	#
1333	2260142	13	30	61	#
1334	3296894	23	39	56	57	#
1335	2163432	6	10	13	40	59	#
1336	1737689	1	34	#
1337	2805447	2	23	31	#
1338	2870066	1	3	12	37	#
1339	4730864	6	9	14	24	27	31	35	37	39	44	47	62	63	#
1340	2832964	21	39	44	#
1341	2397895	19	38	40	45	#
1342	1070371	15	25	#
1343	1379851	32	50	#
1344	4109134	6	26	32	44	51	55	#
1345	2142292	11	14	22	59	#
1346	2517042	11	37	38	#
1347	1207057	0	21	#
1348	9517492	4	16	20	32	40	44	48	51	53	55	56	#
1349	1619499	25	61	#
1350	1592066	9	11	#
1351	8224055	6	22	33	35	36	40	41	48	56	#
1352	3278605	0	29	35	36	41	49	#
1353	1090606	29	33	#
1354	2940109	20	22	34	55	#
1355	2581821	0	8	16	30	38	49	#
1356	2267840	12	26	41	#
1357	3259403	12	14	19	27	33	57	63	#
1358	2829478	1	2	18	21	47	55	#
1359	2052627	0	14	59	#
1360	6424231	6	7	10	38	43	50	52	55	59	#
1361	4565100	6	13	27	48	53	#
1362	2718073	27	36	43	60	#
1363	1242357	11	27	36	#
1364	3451685	6	17	27	30	#
1365	1977409	7	21	61	#
1366	1271778	13	26	#
1367	1271326	28	29	#
1368	1625130	7	13	36	#
1369	1649478	33	50	53	#
1370	1669711	8	10	16	#
1371	1991113	22	60	#
1372	2786965	4	33	35	54	#
1373	2579877	37	39	59	#
1374	1641960	6	52	60	#
1375	4718738	8	9	36	46	62	#
1376	3184534	17	21	33	51	#
1377	1726029	52	56	#
1378	2154946	2	31	37	49	#
1379	4251299	18	26	29	41	47	59	#
1380	3335938	18	28	46	52	#
1381	2377822	1	6	27	56	#
1382	2175588	4	33	62	#
1383	1239049	21	63	#
1384	1897140	18	21	25	43	#
1385	3741018	25	39	43	51	#
1386	2039050	14	18	29	50	#
1387	2821300	15	19	43	56	#
1388	2779248	4	9	39	#
1389	3246113	3	31	37	62	63	#
1390	1950542	3	10	53	60	#
1391	3561892	2	22	25	29	45	55	60	#
1392	1186750	28	48	#
1393	2002632	0	25	29	#
1394	3943027	13	15	25	37	43	61	#
1395	1051825	9	26	#
1396	1906216	9	23	33	#
1397	2655936	1	9	31	36	#
1398	1383185	2	24	#
1399	3740736	7	33	39	41	#
1400	2337148	10	16	21	23	#
1401	2228409	33	37	38	46	#
1402	1431288	13	37	55	#
1403	1263748	19	38	60	#
1404	1317213	23	29	#
1405	2098180	4	14	27	33	49	#
1406	1589351	6	16	25	#
1407	2922170	5	11	18	#
1408	2346936	2	30	47	#
1409	3584094	13	17	22	25	45	50	#
1410	3653343	11	41	47	49	#
1411	3369674	4	39	46	50	56	#
1412	1783880	1	35	#
1413	3102108	15	17	28	59	#
1414	2458265	6	17	28	31	33	36	#
1415	2827467	1	14	20	29	31	34	44	60	61	63	#
1416	1855091	11	33	#
1417	4850450	6	7	10	27	34	41	50	#
1418	2664869	18	51	61	#
1419	1715995	2	12	#
1420	1932122	32	62	#
1421	1963078	40	47	#
1422	3964617	2	12	15	22	#
1423	6379700	2	3	6	19	33	40	46	56	57	#
1424	3896654	3	33	58	60	62	#
1425	2377536	1	21	47	#
1426	1043166	2	3	#
1427	3471662	3	12	22	54	#
1428	3805669	0	40	47	48	#
1429	1808029	34	38	#
1430	1046329	10	15	#
1431	2906550	34	40	53	#
1432	1977124	53	61	#
1433	1960145	7	49	#
1434	1938263	20	28	#
1435	1976126	8	14	43	49	#
1436	3329787	3	30	44	50	#
1437	4507240	1	6	15	38	45	59	#
1438	3274142	7	21	42	50	#
1439	5008699	0	16	35	39	41	54	#
1440	1194518	7	25	#
1441	1410863	53	55	#
1442	3676151	16	31	45	54	#
1443	2587915	20	24	39	45	#
1444	1471418	25	46	#
1445	1133475	34	48	#
1446	2832186	7	24	39	41	62	63	#
1447	2244909	1	5	57	#
1448	2502463	4	31	37	58	#
1449	1365689	13	31	#
1450	1353510	27	52	#
1451	1164529	48	58	#
1452	3889243	14	16	34	36	58	#
1453	2012405	10	33	39	46	#
1454	2147271	5	11	19	20	22	33	40	44	45	48	#
1455	1816704	11	29	58	#
1456	4409415	12	35	41	44	47	55	#
1457	1737785	7	30	#
1458	2650847	0	1	27	#
1459	1665163	22	45	50	#
1460	2714260	3	32	37	#
1461	2527062	2	3	10	41	#
1462	1902989	8	61	#
1463	1650225	4	20	47	#
1464	2994420	8	28	52	55	#
1465	1946985	2	46	#
1466	2010659	42	58	59	60	#
1467	2676027	17	28	36	53	#
1468	2465371	3	13	26	27	#
1469	1698590	9	17	33	35	#
1470	1002987	44	60	#
1471	2641707	3	23	36	49	#
1472	1624131	1	31	#
1473	1963968	38	45	47	#
1474	1937418	25	33	52	56	61	#
1475	1180267	15	35	#
1476	2485680	0	7	9	50	#
1477	1192875	29	61	62	#
1478	2331115	4	13	15	16	26	#
1479	3249425	13	34	50	55	#
1480	1695684	44	55	#
1481	1268088	2	34	#
1482	1319290	20	23	#
1483	2808072	4	29	38	#
1484	2863722	16	20	45	51	#
1485	1829803	3	12	50	51	55	#
1486	1191288	34	45	#
1487	1858569	34	35	39	44	#
1488	2616001	8	29	43	#
1489	7042423	1	6	18	22	32	34	43	46	#
1490	1785823	29	35	42	#
1491	1879342	3	5	31	35	51	#
1492	1198403	44	48	#
1493	1983836	9	51	#
1494	1758301	21	44	#
1495	3493334	2	4	18	20	23	43	63	#
1496	2121188	14	29	45	#
1497	2330029	3	9	53	58	#
1498	1314465	27	63	#
1499	1711996	18	55	#
1500	1263023	13	42	#
1501	1679429	40	48	#
1502	3906812	1	16	27	63	#
1503	1788500	2	38	54	#
1504	3982118	34	38	62	63	#
1505	1362131	1	17	#
1506	1839413	23	43	#
1507	1223755	1	28	#
1508	3588359	9	11	33	39	#
1509	1987016	16	29	#
1510	1364937	19	43	#
1511	1319984	13	26	28	#
1512	3242906	2	23	31	37	39	52	63	#
1513	2977953	21	33	41	#
1514	1048113	60	61	#
1515	1578950	23	36	62	#
1516	3193161	6	16	40	56	#
1517	1736683	11	20	#
1518	1965003	42	53	#
1519	3340026	39	40	58	62	#
1520	3764620	7	15	33	39	55	58	#
1521	1953519	9	56	#
1522	2650897	15	41	49	#
1523	1027308	25	59	#
1524	1814344	19	25	#
1525	1829052	17	43	#
1526	2290424	0	24	40	#
1527	2373144	13	18	20	25	38	39	40	45	52	56	#
1528	3654795	0	17	37	45	#
1529	2125844	6	34	37	48	#
1530	2625007	6	14	59	#
1531	3888030	18	38	46	53	#
1532	2403841	28	32	53	#
1533	1877469	14	26	44	#
1534	1640341	27	45	52	#
1535	2754370	7	11	58	#
1536	3697186	17	20	54	55	58	#
1537	3014548	0	42	56	61	#
1538	4074343	6	14	19	31	49	51	#
1539	2673758	6	18	27	40	#
1540	2780074	13	32	39	51	#
1541	4075472	5	10	18	19	55	#
1542	2944931	32	37	47	#
1543	1965301	12	59	#
1544	2788956	3	5	51	58	#
1545	2314124	3	8	15	#
1546	2318235	15	24	41	#
1547	1749914	56	61	#
1548	2451332	35	54	59	#
1549	1383484	23	44	57	#
1550	2836468	1	11	39	#
1551	3395309	0	3	15	43	53	#
1552	1452535	23	24	62	#
1553	3308220	21	43	48	52	#
1554	4365822	19	28	29	44	55	61	#
1555	3658469	1	3	9	24	46	54	#
1556	3126805	14	20	28	31	39	46	58	62	#
1557	1352770	15	37	38	39	#
1558	2551036	21	35	40	49	#
1559	3580218	12	13	22	57	63	#
1560	1266213	8	36	#
1561	1263277	22	30	#
1562	1937572	37	60	63	#
1563	2600119	0	2	22	24	33	37	57	#
1564	1220222	44	54	60	#
1565	3078872	15	18	23	39	#
1566	2360144	6	25	41	51	55	63	#
1567	1228167	2	43	#
1568	2299321	8	30	31	#
1569	1235632	14	17	58	#
1570	3495026	2	29	30	33	#
1571	1087969	39	59	#
1572	1818500	43	47	#
1573	1157740	13	34	46	#
1574	1341694	52	60	#
1575	2019134	31	45	59	62	#
1576	1447455	37	40	#
1577	3953163	11	19	35	53	#
1578	1001609	37	49	#
1579	2915472	7	11	23	46	#
1580	3663816	0	6	49	55	#
1581	3877087	0	9	33	39	45	50	#
1582	1308964	50	59	#
1583	2042263	5	6	32	45	57	60	#
1584	2433454	21	36	44	49	#
1585	1272805	30	48	#
1586	2602709	10	26	30	#
1587	2100844	33	40	41	#
1588	1617633	6	56	#
1589	2732200	1	14	43	#
1590	3985560	6	28	51	63	#
1591	1114231	7	39	#
1592	2539979	14	42	51	#
1593	1093613	34	61	#
1594	2147651	45	50	56	#
1595	1008959	46	60	#
1596	1768511	28	30	#
1597	2795828	2	3	28	31	37	48	#
1598	1047093	11	30	46	#
1599	3315127	0	17	21	38	39	41	#
1600	6256575	2	9	10	12	19	24	31	#
1601	1986238	11	22	25	#
1602	4412117	13	33	36	54	57	58	#
1603	3643959	11	28	31	50	#
1604	1354751	12	15	28	#
1605	2536473	1	22	32	#
1606	1826398	52	59	#
1607	2152933	3	5	16	26	52	#
1608	2530548	13	17	24	30	55	60	#
1609	3520732	11	17	19	45	57	59	#
1610	2788449	3	40	41	47	59	#
1611	2367623	16	18	42	51	#
1612	2741165	16	17	26	#
1613	4662165	2	4	30	35	37	38	#
1614	1475967	21	32	34	#
1615	2973181	3	28	52	57	#
1616	1216102	19	23	#
1617	3776518	4	11	30	37	#
1618	6273129	34	36	44	45	47	51	56	58	59	#
1619	1115346	49	54	#
1620	2507986	3	10	14	17	#
1621	1178363	4	21	62	#
1622	1822484	4	41	57	63	#
1623	2814180	23	27	32	51	#
1624	1855526	15	28	32	#
1625	2276755	10	16	22	#
1626	1815063	11	31	#
1627	1673579	24	45	59	#
1628	1304113	33	56	#
1629	2888148	24	44	55	#
1630	3610431	8	13	14	15	39	#
1631	1718313	3	4	63	#
1632	1712856	17	28	#
1633	1024319	42	45	#
1634	3406505	9	46	49	53	#
1635	3338630	11	22	30	35	44	#
1636	2522414	13	38	49	#
1637	2881496	19	29	54	#
1638	3266247	4	10	21	22	36	42	49	61	#
1639	1462492	4	11	#
1640	2342707	25	28	48	#
1641	1167834	19	60	#
1642	3788315	11	27	43	60	#
1643	2345510	13	18	25	33	48	54	#
1644	1494662	18	63	#
1645	1350877	20	22	#
1646	2469104	10	13	49	#
1647	1412708	27	38	55	#
1648	2129340	13	15	47	#
1649	2952844	14	19	20	21	32	33	#
1650	2727288	8	34	44	46	#
1651	2177047	7	10	27	42	#
1652	1166973	5	31	#
1653	3905977	4	21	34	38	45	46	50	52	60	#
1654	2943523	18	30	51	#
1655	2702145	19	22	35	60	61	#
1656	6339388	5	8	21	23	27	29	50	52	#
1657	1697430	12	16	#
1658	2699960	0	17	31	47	57	63	#
1659	1737365	21	58	#
1660	1376349	3	21	#
1661	1440067	8	51	#
1662	2070357	18	20	50	#
1663	1899237	11	23	#
1664	4361997	1	12	39	40	51	#
1665	2689412	7	38	41	#
1666	2689177	0	9	20	28	39	#
1667	1662697	1	10	#
1668	2015300	0	14	45	#
1669	1549581	44	58	#
1670	1125819	18	21	62	#
1671	2466573	16	42	47	#
1672	2047225	0	7	20	27	#
1673	2798109	40	49	60	#
1674	1519106	8	24	32	#
1675	1115043	53	59	#
1676	3026975	18	40	51	59	60	62	#
1677	1571686	23	24	50	#
1678	2935198	30	42	54	#
1679	2534085	3	20	45	#
1680	3176260	0	31	37	62	#
1681	1586939	18	24	42	#
1682	2238964	42	47	56	#
1683	2562795	2	25	35	#
1684	2790123	0	9	15	#
1685	3156379	7	9	37	59	#
1686	2592593	9	48	54	#
1687	1959405	23	39	#
1688	3842819	4	5	6	43	#
1689	2382732	16	36	58	59	#
1690	1735118	27	57	#
1691	1306450	48	50	62	#
1692	4676330	13	28	47	61	63	#
1693	1448507	1	2	63	#
1694	1937525	9	54	#
1695	1276890	35	61	#
1696	1716561	12	15	40	#
1697	3521319	15	32	49	62	#
1698	3495753	2	27	38	39	41	#
1699	1775961	28	33	57	#
1700	2795479	6	11	14	16	30	52	#
1701	1455877	0	34	#
1702	1500299	31	61	#
1703	1373092	3	22	28	#
1704	3182230	9	22	45	57	#
1705	2319303	5	51	56	#
1706	2768817	3	52	63	#
1707	1535637	28	44	59	#
1708	1648609	1	15	#
1709	1315160	13	33	#
1710	4292397	14	20	38	46	54	#
1711	1093693	0	11	40	#
1712	2684944	5	28	47	#
1713	1874078	52	61	#
1714	1365784	46	60	62	#
1715	1396428	22	23	#
1716	2600310	1	35	56	58	#
1717	1532923	5	24	35	47	#
1718	1312735	26	34	#
1719	4417617	4	14	36	47	58	#
1720	1098680	21	50	#
1721	2596108	14	20	25	26	52	#
1722	2938482	11	40	41	46	#
1723	2561469	14	52	59	#
1724	1779004	1	23	34	49	#
1725	2515974	0	13	33	#
1726	1117974	0	44	#
1727	3725614	5	32	47	48	#
1728	2109120	31	38	45	#
1729	2983844	14	26	38	40	#
1730	1721161	4	26	42	#
1731	3994299	20	28	41	52	63	#
1732	1478641	23	61	#
1733	3338959	4	7	40	54	61	#
1734	1243936	4	42	#
1735	1014774	29	47	#
1736	3675044	12	51	56	60	#
1737	3910911	10	38	41	42	51	57	#
1738	1883453	1	26	#
1739	1797128	5	50	#
1740	1430977	10	12	#
1741	1206295	10	27	#
1742	2409247	12	16	39	#
1743	6375975	24	28	30	35	41	46	51	54	#
1744	1354060	27	29	36	#
1745	1236724	48	56	63	#
1746	1139395	0	47	#
1747	1984336	22	26	63	#
1748	2746660	3	16	17	44	45	#
1749	4870699	5	8	9	23	33	53	#
1750	4460804	3	14	33	35	38	52	#
1751	3862138	11	22	35	51	#
1752	2960793	42	44	63	#
1753	1326023	45	52	#
1754	4758236	20	33	46	50	62	#
1755	1868432	17	23	33	61	#
1756	1041628	3	26	31	#
1757	1448032	33	40	#
1758	3225457	15	25	32	34	#
1759	1376611	51	53	59	#
1760	2354888	21	23	27	35	54	#
1761	4681743	5	19	33	56	61	#
1762	4044591	1	8	24	38	54	60	62	#
1763	2466053	6	30	41	#
1764	3783962	3	15	19	25	26	#
1765	2525670	8	32	34	40	44	56	#
1766	1298370	28	54	59	#
1767	1967437	16	54	#
1768	1155426	3	13	#
1769	3568401	3	8	10	31	#
1770	3892092	4	7	15	18	20	27	61	#
1771	3069557	9	21	26	59	#
1772	1411390	34	53	#
1773	2080466	36	55	59	#
1774	1535522	18	45	#
1775	2638263	9	23	24	#
1776	1537950	12	46	#
1777	2957707	4	44	58	#
1778	2227563	33	45	61	#
1779	3598824	7	17	22	39	40	57	#
1780	1944215	15	17	28	#
1781	2516703	20	29	43	#
1782	2342491	21	26	36	#
1783	1785829	32	59	60	#
1784	2278150	1	12	23	31	46	49	#
1785	2641397	17	26	34	45	49	#
1786	1862487	24	52	#
1787	1352444	39	44	#
1788	3177640	3	6	46	54	58	#
1789	1426493	23	59	#
1790	1539906	8	16	43	49	59	#
1791	1930331	15	61	#
1792	3035328	13	32	43	59	#
1793	2087898	46	50	60	#
1794	2132493	18	23	30	39	44	52	57	#
1795	2180484	12	16	20	#
1796	1467242	7	28	52	#
1797	2298511	10	29	53	#
1798	1174119	10	61	#
1799	1074706	0	56	#
1800	1050402	32	37	#
1801	1590864	35	42	#
1802	1362759	3	50	#
1803	1602969	44	46	#
1804	3661085	8	10	27	43	#
1805	2737323	7	12	36	57	#
1806	4607441	3	20	31	32	38	48	#
1807	2292270	22	57	62	#
1808	2350520	3	28	37	#
1809	1102126	1	46	#
1810	2849431	15	16	22	24	53	59	#
1811	1206546	7	23	#
1812	3875175	19	20	27	29	34	46	59	#
1813	1984059	10	42	44	#
1814	2229532	13	18	51	#
1815	1479332	55	63	#
1816	1894045	16	20	38	42	#
1817	3221700	7	11	21	46	#
1818	1976481	19	58	#
1819	2099264	48	54	55	56	#
1820	1832422	37	53	#
1821	1588008	15	33	#
1822	7553225	3	7	11	25	27	37	38	45	#
1823	1264127	4	57	60	#
1824	2346323	13	20	51	#
1825	1812779	51	52	#
1826	2064742	17	27	28	40	#
1827	4027159	7	22	29	44	54	61	62	#
1828	2114173	6	34	43	49	57	62	#
1829	2498652	4	22	32	#
1830	3515221	3	6	39	60	#
1831	2274250	3	19	52	59	62	#
1832	1477880	20	42	#
1833	3187183	39	41	46	54	56	#
1834	1876296	10	54	#
1835	3788181	37	40	41	46	52	#
1836	1671404	0	15	32	63	#
1837	2277858	20	30	58	#
1838	1821299	4	33	#
1839	2488397	9	18	40	#
1840	2865278	9	22	23	33	#
1841	1375460	37	46	#
1842	1291064	39	58	60	#
1843	1950730	26	38	#
1844	1090832	34	39	#
1845	2245025	4	11	53	58	63	#
1846	1491974	34	35	#
1847	1367241	6	41	#
1848	5238615	12	16	27	37	40	53	63	#
1849	2770270	24	27	51	#
1850	3998175	6	7	17	22	33	57	#
1851	1845438	10	24	#
1852	2088022	2	35	50	#
1853	6970616	11	16	20	36	41	43	45	#
1854	4046125	24	26	50	53	61	62	#
1855	2388073	31	39	49	#
1856	1945172	30	43	58	#
1857	1974720	40	50	#
1858	4842221	14	28	37	38	43	56	63	#
1859	1455749	1	56	#
1860	1896908	4	13	51	#
1861	2665512	20	39	55	#
1862	1890558	17	59	#
1863	2749969	1	34	59	#
1864	2070987	0	23	31	50	#
1865	2055848	8	12	63	#
1866	5186073	5	15	17	42	52	57	#
1867	1977463	16	31	38	48	#
1868	2499399	10	34	35	38	41	54	#
1869	2405980	36	47	58	#
1870	3871580	9	18	42	44	#
1871	4198119	0	23	38	49	51	52	54	#
1872	1395703	53	58	#
1873	1121290	42	59	#
1874	1088068	24	54	#
1875	1192331	14	22	#
1876	4650926	0	11	30	31	33	38	43	56	#
1877	1005213	13	23	#
1878	3492746	16	24	39	44	49	57	#
1879	4239974	3	14	31	57	63	#
1880	4819385	3	8	11	24	25	35	46	57	#
1881	5402232	0	9	12	19	29	32	34	43	62	#
1882	1763330	13	41	#
1883	1708827	2	3	7	39	#
1884	2156306	14	19	22	25	30	48	52	#
1885	2423924	15	22	28	#
1886	2930594	32	37	43	#
1887	1355777	26	36	#
1888	2437856	3	5	7	#
1889	1920198	3	47	#
1890	2342711	6	27	40	#
1891	2415634	3	30	36	41	#
1892	1774678	16	41	#
1893	1328186	23	60	#
1894	5547139	5	14	18	31	32	33	56	61	#
1895	3710305	4	31	38	53	#
1896	2402351	4	30	36	39	63	#
1897	3484111	16	37	44	50	#
1898	5547504	25	34	43	51	59	61	#
1899	2560268	20	23	45	#
1900	2942122	5	14	21	39	46	59	#
1901	1780291	0	14	#
1902	2455017	3	15	33	39	#
1903	3221064	21	22	26	27	43	#
1904	2001564	0	19	35	63	#
1905	3533873	7	18	52	55	#
1906	1199269	7	29	52	54	#
1907	2954017	34	36	43	#
1908	1328333	8	15	40	#
1909	1094027	39	49	#
1910	2958752	6	9	44	#
1911	2500636	3	28	30	46	#
1912	1893100	4	37	#
1913	1632629	22	42	#
1914	3483401	21	46	49	59	#
1915	1325213	19	42	#
1916	1719608	2	23	#
1917	1059941	0	23	#
1918	1440476	36	49	#
1919	1953169	25	44	#
1920	2365287	15	33	45	#
1921	3983583	19	23	30	32	60	63	#
1922	1014021	9	25	#
1923	4860018	14	18	21	35	54	#
1924	2760818	24	53	57	#
1925	2929573	7	14	56	#
1926	1986477	19	25	40	43	56	#
1927	1862781	4	35	#
1928	2998741	23	37	39	#
1929	2373346	11	12	23	#
1930	2744254	0	22	39	#
1931	1317718	4	24	53	#
1932	1621290	1	4	#
1933	2970833	14	51	54	#
1934	3645215	4	9	15	47	#
1935	1825087	2	3	25	#
1936	2008187	13	21	22	26	27	51	#
1937	1681183	17	32	48	58	#
1938	2989603	9	17	46	63	#
1939	1173865	15	21	50	#
1940	3172180	3	32	34	44	#
1941	1675284	9	36	#
1942	2546265	6	12	33	36	#
1943	4350921	6	9	13	30	44	#
1944	4269221	0	20	24	26	29	56	#
1945	5841296	10	16	17	32	44	48	55	59	61	#
1946	3025496	15	36	59	62	#
1947	3061967	12	21	25	52	56	#
1948	1985596	2	11	#
1949	2188940	4	13	21	49	63	#
1950	1683934	22	26	48	#
1951	1999011	27	32	60	#
1952	4342710	24	40	47	55	56	#
1953	1607756	9	35	48	#
1954	2878554	46	51	52	#
1955	4161904	5	6	11	12	29	40	42	50	54	56	#
1956	975868	5	10	#
1957	2042909	30	46	53	56	#
1958	3436621	6	26	31	43	47	53	#
1959	1550113	43	56	#
1960	1135542	8	21	#
1961	4737915	21	50	54	57	61	#
1962	1571907	12	51	#
1963	2058971	37	43	62	63	#
1964	1126724	19	24	#
1965	2694569	11	15	40	46	63	#
1966	1686295	23	46	55	#
1967	1711653	3	8	58	#
1968	2978133	9	40	55	#
1969	2573600	9	23	31	33	#
1970	2229807	6	24	27	29	38	39	46	62	#
1971	2911932	2	17	45	47	#
1972	6365691	5	24	25	40	42	61	62	#
1973	1320186	19	49	#
1974	4671762	2	16	22	36	54	#
1975	4876935	1	25	35	37	60	#
1976	3182377	4	26	45	46	54	56	57	63	#
1977	3492042	22	45	47	52	62	#
1978	1018317	12	34	41	#
1979	1766304	24	25	36	#
1980	1884104	19	60	62	#
1981	1117060	28	39	58	#
1982	2520837	17	36	56	#
1983	3900121	32	34	52	53	63	#
1984	1798893	17	62	#
1985	1061852	3	24	#
1986	1908770	0	24	25	26	#
1987	2747785	0	36	41	50	55	#
1988	2553909	15	52	63	#
1989	2534001	5	18	19	34	41	43	#
1990	1498512	6	11	#
1991	1056230	12	52	#
1992	3288706	26	30	37	48	#
1993	3784508	1	26	36	38	#
1994	2162072	6	44	46	55	#
1995	1385966	48	49	#
1996	1687052	35	52	#
1997	2112548	16	19	62	#
1998	2832721	15	43	52	#
1999	1137013	13	48	#
