%% File generated by CATS v.2.1Wed Jun 19 19:07:41 2013

%% The CATS webpage is http://robotics.stanford.edu/CATS

%% PARAMETER SETTINGS:
% Goods: 64; Bids: 2000; Distribution: L4; Runs: 50; Seed: 1371663978
% Legacy distribution parameters:
% Number of goods chosen according to Decay distribution (alpha = 0.55).
% Price chosen according to Linear Random distribution (low_linearly = 1, high_linearly = 1000).


goods 64
bids 2000
dummy 0

0	979572	6	#
1	1071512	3	5	53	#
2	965359	11	#
3	987252	28	#
4	988357	25	#
5	984155	23	#
6	1447318	0	15	#
7	993712	7	#
8	998709	46	#
9	1887460	8	19	32	#
10	994423	48	#
11	987534	15	#
12	937087	22	#
13	971832	31	#
14	1901475	29	42	#
15	6270642	2	3	13	14	20	40	51	#
16	977370	21	#
17	1522531	30	41	#
18	996496	37	#
19	4690426	0	14	18	40	48	57	58	61	#
20	960754	2	#
21	2662330	9	36	47	#
22	1840349	0	37	#
23	988894	34	#
24	988721	62	#
25	1380622	7	8	#
26	1960481	20	26	59	#
27	4535862	8	21	25	26	63	#
28	988604	10	#
29	1020428	29	53	#
30	1336455	40	52	#
31	2091741	20	30	57	#
32	989989	30	#
33	1644177	18	22	#
34	969998	57	#
35	1473198	5	31	#
36	2893562	12	23	35	48	62	#
37	997622	60	#
38	961955	53	#
39	975534	43	#
40	989919	41	#
41	1759874	0	51	#
42	1955799	39	48	55	#
43	1652954	22	35	#
44	991716	49	#
45	2814482	17	24	57	#
46	968816	42	#
47	4481446	4	14	21	35	36	#
48	1653883	1	7	29	30	46	#
49	2704575	9	21	45	#
50	988122	24	#
51	1934881	37	54	#
52	976163	9	#
53	2910175	12	35	37	58	62	#
54	2401984	17	23	45	#
55	1648061	1	17	#
56	4662622	3	26	41	44	55	#
57	1393392	8	30	#
58	994039	59	#
59	985147	1	#
60	990737	38	#
61	960896	50	#
62	1722334	47	61	#
63	2060099	17	30	32	40	44	45	54	61	#
64	999363	47	#
65	4973457	3	5	6	12	20	23	62	#
66	1451383	48	58	#
67	5252146	20	39	42	48	58	60	#
68	1318365	12	53	#
69	1920655	3	23	#
70	1125286	19	62	#
71	1613264	29	60	#
72	991039	17	#
73	3977155	11	22	30	49	56	#
74	1333841	11	52	#
75	991413	27	#
76	1473007	10	50	#
77	2495106	2	31	40	42	48	#
78	1373921	28	30	#
79	996706	29	#
80	971130	51	#
81	999205	4	#
82	990545	12	#
83	962116	45	#
84	1675811	0	55	#
85	2497600	8	20	35	#
86	1249685	0	23	59	#
87	1915447	18	51	#
88	1865596	36	43	47	53	#
89	996282	58	#
90	2660890	6	40	59	#
91	1715445	8	10	#
92	3895481	9	45	47	53	#
93	2644414	11	19	40	56	#
94	989512	0	#
95	1230422	16	25	#
96	1953715	1	8	49	#
97	1501433	38	44	#
98	1833412	0	12	#
99	3981075	0	6	43	54	#
100	1255569	48	51	#
101	992940	14	#
102	2147645	3	5	41	#
103	4946077	5	6	9	45	50	63	#
104	3259234	22	29	30	38	40	46	#
105	2748001	0	52	58	#
106	1499134	8	34	#
107	980582	39	#
108	1557788	42	55	#
109	1798178	1	20	25	#
110	992346	8	#
111	980575	52	#
112	998040	26	#
113	3206574	3	18	42	55	57	63	#
114	1622884	20	22	#
115	6277270	0	9	11	12	15	24	25	27	29	60	#
116	5029689	6	13	15	34	59	60	#
117	1945025	23	28	30	#
118	1954482	28	35	#
119	1046455	33	51	59	#
120	999802	16	#
121	999340	54	#
122	3535071	4	10	41	52	#
123	1528681	0	25	#
124	1404212	25	63	#
125	1083308	5	13	#
126	1789739	2	31	#
127	1219533	37	38	#
128	1993584	48	52	#
129	1208086	38	62	#
130	1640492	14	51	#
131	964095	13	#
132	1942078	3	13	#
133	13523402	39	1	8	44	61	41	52	57	11	23	15	18	60	35	45	#
134	1610986	15	23	#
135	1846690	16	44	#
136	984863	5	#
137	3516441	7	22	47	61	#
138	973212	3	#
139	991264	19	#
140	2339032	29	54	59	#
141	2672965	0	25	40	#
142	1472126	25	61	#
143	1468124	31	48	#
144	2503199	2	3	7	#
145	994534	55	#
146	1584608	33	62	#
147	4709829	8	11	25	29	46	49	57	#
148	966554	44	#
149	1543354	5	41	55	#
150	2807873	2	24	31	52	#
151	1550847	37	56	#
152	979123	63	#
153	1898082	11	45	#
154	1185216	18	31	#
155	10670444	3	4	7	9	22	33	38	40	42	49	60	#
156	969180	40	#
157	2835130	21	36	47	54	#
158	1904717	10	17	27	28	#
159	1277797	8	16	#
160	1845704	27	56	#
161	2479149	43	54	61	#
162	1546868	25	41	#
163	1674190	13	43	#
164	1636324	1	28	57	#
165	3667644	5	10	21	46	#
166	1834126	17	33	49	#
167	6490869	0	1	9	14	28	40	46	#
168	3758466	12	34	47	56	#
169	999386	32	#
170	1497402	45	53	#
171	1963127	41	51	#
172	3616428	2	3	5	21	23	42	54	#
173	2954083	17	19	33	42	#
174	2387051	27	38	62	#
175	1634884	43	61	#
176	1910352	6	19	#
177	2927962	11	27	51	#
178	2580247	3	20	24	25	35	58	#
179	4604387	5	8	10	34	35	40	42	45	58	#
180	1793904	24	25	#
181	1317462	15	57	#
182	2715966	12	36	48	50	59	#
183	963634	61	#
184	1717458	45	54	#
185	3510837	7	23	39	51	59	#
186	3962768	16	25	43	46	#
187	1398061	1	39	#
188	1894306	16	62	#
189	4545736	5	9	15	25	37	#
190	2358043	5	12	24	36	41	57	60	#
191	1681977	2	12	#
192	3451806	1	25	48	50	63	#
193	1109915	1	63	#
194	3350666	5	38	46	53	#
195	1501114	34	62	#
196	2443617	8	51	55	#
197	1473965	54	63	#
198	2720396	33	34	42	#
199	1337710	1	28	#
200	2890046	22	33	61	#
201	1305740	37	55	#
202	1482974	5	14	#
203	1628145	21	24	#
204	4465346	37	39	46	53	58	#
205	970295	33	#
206	1449174	56	63	#
207	1680843	11	15	#
208	3083748	22	29	44	53	62	#
209	1507842	15	40	#
210	1170122	2	61	#
211	1601232	18	32	40	61	#
212	2007538	26	37	59	#
213	3932839	19	47	59	62	#
214	1646949	8	29	41	49	#
215	1962813	27	30	#
216	1802997	4	15	33	51	#
217	999782	18	#
218	2052151	11	23	41	#
219	3214191	23	26	37	38	41	54	#
220	1592858	28	63	#
221	1968253	8	46	#
222	1703830	14	47	#
223	1961407	43	50	56	#
224	2937523	34	53	60	#
225	2383894	12	32	38	46	61	#
226	2523662	27	30	52	#
227	1794182	13	56	#
228	2800953	2	4	14	26	39	#
229	1980552	14	26	#
230	2406086	35	51	54	63	#
231	1995878	41	48	#
232	1353162	5	49	#
233	1417184	19	63	#
234	1156460	4	16	#
235	3236062	5	24	47	53	#
236	2374669	17	42	63	#
237	1956642	40	42	#
238	1521613	13	52	#
239	2198146	9	55	62	#
240	3396179	3	8	13	54	#
241	1705848	12	21	42	#
242	1502586	12	24	37	49	#
243	2112148	8	10	13	#
244	2869767	0	20	25	48	#
245	1906883	8	10	35	#
246	2893161	36	39	44	52	#
247	1372100	11	21	22	43	#
248	1843242	16	17	#
249	990595	56	#
250	6453243	0	22	35	36	40	55	59	61	63	#
251	3100413	7	34	41	44	50	#
252	5707818	15	40	41	45	48	54	#
253	2802947	11	22	24	53	#
254	1549197	4	28	29	47	50	#
255	3400625	0	23	30	45	#
256	1343226	25	39	#
257	1968528	2	60	#
258	976788	35	#
259	3853444	21	29	38	46	47	53	58	#
260	2427981	0	24	38	62	#
261	3415683	22	26	28	31	42	49	55	#
262	1843867	8	63	#
263	1775103	43	47	#
264	11793604	17	18	26	30	31	32	38	43	50	54	57	58	63	#
265	2092177	0	9	42	#
266	1840268	52	54	#
267	3988428	2	27	36	58	#
268	1727447	44	48	#
269	1878184	15	48	#
270	1979318	9	11	24	31	61	#
271	1640304	7	19	54	#
272	1332604	12	61	#
273	1957089	43	50	#
274	1334298	20	24	35	#
275	2890750	14	41	43	#
276	1283471	1	4	22	#
277	1510081	16	33	#
278	1484683	34	43	#
279	1795756	5	12	#
280	990474	2	34	#
281	7244640	0	3	4	9	10	19	20	22	24	63	#
282	2095904	2	9	62	#
283	4391114	7	8	35	39	57	63	#
284	1281266	17	38	52	#
285	3706565	0	24	38	60	#
286	2826062	2	27	31	49	58	#
287	3312390	0	2	15	38	#
288	2321503	22	46	48	#
289	1216309	2	3	#
290	1418933	12	25	#
291	5470857	26	27	45	50	57	60	#
292	3190454	8	35	42	58	#
293	2940443	8	11	32	33	38	43	47	52	59	62	#
294	1840730	16	24	42	47	#
295	3447833	9	12	29	43	#
296	1824711	31	34	#
297	4826418	12	15	18	46	51	#
298	2978745	5	44	63	#
299	1988838	19	42	48	#
300	1493893	28	37	#
301	3380938	8	24	26	61	#
302	1186842	4	11	#
303	1415866	17	62	#
304	1823556	21	51	#
305	4838301	7	12	15	26	34	42	51	#
306	1598990	11	14	#
307	1742238	22	29	#
308	2814160	13	32	42	53	#
309	2652529	1	13	52	#
310	1765772	7	44	60	#
311	1521171	25	33	#
312	1426303	29	44	#
313	1236135	2	4	#
314	1052561	52	56	#
315	1105972	0	22	#
316	2423571	10	45	55	#
317	3100162	3	52	58	59	#
318	996950	20	#
319	2833393	45	49	59	#
320	3592227	8	27	34	37	58	#
321	4894835	4	12	31	41	42	54	#
322	2505775	33	46	53	#
323	2320703	7	26	39	#
324	1899076	16	46	#
325	1023838	1	48	#
326	1958225	26	27	#
327	1888955	6	21	#
328	1774711	3	25	54	#
329	1841402	31	53	#
330	1766469	27	36	#
331	2783306	31	39	61	#
332	9666554	2	4	19	25	27	48	58	59	60	63	#
333	1735024	24	53	#
334	2825348	38	54	63	#
335	1439746	2	23	#
336	1712593	41	43	53	#
337	3953377	6	23	37	48	58	#
338	2029598	6	22	26	27	#
339	1731049	19	35	#
340	5136865	5	20	26	35	36	39	42	56	61	63	#
341	2881225	11	17	63	#
342	1803044	11	31	47	60	#
343	2809442	16	24	31	#
344	1937451	40	48	#
345	3424672	13	22	23	46	#
346	4598551	9	14	17	20	38	#
347	1622001	12	14	58	#
348	998628	36	#
349	1312101	6	42	#
350	2357103	1	34	45	47	#
351	3584121	0	9	35	40	43	55	#
352	1821422	38	47	#
353	1477470	14	45	#
354	3254337	0	18	25	33	55	#
355	2907799	10	19	61	#
356	1968376	0	7	26	#
357	1298459	29	30	#
358	7081106	5	6	17	24	28	33	39	42	57	#
359	3220175	20	36	44	48	61	#
360	2568003	3	23	35	43	#
361	1366156	13	18	36	#
362	1392938	33	60	#
363	1603801	1	18	21	#
364	1145933	0	46	#
365	1754307	39	60	#
366	1709061	33	46	#
367	3855685	6	9	15	23	24	53	#
368	1377745	6	37	#
369	2730651	18	26	44	50	61	#
370	2197609	5	16	43	52	58	62	#
371	1925489	40	50	#
372	2395883	16	61	62	#
373	2187403	0	18	29	#
374	5696312	1	3	22	25	29	40	42	57	58	#
375	2681787	10	44	46	62	#
376	2409586	13	17	28	#
377	1269176	34	52	#
378	1472761	11	16	#
379	1350386	32	39	#
380	2679987	36	39	55	#
381	3880600	6	11	37	43	46	#
382	1478873	0	18	#
383	2032578	5	8	25	26	#
384	6668866	5	25	33	35	55	56	63	#
385	3205349	10	12	32	33	43	60	#
386	2618008	19	34	35	43	#
387	1868080	22	27	#
388	1149539	1	41	59	#
389	1407159	33	50	#
390	2606587	22	29	36	61	#
391	2792145	19	30	35	62	#
392	1159819	11	37	#
393	2916147	22	23	45	47	55	56	#
394	2503621	21	46	61	#
395	1864103	27	38	39	42	59	61	#
396	4829214	17	23	39	50	52	#
397	3036719	6	33	35	47	#
398	2340051	11	39	56	#
399	2817534	25	32	46	58	#
400	3256525	3	5	15	18	#
401	1864498	17	37	#
402	1579302	26	37	#
403	1099225	8	26	31	51	#
404	1457394	29	37	#
405	1348430	20	33	#
406	1221248	17	20	59	#
407	2026689	20	24	30	#
408	3653004	2	15	18	37	47	50	60	#
409	1478556	20	49	#
410	6049672	6	13	18	21	30	36	44	55	63	#
411	3805508	2	10	43	58	#
412	1594786	9	44	53	#
413	1978194	20	23	37	60	#
414	3175007	3	23	32	36	#
415	2110517	13	34	51	#
416	4855289	22	23	26	44	51	53	#
417	4141153	9	14	41	48	51	#
418	1936348	17	23	#
419	1738986	26	62	#
420	3857908	31	47	52	63	#
421	1958517	11	16	17	28	36	37	#
422	2035448	3	43	61	#
423	1449476	35	60	#
424	1783270	26	44	#
425	1688713	22	38	#
426	1826414	10	42	#
427	3832502	22	26	29	52	#
428	3676821	17	20	49	55	63	#
429	1371581	3	12	#
430	1544706	22	46	#
431	1237341	41	63	#
432	1834782	36	48	#
433	2966753	18	32	51	58	#
434	1108896	12	37	#
435	2863027	4	15	32	53	58	#
436	1008652	50	54	#
437	2879795	8	23	27	#
438	1562082	22	49	#
439	3205088	7	11	30	46	47	#
440	1145012	0	39	#
441	1315139	5	23	#
442	2814775	3	4	14	40	50	62	#
443	1455279	33	57	#
444	1245621	27	62	#
445	1818910	22	58	#
446	2359715	8	20	21	37	#
447	3393046	7	18	21	34	#
448	2112906	26	43	45	#
449	2207762	18	31	52	57	#
450	1495566	16	60	#
451	1239198	54	56	#
452	1487538	40	45	#
453	1236400	8	29	#
454	1473664	3	14	56	#
455	3130390	19	37	48	58	#
456	1477167	34	45	52	#
457	3486427	4	22	32	42	54	#
458	1970615	19	42	#
459	3405110	37	52	61	63	#
460	1254067	24	49	55	#
461	1702164	20	22	53	#
462	1845254	21	27	28	#
463	1685738	29	59	#
464	1231112	39	63	#
465	3073288	2	10	18	44	63	#
466	1879643	4	52	#
467	2812279	30	44	60	#
468	3912535	26	42	46	56	#
469	3873081	19	22	30	56	#
470	3257166	11	21	40	60	61	#
471	1948348	22	23	42	#
472	1516369	13	21	#
473	1152585	6	23	33	48	#
474	2534443	2	28	35	#
475	1948872	7	45	#
476	1840561	39	52	#
477	1414482	5	16	#
478	2271423	9	33	40	#
479	1961899	2	54	#
480	1415253	51	56	#
481	2296313	4	30	39	42	#
482	1776422	20	42	#
483	1650706	15	58	#
484	1986000	29	54	#
485	4392204	20	24	33	36	60	#
486	3241116	17	30	48	49	52	63	#
487	1190353	25	26	46	#
488	1024368	27	53	#
489	2666902	4	12	55	58	#
490	2526344	1	2	6	29	37	#
491	2382945	28	40	52	#
492	1663606	19	45	#
493	2979190	4	5	17	34	38	#
494	2338380	20	34	41	#
495	2298625	7	17	50	#
496	4301502	11	12	32	43	48	#
497	3175171	2	12	16	25	36	#
498	2805701	27	37	63	#
499	1744611	8	42	59	#
500	2009865	16	48	58	#
501	1859011	22	23	#
502	2279004	1	33	56	#
503	2241824	15	16	22	52	#
504	2930746	22	25	39	40	57	#
505	1871981	3	24	25	#
506	1601261	30	51	#
507	1782690	49	57	#
508	1391773	41	50	#
509	1715322	1	8	24	#
510	2606288	2	24	58	#
511	4629911	0	22	53	55	61	#
512	2743370	2	20	23	51	55	56	#
513	1662864	5	62	#
514	2876694	0	47	52	60	#
515	1605762	14	53	58	#
516	2055458	15	34	47	#
517	1233700	23	40	#
518	1477917	5	32	43	#
519	2006716	17	18	46	#
520	4926106	4	12	20	39	53	58	#
521	1833324	19	25	#
522	2871858	9	32	60	#
523	1757827	4	42	#
524	1088952	10	37	61	#
525	1984423	9	54	#
526	1717106	3	14	24	#
527	3260646	4	18	48	55	#
528	2565770	7	13	32	52	#
529	2597407	9	24	53	#
530	3122642	20	54	57	59	#
531	5108022	6	9	28	43	52	57	#
532	1972309	38	55	#
533	2486691	6	47	56	#
534	1829927	11	46	#
535	1791890	38	63	#
536	2628718	10	21	54	#
537	1385634	13	15	#
538	1619392	1	7	52	#
539	3069945	8	21	51	55	#
540	1836375	13	43	44	#
541	1187645	14	59	#
542	2884928	9	31	51	#
543	1647343	23	41	#
544	1832466	36	63	#
545	1899163	1	7	53	#
546	4781606	18	19	32	33	44	#
547	2558849	15	51	60	#
548	1576323	12	63	#
549	3154495	8	23	36	55	56	60	#
550	5906474	10	13	19	20	26	28	35	56	57	60	#
551	4086528	1	14	44	45	61	#
552	1313741	12	35	#
553	3115307	13	24	31	57	58	#
554	1499265	2	32	#
555	1600627	34	40	#
556	2457890	4	12	39	52	56	61	#
557	1750331	10	60	#
558	3324418	14	20	30	46	58	#
559	1970096	14	20	#
560	1407966	22	28	#
561	1332701	4	18	34	#
562	3839765	9	14	25	28	44	60	#
563	2109133	13	38	40	#
564	1901318	14	55	#
565	2907095	2	7	9	11	21	#
566	2105749	9	42	49	#
567	3785313	2	42	52	62	#
568	3342209	23	44	51	54	#
569	2810243	2	25	29	57	#
570	4261473	9	43	50	56	62	#
571	1334379	28	57	#
572	2905715	23	24	27	33	34	#
573	1954005	20	25	54	#
574	2449375	15	27	35	42	50	58	#
575	2912335	11	52	61	#
576	3797545	9	49	52	59	63	#
577	6003346	0	1	7	8	10	19	59	63	#
578	1485845	13	35	45	#
579	1317591	12	41	#
580	1974154	2	10	#
581	1902325	4	34	39	#
582	1887255	1	6	#
583	2350464	5	11	38	55	#
584	1252338	14	33	43	#
585	1788938	40	43	#
586	1885190	0	20	#
587	2916923	8	34	56	#
588	1702777	28	53	#
589	1148263	24	32	#
590	4779179	8	41	42	43	45	46	57	#
591	1185868	1	4	#
592	2874212	3	7	18	23	25	43	52	55	#
593	2398614	1	8	13	24	39	54	57	#
594	2937784	18	19	26	42	#
595	1620790	7	55	#
596	4928265	3	17	23	25	37	#
597	2490068	9	35	62	#
598	3577292	2	3	9	23	58	61	#
599	4803195	5	8	16	17	26	59	#
600	2125803	0	2	5	15	36	59	#
601	1792417	40	51	#
602	5026303	18	25	38	40	50	54	#
603	3611544	12	17	25	35	#
604	1922249	29	38	#
605	1871231	22	31	38	44	#
606	2520686	28	31	37	#
607	1482112	43	45	#
608	3494407	22	41	52	62	#
609	2847285	8	46	51	56	#
610	5167197	20	29	31	37	45	52	55	57	58	#
611	2589790	40	53	62	#
612	1795906	25	58	#
613	2583187	13	25	50	#
614	2716948	13	17	23	35	48	#
615	4506997	2	10	50	53	58	#
616	2092789	13	31	43	#
617	2949023	0	11	46	61	#
618	1564612	17	55	#
619	6450995	0	2	3	13	29	33	42	53	#
620	1752670	56	57	#
621	2987226	0	33	42	#
622	1751621	19	56	#
623	3319732	16	19	51	52	57	#
624	1787288	8	9	#
625	4906717	20	25	34	59	62	#
626	1961065	37	52	53	#
627	2312188	8	29	34	49	#
628	1766804	29	36	#
629	1903452	12	22	27	52	53	#
630	3796704	15	21	26	63	#
631	1318149	3	17	54	#
632	3937336	43	47	56	63	#
633	1905989	23	57	#
634	1832639	4	63	#
635	1992992	7	14	#
636	2614105	13	29	53	#
637	2367163	0	17	31	37	44	#
638	1403964	1	24	#
639	1561134	37	40	#
640	1952894	19	34	#
641	1643067	30	31	#
642	1120551	19	36	#
643	5162262	6	19	46	51	54	58	59	#
644	5892020	15	17	18	29	55	62	#
645	1089581	18	45	#
646	1964770	16	58	#
647	1046674	16	38	#
648	2787563	7	16	54	#
649	2741955	14	38	47	58	#
650	1045136	7	36	#
651	2770596	14	44	50	#
652	1663130	3	8	27	29	35	#
653	1074577	25	59	#
654	1825540	17	46	57	58	62	#
655	1576759	30	48	#
656	990284	53	62	#
657	4662518	2	13	35	41	57	59	61	#
658	2484016	28	40	53	#
659	2441668	2	15	49	50	#
660	3628753	0	2	6	36	#
661	3940177	14	51	56	58	#
662	1694301	20	28	#
663	4947001	20	22	26	32	52	#
664	1694305	4	31	#
665	1633731	0	2	#
666	2950845	1	4	33	#
667	2957532	4	26	35	36	42	#
668	1952789	25	44	46	54	#
669	4810831	19	22	40	41	63	#
670	1420098	21	47	#
671	2709035	33	34	44	54	63	#
672	1669668	25	35	57	#
673	2354931	32	45	53	#
674	1415766	4	25	#
675	4348602	18	30	35	52	63	#
676	2909143	15	29	60	#
677	1840692	4	57	#
678	2409452	21	32	47	57	61	#
679	1080551	11	22	#
680	1649843	9	22	#
681	1564159	26	42	#
682	1808150	24	62	#
683	1164462	21	43	#
684	1955575	54	58	#
685	1066092	46	56	#
686	1768976	24	39	#
687	1794271	0	16	38	#
688	1983459	20	52	#
689	3068639	14	23	52	62	#
690	2374214	3	12	20	#
691	1624780	13	23	#
692	1987277	10	39	#
693	2966558	3	56	62	#
694	3815191	11	14	28	54	#
695	1062967	10	27	#
696	2539508	3	9	10	34	37	43	#
697	2422780	9	24	26	27	33	59	#
698	1829667	16	20	#
699	1409535	26	29	#
700	1370278	23	37	#
701	1696024	34	46	#
702	2881590	35	36	48	59	#
703	1279178	52	58	#
704	1954916	32	47	#
705	1051547	13	62	#
706	1910225	22	48	#
707	1933034	12	40	50	#
708	1725167	18	30	#
709	2675905	5	17	24	53	#
710	1963865	41	56	#
711	2912398	5	21	33	#
712	2626696	30	46	48	54	59	62	63	#
713	1789950	5	27	#
714	2391472	37	38	44	53	#
715	2454091	2	16	23	#
716	1778606	6	14	38	61	#
717	3896191	23	33	54	60	#
718	1604258	13	34	#
719	2339644	9	24	28	42	43	45	59	#
720	1729165	7	9	#
721	5265426	0	4	5	11	53	62	#
722	4303631	11	15	19	30	50	61	#
723	2529288	27	38	57	#
724	1101364	7	21	38	#
725	4202058	14	30	41	45	57	#
726	2525880	18	24	55	62	#
727	2100698	12	22	26	42	#
728	4132316	15	16	38	49	57	63	#
729	1512429	4	8	13	17	#
730	1674729	7	60	#
731	4752952	11	18	22	40	58	#
732	1764123	14	28	#
733	4612469	2	11	17	26	59	#
734	2843443	5	41	53	#
735	1865704	4	13	27	45	#
736	1384602	18	55	#
737	3852166	2	27	29	36	43	#
738	2560980	24	36	39	#
739	2001960	8	9	56	#
740	1932364	16	26	#
741	4665323	7	9	32	46	58	#
742	2645666	2	44	55	#
743	1855591	10	57	#
744	1915260	0	48	#
745	2289458	0	24	26	38	#
746	2247106	11	56	57	60	#
747	2701346	16	55	56	#
748	5303849	3	14	17	38	55	60	63	#
749	2835495	31	46	56	#
750	1203791	30	46	#
751	2391566	30	44	48	49	#
752	2775934	27	50	57	#
753	6560999	7	15	19	26	43	48	57	#
754	1806880	4	49	61	#
755	2874382	9	18	36	#
756	1529839	23	47	#
757	1907112	18	37	#
758	2897920	16	33	45	46	62	#
759	1529196	7	33	#
760	4343386	6	8	14	19	22	30	45	#
761	3715512	29	40	55	57	#
762	1601715	2	14	#
763	1169626	2	51	#
764	1491369	31	49	#
765	2568088	1	52	56	63	#
766	1727404	2	42	#
767	2393537	13	21	25	51	55	#
768	1219300	18	41	#
769	7668529	14	17	25	38	40	44	48	49	52	53	#
770	1996050	4	11	47	63	#
771	3141000	1	5	6	36	38	#
772	2253927	32	40	57	#
773	2918352	27	41	56	#
774	4282733	1	2	31	35	40	50	#
775	1015702	5	36	#
776	2016833	13	27	52	#
777	3677819	2	20	23	37	46	59	#
778	1804741	43	49	53	#
779	2118072	18	24	29	32	48	#
780	5230844	4	10	32	40	47	48	57	58	#
781	5472507	23	25	32	37	46	48	#
782	1595761	7	63	#
783	1217565	2	22	#
784	1678388	46	62	#
785	1709384	6	58	#
786	1648853	11	51	#
787	1746708	9	32	34	36	#
788	3359580	3	9	18	22	39	45	#
789	1016050	52	62	#
790	1697165	18	20	35	#
791	2055372	23	29	30	34	39	#
792	1125683	11	27	#
793	1053305	0	49	61	#
794	3046847	4	12	17	38	#
795	1764621	13	55	#
796	1197297	28	42	#
797	1721811	7	52	57	#
798	1573964	46	61	#
799	3589609	12	19	50	51	#
800	2354123	6	49	59	#
801	4466509	23	33	41	46	55	#
802	2655497	0	4	38	#
803	2028587	14	28	31	42	#
804	3425863	0	11	21	28	#
805	1806269	12	59	#
806	1666974	7	25	42	56	#
807	3547852	0	22	56	61	#
808	1284667	16	34	#
809	2371020	19	37	59	#
810	6186632	22	31	36	50	55	56	59	#
811	1640003	3	30	#
812	2912150	3	20	36	#
813	2893573	3	12	32	35	54	57	63	#
814	1920210	20	30	#
815	3140883	2	3	35	50	#
816	1991676	28	41	63	#
817	1372075	8	58	#
818	1622507	59	60	#
819	3730100	17	27	38	53	#
820	1487610	21	35	38	46	58	#
821	1167439	20	34	#
822	1747432	53	56	#
823	1811036	32	56	#
824	2694767	2	3	38	#
825	1562192	9	28	45	#
826	1778317	28	34	#
827	1974312	5	7	44	48	56	62	#
828	2611022	5	35	41	#
829	2369828	13	24	32	40	#
830	2877306	5	38	49	#
831	4976841	3	10	19	24	59	#
832	4253847	2	37	51	57	62	#
833	1202547	23	32	62	#
834	2903865	27	36	39	40	55	#
835	4341526	3	34	42	43	56	#
836	1765519	14	52	#
837	1892948	31	45	#
838	8187962	7	20	21	22	32	39	47	56	63	#
839	2035390	33	56	59	62	#
840	1835337	17	44	#
841	2760456	2	41	47	#
842	1472378	6	62	#
843	7785230	14	22	38	40	42	48	52	54	60	#
844	2959719	26	29	34	#
845	2399644	1	16	18	#
846	1233814	4	6	#
847	2892440	1	11	25	54	#
848	1999724	32	57	#
849	1422240	9	47	#
850	2705019	20	21	35	#
851	1713606	5	15	#
852	1393519	3	25	52	#
853	1132026	3	8	#
854	1464640	29	40	#
855	2923069	39	54	63	#
856	1690394	4	15	#
857	4350074	23	37	47	52	57	#
858	1967894	16	29	36	37	42	55	#
859	5264481	2	17	21	23	25	47	54	58	60	#
860	2234168	1	59	61	#
861	1777528	39	48	#
862	3690222	13	14	17	41	#
863	3503883	8	36	39	54	61	#
864	1159057	52	60	#
865	1964639	6	54	#
866	1778260	26	42	55	#
867	1821506	13	14	62	#
868	4685596	8	13	16	47	52	#
869	1330288	20	40	60	#
870	2411430	5	21	48	51	62	#
871	5859434	10	36	39	40	46	54	#
872	2898784	15	52	60	#
873	3587208	8	25	34	45	51	58	#
874	3541457	4	12	14	15	38	46	47	48	52	60	#
875	3000993	34	35	47	62	#
876	1608100	0	26	#
877	2276226	2	51	58	#
878	1521631	25	49	#
879	3575067	23	33	35	45	56	#
880	1978966	2	53	#
881	1102207	21	36	#
882	2269969	3	4	24	25	46	62	#
883	2995000	6	20	30	#
884	3484361	17	19	22	48	#
885	3877752	30	45	50	56	#
886	1154929	8	23	#
887	1950595	5	19	#
888	1666484	0	36	#
889	6011007	2	5	9	20	30	37	57	58	#
890	1126062	2	7	#
891	1974009	0	27	31	41	#
892	1300657	50	52	#
893	2936618	11	21	46	#
894	2970494	1	36	37	#
895	2585641	48	49	59	#
896	1923993	39	56	#
897	3834288	8	34	48	51	58	#
898	1963938	3	46	#
899	1034048	31	57	#
900	5503508	0	4	11	13	18	21	25	48	52	55	#
901	3199649	6	9	12	47	#
902	1606333	2	9	#
903	1223489	19	23	#
904	2065514	18	19	38	45	#
905	1935218	34	51	#
906	1268571	18	20	#
907	1235440	19	29	#
908	1915892	8	55	#
909	3159237	28	37	46	47	62	#
910	3437185	11	27	28	48	49	50	#
911	3573578	13	23	33	56	#
912	1617100	1	11	19	#
913	1827592	6	36	#
914	1573983	15	26	#
915	2082559	19	26	36	43	58	59	#
916	2485445	13	21	28	45	#
917	1633492	22	40	44	#
918	2261398	13	23	55	#
919	2774691	9	24	44	57	#
920	1936265	9	10	49	61	#
921	5459197	6	11	22	40	49	54	#
922	4313067	2	14	27	34	48	#
923	2553608	16	17	46	#
924	2958780	7	8	29	#
925	1111516	6	51	#
926	2463017	18	25	39	#
927	3347462	15	20	60	62	#
928	3045395	8	11	14	61	#
929	1820620	6	16	#
930	1804358	4	26	#
931	2154125	1	28	50	#
932	1568628	46	48	#
933	2514983	5	6	11	14	49	#
934	6419344	5	12	15	35	38	45	62	#
935	2965161	25	45	51	#
936	2221975	15	18	32	37	38	40	55	#
937	976563	13	61	#
938	5834250	10	13	16	43	47	49	59	#
939	1767727	34	36	50	#
940	2594070	2	37	48	#
941	4370614	6	28	42	54	56	#
942	4977005	18	31	34	35	46	#
943	2228159	7	11	48	52	62	#
944	1947014	2	19	47	49	#
945	2411300	7	10	22	27	45	#
946	2273262	21	54	56	#
947	2824784	13	22	46	#
948	1979267	5	45	#
949	3959335	10	20	52	53	59	#
950	2852002	1	21	38	51	#
951	1590655	17	47	#
952	1812937	5	60	#
953	1931489	49	54	#
954	1619980	24	34	#
955	1840301	52	56	59	#
956	3334072	15	36	42	45	#
957	2493383	12	18	28	34	39	#
958	4251592	7	19	23	36	51	#
959	1514125	16	52	#
960	1551898	47	57	#
961	1616601	21	44	#
962	1874892	26	50	#
963	2581335	19	32	51	#
964	3236543	4	23	31	35	#
965	4294312	16	24	25	35	60	#
966	1330641	3	24	56	#
967	1086265	21	28	#
968	1022121	47	50	#
969	1802304	2	21	34	#
970	4636245	2	20	26	52	60	#
971	3279530	22	38	51	62	#
972	2551731	6	8	58	#
973	2988465	7	21	35	#
974	1894001	21	57	#
975	1597900	17	63	#
976	1977620	15	31	#
977	1501281	19	37	48	#
978	2195023	15	19	43	62	#
979	1840182	16	33	42	60	#
980	4102520	0	6	31	41	43	44	#
981	1568577	1	33	#
982	1200061	17	41	#
983	5818101	10	12	21	35	43	49	60	#
984	4830290	4	14	17	34	42	50	58	#
985	1132932	26	58	#
986	1739603	38	45	52	#
987	1743376	17	53	#
988	1242658	27	55	#
989	1528718	30	59	#
990	5903263	3	24	30	37	58	60	#
991	6363293	0	12	15	25	30	35	39	40	42	53	#
992	6919551	13	16	28	33	36	37	39	#
993	5281486	4	7	18	26	32	35	49	53	#
994	1374881	18	61	#
995	2098614	11	50	52	#
996	1118626	26	54	#
997	1091897	40	47	#
998	1806068	33	38	#
999	3678549	10	11	13	57	#
1000	1007650	7	18	23	#
1001	1394902	12	57	#
1002	1511387	3	35	#
1003	997102	33	44	#
1004	2219455	2	5	20	46	#
1005	2286624	24	34	44	#
1006	1865596	14	21	47	#
1007	1554675	33	55	#
1008	1704856	20	36	44	#
1009	1201288	4	58	#
1010	1145875	47	56	#
1011	3391621	16	18	23	58	#
1012	2881515	35	41	42	#
1013	1017417	0	34	#
1014	3634804	18	49	55	60	#
1015	9016897	1	11	20	36	45	49	55	56	57	60	62	63	#
1016	3552472	7	19	25	55	#
1017	2527867	21	26	50	58	#
1018	1309388	53	55	#
1019	3287566	9	34	47	48	51	#
1020	1981559	14	50	#
1021	1095104	32	33	#
1022	2184589	12	34	50	#
1023	1886251	1	21	25	#
1024	2607638	19	21	28	30	35	40	49	#
1025	3211121	14	16	38	62	#
1026	2485654	0	16	24	#
1027	1540964	11	16	18	39	#
1028	1233555	10	43	#
1029	7292622	1	4	5	13	24	27	33	39	40	43	48	53	56	62	#
1030	4467911	1	16	38	42	44	#
1031	2675679	15	26	34	#
1032	2270914	7	49	60	#
1033	2140650	13	17	19	#
1034	1145172	34	58	#
1035	2600060	18	33	52	60	#
1036	3011628	17	22	38	54	#
1037	1392028	9	18	33	53	#
1038	1102909	12	52	62	#
1039	2779767	4	15	17	24	#
1040	3744404	6	16	23	28	42	50	51	#
1041	1219144	13	22	#
1042	3280639	9	10	27	42	50	#
1043	1794684	25	48	#
1044	1536735	15	41	#
1045	2225595	7	19	22	35	57	#
1046	3061044	28	29	36	54	#
1047	1029791	18	40	#
1048	4376709	13	15	50	54	59	63	#
1049	1474144	28	47	55	#
1050	1750673	0	13	16	27	#
1051	1192600	14	36	#
1052	1789648	15	47	56	#
1053	1697628	9	45	59	62	#
1054	1469267	15	28	#
1055	3097264	26	31	44	51	#
1056	6493459	10	11	15	18	28	29	51	#
1057	5614075	14	18	19	26	31	60	#
1058	1819006	50	56	#
1059	2912481	3	22	37	52	53	59	#
1060	1763036	21	49	#
1061	1559336	47	62	#
1062	2537485	9	35	55	61	#
1063	2199712	6	16	26	37	#
1064	1310395	24	27	44	#
1065	2641496	4	55	61	#
1066	1556386	3	61	#
1067	1330177	11	34	55	#
1068	4058539	15	20	31	34	36	#
1069	1043647	19	55	#
1070	2700523	2	10	27	50	55	58	#
1071	2384343	2	32	59	#
1072	1703592	20	47	#
1073	1578202	31	40	#
1074	2703791	20	32	54	#
1075	5821109	6	14	16	31	37	58	#
1076	1532783	20	56	#
1077	2931004	8	28	36	#
1078	2801914	6	8	25	44	#
1079	1444635	22	47	#
1080	3694894	4	13	14	42	57	#
1081	7468721	7	16	17	30	41	46	49	54	56	59	#
1082	1790360	30	45	#
1083	1234377	3	50	59	#
1084	1231359	5	20	#
1085	2449000	24	47	50	54	58	#
1086	2206845	0	6	15	32	35	36	45	#
1087	1949571	26	30	#
1088	2830083	7	27	34	#
1089	3778739	36	43	59	61	#
1090	3265848	19	30	33	39	44	#
1091	2040235	22	39	55	#
1092	2374249	0	16	44	#
1093	2172322	26	40	58	#
1094	3664318	3	11	30	47	63	#
1095	1704847	17	40	#
1096	4747692	9	22	29	36	40	#
1097	1389385	38	50	#
1098	2435840	1	46	56	#
1099	3105414	1	24	28	39	#
1100	1617960	51	63	#
1101	1378850	3	39	#
1102	1236496	13	42	#
1103	6657299	0	1	13	22	40	46	47	57	#
1104	1203848	21	61	#
1105	2442493	1	21	62	#
1106	2454055	24	29	32	61	62	#
1107	1986989	45	55	#
1108	6832601	8	17	29	33	34	38	39	44	57	#
1109	1209792	11	38	#
1110	1723367	15	42	#
1111	2736409	0	3	36	59	61	#
1112	3565544	10	14	31	40	#
1113	2183674	17	19	33	51	#
1114	6749244	13	28	42	53	56	57	60	#
1115	3148542	8	10	11	18	21	46	49	#
1116	4512882	11	12	37	52	56	#
1117	5987907	2	32	36	37	38	41	#
1118	8822311	3	15	21	27	35	36	43	50	52	60	#
1119	1869347	5	40	#
1120	1808462	18	43	58	#
1121	1218811	3	59	#
1122	2603752	36	45	46	#
1123	1282332	22	30	#
1124	1432906	33	39	47	#
1125	2319393	12	15	47	#
1126	1117438	36	40	#
1127	1908594	0	41	#
1128	1429132	13	47	#
1129	1335624	3	33	#
1130	1459555	0	19	#
1131	2731977	2	24	40	#
1132	2962301	0	55	56	#
1133	1831830	12	17	46	#
1134	1541832	33	61	#
1135	1129261	2	30	#
1136	3922442	0	15	27	50	#
1137	3736310	11	20	22	56	#
1138	1584114	6	46	#
1139	1716480	35	62	#
1140	1061121	58	60	#
1141	1430461	9	59	#
1142	1494924	3	6	8	22	40	#
1143	1007717	12	22	#
1144	3496725	7	25	26	58	#
1145	1849559	17	21	#
1146	1341123	33	40	#
1147	1437293	2	20	#
1148	1080358	5	51	52	#
1149	2819868	11	16	27	#
1150	2799928	0	2	7	11	16	#
1151	1806238	23	40	45	#
1152	2612006	14	52	62	#
1153	1080119	18	62	#
1154	2359465	19	60	61	#
1155	1216235	39	45	#
1156	1611538	42	45	52	#
1157	2066595	28	37	56	#
1158	1360994	25	36	#
1159	7278561	26	32	33	34	42	50	51	53	57	63	#
1160	3217255	23	34	43	54	59	#
1161	985441	11	33	43	#
1162	2664689	1	12	13	30	48	51	#
1163	4694482	7	22	26	39	46	48	#
1164	2088448	11	24	52	#
1165	5690397	2	9	16	27	33	34	42	43	53	57	59	63	#
1166	1836013	4	7	#
1167	1282878	20	38	#
1168	4214528	3	24	32	35	53	58	61	#
1169	2493500	14	40	45	54	55	#
1170	2646242	8	17	23	25	#
1171	1349405	8	33	#
1172	1796034	35	63	#
1173	2133854	6	13	57	#
1174	2209956	4	5	6	16	#
1175	3206506	17	34	47	57	#
1176	3415057	0	2	28	56	63	#
1177	1776220	2	20	23	50	#
1178	1930736	1	15	#
1179	2066020	2	25	38	42	43	57	60	#
1180	1610683	46	50	#
1181	2176664	51	52	63	#
1182	1009916	7	52	#
1183	2718705	3	24	32	59	#
1184	2900150	9	12	19	47	62	#
1185	1648707	20	23	#
1186	2869794	6	19	21	42	56	#
1187	1645760	9	18	45	63	#
1188	1236722	5	7	#
1189	2792636	0	33	52	#
1190	2749194	15	25	37	#
1191	1709676	30	39	#
1192	3728538	1	26	41	44	61	#
1193	3479401	23	39	48	50	#
1194	1927754	0	4	5	40	44	#
1195	4340335	5	20	23	34	40	52	54	57	#
1196	1942390	47	48	#
1197	5580177	6	16	31	34	39	44	50	#
1198	1423141	5	42	#
1199	2491134	20	55	59	#
1200	1513087	10	59	#
1201	1080476	8	22	#
1202	1736508	12	38	#
1203	1120052	10	53	#
1204	1222849	27	31	#
1205	2386002	1	6	51	#
1206	2048854	18	23	49	#
1207	2678506	5	11	25	31	44	#
1208	3379825	5	22	25	58	#
1209	2287834	7	8	32	62	#
1210	2065459	5	50	53	#
1211	4906389	9	20	27	38	39	53	#
1212	3733104	2	6	14	32	40	#
1213	3196021	2	17	37	42	63	#
1214	7350657	14	21	33	37	41	59	61	62	#
1215	2141047	14	29	38	#
1216	1406022	9	52	#
1217	3822257	12	20	31	36	#
1218	3031506	22	25	39	56	62	#
1219	1949894	5	24	#
1220	2675030	2	22	33	43	55	58	#
1221	1561288	24	26	36	51	#
1222	1100174	26	38	#
1223	2501125	9	26	42	#
1224	8295821	1	2	4	13	30	41	44	48	55	57	62	#
1225	1069855	49	50	#
1226	1866845	14	15	#
1227	2749301	6	32	38	40	#
1228	1606019	46	63	#
1229	1256576	0	27	#
1230	1825503	23	48	55	56	#
1231	1461693	41	60	#
1232	4666795	2	19	22	37	41	51	56	57	#
1233	2884357	0	13	35	#
1234	1704705	2	41	62	#
1235	3704723	26	28	35	56	#
1236	1976480	38	40	#
1237	1484411	12	13	57	#
1238	3767229	3	8	46	48	54	55	60	#
1239	2034664	10	11	20	#
1240	1773493	12	45	52	#
1241	4542943	8	16	25	42	57	#
1242	1867337	19	61	#
1243	1744166	3	38	#
1244	1411241	32	36	#
1245	2702955	13	18	29	#
1246	3625060	13	22	57	59	#
1247	2338161	3	9	13	23	26	37	39	48	#
1248	2762589	0	28	62	#
1249	4523383	0	4	12	23	47	#
1250	1410807	17	41	57	#
1251	5998970	5	23	38	48	50	63	#
1252	2663942	13	34	48	#
1253	1274765	14	27	#
1254	2440321	3	5	20	33	34	39	#
1255	1814970	31	55	57	#
1256	1461782	27	32	39	#
1257	3986745	6	37	44	51	#
1258	1555654	9	11	37	#
1259	2810908	6	12	13	15	16	17	26	30	36	38	53	57	#
1260	1637155	3	31	37	51	#
1261	1876267	8	57	#
1262	1488040	50	63	#
1263	2164923	6	18	29	42	#
1264	1634724	29	46	#
1265	10194654	0	6	8	17	18	25	40	42	43	48	50	54	55	#
1266	1913723	10	14	31	59	62	#
1267	2929142	29	33	59	#
1268	2118204	12	39	47	59	#
1269	1226643	24	63	#
1270	1166163	1	42	#
1271	3716413	1	18	34	41	45	#
1272	1605894	9	37	49	#
1273	1798955	30	57	#
1274	5264863	2	9	15	42	48	59	#
1275	3944706	4	30	48	59	#
1276	1065975	6	45	#
1277	3526880	8	33	37	41	43	#
1278	2263289	5	14	15	#
1279	3469252	1	5	6	7	24	27	29	50	52	#
1280	2222676	4	22	26	27	42	63	#
1281	1821214	5	41	46	#
1282	1690912	9	31	#
1283	2698857	27	32	43	#
1284	1960656	28	41	53	#
1285	1654247	4	40	#
1286	1896258	6	13	#
1287	2796676	2	16	25	#
1288	3018201	28	37	52	53	#
1289	2993235	21	23	54	#
1290	1870917	23	24	31	52	#
1291	1781788	6	53	#
1292	1354580	24	43	#
1293	1325818	20	46	#
1294	2050652	11	18	61	#
1295	3738276	2	3	12	21	38	45	#
1296	1736426	4	32	48	#
1297	2911949	23	42	50	#
1298	2517648	5	12	15	16	20	22	23	25	32	40	45	47	62	#
1299	1609223	27	43	52	#
1300	6102727	25	33	34	44	46	52	54	#
1301	1176169	20	24	40	#
1302	1737353	19	20	#
1303	1267557	45	58	#
1304	1822466	3	37	50	#
1305	1128004	17	56	#
1306	1766463	10	27	43	#
1307	3236075	25	42	47	53	#
1308	1403367	29	58	#
1309	1251046	24	60	#
1310	1659611	0	40	#
1311	1811081	8	25	#
1312	2150668	33	41	53	#
1313	1358533	3	44	#
1314	1457431	31	55	#
1315	1747815	3	45	#
1316	3280593	12	16	23	35	37	46	62	#
1317	1970824	44	57	#
1318	2760286	40	49	57	#
1319	1620883	7	28	32	#
1320	2089928	4	14	21	#
1321	4545443	8	21	28	40	46	52	#
1322	3277742	4	12	34	60	#
1323	5545035	5	26	31	32	38	39	40	54	57	59	#
1324	2918306	5	34	39	40	56	#
1325	1319063	19	26	55	#
1326	2903495	21	49	57	#
1327	7885831	6	12	18	45	48	50	55	62	#
1328	4039163	8	25	37	46	57	63	#
1329	2524860	2	4	38	#
1330	1584702	7	11	#
1331	1353368	21	63	#
1332	3258428	0	1	13	16	24	31	44	62	#
1333	3580069	10	14	35	38	50	63	#
1334	1511341	24	26	#
1335	3586493	30	45	50	60	#
1336	3117233	1	13	35	44	49	#
1337	1260890	4	23	#
1338	2112216	0	1	63	#
1339	4683776	0	7	10	29	30	35	38	56	#
1340	1389757	15	43	#
1341	1912367	2	5	17	35	38	42	62	#
1342	1777587	48	57	#
1343	2203798	8	20	21	46	#
1344	1278501	5	29	#
1345	3149158	12	13	16	21	#
1346	1711279	47	63	#
1347	2896528	0	11	29	31	#
1348	2071343	21	56	61	#
1349	1472122	13	24	#
1350	3978890	3	24	31	51	58	#
1351	2249764	29	35	44	#
1352	2739825	8	26	58	#
1353	3787336	3	11	21	23	28	#
1354	2719170	31	32	43	#
1355	1346988	9	13	#
1356	1401412	16	28	31	43	#
1357	3211554	8	22	34	55	56	#
1358	1502784	9	15	#
1359	1856782	9	52	59	#
1360	2131257	0	5	29	46	#
1361	2548136	42	57	63	#
1362	1117208	14	33	#
1363	2340638	0	24	40	#
1364	3594214	31	34	49	53	#
1365	1294056	14	41	42	#
1366	3716615	0	3	29	32	40	51	#
1367	1925432	11	24	#
1368	3074823	5	24	37	58	#
1369	3364785	8	28	30	42	45	47	60	#
1370	2544349	6	12	15	27	31	34	41	59	61	#
1371	1544824	20	33	50	#
1372	1667810	25	35	#
1373	2908985	2	5	58	#
1374	2138272	0	8	14	#
1375	1881497	3	20	#
1376	1725253	2	50	#
1377	1671603	30	40	#
1378	2723017	23	49	53	#
1379	2995575	26	51	58	#
1380	2270967	1	32	41	60	#
1381	1000350	7	58	#
1382	1187669	27	54	#
1383	1708361	50	62	#
1384	2157665	10	37	54	#
1385	2014544	37	46	63	#
1386	1536926	9	55	#
1387	1212399	1	16	#
1388	1457338	21	26	#
1389	1096843	2	63	#
1390	1542997	11	19	39	54	#
1391	1321152	22	25	#
1392	4918189	3	22	44	52	55	63	#
1393	1692996	25	54	#
1394	1934172	9	60	#
1395	2613572	16	20	27	36	51	#
1396	1518405	1	50	#
1397	3642360	1	36	46	60	63	#
1398	1917540	39	62	#
1399	1273664	12	27	#
1400	1145730	12	31	#
1401	2373016	1	16	43	#
1402	2026583	16	17	44	61	#
1403	1742301	27	50	#
1404	1402547	7	19	#
1405	2174426	0	15	38	60	#
1406	2892245	11	12	43	45	58	#
1407	1858107	21	51	58	#
1408	1925620	19	47	#
1409	1442974	3	7	#
1410	1873071	7	47	#
1411	2028508	20	28	45	52	#
1412	1398073	35	43	#
1413	1545066	24	36	#
1414	2994907	9	15	20	43	#
1415	2182528	21	31	36	39	#
1416	1959880	9	43	#
1417	1539911	16	24	33	#
1418	1651928	11	20	56	#
1419	1233392	35	39	#
1420	2938348	1	13	15	18	28	33	34	45	#
1421	4546993	45	47	48	52	53	63	#
1422	4558686	0	30	33	53	62	#
1423	1694127	1	8	40	#
1424	2128510	21	27	33	42	43	54	#
1425	3568870	0	5	8	14	19	31	40	47	58	#
1426	3396025	1	14	39	54	#
1427	1796972	42	63	#
1428	3601262	4	32	43	53	#
1429	1967481	10	19	37	50	#
1430	3879296	1	11	12	56	#
1431	1743402	42	44	#
1432	1564266	8	52	#
1433	2373067	18	45	60	#
1434	3244304	0	24	35	40	#
1435	3450217	5	19	26	52	#
1436	1670860	10	25	27	#
1437	1352040	14	23	25	29	#
1438	1728036	17	61	#
1439	3612026	5	35	38	43	#
1440	2114772	37	39	63	#
1441	5128977	3	6	18	28	47	51	#
1442	4251932	6	7	12	13	37	#
1443	2112097	18	19	31	56	#
1444	2121483	0	37	40	42	62	#
1445	1500469	16	59	#
1446	3174097	0	38	51	61	#
1447	2695961	4	30	44	59	#
1448	2239048	29	32	37	#
1449	1764895	15	20	#
1450	1876366	5	15	23	25	28	56	#
1451	2979299	9	47	57	#
1452	1886895	37	46	#
1453	5454903	15	27	46	57	58	63	#
1454	1861056	38	53	58	#
1455	2861850	32	60	62	#
1456	2927497	8	10	51	#
1457	1359434	16	28	#
1458	1523144	13	39	#
1459	1520440	10	11	55	#
1460	2120448	2	15	42	58	#
1461	4042998	14	25	37	42	58	#
1462	1387608	13	45	#
1463	2385459	23	42	48	#
1464	1631415	20	62	#
1465	2887446	8	13	14	15	56	#
1466	1771451	26	31	55	60	#
1467	5134945	0	3	10	11	16	36	56	#
1468	3727534	12	30	32	60	#
1469	3391546	4	18	25	33	36	50	53	54	59	#
1470	1762059	45	46	#
1471	2036857	0	6	8	36	47	60	#
1472	3231929	4	14	21	55	60	#
1473	1839125	0	1	50	#
1474	1252773	38	57	#
1475	1489334	10	45	#
1476	2926126	1	2	3	5	13	14	27	30	33	41	#
1477	2247928	7	12	62	#
1478	3941890	7	10	23	29	31	#
1479	1383589	38	41	49	62	#
1480	1350146	1	42	59	#
1481	3495642	7	9	20	58	#
1482	1996556	3	11	#
1483	2801311	22	33	37	52	#
1484	2400090	40	58	59	#
1485	3707094	3	5	30	51	56	59	#
1486	3782501	15	46	50	51	59	#
1487	5454579	0	18	21	24	27	50	58	#
1488	2659939	26	27	53	#
1489	1775705	1	54	#
1490	2917273	4	14	26	32	58	#
1491	1620920	25	27	#
1492	1677563	8	21	#
1493	1552291	11	22	32	41	#
1494	3184166	8	30	42	58	#
1495	1041009	11	54	#
1496	1639392	11	14	53	57	62	#
1497	1939290	4	53	#
1498	1215612	20	50	#
1499	4093928	0	3	18	19	27	41	61	#
1500	3431132	19	21	22	60	#
1501	2965447	41	52	63	#
1502	2705545	41	48	51	54	57	#
1503	7322851	1	6	19	27	35	47	50	58	#
1504	5629093	3	6	28	48	49	62	#
1505	1832884	19	20	26	45	46	#
1506	3820512	12	15	21	46	56	#
1507	2770819	7	19	49	#
1508	1674350	0	47	#
1509	3320542	7	24	40	43	#
1510	1557099	30	53	59	#
1511	2524357	14	61	62	#
1512	1053639	9	11	#
1513	1942475	28	49	55	63	#
1514	1108355	7	39	#
1515	3033455	14	30	35	43	45	48	49	#
1516	2206941	6	20	21	24	#
1517	1333986	46	54	#
1518	1667125	2	11	61	#
1519	4463351	1	19	20	43	60	63	#
1520	2282738	19	27	61	#
1521	1891705	26	41	#
1522	1427328	17	22	#
1523	5359109	4	10	13	20	27	43	46	54	#
1524	3200137	28	40	50	60	#
1525	2724815	33	39	46	47	61	#
1526	1453012	25	50	#
1527	1984709	28	51	#
1528	3169479	3	8	38	46	48	52	53	#
1529	3526538	5	8	30	38	58	#
1530	4504005	10	20	27	30	40	59	#
1531	2512105	14	49	62	#
1532	2558427	18	24	33	54	#
1533	2481822	4	9	16	#
1534	2916389	21	24	28	#
1535	2123949	42	51	54	#
1536	2022929	4	34	44	#
1537	1192667	18	19	52	#
1538	1652167	12	26	51	#
1539	1610636	17	31	#
1540	3471759	5	6	18	37	#
1541	2956107	10	28	31	#
1542	1244070	44	50	#
1543	3401437	25	39	53	56	58	#
1544	4001042	7	15	18	39	56	#
1545	2996038	21	23	36	42	50	#
1546	1395869	8	27	58	61	#
1547	1852291	44	63	#
1548	1659888	17	25	#
1549	3880169	5	9	18	30	#
1550	1033474	12	56	62	#
1551	1533445	8	32	34	#
1552	2583675	6	19	29	#
1553	1310842	6	60	#
1554	2416781	0	4	13	#
1555	2497896	3	23	51	#
1556	2213964	3	25	26	35	43	#
1557	3616044	14	41	61	63	#
1558	1580183	15	22	#
1559	1942995	44	49	#
1560	4273955	16	33	37	51	60	62	#
1561	2305509	1	9	11	14	#
1562	1766915	13	15	25	#
1563	2974439	33	40	48	#
1564	1360337	7	31	#
1565	3288596	10	17	19	21	#
1566	2791630	9	22	30	53	#
1567	1202060	6	50	#
1568	1010680	39	47	#
1569	2642435	10	21	61	#
1570	1647636	16	51	#
1571	2197863	6	15	43	#
1572	1059365	22	59	#
1573	2457411	1	12	55	#
1574	3466350	18	24	25	55	#
1575	2012159	6	11	62	#
1576	2893657	39	40	60	#
1577	2448658	47	57	58	#
1578	6815316	4	17	18	21	22	27	28	34	42	#
1579	1344735	47	53	#
1580	1798878	15	44	#
1581	2172960	17	24	25	#
1582	2790423	10	20	30	#
1583	2354739	14	32	57	#
1584	1787028	12	18	26	39	40	#
1585	1905402	20	35	49	#
1586	2013386	4	8	45	#
1587	1965923	1	10	#
1588	2532919	20	29	51	#
1589	1405920	2	43	#
1590	1780259	12	15	24	32	35	#
1591	1508352	6	11	23	32	#
1592	6814906	9	16	29	45	50	54	60	#
1593	2656557	21	28	43	#
1594	1529074	32	40	#
1595	2303989	5	16	29	#
1596	2360357	26	36	60	#
1597	1015192	8	17	#
1598	1692744	1	62	#
1599	2160505	18	26	35	46	#
1600	2751680	7	16	31	#
1601	2164947	19	28	34	#
1602	1663750	14	22	37	#
1603	1362742	13	32	#
1604	2261520	35	45	59	60	63	#
1605	2143263	1	7	26	#
1606	1928041	0	27	28	32	39	#
1607	2290980	10	11	13	23	31	#
1608	1458247	29	45	#
1609	2830904	50	53	54	59	#
1610	1495873	23	58	#
1611	1627422	1	7	23	#
1612	5565306	9	15	20	23	46	49	60	#
1613	3098184	14	22	32	51	#
1614	1246759	3	4	#
1615	2119763	1	45	60	#
1616	996789	21	56	#
1617	5569864	7	11	23	36	55	56	#
1618	2735770	40	47	60	#
1619	1823908	5	18	#
1620	2358321	21	22	44	51	#
1621	4417094	30	35	48	58	60	#
1622	2589188	4	6	12	20	43	#
1623	1919204	10	13	#
1624	2609963	33	35	36	45	53	#
1625	2374031	25	36	55	#
1626	1079946	13	35	#
1627	4762836	8	15	17	39	48	#
1628	1414510	2	59	#
1629	1255032	4	8	60	#
1630	1574885	1	2	#
1631	4512487	22	30	37	40	54	55	#
1632	2566140	35	36	48	#
1633	1293430	15	53	63	#
1634	2467100	43	47	51	#
1635	1332842	41	47	#
1636	1538280	6	15	#
1637	1929929	0	7	18	39	#
1638	1194375	5	47	#
1639	2962408	0	5	6	12	15	26	30	35	52	#
1640	2661538	4	24	48	51	#
1641	3761253	22	28	40	46	#
1642	5303941	3	5	7	10	14	18	24	#
1643	2321291	18	33	43	45	#
1644	2363135	17	20	31	#
1645	2197412	8	29	49	60	#
1646	1163504	23	26	53	#
1647	1748049	9	42	47	56	#
1648	1134248	5	10	#
1649	5037481	0	12	20	21	31	38	61	#
1650	1257555	33	54	#
1651	3827512	1	25	55	56	#
1652	3288756	6	24	39	57	#
1653	4454907	13	17	23	43	51	59	#
1654	9957188	10	18	20	23	27	36	47	48	50	62	#
1655	3976299	1	32	39	42	63	#
1656	2231318	29	54	58	#
1657	2825301	10	50	53	#
1658	1313018	36	38	#
1659	2800416	1	10	32	#
1660	2508337	24	25	36	40	46	#
1661	1428855	26	58	63	#
1662	2821294	1	7	33	35	52	#
1663	2108924	27	32	53	#
1664	1343286	14	57	#
1665	1193993	24	51	#
1666	6753211	2	5	9	14	19	30	52	#
1667	2732727	3	11	27	56	58	#
1668	1248103	17	28	50	#
1669	1231852	2	28	55	#
1670	3556160	49	57	58	61	#
1671	2128725	2	12	21	26	35	44	45	#
1672	2853520	12	35	37	#
1673	3221335	6	13	23	55	#
1674	3051552	0	35	50	55	58	#
1675	4254883	14	18	32	41	46	49	#
1676	5675422	6	33	39	45	48	56	61	#
1677	3257621	0	31	35	49	#
1678	1411223	35	48	55	#
1679	3328425	11	14	34	52	#
1680	1780885	31	39	44	#
1681	1892279	1	58	59	63	#
1682	3713182	4	20	21	28	32	45	#
1683	1750577	36	49	#
1684	1846234	5	38	#
1685	1621564	21	34	47	#
1686	2235794	4	9	12	18	26	30	46	62	#
1687	1520802	6	31	#
1688	6594657	10	14	19	22	23	26	48	#
1689	5110776	5	7	10	35	41	42	43	54	#
1690	3488225	17	31	54	56	#
1691	3006763	18	40	42	50	60	#
1692	2030641	29	51	61	#
1693	1986595	2	4	55	#
1694	1489480	39	41	49	50	#
1695	2924732	12	25	46	53	#
1696	3868606	23	29	33	53	#
1697	3130287	12	21	28	29	43	46	#
1698	2338209	27	45	61	63	#
1699	1566963	26	45	56	#
1700	2921760	4	10	28	39	45	53	#
1701	2438496	8	14	25	60	#
1702	7538765	2	21	30	37	38	39	52	54	56	#
1703	1010376	24	42	#
1704	1075041	8	51	#
1705	4008575	6	15	21	24	50	#
1706	1569271	35	41	#
1707	3056215	5	11	14	26	35	#
1708	3036186	4	20	26	45	54	56	#
1709	2824686	10	38	61	#
1710	2478567	9	21	52	#
1711	1415809	2	36	39	#
1712	1278393	50	61	#
1713	2162353	2	25	58	#
1714	1028010	21	31	46	#
1715	5453390	14	21	25	31	37	41	50	#
1716	1847820	20	54	#
1717	2727252	23	41	63	#
1718	2941385	20	44	53	#
1719	2556900	6	30	49	#
1720	1098569	1	26	49	#
1721	2554576	53	55	62	#
1722	1600763	16	55	#
1723	1274851	7	25	40	62	#
1724	2191279	36	51	57	58	#
1725	2401233	13	24	26	61	#
1726	2526891	40	47	50	56	#
1727	2583273	1	33	41	#
1728	1777318	11	63	#
1729	2931932	8	11	13	14	28	49	#
1730	7992185	2	22	24	28	30	32	34	37	41	51	63	#
1731	2907416	8	19	61	#
1732	1462094	49	58	#
1733	2131805	4	42	61	#
1734	1623970	56	58	#
1735	2817518	14	15	27	30	53	#
1736	3611933	8	10	11	22	24	37	45	#
1737	2305362	26	34	50	#
1738	1700020	49	51	#
1739	4787418	14	19	24	30	32	33	41	47	51	#
1740	2708423	9	11	51	#
1741	4740453	2	13	35	45	57	#
1742	1692452	16	60	63	#
1743	4726199	12	37	42	46	51	#
1744	2591830	7	19	35	51	#
1745	2678687	2	21	33	37	39	48	49	56	#
1746	3920052	28	41	54	62	#
1747	2660360	14	17	35	41	47	49	52	#
1748	2974116	0	27	47	#
1749	3711738	6	8	19	37	#
1750	2349623	13	16	20	24	27	48	#
1751	1603942	38	56	#
1752	3583298	4	10	13	14	26	58	#
1753	1219032	4	34	#
1754	6853864	4	15	23	29	41	47	58	#
1755	3554750	3	32	48	51	#
1756	4146469	12	16	53	54	58	#
1757	3028350	15	25	46	63	#
1758	1601808	10	19	38	#
1759	2384911	7	15	39	#
1760	2925878	9	26	50	#
1761	1759808	30	43	#
1762	3305286	25	48	50	58	#
1763	2378868	20	60	61	#
1764	3468929	23	31	32	33	35	38	42	46	49	55	57	60	62	#
1765	2345785	8	27	43	62	#
1766	4723638	1	46	55	61	63	#
1767	3908796	5	17	38	50	#
1768	2561336	11	19	22	#
1769	1013704	11	26	36	#
1770	2903863	0	3	11	39	56	#
1771	1168751	15	47	#
1772	2626447	2	14	24	#
1773	5292263	3	26	32	45	52	53	#
1774	1864082	13	46	49	#
1775	4414409	14	25	28	32	38	43	#
1776	2615634	1	14	23	45	48	#
1777	3408827	7	10	21	49	63	#
1778	1742928	24	35	45	#
1779	2515176	15	46	53	#
1780	1736702	24	48	#
1781	1061502	18	29	#
1782	1927997	16	38	52	60	#
1783	2805845	26	50	60	#
1784	3349524	10	16	42	47	50	#
1785	1573609	2	47	#
1786	4136670	0	7	48	50	54	62	#
1787	1493087	17	46	#
1788	1151257	23	36	#
1789	2149936	10	11	16	37	58	#
1790	1641213	2	15	37	41	#
1791	1240295	41	46	#
1792	3388153	19	20	45	56	58	#
1793	4473555	12	40	47	57	59	61	#
1794	2596832	21	47	56	#
1795	4821851	5	28	34	55	63	#
1796	1014545	0	1	#
1797	1895581	22	26	#
1798	2717841	1	7	33	46	55	#
1799	3719193	4	12	54	56	#
1800	1237425	28	31	#
1801	1034953	23	46	#
1802	2690132	0	21	25	#
1803	3156987	2	13	25	35	63	#
1804	1150668	38	52	#
1805	3320167	36	39	41	46	47	53	61	63	#
1806	1486090	32	34	55	#
1807	3051052	4	10	41	45	#
1808	2434011	2	17	23	36	39	50	#
1809	2394676	6	22	27	40	#
1810	2785334	4	18	38	#
1811	1506386	1	9	51	#
1812	6593612	18	19	30	33	45	46	54	57	#
1813	2686810	1	7	62	#
1814	2691627	4	10	20	57	#
1815	3446941	6	10	20	49	#
1816	1034450	13	50	51	57	59	#
1817	2244762	34	44	53	#
1818	1238072	54	62	#
1819	4189876	0	35	54	56	57	#
1820	1507677	23	52	#
1821	1391020	32	35	#
1822	1654590	0	28	45	#
1823	2702529	25	26	50	51	#
1824	5277888	3	13	15	23	31	32	42	48	49	55	59	#
1825	4710168	21	22	29	45	57	#
1826	2449127	0	5	41	#
1827	1276154	6	24	44	59	#
1828	3210573	20	22	31	56	61	#
1829	1001812	24	47	#
1830	3666681	2	26	59	60	#
1831	1684417	20	61	#
1832	2401875	30	43	52	#
1833	3599043	10	17	54	58	#
1834	2279088	2	14	56	#
1835	2689571	20	27	30	35	#
1836	2638632	19	23	24	28	38	#
1837	1425248	16	21	38	#
1838	1087716	7	10	12	#
1839	1991248	8	31	58	#
1840	1780286	10	23	53	#
1841	1649734	10	35	51	53	#
1842	3330726	2	44	54	63	#
1843	1399324	15	17	60	#
1844	1575235	32	34	42	#
1845	1040726	11	21	#
1846	1775918	41	47	53	#
1847	3334583	6	8	57	60	#
1848	2249626	5	16	17	25	28	54	57	#
1849	2872042	16	51	56	#
1850	3539537	8	13	22	33	51	54	#
1851	4229501	6	22	37	42	46	#
1852	3286979	0	2	30	37	#
1853	7222446	10	26	29	33	35	39	41	45	61	#
1854	4629395	1	28	41	48	53	#
1855	1110016	23	51	#
1856	1296708	36	37	43	52	#
1857	2470434	5	10	17	#
1858	6181371	20	27	34	40	56	61	63	#
1859	4276014	1	8	39	56	59	#
1860	2741467	0	10	17	32	45	#
1861	1539318	14	40	#
1862	1282698	22	39	#
1863	1605329	34	49	#
1864	1081227	18	43	#
1865	1755602	32	44	#
1866	1807706	20	45	#
1867	4806569	2	11	32	47	49	59	#
1868	1365628	4	10	#
1869	1351922	8	53	#
1870	2626313	4	17	45	#
1871	1002564	1	23	43	#
1872	3120266	1	10	26	53	57	#
1873	1188101	10	36	#
1874	10143277	1	2	7	9	32	39	42	47	52	55	56	60	#
1875	1263861	1	47	#
1876	3636010	4	23	32	41	42	54	63	#
1877	2122444	30	38	62	#
1878	1994105	31	50	#
1879	2753805	3	15	63	#
1880	2295104	14	30	59	#
1881	2575835	24	55	61	#
1882	5024985	0	10	11	29	40	58	#
1883	1540822	7	28	#
1884	1804257	3	26	#
1885	5162411	0	2	12	30	36	38	#
1886	1942998	19	38	41	#
1887	3148748	14	18	20	54	#
1888	1847185	15	18	43	#
1889	6805938	2	8	9	37	39	43	49	61	#
1890	3598150	22	50	52	54	#
1891	1857015	46	49	#
1892	1421757	8	33	42	45	#
1893	2272879	6	11	34	61	#
1894	2070707	9	28	41	52	#
1895	1140448	6	8	#
1896	1043471	31	52	#
1897	3978012	3	8	15	27	35	62	#
1898	1766043	24	33	61	#
1899	2756912	3	32	51	#
1900	1117880	12	60	#
1901	1484436	27	34	37	#
1902	1591440	28	61	#
1903	2338638	14	35	61	#
1904	3866594	4	11	13	38	#
1905	1639037	12	19	#
1906	2702766	2	27	30	42	49	51	#
1907	1275078	19	58	#
1908	1465697	0	10	#
1909	1669083	3	24	27	31	44	55	#
1910	1902873	19	51	#
1911	4330636	15	16	17	25	27	36	42	54	#
1912	2725024	14	23	34	#
1913	2118942	1	13	26	27	30	31	50	54	#
1914	3849636	19	21	42	43	50	55	#
1915	2086572	29	30	31	48	50	#
1916	2532063	39	46	57	#
1917	5688416	20	23	27	37	42	46	51	#
1918	2171583	9	19	32	#
1919	2869723	8	47	51	#
1920	1812667	6	25	#
1921	2567317	23	26	39	45	#
1922	2404179	8	26	27	50	#
1923	2324509	13	24	33	#
1924	1559810	44	61	#
1925	2750559	2	16	46	#
1926	2247833	0	31	46	#
1927	4232185	6	10	31	34	41	#
1928	1648140	1	45	#
1929	1213588	30	36	#
1930	2813822	9	44	63	#
1931	1909130	23	44	#
1932	2412410	16	33	47	49	60	#
1933	1104323	20	29	#
1934	1870209	8	22	42	#
1935	2625692	8	50	52	#
1936	2067002	15	36	54	#
1937	3204155	0	20	30	55	58	#
1938	4592881	9	21	36	39	60	#
1939	2047530	12	17	36	#
1940	2385309	5	6	47	#
1941	1684897	15	29	#
1942	1038494	8	49	#
1943	2886220	5	11	42	61	#
1944	1363278	18	19	23	#
1945	2394731	18	20	26	#
1946	2414370	4	25	57	#
1947	4041368	9	18	22	43	47	#
1948	1490823	46	55	#
1949	2315633	10	34	63	#
1950	1180095	42	51	#
1951	1528431	20	25	#
1952	1588806	6	10	#
1953	2084698	1	16	34	#
1954	3449282	22	27	44	53	#
1955	1359591	12	20	#
1956	1262868	24	46	#
1957	2987775	3	16	23	30	41	#
1958	2224470	11	31	33	63	#
1959	1298041	27	43	#
1960	4125200	4	14	21	36	51	57	#
1961	2600958	15	23	44	#
1962	1129326	3	48	#
1963	3510880	7	18	32	40	62	#
1964	5724772	4	6	11	32	35	56	62	#
1965	2541182	6	20	25	27	32	49	#
1966	2485049	24	30	53	#
1967	2457424	3	44	52	#
1968	2471919	37	56	58	#
1969	5076202	3	5	32	38	39	43	56	#
1970	1916073	6	39	#
1971	1916335	31	61	#
1972	1258741	5	55	#
1973	2893743	28	32	36	47	#
1974	2176909	13	23	24	#
1975	2363864	29	31	62	#
1976	3124150	9	13	33	60	62	#
1977	2078002	9	17	23	37	#
1978	997943	24	61	#
1979	2660565	9	43	46	47	#
1980	2320206	17	22	52	#
1981	1919472	7	8	43	51	#
1982	4349246	1	33	36	41	50	53	60	#
1983	2798807	2	5	25	#
1984	2002538	1	6	32	#
1985	2174349	7	25	26	48	54	#
1986	1785268	20	48	#
1987	2902436	3	39	43	60	#
1988	4448291	0	1	11	45	51	#
1989	3259239	7	10	25	42	#
1990	1570313	46	51	#
1991	2183159	2	3	9	16	31	41	#
1992	2956893	15	17	34	36	38	40	48	49	#
1993	1805345	34	53	#
1994	3273081	9	25	31	58	#
1995	1999771	12	47	51	#
1996	3426394	15	17	27	36	#
1997	2051284	3	25	37	58	60	#
1998	1084954	7	24	#
1999	1552142	20	56	59	#
