%% File generated by CATS v.2.1Wed Jun 19 19:07:42 2013

%% The CATS webpage is http://robotics.stanford.edu/CATS

%% PARAMETER SETTINGS:
% Goods: 64; Bids: 2000; Distribution: L4; Runs: 50; Seed: 1371663978
% Legacy distribution parameters:
% Number of goods chosen according to Decay distribution (alpha = 0.55).
% Price chosen according to Linear Random distribution (low_linearly = 1, high_linearly = 1000).


goods 64
bids 2000
dummy 0

0	944033	57	#
1	947461	14	#
2	1813554	1	48	#
3	995041	19	#
4	1358640	39	55	#
5	992853	27	#
6	958731	39	#
7	992229	24	#
8	3464601	2	7	13	29	45	52	55	#
9	975661	35	#
10	1874632	19	46	59	#
11	983875	53	#
12	968440	20	#
13	1911936	50	58	#
14	990654	44	#
15	992334	30	#
16	1372440	24	58	#
17	1755031	44	62	#
18	1457307	19	39	#
19	2189035	29	39	53	#
20	995932	5	#
21	2061879	27	31	38	60	#
22	995626	16	#
23	988054	61	#
24	981307	1	#
25	990318	3	#
26	2581907	42	47	62	#
27	982012	63	#
28	999856	32	#
29	981268	37	#
30	976228	41	#
31	4357917	2	9	13	24	34	53	56	63	#
32	4024214	1	3	11	25	30	33	55	60	#
33	4751343	2	6	7	18	53	#
34	979924	2	#
35	1620551	9	53	#
36	2268543	11	21	55	56	#
37	3136752	3	12	43	53	#
38	978472	12	#
39	992114	6	#
40	997078	29	#
41	990929	0	#
42	2679139	3	10	54	58	#
43	5502574	16	17	28	29	31	36	49	51	62	#
44	1390416	11	61	#
45	968036	48	#
46	989432	46	#
47	960286	7	#
48	974839	59	#
49	964004	43	#
50	996756	11	#
51	1338016	2	53	56	#
52	1115985	1	42	#
53	1275385	10	46	#
54	1880774	10	34	#
55	998700	22	#
56	1233777	30	38	#
57	10690110	4	8	15	19	23	25	29	32	38	46	51	55	56	57	61	#
58	1697899	9	23	43	54	#
59	964190	34	#
60	989611	17	#
61	11046172	2	4	8	10	14	17	25	27	35	37	39	40	43	51	#
62	1717559	18	22	35	#
63	1315871	22	28	#
64	1871822	41	44	#
65	1429734	51	62	#
66	1577401	33	49	#
67	960632	56	#
68	4173956	0	2	4	10	24	30	40	#
69	954311	58	#
70	977572	10	#
71	1093866	6	29	#
72	1457168	48	56	#
73	968872	4	#
74	2692790	14	22	47	#
75	914033	45	#
76	2843277	1	19	27	45	50	#
77	952548	9	#
78	1067644	18	59	#
79	951389	54	#
80	2688005	11	39	53	#
81	1734762	26	44	#
82	1844529	14	45	#
83	1299489	1	14	33	#
84	3435233	15	35	52	60	#
85	961538	28	#
86	952212	33	#
87	1893123	2	25	#
88	991026	49	#
89	938177	40	#
90	1974555	16	44	#
91	1664354	23	38	#
92	975733	51	#
93	967360	21	#
94	1849346	6	47	53	#
95	3641032	1	28	30	32	61	#
96	2418480	4	13	46	#
97	1487534	35	38	#
98	4257919	5	7	22	33	54	#
99	5642612	3	6	9	24	30	47	54	59	#
100	5341945	9	13	25	46	52	56	#
101	978260	60	#
102	1445719	3	9	39	#
103	1637108	9	40	#
104	957453	52	#
105	968015	31	#
106	1595348	18	39	#
107	992088	62	#
108	940939	18	#
109	1470051	12	23	#
110	915689	13	#
111	1687153	1	5	#
112	1821145	14	20	#
113	987886	50	#
114	965835	26	#
115	1372629	16	35	#
116	2245335	1	9	48	#
117	3096446	11	21	28	57	#
118	1955611	7	46	#
119	1747329	25	48	#
120	6375582	1	7	17	18	29	33	48	#
121	2437472	3	19	47	#
122	2060949	12	45	56	#
123	2198393	16	43	59	#
124	941046	15	#
125	1182548	8	21	57	#
126	4167172	5	15	28	29	38	49	#
127	1980858	40	54	#
128	1977503	22	44	47	#
129	1382800	17	40	#
130	3474755	4	7	45	47	#
131	2845719	42	46	50	#
132	1554613	31	46	#
133	1919565	20	38	#
134	1146704	2	36	44	#
135	1942029	1	4	26	31	46	54	#
136	1652888	25	50	#
137	2643945	1	3	12	22	29	#
138	2873496	27	30	36	37	40	51	#
139	1699442	14	39	#
140	1891970	47	62	#
141	2115106	14	15	57	61	#
142	2249857	7	27	31	32	45	59	#
143	1299663	35	58	61	#
144	896148	36	#
145	993446	47	#
146	964399	25	#
147	6764059	5	20	21	30	53	54	56	57	#
148	1491997	5	55	60	#
149	8975117	1	4	6	20	23	28	29	30	37	39	40	43	61	#
150	962407	23	#
151	1285188	26	47	#
152	2773302	19	22	26	38	39	59	#
153	1676087	13	39	#
154	4108692	14	16	24	36	45	53	#
155	2274286	28	38	43	52	61	#
156	1806309	10	28	#
157	2382156	24	26	41	#
158	1421498	8	29	#
159	997434	38	#
160	2518803	20	34	42	44	#
161	1412774	30	35	#
162	1499883	14	52	#
163	2024477	36	46	55	61	#
164	1691071	37	50	#
165	1218042	18	60	#
166	2915900	15	45	47	48	51	#
167	1967169	5	46	#
168	4496574	16	31	38	40	42	57	59	#
169	3715691	7	26	49	63	#
170	3004360	6	10	50	59	#
171	1057494	16	43	#
172	2640467	32	33	53	#
173	1299287	19	42	#
174	1491812	31	35	63	#
175	2086000	13	27	41	56	#
176	1185111	48	63	#
177	1808088	36	55	#
178	898090	42	#
179	4997537	7	13	18	43	51	52	59	#
180	3874554	29	30	31	52	#
181	1789326	35	41	#
182	2082633	31	34	60	#
183	1480738	8	18	50	#
184	1842247	0	20	#
185	3019783	9	28	35	47	#
186	2782222	13	27	33	53	#
187	2606592	1	9	12	14	33	59	61	63	#
188	1821232	32	49	#
189	985572	1	13	#
190	1267479	5	18	#
191	1962685	14	17	31	#
192	1888636	31	55	#
193	1774925	16	48	#
194	1392870	4	14	#
195	1234488	9	32	#
196	1885521	10	63	#
197	1633588	23	61	#
198	1940083	6	59	#
199	1887943	16	33	62	#
200	971471	8	#
201	1903663	0	14	#
202	1557437	16	47	58	#
203	2717620	3	11	29	45	52	55	#
204	2362300	20	28	35	41	53	#
205	1638847	9	44	#
206	1424826	0	52	#
207	1937387	37	63	#
208	1860747	16	28	50	#
209	1550939	5	19	#
210	2857874	27	28	53	#
211	1413486	47	52	#
212	2272681	2	22	41	62	#
213	3860632	19	33	38	50	#
214	2650467	15	16	25	29	41	#
215	1111513	6	34	#
216	4566190	0	5	8	48	60	#
217	1386869	0	10	#
218	1923435	35	48	#
219	1377487	16	17	#
220	2271362	32	45	57	#
221	7694912	5	8	9	22	33	36	39	41	49	62	#
222	1235468	18	20	#
223	1304036	37	59	#
224	2334741	9	24	46	#
225	2763381	29	32	52	61	#
226	3465731	3	24	60	62	#
227	6023848	21	27	33	38	39	48	50	52	55	#
228	4968710	0	13	14	33	49	#
229	2553650	31	51	57	#
230	1416968	2	9	10	17	#
231	2795236	32	33	53	57	#
232	3158420	24	36	59	60	#
233	3283944	22	26	33	59	#
234	2849266	4	7	55	#
235	1905787	11	36	#
236	995016	55	#
237	1176566	40	49	56	#
238	1679302	11	23	#
239	1806863	21	29	#
240	2354582	7	9	55	#
241	1358283	9	27	#
242	3412320	17	20	31	50	52	53	#
243	1267118	13	22	#
244	2808045	9	18	44	53	#
245	1402117	36	37	#
246	2953764	0	4	5	25	56	#
247	1512501	6	56	#
248	3773334	6	17	26	37	45	53	#
249	1594363	1	16	#
250	1504464	11	16	#
251	2873245	11	44	48	#
252	1412989	24	40	#
253	2735066	20	48	61	#
254	1940143	20	32	40	#
255	4987618	12	14	15	24	55	#
256	1054127	13	38	#
257	5443564	15	26	36	51	52	58	60	#
258	1703818	28	62	#
259	2680108	20	34	41	43	46	61	#
260	2151594	16	17	38	#
261	3497703	27	34	37	62	#
262	2880516	3	5	14	29	33	47	52	#
263	7938365	3	4	8	18	23	38	43	51	#
264	1773479	39	46	#
265	1085507	3	24	#
266	1153313	3	49	#
267	2459818	5	15	63	#
268	1986430	2	49	#
269	1621013	19	38	#
270	1404432	17	21	#
271	1987614	37	58	#
272	1846748	34	47	#
273	2745081	18	45	56	#
274	5323161	15	19	24	26	47	51	#
275	1160813	0	3	15	#
276	1156735	7	42	#
277	1271030	21	48	#
278	2342330	29	31	37	#
279	1866770	2	12	34	#
280	2948523	18	37	53	#
281	2595008	11	17	18	19	31	37	45	55	#
282	1453585	13	20	#
283	2374469	31	36	38	47	48	60	#
284	1470196	7	14	#
285	2587666	1	16	56	#
286	3000979	13	45	60	61	#
287	1247994	13	17	#
288	1628468	12	39	52	#
289	2863923	8	10	20	22	60	#
290	1620563	16	26	#
291	2214825	21	31	51	#
292	4461447	4	12	14	28	37	51	#
293	1757295	1	2	#
294	1093677	33	50	#
295	1731650	32	41	#
296	2679780	23	46	62	#
297	1932037	19	21	60	#
298	1753203	7	31	32	#
299	3135186	6	25	26	57	#
300	2000082	25	29	33	56	62	#
301	4779909	9	10	12	36	50	#
302	4694325	3	6	16	21	25	36	53	#
303	1939888	37	38	#
304	1293643	0	11	32	#
305	1781854	25	30	45	#
306	4753921	11	14	19	26	36	57	#
307	1521810	31	40	#
308	1879240	22	51	#
309	1966352	0	53	#
310	4909467	11	12	31	32	41	#
311	2152687	1	2	14	30	#
312	2596265	13	27	60	#
313	1646748	55	59	#
314	4250732	10	19	26	35	59	#
315	1766862	4	22	42	#
316	2585209	34	40	47	#
317	1099340	3	41	47	50	#
318	1512526	26	62	#
319	1067125	36	48	#
320	4478386	5	10	16	27	32	#
321	1753587	20	22	28	30	#
322	2736170	23	57	60	#
323	1793133	44	59	#
324	2883931	14	22	60	#
325	3835834	37	41	43	49	50	52	#
326	1822754	17	19	#
327	1938849	21	40	#
328	1755439	19	21	#
329	2204910	31	38	44	57	61	63	#
330	9045014	5	14	15	32	34	35	38	47	51	53	55	63	#
331	1034221	14	44	60	#
332	5810988	29	33	50	51	52	60	#
333	1956998	57	58	#
334	2643125	29	59	60	#
335	1527313	16	20	56	#
336	4257424	18	25	26	29	63	#
337	1889825	22	36	#
338	2884502	22	33	63	#
339	1577899	5	22	#
340	1794457	6	26	#
341	2776213	17	29	56	#
342	4532337	7	29	32	37	54	#
343	2871483	13	20	34	56	59	#
344	2298047	14	27	34	63	#
345	1589987	49	58	#
346	4228735	20	24	37	41	61	#
347	1755191	12	33	#
348	3494484	18	23	50	60	#
349	1888546	16	30	#
350	2178006	12	32	54	#
351	3154050	27	34	44	50	55	#
352	1358397	54	62	#
353	1201575	5	52	59	#
354	2464405	9	17	22	29	#
355	1139482	35	50	#
356	1736708	3	10	21	#
357	1890390	6	18	#
358	1889080	24	26	33	53	#
359	2984767	15	26	59	#
360	1787442	50	54	#
361	1534232	5	58	#
362	1412514	14	23	#
363	1987900	19	40	41	#
364	2301132	29	38	46	#
365	1656026	30	33	#
366	1784603	29	33	34	#
367	5618656	26	28	32	41	57	58	#
368	3213600	13	32	34	49	#
369	3167745	2	17	43	54	#
370	1849787	27	58	#
371	1746259	32	33	#
372	1724681	21	33	#
373	2646710	9	13	23	#
374	1724851	0	39	#
375	3104894	18	40	45	48	#
376	1654670	3	15	41	#
377	1976162	6	43	47	#
378	1213358	0	37	#
379	1501459	33	62	#
380	2599856	13	36	62	#
381	2075401	13	16	49	62	#
382	3978323	2	33	40	59	#
383	2916791	4	17	46	#
384	3681946	1	9	34	44	#
385	2096499	40	45	52	61	#
386	1296920	23	52	63	#
387	4646688	3	22	24	29	35	48	#
388	3831979	0	28	53	54	#
389	1212951	35	47	#
390	2160239	2	7	10	#
391	1032059	50	61	#
392	2741165	3	26	53	#
393	1664610	4	36	#
394	4739028	23	42	45	50	51	60	61	#
395	1794565	12	18	54	#
396	1041893	10	23	#
397	2044797	19	42	61	#
398	1408167	45	60	#
399	1733735	6	48	#
400	1770567	11	12	57	#
401	1247149	21	59	#
402	1406139	4	9	28	34	#
403	1902175	26	28	#
404	1614555	31	57	#
405	1328578	37	46	#
406	1691337	15	36	#
407	2607089	4	32	42	59	#
408	7561013	2	8	15	17	18	27	34	44	#
409	4432214	1	27	33	40	51	#
410	1252178	7	12	29	#
411	1921894	56	58	#
412	1180057	20	52	#
413	1083055	7	63	#
414	1578800	31	49	54	#
415	2236040	26	28	44	#
416	2406700	5	27	49	#
417	1570942	5	32	34	42	51	#
418	1502002	15	61	#
419	1967883	7	30	#
420	1800744	26	27	#
421	1780894	0	54	#
422	1951401	14	25	55	#
423	3791839	15	30	45	47	#
424	4767764	10	13	18	31	48	56	#
425	1856761	16	27	36	#
426	1993452	14	36	59	#
427	2753410	8	16	53	#
428	3244406	6	28	58	59	#
429	1568123	30	34	53	#
430	1651756	17	33	#
431	2089578	8	28	35	#
432	1027261	28	33	#
433	1291147	19	53	#
434	1058609	10	19	22	#
435	2840827	25	34	60	#
436	2126218	25	37	46	56	#
437	1290378	3	31	#
438	3338688	4	11	53	61	#
439	1854149	44	54	#
440	2033509	6	15	37	55	#
441	2537111	17	19	24	25	34	50	58	63	#
442	2173886	2	19	20	34	49	52	57	#
443	6565277	6	12	21	28	54	60	62	#
444	3855299	0	12	14	41	#
445	1570447	7	26	#
446	4128573	0	20	27	30	42	52	60	#
447	2946993	34	42	57	#
448	3845082	1	4	45	52	63	#
449	2514922	1	18	46	59	#
450	2530100	7	23	32	40	62	#
451	1997197	1	4	21	23	31	37	#
452	2512307	2	30	39	#
453	2238611	8	14	22	#
454	1318026	13	21	#
455	3436685	3	23	24	32	35	36	#
456	3288434	5	7	10	58	#
457	2862499	2	6	15	22	56	60	#
458	3465120	43	44	49	50	#
459	2741132	21	26	30	#
460	1930047	26	48	#
461	2584011	23	29	31	35	51	#
462	2725850	15	32	33	#
463	1645067	3	20	25	#
464	3351084	6	16	22	48	57	#
465	2220969	7	36	55	#
466	8253316	17	23	27	31	41	46	54	61	63	#
467	2978174	1	5	17	35	57	63	#
468	1998935	3	55	#
469	1912249	11	43	47	#
470	1184641	21	54	#
471	2828977	3	31	59	#
472	2793346	27	29	49	#
473	1946993	9	38	#
474	3398308	24	52	53	60	#
475	1674556	1	21	#
476	5625297	0	1	13	35	38	41	42	44	51	#
477	1537870	19	60	#
478	1723404	9	31	#
479	1714281	23	45	#
480	2892813	8	17	54	#
481	1379091	20	22	59	#
482	1995724	1	6	11	53	57	#
483	3843496	4	16	18	22	31	36	41	#
484	1731143	2	45	47	#
485	2529001	17	19	34	44	#
486	1967175	1	9	#
487	1892145	6	55	#
488	2820291	1	15	28	#
489	1944706	60	63	#
490	1346738	21	43	#
491	1635853	3	62	#
492	6273401	5	16	33	43	46	58	61	#
493	1434973	1	8	#
494	6938071	10	26	30	32	36	42	45	52	#
495	2115721	10	42	57	62	#
496	4592045	1	21	43	46	58	#
497	1148498	48	57	#
498	1870267	20	27	36	43	#
499	2902449	18	24	45	48	#
500	2396116	48	58	60	#
501	1349928	16	52	#
502	4865814	12	16	18	31	32	47	#
503	5420595	0	8	37	48	51	52	#
504	1444269	29	52	#
505	7932363	0	9	29	30	32	51	55	63	#
506	1902407	12	40	#
507	2527089	4	22	37	49	56	61	#
508	1592732	27	29	#
509	1775244	27	62	#
510	1757483	38	53	#
511	1849466	38	41	54	#
512	2382939	3	7	34	43	48	#
513	1454223	6	30	35	#
514	998576	0	33	#
515	1261743	2	8	59	#
516	1608814	21	32	#
517	1721537	7	25	#
518	1492767	0	28	#
519	2437346	11	16	56	#
520	6885620	12	19	40	44	50	51	53	#
521	2170706	0	7	12	20	#
522	1729365	3	32	34	54	63	#
523	3166615	1	14	23	26	54	#
524	2290640	1	16	36	#
525	2474832	5	29	52	#
526	1534713	7	24	#
527	1852696	5	48	57	#
528	1912025	8	17	#
529	1074631	14	56	#
530	1627994	19	24	#
531	4524698	9	11	13	19	25	#
532	1540792	5	40	#
533	1181534	10	17	41	#
534	3706606	0	10	26	46	#
535	1197179	30	55	#
536	1924364	29	55	#
537	4094340	4	13	21	23	29	37	38	46	#
538	1742287	5	21	#
539	2451857	10	14	20	53	#
540	2184501	2	30	50	54	#
541	2110053	25	48	61	#
542	3299815	0	16	46	60	#
543	3518651	3	33	42	60	#
544	1748137	5	23	#
545	4761214	12	24	26	55	57	#
546	1997528	17	22	38	60	#
547	1911720	6	20	34	#
548	1167666	1	29	#
549	3494186	19	24	28	31	32	38	#
550	6582786	3	24	36	47	53	54	58	#
551	2581593	7	23	39	41	56	#
552	1263683	46	49	#
553	2556639	6	33	57	#
554	2517197	18	35	41	#
555	1941413	6	9	41	#
556	1569577	24	33	#
557	4544560	4	8	13	42	46	49	#
558	1528939	16	34	#
559	2650389	13	37	57	#
560	1072669	6	36	41	42	47	#
561	2795122	2	26	49	#
562	1443348	17	27	37	#
563	2077482	5	31	34	#
564	3411410	5	7	35	45	59	#
565	1362321	0	25	#
566	1870915	42	56	#
567	1048437	29	30	37	51	#
568	4652363	13	19	21	29	44	62	#
569	1220345	1	61	#
570	1186960	30	62	#
571	2665740	7	19	23	25	35	55	#
572	2688552	22	47	55	#
573	1632316	29	40	#
574	1152824	6	21	#
575	1104425	18	58	#
576	1619032	21	22	41	#
577	2960636	16	33	34	#
578	1261146	16	45	#
579	1568146	33	40	#
580	2183789	35	36	41	43	#
581	1804029	24	29	34	35	#
582	3436856	1	19	47	52	54	#
583	1974830	2	30	38	59	#
584	5263967	1	10	20	24	34	54	61	#
585	2290877	3	8	15	22	#
586	1189980	45	54	63	#
587	1622515	1	24	#
588	2916055	21	42	49	#
589	1906273	9	29	#
590	2245076	9	48	55	#
591	1496498	12	19	30	#
592	1680977	2	14	#
593	1737553	40	46	57	#
594	1073288	33	38	#
595	2314477	6	33	38	49	#
596	2457461	2	7	38	50	#
597	3357670	11	21	32	33	#
598	2874204	16	32	49	58	59	#
599	1676477	3	38	#
600	1344763	46	61	#
601	2760321	3	4	13	32	52	#
602	1872785	7	53	#
603	3346840	14	15	33	40	#
604	5411401	3	4	6	18	30	38	52	61	#
605	4529518	20	23	30	38	39	40	52	55	#
606	2650788	24	27	48	50	#
607	2526217	48	55	63	#
608	1775156	0	8	55	#
609	3614754	2	9	21	28	36	#
610	1930350	21	31	#
611	4039141	7	23	30	38	39	#
612	1980034	53	62	#
613	4572127	5	10	23	27	56	#
614	1644854	16	62	#
615	1376982	45	59	#
616	3976038	14	18	22	34	52	62	#
617	2774347	11	16	58	#
618	1117957	11	18	#
619	1809296	4	44	#
620	2139600	7	29	54	#
621	1453614	0	6	#
622	2375564	19	22	33	38	#
623	1563822	3	7	20	#
624	1311797	6	9	#
625	1523931	16	47	#
626	1127343	18	51	#
627	3543490	2	11	18	29	36	#
628	2119990	8	13	20	57	#
629	1167378	16	27	43	#
630	3362176	10	33	34	46	#
631	3471771	9	10	11	12	21	26	31	36	41	49	51	58	63	#
632	5900519	1	7	24	29	46	57	#
633	2237478	6	12	29	39	#
634	3886556	2	14	18	32	55	#
635	1729425	25	33	#
636	4109901	1	36	42	49	52	#
637	1348760	32	60	#
638	1479656	0	56	#
639	2595350	0	23	57	62	#
640	1509258	59	62	#
641	1959938	11	23	35	#
642	2362389	9	19	20	#
643	2973401	7	21	51	#
644	3271505	3	12	26	27	42	53	#
645	1781314	18	55	#
646	2923730	19	26	43	45	#
647	1335135	4	53	#
648	1337507	2	38	#
649	2396889	2	22	30	#
650	2816391	2	9	37	#
651	2627304	10	11	26	40	56	58	#
652	1953828	2	4	26	29	#
653	1160021	32	38	#
654	4166789	7	16	22	37	39	44	#
655	6257366	0	11	27	31	36	58	59	#
656	1670144	0	23	#
657	1576601	20	61	62	#
658	3739379	0	26	27	36	#
659	2289992	32	42	57	#
660	2835682	20	34	63	#
661	2035011	3	5	19	23	26	30	32	58	#
662	2827709	24	48	57	60	#
663	1991338	40	55	#
664	5073811	0	6	7	21	29	33	40	#
665	1725759	6	13	46	#
666	1745478	10	15	31	#
667	1234933	25	45	#
668	1402098	5	50	#
669	1722982	8	22	#
670	1345913	8	25	#
671	2622677	4	5	22	29	31	41	51	#
672	1317385	44	57	#
673	1792868	1	18	20	32	51	54	#
674	2583416	6	13	51	56	#
675	2924250	1	14	24	30	31	49	50	58	#
676	3617509	10	29	31	37	#
677	1098401	1	19	52	#
678	4408567	28	41	46	51	55	#
679	7671085	2	8	10	11	28	29	31	34	40	44	48	#
680	1854841	39	63	#
681	1908553	8	28	#
682	3620392	5	7	10	27	48	52	#
683	1338845	20	24	#
684	2547072	6	52	54	#
685	6777956	7	31	33	36	46	52	62	#
686	1088953	15	46	#
687	4421280	27	32	36	44	55	#
688	1743194	4	10	#
689	3119529	10	37	46	47	#
690	1126715	49	54	#
691	1600311	48	60	#
692	2770193	9	23	47	#
693	2778196	10	35	45	#
694	1981635	8	22	59	#
695	1982615	19	45	#
696	1540449	51	55	#
697	4579918	16	22	48	54	58	#
698	2875633	29	30	58	#
699	1581421	2	3	#
700	1044392	17	49	#
701	1366295	21	24	36	50	#
702	2779170	10	13	29	#
703	2616195	39	43	50	#
704	1943099	1	10	12	37	#
705	1099217	7	43	#
706	2815156	24	37	50	57	#
707	1204455	18	37	#
708	2503310	20	28	29	#
709	1896952	10	21	22	#
710	1530833	10	48	#
711	4354870	27	55	57	58	62	#
712	2318351	4	21	36	52	53	#
713	1621284	7	16	#
714	3110805	1	10	18	20	30	39	40	53	#
715	3568168	14	49	53	56	#
716	1548690	3	20	#
717	4603291	4	11	17	27	29	48	51	57	61	#
718	1797607	32	58	#
719	1598117	23	26	#
720	1570636	2	47	52	53	#
721	2313466	35	40	47	#
722	1974271	11	22	#
723	4863109	9	20	22	23	25	#
724	1791282	8	43	#
725	1002314	32	56	#
726	1681781	45	51	#
727	4420805	2	23	40	54	57	#
728	2324295	19	56	63	#
729	1622163	28	38	#
730	1084307	9	16	#
731	2168664	27	28	32	#
732	2824960	30	33	53	#
733	5554361	22	25	30	34	39	53	#
734	1584973	39	53	#
735	2121070	16	37	50	#
736	2142775	11	17	26	#
737	1261995	15	60	#
738	1218195	19	34	40	#
739	2126735	7	34	45	#
740	1248134	44	58	#
741	2070304	0	5	39	61	#
742	3988280	6	11	25	55	#
743	2929817	35	44	49	60	#
744	1287933	14	21	#
745	4005412	3	9	31	46	60	63	#
746	3522765	25	59	61	62	#
747	3600556	22	45	48	53	60	62	#
748	1901415	56	59	60	#
749	1253693	39	58	62	#
750	3061695	17	33	34	35	43	#
751	2956701	9	17	45	53	60	#
752	5794554	3	9	31	33	40	45	47	#
753	2944948	15	16	40	43	44	45	55	#
754	1054409	10	42	#
755	1624567	51	60	#
756	2344296	21	53	61	#
757	1167983	42	62	#
758	1656758	37	42	44	#
759	1521438	28	29	59	#
760	1957745	3	5	#
761	1110892	30	44	#
762	1324402	43	63	#
763	2847417	4	21	29	#
764	2735418	29	47	59	#
765	3131395	10	19	45	48	51	#
766	4375972	7	9	18	27	30	31	54	63	#
767	4512089	21	25	26	28	29	34	48	#
768	4179627	5	7	17	32	44	54	55	63	#
769	1174011	18	22	#
770	2224068	45	50	57	#
771	5906010	11	20	23	41	43	58	#
772	1966542	24	27	42	#
773	1069937	20	44	#
774	4600361	19	23	35	36	46	#
775	3068898	8	11	34	42	44	#
776	2281674	21	27	36	38	53	#
777	1225991	40	42	#
778	1355498	47	55	#
779	3773521	2	35	42	53	#
780	2114114	8	20	31	46	62	#
781	2507971	1	6	13	24	28	51	61	#
782	4089550	3	8	11	33	51	#
783	2498239	4	8	41	#
784	1785892	0	30	#
785	1752498	12	49	#
786	1556806	22	27	28	61	#
787	2713582	2	14	50	#
788	2604522	21	28	60	#
789	3432449	4	5	14	18	22	27	39	54	#
790	2621533	15	21	25	47	54	#
791	1713236	12	22	#
792	2454062	8	22	28	#
793	1663925	18	38	#
794	1979639	57	62	#
795	1807312	5	24	#
796	3167052	1	10	17	51	#
797	7048473	1	7	9	24	25	33	36	39	42	43	50	60	#
798	1061722	12	29	38	#
799	1105177	36	58	#
800	3827943	3	33	44	51	#
801	1245232	5	28	#
802	2203378	8	9	61	#
803	1334625	1	60	#
804	1672593	19	58	#
805	1161979	35	45	#
806	2968423	7	37	63	#
807	3879627	4	15	24	35	52	62	#
808	1914804	22	34	36	41	#
809	2690191	13	32	59	61	#
810	2029982	26	45	54	#
811	1846568	2	42	60	#
812	1539034	34	42	#
813	1472955	34	46	#
814	1576380	0	38	#
815	1709840	16	28	#
816	1036366	3	21	#
817	2991581	7	11	15	#
818	4632590	5	6	21	39	42	#
819	2433902	4	34	61	#
820	1480737	26	38	56	#
821	3662268	12	18	36	46	59	#
822	980965	20	40	#
823	1946786	49	57	#
824	1896620	9	13	62	#
825	1810820	13	25	57	#
826	1456398	3	46	#
827	1411824	10	35	52	#
828	7862227	5	11	19	20	42	45	49	55	63	#
829	1391829	6	13	#
830	1247049	9	54	#
831	1291394	6	31	44	#
832	3008506	5	25	49	59	#
833	2629302	17	21	60	#
834	2938527	18	39	41	52	#
835	1713115	31	41	#
836	1635671	14	55	#
837	2706778	9	17	25	#
838	4404373	7	18	19	33	52	58	#
839	1595582	2	37	#
840	2210366	11	22	35	#
841	1400108	47	53	#
842	3632342	4	10	16	24	#
843	2618178	14	21	22	24	#
844	2505777	2	5	18	33	39	54	61	#
845	6750984	11	15	27	35	42	48	49	#
846	2199251	11	48	49	57	59	61	#
847	1538011	13	14	36	#
848	2173326	7	13	23	46	#
849	2855515	4	5	29	34	38	#
850	5132230	6	23	34	36	37	40	53	#
851	1206793	4	27	#
852	1655895	7	54	#
853	4510383	4	9	25	55	60	#
854	1352653	25	36	#
855	1836057	0	25	59	#
856	4834144	0	4	15	24	44	51	55	#
857	1391674	20	24	30	48	#
858	3096633	3	24	40	44	55	#
859	4224211	7	8	9	24	48	57	61	#
860	2798778	33	38	41	#
861	2550776	1	11	14	28	#
862	2660768	17	47	50	54	#
863	1283896	31	34	#
864	2108746	8	10	19	23	56	#
865	2634191	18	44	57	#
866	1071361	17	43	#
867	1713481	7	22	#
868	1432828	24	51	#
869	986351	9	45	#
870	2574822	6	18	53	#
871	1426969	42	44	#
872	1678076	0	7	29	36	49	#
873	2739075	3	27	28	30	38	47	#
874	3673024	1	5	13	42	#
875	1871834	23	44	#
876	1374410	17	56	#
877	3746687	40	45	50	59	#
878	1608250	33	44	49	#
879	3139435	10	14	23	43	48	50	52	56	59	#
880	2003720	14	47	63	#
881	1474495	9	11	60	#
882	3167966	15	25	34	57	#
883	2880372	3	6	14	35	43	#
884	1877008	7	50	#
885	3562145	2	3	12	15	23	25	54	#
886	2791559	2	19	22	32	51	52	#
887	4910855	35	37	41	55	56	63	#
888	1537640	9	41	#
889	1777516	30	34	54	#
890	2413276	0	10	13	23	26	27	45	50	55	#
891	1199977	3	13	#
892	1556144	20	45	59	#
893	2035758	6	25	57	#
894	1383294	10	51	#
895	1698664	20	29	#
896	5788372	9	24	25	26	28	35	#
897	1828126	57	61	#
898	1973560	17	52	#
899	1029923	5	56	63	#
900	1557285	9	19	#
901	1998239	29	31	#
902	2036256	1	8	62	#
903	1733137	12	13	21	#
904	1881175	1	50	#
905	1509760	33	58	#
906	1145336	33	51	53	#
907	3805477	21	29	30	61	#
908	2562844	7	16	18	54	59	#
909	2174305	42	47	55	#
910	1911533	1	39	57	#
911	4121717	4	8	9	16	34	52	56	#
912	2029827	16	17	20	#
913	1622100	30	50	#
914	3727708	11	26	44	58	#
915	1648888	8	19	#
916	2098669	36	39	60	#
917	1282905	6	17	#
918	1807013	32	61	62	#
919	1210142	7	56	#
920	1732334	12	14	15	62	#
921	1011922	0	21	57	#
922	3423822	10	11	12	44	#
923	1989098	6	22	26	44	#
924	1178848	6	44	#
925	3312436	7	23	39	46	53	63	#
926	1933824	59	61	#
927	3801522	2	15	29	59	60	#
928	1874796	5	6	#
929	7873365	1	3	8	14	17	20	45	54	55	59	#
930	1381199	43	44	61	#
931	1158550	14	26	32	#
932	1769076	33	56	#
933	2033376	37	41	49	#
934	1838408	27	63	#
935	3307694	3	22	52	62	#
936	3336918	9	31	33	37	#
937	1510387	49	52	#
938	1581141	5	48	#
939	4608475	3	8	13	31	33	#
940	2886588	10	16	23	#
941	1418288	8	11	54	59	#
942	1177476	0	61	#
943	3007326	19	24	27	32	41	#
944	2812654	11	14	46	#
945	1697435	16	51	#
946	1060825	45	49	#
947	1924446	16	27	38	#
948	2086824	1	2	11	21	25	39	45	62	#
949	985445	41	58	#
950	2971926	5	16	54	#
951	1543526	24	55	#
952	1822766	13	28	#
953	1395942	9	20	#
954	2402869	34	57	61	#
955	1828735	28	33	37	#
956	1823979	23	30	#
957	2567048	11	31	61	#
958	2995465	6	35	49	52	#
959	2648654	16	40	47	#
960	1814100	17	18	45	59	#
961	2131216	4	36	51	58	#
962	4911992	11	12	35	45	60	#
963	3463868	13	25	28	52	#
964	1723300	1	29	35	43	#
965	3905956	27	33	41	54	#
966	2134390	12	18	29	37	55	#
967	1416012	5	37	54	#
968	5092388	3	11	28	51	58	60	#
969	2547155	14	32	44	48	#
970	1582177	20	25	43	#
971	3891487	23	30	34	41	#
972	2794901	11	26	59	#
973	1315076	1	45	#
974	3828963	6	19	25	35	38	59	#
975	8379847	0	3	6	7	20	26	31	36	37	38	61	#
976	1375996	4	31	60	#
977	1093832	46	60	#
978	1192834	37	49	#
979	4981141	10	17	20	23	27	44	#
980	1455008	15	32	#
981	2309946	40	41	62	#
982	2192343	8	42	44	55	#
983	1204889	18	61	#
984	1703845	8	53	#
985	1599197	23	43	#
986	1215994	14	29	#
987	2664495	5	12	32	62	#
988	1974985	18	47	#
989	1726959	6	13	31	46	#
990	1583866	12	41	#
991	1982847	0	50	#
992	1856459	2	43	59	#
993	3951017	9	23	31	43	#
994	1955848	13	45	#
995	1206045	18	26	#
996	2418056	5	7	44	47	48	56	#
997	2689056	4	6	42	#
998	1823026	18	26	62	#
999	1304426	0	1	#
1000	2852222	28	34	43	63	#
1001	1883899	17	46	#
1002	3857092	9	13	31	41	49	#
1003	2694490	11	22	32	62	#
1004	2980524	0	8	14	31	34	37	59	#
1005	3783808	0	30	35	41	60	#
1006	2146266	1	2	8	18	25	39	47	#
1007	3739321	27	31	44	45	#
1008	7501156	1	4	6	11	21	30	38	42	44	51	#
1009	3127946	4	28	33	44	48	52	#
1010	1908646	18	19	25	#
1011	1522128	33	60	#
1012	1335314	19	36	#
1013	1680398	1	15	47	#
1014	1061108	9	57	#
1015	1441174	46	53	#
1016	3690221	28	35	56	58	#
1017	2284164	10	30	32	59	#
1018	1818693	10	16	#
1019	1897568	6	7	31	#
1020	3255071	1	17	47	49	#
1021	3110632	2	8	9	35	39	59	#
1022	2212283	19	21	35	38	52	#
1023	3798729	3	13	27	43	#
1024	1364453	39	47	#
1025	2132820	9	12	20	#
1026	1548583	7	13	27	#
1027	2632197	28	42	61	#
1028	2504582	14	15	26	#
1029	1199807	49	63	#
1030	2991777	1	5	16	23	47	#
1031	1649880	7	61	#
1032	3587355	8	16	40	57	#
1033	2387037	4	17	20	29	32	34	39	#
1034	1008584	1	22	59	#
1035	1324417	33	63	#
1036	2207440	13	37	41	#
1037	5530403	19	26	28	32	45	50	53	59	#
1038	1240514	57	63	#
1039	3431935	27	38	39	45	59	#
1040	5909710	7	22	23	33	39	63	#
1041	1858153	28	55	#
1042	2210464	14	37	38	47	#
1043	1889040	18	41	#
1044	2486415	9	33	44	#
1045	1181897	32	46	#
1046	1072525	41	46	#
1047	1291823	33	45	#
1048	3664350	11	22	54	60	#
1049	2677170	5	32	44	51	#
1050	3541049	1	41	48	56	60	#
1051	1952650	10	11	48	#
1052	1685432	13	47	#
1053	1562987	10	53	#
1054	1878315	38	61	#
1055	2670099	4	19	39	#
1056	2940197	10	26	34	#
1057	4870531	13	23	25	39	44	50	#
1058	3207633	9	28	32	57	#
1059	5015195	24	26	30	48	52	54	59	#
1060	1960016	2	12	32	#
1061	2609570	3	17	47	50	#
1062	1364667	7	11	18	#
1063	1082858	24	26	#
1064	1555844	13	16	19	63	#
1065	1183421	52	63	#
1066	2790234	20	22	38	62	#
1067	4341282	2	5	11	12	26	28	39	53	55	62	#
1068	1861134	39	56	#
1069	1888529	12	15	46	62	#
1070	1555809	5	33	43	63	#
1071	3228938	1	20	33	40	43	49	#
1072	2986694	4	25	45	#
1073	1661763	17	35	#
1074	3213341	6	7	21	28	#
1075	2990940	2	13	53	#
1076	4326677	0	7	12	32	58	#
1077	2114438	0	4	22	48	#
1078	1021799	22	33	#
1079	2759504	6	20	24	32	57	60	#
1080	1078661	44	50	#
1081	1695263	6	25	#
1082	5403079	3	6	22	23	41	61	#
1083	6337792	8	12	15	26	46	54	60	#
1084	1077044	28	52	61	#
1085	1329128	35	57	#
1086	2620342	17	19	61	#
1087	2592124	25	28	52	#
1088	3543425	3	11	40	55	#
1089	2363642	15	48	57	#
1090	1838142	35	39	40	59	#
1091	2547793	1	37	47	#
1092	3013158	13	25	42	43	#
1093	8669054	24	30	34	38	42	50	56	59	61	#
1094	1701065	4	43	#
1095	2612907	29	35	59	#
1096	1927890	0	9	#
1097	2819838	3	13	22	29	#
1098	7877119	0	5	16	29	36	47	51	59	#
1099	1112944	7	10	#
1100	3758399	6	7	31	37	#
1101	2958523	8	10	21	#
1102	1116656	9	12	56	#
1103	3978420	29	39	43	52	59	#
1104	1479514	34	36	51	#
1105	4228100	23	29	33	53	55	57	#
1106	1870215	25	42	#
1107	1857784	10	43	#
1108	2918881	5	28	33	#
1109	1968014	26	31	49	#
1110	2721571	8	13	54	#
1111	2513272	41	42	53	#
1112	8725799	1	3	4	8	13	25	33	42	57	59	#
1113	3617126	22	23	36	44	45	#
1114	1206188	3	36	#
1115	1890810	8	40	#
1116	2049759	4	8	22	45	46	#
1117	2127465	2	26	42	43	44	52	#
1118	2040253	6	19	20	26	41	#
1119	1744225	8	53	59	#
1120	1786832	4	48	#
1121	1367515	23	42	#
1122	3227354	0	2	10	50	54	#
1123	3731057	7	12	14	33	#
1124	2363207	30	52	61	#
1125	1844823	21	30	#
1126	1453713	14	34	49	#
1127	3676994	15	23	32	49	#
1128	4332551	0	23	46	48	49	59	#
1129	1484507	5	35	#
1130	1711124	32	55	#
1131	1648404	24	57	#
1132	948477	40	45	#
1133	2811821	18	20	26	#
1134	3206068	5	19	29	46	#
1135	1762990	30	43	#
1136	6149432	9	14	17	21	28	42	53	58	59	63	#
1137	2638703	15	17	47	60	#
1138	1389857	39	41	47	#
1139	1711538	8	21	53	#
1140	1260809	52	54	58	#
1141	1263776	22	50	#
1142	977145	15	54	58	#
1143	2369789	3	7	11	14	42	62	#
1144	1717354	1	11	26	34	#
1145	1122697	29	32	54	#
1146	1537884	15	21	#
1147	4820667	15	40	44	50	51	#
1148	1773023	12	51	#
1149	1628831	40	47	#
1150	1126592	12	50	#
1151	1844129	38	63	#
1152	1028005	10	11	62	#
1153	1889118	4	13	17	26	#
1154	1678325	9	21	24	32	#
1155	1770739	15	43	#
1156	2508950	21	40	43	#
1157	3852636	2	9	34	55	#
1158	2964438	40	47	54	61	#
1159	1387982	5	37	#
1160	2735866	9	40	60	#
1161	1975555	12	20	#
1162	1319961	4	5	#
1163	1075370	32	50	#
1164	2203155	18	21	42	56	#
1165	6967436	0	12	28	36	42	44	48	50	52	58	63	#
1166	1867997	13	19	27	32	35	58	#
1167	2533026	29	39	61	#
1168	2836191	0	10	19	30	33	37	#
1169	1994005	15	20	23	57	#
1170	3552424	20	26	31	51	#
1171	4994635	2	9	15	37	40	50	#
1172	1865656	10	26	29	36	#
1173	1651896	0	12	#
1174	1916934	5	62	#
1175	3414484	1	20	37	47	#
1176	2497897	5	24	32	38	41	51	#
1177	3264163	7	12	29	42	52	#
1178	3376921	8	50	53	59	#
1179	4867760	11	13	17	29	34	61	#
1180	6236591	5	12	17	18	23	24	45	53	54	60	#
1181	2018750	7	17	32	34	37	#
1182	8549828	10	20	24	30	36	40	49	55	57	#
1183	3139064	10	20	21	22	45	#
1184	5549452	7	12	32	41	45	62	#
1185	1842694	6	28	50	#
1186	3046659	2	6	45	50	#
1187	4293055	2	13	32	35	41	50	#
1188	2904820	24	31	37	40	59	#
1189	1345444	48	50	#
1190	3212894	10	13	27	40	59	#
1191	2961217	19	39	52	55	#
1192	1313946	27	44	60	#
1193	1811969	0	43	#
1194	2934315	5	12	24	51	54	#
1195	1844660	42	60	#
1196	1962063	2	39	#
1197	3526380	1	9	22	39	48	#
1198	1780663	15	40	#
1199	3957050	7	34	49	56	#
1200	3671431	11	28	54	62	#
1201	1603418	19	54	#
1202	1830888	41	57	#
1203	2065363	38	48	53	#
1204	5537400	10	18	42	46	51	60	#
1205	1770080	22	54	#
1206	2093761	11	17	25	39	52	#
1207	1595654	18	62	#
1208	2101171	27	45	53	55	#
1209	1227654	1	38	#
1210	1263391	8	34	37	#
1211	1836681	7	41	#
1212	3708784	15	19	43	45	46	61	#
1213	2358646	40	51	62	#
1214	1881686	17	41	51	#
1215	1287732	30	42	61	#
1216	1401552	13	29	#
1217	1309403	3	18	27	43	50	#
1218	1765403	18	29	30	#
1219	2159147	14	32	53	#
1220	2248797	0	4	22	28	44	#
1221	2121698	13	17	22	28	63	#
1222	1894003	40	53	#
1223	1837339	24	28	#
1224	1411792	1	43	#
1225	2810110	3	4	22	36	#
1226	4313474	9	25	26	41	42	#
1227	6130189	3	18	22	23	26	28	31	36	41	55	56	62	#
1228	2308923	25	47	50	#
1229	1773167	6	49	#
1230	1904152	14	25	#
1231	1011681	6	35	53	#
1232	1309086	28	58	#
1233	1455533	23	46	#
1234	5575694	13	14	24	33	50	55	56	#
1235	2949573	4	46	58	#
1236	2240156	18	39	48	62	#
1237	4173101	28	32	36	39	45	#
1238	1921244	1	12	#
1239	2443677	7	30	42	#
1240	3782850	3	20	21	45	50	#
1241	1288643	7	38	#
1242	3541980	13	17	19	20	25	#
1243	2842697	4	15	24	27	42	#
1244	1319738	33	37	#
1245	1881947	11	45	#
1246	3653058	1	9	19	32	63	#
1247	1941919	5	34	58	#
1248	1761702	1	51	#
1249	3474245	4	37	38	56	#
1250	2412274	3	16	17	20	26	44	51	61	#
1251	8685712	0	7	13	17	22	25	35	47	52	59	#
1252	1963596	42	46	#
1253	1927198	7	27	38	#
1254	3429178	2	5	8	12	13	44	60	62	#
1255	4925867	0	13	16	19	29	45	56	#
1256	1791693	23	24	#
1257	2206268	4	6	8	30	47	53	#
1258	2505214	45	53	62	#
1259	1863121	5	45	#
1260	2204349	20	33	36	52	#
1261	1014313	1	19	#
1262	2944097	34	47	50	57	#
1263	3863338	39	40	50	55	62	#
1264	3692500	18	20	51	59	#
1265	3270071	6	33	35	46	#
1266	2903401	7	23	58	#
1267	1718596	13	39	59	#
1268	2655613	7	34	48	63	#
1269	2356807	26	43	61	#
1270	2158337	5	36	37	#
1271	4001489	7	12	18	22	24	#
1272	2654980	13	54	62	#
1273	2140031	1	19	49	#
1274	1075043	12	26	#
1275	2797766	14	20	37	42	47	#
1276	1295375	22	62	#
1277	4142190	0	16	24	49	57	61	#
1278	4207676	21	28	29	31	41	#
1279	2924067	24	57	59	62	#
1280	3302590	12	18	25	45	#
1281	3945756	6	21	29	39	#
1282	1834636	22	23	#
1283	8329641	0	3	9	16	24	42	49	54	61	62	#
1284	4232156	44	45	51	55	58	#
1285	1414910	26	60	#
1286	1771600	20	23	#
1287	2373321	17	38	57	#
1288	2154274	20	23	48	#
1289	1277080	25	41	#
1290	3175344	3	19	44	47	#
1291	3591128	0	6	39	43	#
1292	1313511	44	47	#
1293	2599578	7	20	57	#
1294	2499415	23	56	60	#
1295	2498933	2	11	52	#
1296	2109371	30	34	61	#
1297	1361160	30	57	#
1298	10705372	0	4	10	13	38	39	42	52	55	57	58	#
1299	1083881	24	31	50	#
1300	2627898	25	34	47	61	#
1301	1589738	3	61	#
1302	3422397	6	14	38	42	50	63	#
1303	4043121	3	10	28	49	61	#
1304	1871340	5	49	#
1305	5551992	9	17	21	33	41	57	#
1306	1690535	36	38	#
1307	2006629	5	20	30	#
1308	2354031	13	32	38	39	44	#
1309	2635805	4	22	33	51	57	#
1310	1721851	22	46	#
1311	1874826	39	60	#
1312	1468878	13	21	38	#
1313	2979277	8	31	50	#
1314	2475309	28	51	54	#
1315	2635701	1	3	4	12	17	20	21	58	#
1316	1791966	4	15	51	#
1317	2738584	4	18	61	#
1318	1128536	2	15	#
1319	992126	1	28	#
1320	1171846	11	17	#
1321	3190262	24	28	31	34	47	48	#
1322	1465968	48	62	#
1323	1505252	8	16	31	42	#
1324	1625269	26	30	#
1325	1465754	30	31	#
1326	3475499	3	21	31	35	#
1327	2507638	21	26	38	#
1328	4824539	10	26	37	39	46	55	#
1329	1796236	26	36	46	61	#
1330	1826550	3	4	#
1331	3504894	4	13	17	37	47	#
1332	1408701	24	32	#
1333	2563195	1	25	53	#
1334	6609055	0	15	17	20	37	38	47	#
1335	1580328	17	57	#
1336	3080175	8	53	59	63	#
1337	1164369	17	31	54	#
1338	1443152	35	51	#
1339	2926865	37	38	49	61	#
1340	1069727	37	60	#
1341	2585547	16	20	57	#
1342	2977099	21	23	33	56	#
1343	2881762	2	27	54	#
1344	1477300	15	27	51	#
1345	2169950	0	13	24	#
1346	2914941	12	33	44	#
1347	1904068	24	25	#
1348	1865404	53	60	#
1349	2801874	19	22	29	#
1350	2756893	37	40	61	#
1351	2835496	23	34	47	61	#
1352	5840021	10	12	23	33	46	61	#
1353	4109584	34	42	43	50	62	#
1354	3303297	12	15	32	44	46	53	54	#
1355	1669477	7	28	#
1356	2026100	19	31	54	63	#
1357	2955677	0	8	19	28	29	34	57	#
1358	1780092	29	50	#
1359	3944337	16	18	22	48	#
1360	1792120	37	53	#
1361	1450473	15	25	30	#
1362	3493969	0	6	33	35	42	#
1363	1714661	18	43	49	#
1364	2754584	7	59	61	#
1365	1864779	4	16	35	#
1366	7901083	2	5	21	24	31	38	43	49	57	60	61	#
1367	2314806	37	40	50	62	#
1368	1549384	29	63	#
1369	2549366	19	33	35	42	47	#
1370	1438978	11	21	24	#
1371	1459362	8	26	47	56	#
1372	2965902	2	19	39	44	#
1373	2390716	48	51	57	#
1374	1846397	28	31	#
1375	1297867	28	37	#
1376	2112690	5	32	45	#
1377	3225313	10	13	20	22	25	39	41	47	56	62	#
1378	1531628	11	31	49	#
1379	3013860	13	21	23	31	51	#
1380	990330	15	51	#
1381	2251820	16	30	42	#
1382	2099386	19	27	29	#
1383	1809575	11	14	15	#
1384	4989294	19	22	27	31	55	#
1385	2031790	33	45	63	#
1386	1202449	2	19	#
1387	1706284	36	56	#
1388	2633177	23	28	44	#
1389	2273940	37	44	52	#
1390	2414990	2	13	19	35	45	#
1391	2045121	27	31	51	#
1392	1126494	49	59	#
1393	4911346	2	4	15	22	25	31	34	44	45	59	#
1394	2978240	22	40	52	#
1395	1644386	33	48	#
1396	1814260	13	18	#
1397	1510723	20	54	#
1398	1637592	2	48	#
1399	3399948	0	27	42	45	52	#
1400	3988817	8	27	37	58	#
1401	2854343	0	35	55	#
1402	3151202	18	23	29	33	46	53	#
1403	4309769	14	15	52	53	55	#
1404	2558115	17	32	52	#
1405	1109897	10	12	#
1406	2068716	16	21	58	63	#
1407	2234338	1	47	56	#
1408	1457128	12	28	#
1409	1463714	41	55	#
1410	3417372	18	22	29	59	#
1411	2132418	18	19	43	55	#
1412	3568326	5	9	38	42	61	#
1413	2221851	16	44	49	53	#
1414	1326972	46	49	51	#
1415	1455213	2	16	#
1416	9528223	9	12	32	34	41	42	44	46	51	52	#
1417	2670325	6	8	14	21	24	25	28	42	52	56	57	59	#
1418	2955226	1	18	20	36	#
1419	2205753	2	16	57	#
1420	2956914	14	21	23	#
1421	5679290	2	4	8	40	41	51	#
1422	2523499	13	19	54	#
1423	1683763	12	34	#
1424	6961114	5	11	16	22	50	52	56	61	#
1425	3448449	2	6	18	29	45	51	61	#
1426	2682730	2	9	41	53	#
1427	5166476	0	9	11	12	26	43	51	58	#
1428	2115596	5	43	53	#
1429	2810954	27	36	41	51	#
1430	3628794	10	14	48	61	#
1431	7435700	1	8	12	30	44	52	55	58	#
1432	1313748	20	32	#
1433	5971968	1	7	46	49	51	52	55	#
1434	2216510	7	9	23	30	#
1435	2252523	14	17	28	32	41	55	#
1436	1752868	6	10	51	#
1437	1380051	32	47	#
1438	4352279	9	11	12	46	62	#
1439	2974618	8	45	48	#
1440	1496634	7	15	45	#
1441	3195583	6	14	17	24	40	58	#
1442	1941856	5	41	48	#
1443	1817023	9	12	31	49	#
1444	1750539	8	11	19	#
1445	6189402	2	3	11	13	27	35	47	59	#
1446	1989176	13	22	29	#
1447	1171651	10	18	#
1448	2752383	47	56	61	#
1449	5346577	13	23	25	26	28	51	#
1450	1415764	39	45	#
1451	2415312	15	21	25	#
1452	5546131	4	11	28	42	52	57	#
1453	1280345	14	17	#
1454	2711469	38	46	57	#
1455	1809339	1	19	41	53	55	#
1456	1357558	23	53	#
1457	1844297	28	41	#
1458	2723483	2	23	39	#
1459	1901932	15	29	50	#
1460	1477768	14	57	#
1461	1971848	20	25	28	35	47	57	59	#
1462	2649543	27	36	51	56	62	#
1463	986119	40	63	#
1464	3164094	16	34	46	51	#
1465	3434726	0	6	20	36	50	#
1466	1511624	6	28	#
1467	6159452	14	18	20	25	30	60	61	#
1468	2006407	46	49	61	#
1469	3262348	10	40	44	47	#
1470	1160086	16	20	#
1471	1957362	37	61	#
1472	3850608	28	31	42	54	#
1473	1679442	10	20	42	#
1474	1610377	0	24	#
1475	2103191	2	3	16	17	28	41	#
1476	1894430	27	45	#
1477	3764918	6	14	17	19	62	#
1478	1039296	28	29	#
1479	1791733	7	28	44	#
1480	1925237	2	25	35	38	56	61	#
1481	3779785	7	9	27	47	#
1482	1903159	7	10	43	#
1483	1983263	4	49	54	55	#
1484	2261609	0	2	5	17	22	29	33	47	61	62	#
1485	1988394	0	4	17	#
1486	1778142	33	42	#
1487	6514365	21	24	32	45	47	51	52	59	62	#
1488	5261714	0	1	16	26	34	42	#
1489	1575626	21	37	#
1490	2798652	8	32	38	#
1491	1814120	22	37	#
1492	1755085	14	38	#
1493	2448852	21	32	54	57	#
1494	3532802	0	3	16	32	52	#
1495	2742157	3	17	45	47	63	#
1496	2361816	14	30	31	63	#
1497	1928892	7	33	#
1498	1251919	43	55	#
1499	1441729	7	58	#
1500	5539977	0	35	38	45	47	52	53	#
1501	1778013	10	49	54	#
1502	2239571	0	6	37	#
1503	3664481	29	31	42	60	#
1504	1383263	1	17	#
1505	2307347	9	11	50	#
1506	1452032	17	23	#
1507	2147847	17	39	54	#
1508	5154085	9	10	22	26	32	33	48	#
1509	1587462	23	32	#
1510	1974895	29	58	#
1511	2444552	0	23	53	56	#
1512	2240384	12	34	61	#
1513	1337209	54	57	63	#
1514	1839875	27	52	#
1515	1062942	8	21	#
1516	3708490	13	15	30	35	55	#
1517	1877443	42	45	#
1518	1143553	15	19	20	#
1519	1826133	9	55	#
1520	3795584	11	14	26	36	59	#
1521	11689633	0	1	5	7	12	16	24	37	38	40	51	54	62	#
1522	2368201	0	2	21	47	#
1523	4723250	0	22	23	34	35	43	44	54	#
1524	1532296	7	32	#
1525	1492941	8	51	#
1526	3857078	9	14	16	17	23	27	#
1527	2760015	35	39	63	#
1528	2484704	29	48	55	#
1529	3464994	1	28	48	54	55	#
1530	2707583	5	31	37	#
1531	3071543	35	44	48	50	61	#
1532	1051799	9	51	52	#
1533	3231352	27	31	34	39	#
1534	3172705	3	29	34	44	51	#
1535	2372928	7	16	25	47	48	53	56	#
1536	1171720	17	32	#
1537	3194025	7	16	33	43	62	#
1538	1979699	12	17	43	#
1539	2425117	46	48	61	#
1540	1845890	24	40	50	61	#
1541	3614863	5	22	43	60	#
1542	1725207	4	16	17	34	#
1543	5903932	6	34	43	47	48	57	#
1544	1955245	19	28	#
1545	3092564	24	31	38	48	#
1546	1050634	9	30	#
1547	2605475	20	27	31	#
1548	3556346	20	49	51	56	61	#
1549	2185491	2	11	13	43	#
1550	2423555	20	28	31	40	47	#
1551	1383951	3	28	39	#
1552	1023957	15	17	47	#
1553	1793721	9	51	61	#
1554	2444610	1	23	24	38	#
1555	2878290	18	28	43	#
1556	1510974	3	23	27	39	57	#
1557	1813611	4	18	#
1558	2588868	7	11	12	#
1559	1008912	3	19	#
1560	2390367	17	41	48	#
1561	1843403	27	42	52	#
1562	2113961	8	34	51	#
1563	2298247	3	13	39	#
1564	2202341	22	42	58	#
1565	2946331	3	12	15	#
1566	1898096	35	47	52	#
1567	2740731	10	47	61	#
1568	1132574	31	54	#
1569	1728637	30	32	#
1570	1849905	20	37	#
1571	3199621	20	23	24	52	#
1572	5023119	1	2	24	36	42	60	#
1573	2332879	1	31	62	#
1574	1630396	11	48	#
1575	1186723	23	29	#
1576	3426004	7	11	14	15	27	28	#
1577	2840432	9	25	42	#
1578	1204150	17	22	#
1579	2711309	2	22	31	#
1580	4709437	0	17	20	22	23	26	47	50	56	62	#
1581	2648788	6	7	11	41	58	59	#
1582	1497423	30	35	63	#
1583	1345490	2	43	56	#
1584	1910847	38	42	#
1585	1570254	4	15	#
1586	1059913	20	43	46	57	#
1587	1056206	26	37	57	#
1588	1122504	5	20	#
1589	1303209	33	39	#
1590	1785283	30	60	#
1591	4644400	11	40	42	47	60	#
1592	1461550	4	37	46	#
1593	2043793	0	3	16	#
1594	3200638	7	11	12	35	#
1595	1702810	11	30	#
1596	1844199	4	42	50	#
1597	4606230	19	20	21	41	60	#
1598	3991953	3	8	14	16	42	#
1599	1622015	42	53	#
1600	1622974	5	31	#
1601	1722726	12	25	#
1602	1471406	16	21	60	#
1603	1159914	4	57	#
1604	992097	3	41	45	50	#
1605	1870042	8	44	#
1606	1359052	21	62	#
1607	1331696	17	62	#
1608	1569919	11	44	#
1609	4910690	14	20	25	29	47	48	52	55	57	#
1610	1931963	12	14	36	#
1611	2985254	0	42	55	#
1612	2391255	4	25	49	#
1613	1602008	2	34	#
1614	1390895	38	59	#
1615	1973946	22	26	63	#
1616	2430724	1	42	58	#
1617	2846480	12	19	36	42	#
1618	1925526	23	56	#
1619	1844437	24	63	#
1620	3217672	3	6	17	35	37	47	48	60	#
1621	2142895	22	33	44	62	#
1622	2837593	38	41	54	56	#
1623	6996004	10	26	27	42	43	48	55	#
1624	2945433	14	41	43	48	57	#
1625	3083196	2	30	46	50	55	#
1626	6995786	3	11	22	47	53	55	58	#
1627	2308142	5	18	41	#
1628	2934279	6	7	52	63	#
1629	2525920	15	16	54	#
1630	1350298	4	32	#
1631	980052	57	59	#
1632	1587307	14	52	57	#
1633	5222867	1	13	15	21	41	43	62	#
1634	1680411	45	57	#
1635	1980088	18	47	51	60	#
1636	2413926	5	8	57	#
1637	2070107	32	43	50	#
1638	1555344	17	34	#
1639	2129984	5	45	63	#
1640	1117860	16	50	#
1641	4715618	13	16	19	21	58	#
1642	2488910	1	4	12	#
1643	2156081	9	12	37	#
1644	1448777	52	55	#
1645	2282546	18	36	47	#
1646	1016499	29	39	#
1647	1770960	15	50	#
1648	1725849	10	36	37	54	#
1649	1526230	2	60	#
1650	1615805	26	53	55	#
1651	1522293	7	17	#
1652	2832590	14	46	54	#
1653	1432312	17	24	#
1654	2148042	5	28	42	#
1655	3584855	10	31	48	61	#
1656	2286335	26	27	36	38	50	#
1657	1789268	1	3	#
1658	1554913	13	33	#
1659	2411254	8	26	27	49	#
1660	1613281	20	32	56	57	#
1661	1040385	25	53	#
1662	2862830	11	20	21	51	56	#
1663	1276136	19	31	35	#
1664	1351868	16	29	#
1665	4492241	18	27	35	59	62	#
1666	1185406	27	31	#
1667	1533992	7	8	42	#
1668	1379326	18	22	24	#
1669	5545321	2	11	17	28	31	43	57	#
1670	1129068	17	48	58	#
1671	1188921	38	56	#
1672	3276145	2	3	52	61	#
1673	2558391	14	20	24	62	#
1674	1466154	44	48	#
1675	2243625	40	53	54	#
1676	1393712	12	53	#
1677	1443643	20	27	#
1678	5091154	2	3	8	15	16	21	26	27	30	#
1679	1531523	24	29	#
1680	1954493	6	58	#
1681	1658085	16	17	23	#
1682	2620678	7	47	52	#
1683	4770346	13	18	23	45	54	#
1684	1574715	12	27	#
1685	2952779	0	12	32	47	#
1686	2919549	11	12	30	48	57	#
1687	1923541	3	38	57	59	#
1688	2530799	41	46	62	#
1689	1681101	37	40	43	#
1690	1188636	41	51	#
1691	2672275	7	14	58	#
1692	2349256	20	45	46	48	#
1693	1405718	37	56	#
1694	1646331	3	17	#
1695	1802283	33	55	#
1696	1078586	20	34	#
1697	2713430	9	32	44	#
1698	1920246	3	27	62	#
1699	2032605	5	47	58	60	#
1700	4779508	24	28	34	51	62	#
1701	1155273	20	25	#
1702	1829962	4	30	32	#
1703	1571581	34	55	#
1704	2035273	2	20	22	#
1705	1670306	38	52	56	#
1706	1497575	52	60	#
1707	1776804	16	25	#
1708	1355964	11	37	#
1709	1861129	38	48	#
1710	1775598	11	51	#
1711	1060465	9	47	#
1712	1949191	32	45	#
1713	4470239	6	13	28	45	55	#
1714	1468206	17	27	50	#
1715	2486924	15	20	45	52	#
1716	3746611	23	29	40	53	#
1717	3134170	0	2	18	24	#
1718	1391135	12	37	#
1719	1146952	20	60	#
1720	1107459	11	46	#
1721	5574749	3	13	18	24	37	44	46	48	52	53	61	62	#
1722	1162934	9	63	#
1723	4224780	0	7	8	12	24	36	44	61	#
1724	2309507	29	38	51	63	#
1725	4897314	1	13	14	28	41	50	55	60	62	#
1726	3534450	9	32	54	55	60	#
1727	3096012	0	1	5	7	10	27	61	#
1728	2089115	25	51	62	#
1729	1209115	38	55	#
1730	2884072	17	23	43	#
1731	1029904	0	58	#
1732	1639092	12	39	53	#
1733	3591013	11	27	33	42	#
1734	2486343	10	36	60	#
1735	2449279	1	57	60	#
1736	1992817	4	62	#
1737	2453920	9	14	28	35	#
1738	1717575	21	34	58	#
1739	2165716	5	13	54	#
1740	3304549	25	26	55	63	#
1741	1660907	49	55	#
1742	4326686	10	29	39	59	63	#
1743	3078767	5	30	42	53	#
1744	6868185	9	11	21	25	35	50	55	58	#
1745	3950293	7	9	10	12	#
1746	2667250	54	55	62	#
1747	2363091	7	23	26	29	36	47	50	#
1748	3895226	3	40	41	53	#
1749	1860286	3	22	54	#
1750	2400004	5	9	13	#
1751	1690464	1	37	#
1752	1360444	3	9	#
1753	14056288	0	50	52	26	38	62	32	44	58	7	27	35	48	51	39	41	#
1754	5037029	10	17	35	36	54	62	#
1755	3665303	13	19	20	59	#
1756	2244665	10	21	30	33	#
1757	2069251	19	41	59	#
1758	1145365	11	54	#
1759	6640604	15	18	21	25	26	27	30	35	60	#
1760	2232203	18	35	39	#
1761	4099754	11	28	41	57	59	#
1762	1680277	14	62	#
1763	3103346	12	24	32	50	54	#
1764	1267872	2	32	#
1765	5839232	1	12	48	54	59	60	63	#
1766	2194856	9	17	18	48	#
1767	5390042	5	11	17	32	34	40	45	#
1768	2036786	3	10	30	52	#
1769	4122954	18	29	38	40	41	#
1770	2586397	3	35	43	53	#
1771	3035998	0	9	10	18	38	#
1772	2660654	13	27	58	63	#
1773	5571367	3	4	5	15	16	18	35	#
1774	1343596	52	56	#
1775	3870964	21	31	35	48	49	#
1776	1882739	1	29	46	#
1777	1577665	1	15	#
1778	2053044	0	40	57	#
1779	2869635	5	31	36	#
1780	2374747	4	8	12	20	#
1781	1628924	10	40	#
1782	1360301	17	18	#
1783	1980166	30	33	38	#
1784	1531698	9	59	#
1785	1242589	2	55	#
1786	2587609	1	33	58	#
1787	2240603	4	5	27	41	#
1788	1774762	19	59	#
1789	1741504	43	48	#
1790	7356400	5	8	15	21	28	29	40	43	47	#
1791	3196655	18	24	28	49	#
1792	1219503	20	42	#
1793	2957188	5	50	54	#
1794	2512627	29	44	52	#
1795	6291499	4	11	13	14	35	38	44	48	53	54	#
1796	1870172	20	35	39	#
1797	2022987	11	31	36	41	53	#
1798	1289907	7	49	#
1799	2058633	10	34	43	#
1800	1330120	47	56	#
1801	2276465	33	36	57	#
1802	1841205	22	53	#
1803	2584741	8	12	42	#
1804	1263574	10	49	#
1805	4914158	29	33	36	43	48	50	#
1806	1881193	8	19	22	#
1807	1375677	36	39	#
1808	2861529	22	25	36	45	#
1809	2507965	12	33	55	#
1810	2402749	22	26	35	45	#
1811	2523104	12	45	49	#
1812	1307543	31	42	#
1813	2121444	9	11	20	#
1814	3610204	1	15	29	31	42	56	#
1815	1274557	48	53	#
1816	5750382	5	9	10	44	55	59	#
1817	3265307	0	2	11	54	#
1818	1322007	33	44	#
1819	1057570	12	56	62	#
1820	2254190	6	21	47	61	#
1821	4560039	1	5	18	47	61	#
1822	1420345	2	13	42	#
1823	2901055	19	50	61	#
1824	1852933	49	62	#
1825	2346722	5	20	40	50	#
1826	1894058	7	51	#
1827	1053095	46	48	#
1828	6720098	0	2	10	17	28	36	45	50	#
1829	1668891	53	58	#
1830	5427794	4	13	14	28	31	62	#
1831	4539008	14	26	30	36	42	55	61	#
1832	1409074	29	42	#
1833	1346300	27	57	#
1834	2586444	7	12	30	#
1835	1814036	50	52	#
1836	2540995	3	8	27	53	#
1837	2913024	2	3	5	27	57	#
1838	2739488	28	43	46	#
1839	1548844	19	23	49	#
1840	3380980	1	3	6	40	#
1841	3163637	15	29	34	39	#
1842	2828391	7	22	42	#
1843	1880928	22	51	54	#
1844	954973	54	58	#
1845	3235875	7	19	40	44	46	#
1846	2642608	12	14	42	59	#
1847	1806133	14	59	62	#
1848	2981860	17	37	42	#
1849	1356009	54	61	#
1850	951945	15	57	#
1851	2087723	0	14	48	52	#
1852	1579373	18	34	#
1853	2184491	20	22	53	#
1854	2830798	11	13	38	52	#
1855	3923115	0	40	46	63	#
1856	1100561	27	54	#
1857	1071902	9	15	#
1858	1743696	14	19	63	#
1859	1404752	1	7	27	#
1860	2731944	11	35	58	#
1861	1046956	54	60	#
1862	1817521	13	60	#
1863	4068166	8	10	31	40	59	#
1864	3716971	25	28	36	43	53	57	#
1865	1722637	27	59	#
1866	1927123	17	18	51	#
1867	1556704	31	45	#
1868	3842152	17	20	54	62	#
1869	3228585	0	17	22	26	30	62	#
1870	1698749	23	62	#
1871	2977302	0	24	48	49	61	#
1872	1200483	37	39	#
1873	1996080	17	60	#
1874	2659640	16	33	39	#
1875	2276303	18	26	28	41	#
1876	2963375	9	14	40	#
1877	2024436	16	23	49	#
1878	1453175	6	22	31	34	43	44	#
1879	3950877	8	17	21	57	#
1880	4722979	1	30	40	48	49	#
1881	3341987	14	17	45	59	#
1882	3696253	4	5	16	18	43	#
1883	1986823	40	52	#
1884	1539311	2	9	62	#
1885	1674439	13	49	52	#
1886	2777747	18	26	32	#
1887	3391139	2	3	18	22	25	38	42	46	49	60	#
1888	2454162	6	54	61	#
1889	2322495	2	44	53	#
1890	2428768	19	27	43	51	58	#
1891	1995087	27	46	#
1892	3711964	6	24	34	39	50	58	61	#
1893	1336546	16	24	#
1894	1468114	12	48	#
1895	3510316	16	40	47	61	#
1896	1455878	21	24	26	#
1897	1146515	18	36	#
1898	3472323	8	20	23	26	36	51	#
1899	1508336	15	25	55	#
1900	1413038	4	41	#
1901	1069725	21	34	#
1902	1454846	24	54	#
1903	1571879	2	5	57	#
1904	1813865	9	16	28	37	#
1905	1986418	4	18	63	#
1906	1377180	22	32	#
1907	4103194	17	39	50	51	59	#
1908	2771533	5	43	57	#
1909	1524162	18	40	#
1910	1526273	4	38	#
1911	1981428	12	24	33	#
1912	2396360	5	19	24	29	34	44	#
1913	1353156	20	26	#
1914	3631917	1	9	15	48	#
1915	2639113	15	37	47	49	51	#
1916	1501335	29	44	#
1917	1748967	13	15	#
1918	4242409	6	10	32	40	41	49	52	#
1919	3490870	26	32	45	50	63	#
1920	2539194	17	26	29	#
1921	1412897	3	32	#
1922	2088613	2	23	41	#
1923	2083045	31	36	42	#
1924	1845653	11	29	#
1925	4165386	1	4	25	32	55	#
1926	1558163	18	19	#
1927	4886494	10	11	19	31	37	51	60	#
1928	2561738	13	21	33	59	#
1929	1559888	28	45	53	#
1930	1135440	23	59	#
1931	3410732	14	22	30	31	58	#
1932	1781094	30	34	36	#
1933	1731046	2	8	24	36	#
1934	2720150	18	31	43	#
1935	1884503	33	46	56	#
1936	1078879	20	51	#
1937	2860056	20	24	31	#
1938	3124202	0	12	29	34	36	53	#
1939	2129406	5	11	23	#
1940	1254101	4	52	#
1941	2503710	7	26	31	#
1942	4699691	0	9	11	16	23	32	56	#
1943	2761239	36	51	60	#
1944	3392729	2	5	55	63	#
1945	1294460	10	39	50	#
1946	2762008	0	5	12	49	#
1947	3180838	10	17	27	28	59	#
1948	2810370	16	18	24	#
1949	1783113	8	45	#
1950	4588897	1	6	16	21	34	40	53	59	#
1951	4221764	12	32	41	47	60	#
1952	2775976	10	14	39	#
1953	4112072	17	46	48	52	59	#
1954	3717464	2	27	32	41	46	47	#
1955	2994672	11	27	51	#
1956	6514039	3	7	21	37	38	41	45	48	50	56	#
1957	2011588	4	25	44	60	#
1958	1355829	12	35	50	56	#
1959	5011375	14	20	24	42	43	55	#
1960	2987872	11	12	39	40	53	#
1961	1615281	16	49	#
1962	1536236	13	30	#
1963	2151753	2	29	44	#
1964	1316872	54	59	#
1965	4822935	0	10	16	35	44	54	#
1966	2871070	0	18	33	36	#
1967	1466393	3	14	#
1968	1050464	2	41	#
1969	1300451	2	53	#
1970	2977771	31	32	33	38	#
1971	3728060	0	12	14	21	23	33	57	#
1972	1863643	17	18	44	#
1973	6499947	7	10	14	15	20	24	27	#
1974	1056564	27	38	#
1975	3143889	3	8	10	11	24	#
1976	1280283	8	49	#
1977	2874531	20	28	62	#
1978	1094480	39	57	#
1979	5436138	12	20	28	45	54	58	59	#
1980	1026135	17	45	#
1981	1179920	7	31	#
1982	1567292	17	24	45	#
1983	1491185	10	37	#
1984	2334918	34	49	56	#
1985	2276598	9	14	33	43	52	#
1986	3948319	6	36	45	46	58	63	#
1987	1690119	51	63	#
1988	2492914	13	26	46	51	#
1989	1041723	28	61	#
1990	5906514	3	12	14	28	31	39	55	#
1991	1202463	11	19	#
1992	2654722	14	32	33	41	43	47	60	#
1993	1491451	23	27	42	#
1994	2138966	6	10	48	#
1995	1836901	37	54	62	#
1996	1052593	12	46	#
1997	3700086	1	14	18	27	36	37	58	#
1998	4616639	6	16	31	39	47	55	57	#
1999	2967869	26	39	58	#
