%% File generated by CATS v.2.1Wed Jun 19 19:07:42 2013

%% The CATS webpage is http://robotics.stanford.edu/CATS

%% PARAMETER SETTINGS:
% Goods: 64; Bids: 2000; Distribution: L4; Runs: 50; Seed: 1371663978
% Legacy distribution parameters:
% Number of goods chosen according to Decay distribution (alpha = 0.55).
% Price chosen according to Linear Random distribution (low_linearly = 1, high_linearly = 1000).


goods 64
bids 2000
dummy 0

0	1082819	8	23	27	#
1	982657	26	#
2	1860467	46	62	#
3	985166	47	#
4	909139	62	#
5	2912649	4	13	16	22	#
6	2201115	30	37	50	58	#
7	1981390	32	54	#
8	4428704	10	21	30	34	38	50	63	#
9	3723874	2	5	21	26	42	63	#
10	992148	45	#
11	1497676	0	41	#
12	998156	38	#
13	1702476	24	37	58	#
14	2185254	2	14	22	#
15	2233470	38	59	63	#
16	996152	9	#
17	999134	48	#
18	985618	0	#
19	987009	8	#
20	7692796	15	21	24	28	30	34	48	50	59	#
21	1759217	9	59	#
22	980213	58	#
23	6002440	14	17	23	25	54	57	61	#
24	998598	11	#
25	2193346	16	19	20	36	#
26	973008	46	#
27	2363720	4	12	26	27	32	34	41	45	62	63	#
28	995804	39	#
29	994880	17	#
30	998923	23	#
31	1852535	11	13	25	60	#
32	971374	63	#
33	5052858	11	20	25	33	34	49	#
34	960503	37	#
35	927052	18	#
36	940685	16	#
37	1841691	33	44	#
38	988753	6	#
39	988782	44	#
40	2775784	12	39	47	54	#
41	999272	42	#
42	966823	21	#
43	975535	28	#
44	996373	50	#
45	994939	57	#
46	993533	60	#
47	4236990	0	4	34	42	44	#
48	998933	14	#
49	996600	15	#
50	4722033	15	18	21	24	37	50	63	#
51	970963	13	#
52	1623075	53	56	#
53	2430527	0	2	46	47	#
54	6070600	7	17	23	34	38	48	54	#
55	1487818	8	30	#
56	1546925	47	56	#
57	1588533	25	41	45	61	62	#
58	1698550	58	62	#
59	2058292	13	28	34	#
60	1738893	10	11	16	#
61	1504116	16	33	#
62	1654435	33	40	#
63	939399	12	#
64	988775	4	#
65	2575145	19	51	58	#
66	1515081	19	32	#
67	2533509	4	11	57	#
68	996560	30	#
69	980928	43	#
70	2182810	1	5	45	#
71	959707	29	#
72	996498	20	#
73	3601454	0	11	26	34	41	42	#
74	929738	32	#
75	996642	36	#
76	974984	54	#
77	2489531	25	53	56	#
78	1904682	12	54	#
79	6316571	1	5	6	12	14	19	41	46	#
80	977290	24	#
81	981649	5	#
82	994826	7	#
83	2880582	8	10	25	50	53	#
84	1218147	4	15	54	#
85	965010	49	#
86	998218	34	#
87	997641	10	#
88	7884561	5	6	15	16	21	23	43	62	#
89	1906418	16	48	#
90	2122223	23	25	27	34	#
91	2838236	17	22	56	#
92	2522818	27	28	55	58	#
93	3666326	1	2	12	16	49	50	#
94	1797490	28	37	#
95	1422025	3	37	#
96	985391	51	#
97	3445391	7	36	38	41	52	53	#
98	1604001	27	28	#
99	1973030	11	37	#
100	1017405	24	30	#
101	993324	40	#
102	1087958	20	41	#
103	2605430	24	28	32	#
104	1527015	18	48	#
105	1060815	10	12	#
106	1585805	3	56	#
107	1466194	28	50	#
108	1690192	26	36	#
109	1897056	11	49	#
110	949695	59	#
111	2379041	15	27	30	35	56	#
112	999106	52	#
113	1813148	11	25	#
114	2546425	40	50	57	#
115	5448290	7	18	19	32	46	51	#
116	5949338	14	18	35	36	52	53	#
117	3032320	4	22	41	45	#
118	996150	2	#
119	991948	27	#
120	1947966	31	48	59	#
121	1510433	11	16	#
122	1771240	0	21	#
123	1790007	44	51	#
124	964934	41	#
125	2313603	1	24	60	#
126	1870915	0	52	#
127	995233	1	#
128	1810005	17	39	#
129	1259601	6	55	63	#
130	1176983	28	46	#
131	6440951	5	15	18	26	33	36	42	#
132	3210108	9	18	54	60	#
133	2660195	15	28	47	#
134	1934630	4	38	#
135	1878328	41	63	#
136	1443029	14	29	54	#
137	3017527	14	20	39	46	51	#
138	2263034	25	42	61	#
139	993073	22	#
140	990263	25	#
141	1996691	23	25	#
142	1582449	53	60	#
143	5358212	7	13	22	26	35	39	59	#
144	6484977	2	24	26	47	51	57	63	#
145	1654497	10	57	#
146	2146479	17	32	45	54	#
147	2415626	5	9	43	44	#
148	2291272	24	37	40	49	#
149	1641682	5	15	#
150	3440259	8	14	33	53	59	#
151	1868553	31	60	#
152	985282	35	#
153	2652597	5	21	37	#
154	1065545	36	43	#
155	4994104	8	9	23	26	56	#
156	2835692	9	44	46	#
157	1872560	20	54	#
158	1006204	0	35	#
159	1290283	8	35	#
160	1419156	20	23	#
161	2091889	0	8	25	33	#
162	3739329	2	5	14	50	#
163	5471566	12	25	31	34	38	39	53	#
164	4453608	1	13	15	27	43	53	60	#
165	1679032	9	39	62	#
166	1825161	5	60	#
167	3004212	35	36	41	51	#
168	1762368	29	33	#
169	3839834	6	11	32	34	35	62	#
170	1669434	4	63	#
171	971546	33	#
172	1772399	4	32	#
173	4243514	11	27	32	43	58	#
174	956979	19	#
175	1908873	5	45	#
176	993736	55	#
177	995515	53	#
178	9747053	1	2	9	15	19	20	21	23	25	26	43	46	49	54	59	62	#
179	4077019	8	27	31	44	56	#
180	990384	56	#
181	1905991	4	12	23	39	#
182	1104288	30	57	#
183	1096867	37	38	#
184	2452330	10	31	47	#
185	1922510	21	57	#
186	2670376	0	4	12	16	54	#
187	997158	61	#
188	1429734	5	14	#
189	2727689	3	23	29	35	51	63	#
190	1541052	9	41	#
191	1569940	2	45	#
192	4571105	12	16	26	46	52	#
193	2523148	2	10	35	#
194	1090519	11	43	#
195	1006191	12	44	#
196	3457381	6	7	9	11	37	38	51	56	#
197	1476225	23	24	#
198	2391857	42	43	51	#
199	4094407	0	3	13	14	19	20	53	60	#
200	1454812	38	47	#
201	1968152	1	8	#
202	3448778	8	36	62	63	#
203	1243462	24	39	#
204	3962159	11	27	28	49	#
205	2540014	3	6	24	#
206	3176362	14	37	54	63	#
207	1730206	22	28	#
208	7270049	5	10	15	18	27	37	40	51	57	#
209	1751255	30	45	#
210	2258427	4	13	19	29	#
211	1647845	39	50	#
212	1278568	59	62	#
213	1240298	23	55	#
214	2922908	21	31	52	#
215	2601779	3	37	40	49	#
216	1096511	32	62	#
217	1736933	26	33	#
218	1790185	26	28	43	#
219	1735438	1	51	#
220	2729843	0	10	56	#
221	2149558	2	30	41	#
222	1396990	31	57	#
223	3395130	1	8	14	52	#
224	1182312	28	59	#
225	3356518	1	51	52	58	#
226	1536603	10	29	42	#
227	1875832	13	34	#
228	2389799	4	24	38	#
229	1817931	27	33	#
230	1051349	24	50	#
231	1049730	2	53	#
232	2748162	2	6	16	22	52	#
233	2998445	12	29	33	38	60	#
234	2663296	0	15	17	47	50	58	#
235	1135147	41	55	#
236	2589871	13	46	52	63	#
237	4300190	5	24	37	43	63	#
238	1412276	5	36	56	#
239	1170352	0	56	#
240	1430544	0	38	#
241	7525968	1	14	25	35	39	43	54	56	#
242	1069232	21	29	#
243	3465445	1	19	37	40	55	#
244	1720310	6	21	#
245	2675888	12	21	56	#
246	2192505	2	44	55	#
247	968272	3	#
248	2163101	40	45	52	#
249	3801622	0	16	26	42	45	60	#
250	1228690	41	62	#
251	2287573	40	42	45	#
252	1825522	5	22	#
253	2812478	17	31	33	#
254	1979266	22	47	#
255	2030391	9	11	21	#
256	1177578	9	28	#
257	5131783	9	10	15	48	52	63	#
258	1925448	4	51	54	#
259	2875413	8	42	53	#
260	2808024	6	10	42	47	#
261	2396529	44	47	55	#
262	1459642	3	5	#
263	1319510	10	30	#
264	1932559	38	55	#
265	1848840	14	15	#
266	2835410	5	20	32	#
267	3860120	11	15	45	51	#
268	1817895	14	28	#
269	1816768	30	52	#
270	1972366	44	47	#
271	2561121	1	9	37	46	#
272	3644340	17	28	42	55	#
273	1378104	2	6	#
274	2761521	7	9	29	#
275	1435281	13	28	#
276	1455288	11	52	#
277	1982724	3	52	#
278	1986195	18	60	#
279	1960212	15	48	#
280	1903169	11	42	44	#
281	1974440	16	34	#
282	1130549	2	3	7	#
283	1068685	13	29	#
284	3325959	3	11	40	43	#
285	2235997	5	16	34	#
286	1481966	1	25	42	#
287	3914294	16	17	38	44	#
288	2589124	21	22	53	#
289	1293531	14	58	#
290	1956695	38	45	#
291	2537605	30	44	61	62	#
292	1578547	3	63	#
293	1256313	27	45	59	#
294	2372142	12	16	22	#
295	4628875	5	15	18	23	33	35	45	60	#
296	4513618	20	25	29	31	46	54	#
297	1934192	41	45	59	#
298	1505453	15	41	46	58	#
299	1283489	16	63	#
300	1961988	19	20	#
301	4808059	5	12	39	45	52	#
302	1990607	19	22	26	34	#
303	1801714	14	53	#
304	4740229	6	10	42	49	61	#
305	2936740	8	28	62	#
306	1999720	4	15	43	#
307	2259385	0	6	24	27	56	#
308	3277366	7	8	26	60	61	#
309	2614666	5	19	23	#
310	1486493	1	30	#
311	4327736	9	16	28	38	50	53	55	#
312	1348373	9	23	#
313	1084980	3	25	28	#
314	1339394	4	36	#
315	2805508	9	12	29	#
316	1880517	13	43	#
317	1425125	17	31	#
318	5321275	7	11	14	22	25	33	37	44	50	#
319	3045728	4	5	19	36	#
320	1169977	12	58	#
321	1930000	10	50	#
322	1316425	0	58	#
323	1829760	18	34	#
324	1775230	16	31	#
325	1566936	33	55	#
326	1420143	19	37	#
327	3764933	33	34	41	47	#
328	3348964	10	26	32	34	#
329	1475791	15	31	47	#
330	1768334	17	47	#
331	2100587	24	44	60	#
332	4150738	0	35	46	56	63	#
333	978105	31	#
334	1893750	2	8	12	#
335	4217745	8	17	24	37	47	57	#
336	1267537	36	37	47	#
337	2551126	13	47	48	#
338	1113021	29	45	#
339	2055740	0	15	19	#
340	2333427	9	27	40	47	63	#
341	1116471	0	43	#
342	1914902	7	25	#
343	4848787	10	19	28	41	48	#
344	1039091	28	36	#
345	2729036	5	50	60	#
346	4769056	1	9	31	35	40	#
347	2292380	3	15	32	#
348	2852822	6	36	61	#
349	3017769	1	14	45	59	#
350	1738757	11	31	43	#
351	1972031	2	8	19	23	#
352	1649616	16	33	61	#
353	1297213	4	55	#
354	1794617	6	44	#
355	5639139	4	26	33	37	44	59	#
356	1842324	3	18	#
357	3542637	4	14	16	26	57	#
358	1861997	17	18	54	#
359	8245125	2	4	5	17	19	35	36	40	43	46	#
360	10959111	7	10	20	25	31	32	34	37	43	45	50	52	54	60	#
361	1768511	7	32	#
362	5254103	4	15	17	21	25	43	49	63	#
363	1930347	0	59	#
364	1458844	24	58	#
365	1843885	6	39	#
366	1455508	29	56	#
367	1634525	10	31	48	#
368	1397875	31	59	#
369	1786290	40	45	#
370	1350411	18	21	29	#
371	1741416	22	59	#
372	12024513	0	2	4	8	9	10	24	32	34	41	43	45	52	58	#
373	1866030	5	6	#
374	2549015	1	5	14	30	35	#
375	1971282	8	10	19	40	#
376	1379741	27	34	#
377	1833034	1	35	44	#
378	1862255	5	32	#
379	1478037	41	43	#
380	1833605	35	59	#
381	1361818	12	21	#
382	2483606	24	50	52	54	#
383	4366272	23	24	34	56	60	#
384	5091133	25	32	46	51	56	59	60	#
385	2399536	21	25	29	#
386	1424368	16	21	25	#
387	1574880	15	38	62	#
388	2583022	15	18	34	#
389	1618210	8	10	#
390	1956704	16	62	#
391	1137372	23	39	#
392	2334916	4	12	38	48	52	#
393	3649263	17	25	34	63	#
394	5865802	21	32	34	39	43	54	#
395	1970257	5	51	53	#
396	996395	2	26	#
397	1363454	0	42	62	#
398	2156141	14	45	51	#
399	4369107	34	58	59	60	63	#
400	1846806	24	36	#
401	3262702	9	22	56	59	#
402	1910762	17	41	#
403	2876128	25	27	50	#
404	2696761	4	11	15	36	#
405	1022027	19	44	#
406	1725076	30	32	#
407	3978306	14	25	43	57	60	#
408	2381859	52	57	63	#
409	1780764	21	47	#
410	1838400	34	53	#
411	1806780	1	24	#
412	2269240	9	20	33	62	#
413	2306921	9	16	22	53	#
414	1762235	10	60	#
415	1747558	44	55	#
416	2943126	5	11	61	#
417	1133039	10	40	#
418	2257174	3	7	10	23	62	#
419	2663739	16	27	33	42	43	44	#
420	1944361	17	28	#
421	4514680	7	12	18	24	33	46	54	#
422	1305315	2	12	22	53	#
423	2682179	17	40	48	#
424	5335146	4	25	35	44	52	58	63	#
425	2219811	6	28	39	#
426	3657342	13	24	44	45	#
427	4270194	9	12	27	40	44	#
428	1719969	36	62	#
429	1422495	9	40	#
430	1915126	34	54	#
431	2237744	1	3	14	43	63	#
432	1847801	7	17	35	37	60	#
433	2916080	26	28	60	#
434	1591376	26	34	41	#
435	2590869	14	42	54	#
436	2041556	31	34	42	#
437	2104266	8	9	23	#
438	1386211	15	45	#
439	2126450	20	26	30	37	41	#
440	3786602	1	6	39	46	58	#
441	1632421	19	47	#
442	3789940	15	31	44	59	#
443	1636722	6	40	#
444	2124814	20	28	46	50	#
445	4266304	7	31	32	48	49	#
446	2343354	11	12	21	#
447	1527894	3	35	#
448	2514612	30	46	52	#
449	1943265	19	39	#
450	1053816	11	31	#
451	1867165	36	55	#
452	1798094	16	23	37	#
453	3584228	0	6	41	62	#
454	2202056	10	21	34	#
455	1988591	3	4	56	#
456	1495416	28	29	#
457	1342863	25	35	#
458	3239746	27	39	52	57	#
459	1692801	17	23	55	#
460	2442121	18	31	32	#
461	1526708	11	20	#
462	1885675	57	63	#
463	1258471	14	31	#
464	1792991	37	48	#
465	1349762	31	58	#
466	2767044	6	37	51	#
467	1072392	53	62	#
468	1944745	34	38	#
469	3730978	1	26	29	37	#
470	1109812	12	38	#
471	3714970	16	18	23	26	#
472	2017287	7	33	58	63	#
473	5371991	7	8	10	16	35	62	63	#
474	1025382	39	61	#
475	2825376	12	26	56	#
476	5845350	1	20	26	29	38	48	#
477	3032652	2	15	50	58	#
478	2509014	19	20	31	#
479	1560565	2	8	58	#
480	1403043	6	54	#
481	1999883	50	52	#
482	1884192	9	10	53	#
483	2343613	5	7	22	27	#
484	1681806	13	18	32	49	52	#
485	1669903	46	49	#
486	6496483	2	8	24	38	43	49	52	55	61	#
487	1692869	23	26	42	#
488	1933370	14	45	#
489	1233319	22	40	#
490	2010199	9	10	36	#
491	3987103	22	23	26	30	#
492	2904291	29	45	58	#
493	5129455	5	7	21	27	41	47	#
494	1674741	24	28	33	#
495	3057573	28	31	50	60	#
496	1944286	7	24	29	#
497	1635800	4	49	60	#
498	2831589	38	49	53	#
499	4757454	6	18	31	40	62	#
500	2930459	22	30	33	#
501	5993632	6	16	24	35	42	57	#
502	2537181	23	32	34	58	#
503	1757630	11	30	41	59	#
504	3892820	34	41	47	53	#
505	1968649	7	16	#
506	1916392	21	49	#
507	1338180	6	43	#
508	1269682	16	56	#
509	1250069	11	22	62	#
510	1646854	32	42	#
511	1261055	5	7	39	43	#
512	4717687	24	43	47	53	54	#
513	1972446	11	25	36	#
514	1241807	26	55	#
515	2042067	2	10	20	#
516	1451994	17	21	#
517	1723221	2	35	#
518	1718992	10	13	26	#
519	4292607	11	15	18	48	52	#
520	1251676	21	35	#
521	3311543	1	2	9	15	35	38	43	#
522	2010724	0	2	33	#
523	1525076	39	52	#
524	1359709	21	48	#
525	2805385	16	19	47	49	55	#
526	3467204	4	7	27	36	37	40	54	#
527	2652173	40	42	51	#
528	3758485	14	22	24	38	39	#
529	3621885	13	21	29	30	32	#
530	2144513	8	16	18	21	58	#
531	1946995	14	27	#
532	2479706	14	31	53	#
533	4982241	6	22	36	51	52	#
534	1437397	11	61	#
535	4791675	23	29	43	45	48	#
536	1323537	5	19	58	#
537	1942220	34	61	#
538	1875600	30	50	#
539	1470658	39	47	#
540	5493834	10	28	40	42	43	57	58	61	#
541	1899640	20	44	#
542	1810521	20	43	#
543	1123998	14	34	#
544	2501956	9	32	47	#
545	1533944	13	49	#
546	3744463	26	35	38	43	54	#
547	4247174	7	26	35	46	51	#
548	1529607	59	60	#
549	2921658	21	48	49	#
550	2391796	4	15	44	47	#
551	2970201	21	37	56	#
552	1896726	9	47	54	#
553	3247434	4	15	19	30	35	48	#
554	1953898	10	24	38	48	#
555	1953856	8	42	#
556	1387957	37	49	#
557	2254969	46	53	56	#
558	1115497	36	37	#
559	2212081	10	20	39	55	#
560	1510501	2	52	#
561	4830263	25	26	28	47	48	53	56	#
562	2534902	27	55	62	#
563	5449925	7	8	9	26	52	59	#
564	2699561	13	41	52	63	#
565	1072735	17	24	49	#
566	2933504	1	10	59	#
567	1782678	7	37	#
568	4779271	15	22	24	48	52	62	63	#
569	1856049	17	22	24	49	59	63	#
570	1884166	6	50	#
571	3901649	16	20	34	35	47	48	#
572	2465850	9	10	38	47	52	56	60	#
573	1718421	13	58	#
574	1473024	22	58	#
575	4977148	25	28	39	57	61	62	#
576	5185090	15	16	18	27	41	51	60	#
577	1144506	12	55	63	#
578	1910975	5	12	#
579	6497515	0	3	5	14	21	23	43	50	60	61	#
580	1599174	0	29	#
581	1258023	10	32	#
582	1757988	10	17	#
583	1228568	11	34	#
584	2702137	3	29	42	#
585	2843961	22	56	60	#
586	2578104	29	34	47	60	#
587	3081098	13	14	16	52	#
588	1986484	37	54	#
589	1722129	1	32	#
590	2453858	6	14	26	38	#
591	1518711	10	35	36	#
592	1135354	47	52	#
593	1570514	17	55	#
594	1598656	22	57	#
595	2574902	47	57	58	#
596	2971169	26	42	43	44	#
597	2540719	2	3	7	24	32	54	#
598	1006921	14	42	#
599	5264884	1	5	12	17	22	26	38	#
600	1394119	43	63	#
601	1899529	2	57	62	#
602	1948623	15	19	26	27	#
603	2778504	29	50	61	#
604	2020899	32	33	42	#
605	2049562	9	26	39	42	56	#
606	1599915	1	18	#
607	3052725	32	33	47	48	57	#
608	1570778	21	22	#
609	1793742	18	20	#
610	1529321	5	31	#
611	1061258	21	53	#
612	3654471	6	18	20	27	34	53	#
613	3671162	30	39	46	48	#
614	1450850	11	19	38	#
615	1525929	3	46	#
616	1254499	31	48	#
617	7587879	0	16	22	23	26	48	57	58	#
618	2826894	20	43	57	#
619	1341659	1	63	#
620	1762246	16	26	#
621	3943384	47	52	54	58	#
622	2294909	3	13	45	#
623	1035756	0	34	#
624	2840138	23	27	47	#
625	1619795	40	41	43	#
626	2709440	32	35	43	#
627	1525585	21	61	#
628	1785546	21	41	#
629	2969874	2	8	27	28	#
630	1363484	16	40	#
631	1616195	36	50	#
632	1599528	11	14	#
633	1456584	38	61	#
634	2063922	2	14	24	#
635	1769790	7	8	#
636	1329931	16	51	#
637	2773864	3	10	32	35	#
638	4047142	8	43	44	48	52	57	63	#
639	2921857	16	17	37	59	#
640	1773711	30	49	#
641	1028770	10	11	#
642	5291506	13	14	16	28	42	49	#
643	1818788	1	28	#
644	1387166	11	46	#
645	2096688	25	26	55	#
646	2561101	38	47	54	58	#
647	2685541	11	22	44	48	#
648	3988550	2	34	38	47	58	#
649	4480132	7	14	36	40	41	42	#
650	3976756	8	10	49	58	#
651	1528800	29	57	#
652	2050223	6	9	18	#
653	4077481	10	24	25	39	57	60	#
654	1606665	47	59	#
655	1602262	18	21	51	61	#
656	1530432	29	60	#
657	1539920	0	41	47	#
658	2481135	21	22	38	56	58	#
659	3096151	6	27	40	47	#
660	1592631	16	45	#
661	2170209	21	31	46	#
662	2616214	30	31	63	#
663	1234475	15	49	#
664	2607768	10	31	40	57	#
665	2749962	7	21	26	#
666	1567528	4	49	#
667	2078043	18	19	21	52	54	#
668	6069228	1	4	7	10	19	22	26	54	#
669	2378732	7	13	14	30	#
670	2258133	28	40	43	45	48	#
671	1810234	2	55	#
672	1809532	8	26	36	#
673	1411862	37	39	#
674	2235942	5	29	49	58	62	#
675	2483504	23	36	49	#
676	1772784	12	37	#
677	1677947	34	46	#
678	2333430	15	16	60	#
679	2005423	11	58	63	#
680	1821363	37	45	46	#
681	1326000	29	35	47	#
682	1314090	16	27	#
683	2688572	9	23	28	40	#
684	2271021	17	21	31	50	60	#
685	5942284	8	12	20	30	49	62	#
686	2186991	9	32	60	#
687	1154948	43	60	#
688	1421802	14	23	#
689	2067729	25	54	61	#
690	1766724	4	9	#
691	1490335	5	35	47	#
692	2097788	5	8	31	#
693	4944967	4	25	39	42	53	56	60	#
694	4362707	6	10	13	17	33	35	37	41	53	60	62	#
695	5223557	10	45	50	54	55	59	#
696	1688221	4	41	#
697	1474085	33	61	#
698	1173150	11	56	#
699	1113247	26	30	#
700	2466012	22	23	47	52	#
701	3423970	2	15	25	38	52	54	56	#
702	2935150	5	39	40	#
703	1649371	46	47	#
704	2007399	12	17	63	#
705	1695951	11	32	#
706	1760705	18	25	#
707	1819013	19	36	#
708	1755957	16	23	#
709	2008844	6	15	21	22	48	#
710	2471563	2	16	52	#
711	1358858	1	33	#
712	1293162	26	61	#
713	2192014	52	59	62	#
714	1953789	20	23	42	56	#
715	2109496	10	11	33	61	#
716	3415655	8	11	13	19	31	43	53	61	#
717	1966499	20	40	#
718	2362747	45	55	61	#
719	1003573	6	16	#
720	1687656	17	27	#
721	1849217	4	53	#
722	1812426	3	17	#
723	2504629	4	24	58	#
724	3311246	2	26	51	53	#
725	1543129	49	61	#
726	1235749	14	40	#
727	1413624	43	62	63	#
728	1587286	44	62	#
729	2148146	4	35	46	#
730	1010900	1	55	#
731	1876250	15	42	#
732	1648216	27	61	#
733	1841834	12	14	38	#
734	1120942	4	24	#
735	2746276	3	44	47	#
736	3343322	28	29	30	32	42	53	56	61	#
737	2907881	2	25	40	41	#
738	1971488	41	44	55	#
739	3632578	1	7	15	32	50	59	#
740	2842113	2	17	62	#
741	1846316	4	35	#
742	1799402	23	57	#
743	2632450	43	55	59	#
744	1920397	18	58	#
745	3277720	15	38	39	62	#
746	2298140	0	6	51	58	#
747	2528622	6	19	44	#
748	1900833	7	51	#
749	1052821	41	57	#
750	4677286	14	16	37	57	59	#
751	3992215	15	22	28	41	51	#
752	1911089	51	57	#
753	3829986	31	55	62	63	#
754	8521618	8	19	23	25	27	28	30	32	33	36	42	45	47	57	#
755	4050875	1	4	7	12	33	43	57	#
756	1034874	16	32	#
757	4888354	13	21	24	30	49	54	62	#
758	2529159	24	44	59	#
759	2912302	14	37	52	#
760	1886536	15	35	#
761	1990986	54	63	#
762	1829354	9	53	#
763	1209032	19	42	#
764	1058504	7	38	#
765	1970838	2	25	#
766	1537819	41	50	#
767	1167190	24	63	#
768	1202943	37	44	#
769	1033694	5	37	#
770	1470674	44	46	#
771	1890084	1	26	46	#
772	1551082	30	47	#
773	2424538	19	45	56	59	#
774	1637200	0	5	18	33	#
775	2086301	3	44	52	63	#
776	3122304	12	19	22	43	#
777	4954174	2	7	13	27	29	#
778	2668937	14	17	45	#
779	3280673	1	17	26	40	55	59	63	#
780	1409048	21	52	#
781	2636169	4	10	11	13	31	56	61	#
782	1319472	23	44	#
783	2956150	2	8	56	#
784	1532737	3	61	#
785	2900431	24	34	52	#
786	3303382	11	20	55	63	#
787	2740576	10	17	28	62	#
788	2524901	14	45	59	#
789	2206369	5	21	60	#
790	1711106	25	49	52	62	#
791	1112546	27	62	#
792	2991353	9	30	52	54	55	#
793	2696361	13	24	39	54	#
794	1357773	35	49	#
795	1994667	37	53	#
796	1110462	2	61	#
797	1957682	10	23	53	#
798	2841565	12	13	59	#
799	3316620	10	11	18	63	#
800	1780911	25	39	62	#
801	1198210	4	31	#
802	1955541	46	49	62	#
803	1343408	27	41	#
804	2797862	1	46	49	#
805	1129437	19	30	59	#
806	2324769	15	44	45	#
807	1416958	45	57	#
808	1863056	25	39	42	52	#
809	2770002	4	31	63	#
810	2211842	9	53	63	#
811	1656376	3	55	#
812	2719605	8	39	52	#
813	3261790	3	21	25	45	48	49	55	59	#
814	6092553	1	2	49	52	55	57	58	#
815	5562238	12	32	35	36	45	50	59	61	#
816	1659402	47	62	#
817	1378415	54	55	#
818	2772428	21	31	36	55	#
819	5000109	9	12	14	24	27	36	41	46	62	#
820	981162	29	62	#
821	1187552	4	34	#
822	2951299	0	11	26	#
823	5066522	14	19	24	35	43	60	#
824	1477320	49	63	#
825	1772702	1	16	#
826	2907190	43	54	57	#
827	1338394	1	57	#
828	1378421	47	51	#
829	1496421	22	54	#
830	3328315	0	3	27	32	36	#
831	1721851	0	17	#
832	2929509	22	52	63	#
833	1580064	12	15	47	#
834	2598504	20	38	44	52	#
835	1654711	4	22	56	#
836	2920213	9	10	27	#
837	1863554	6	59	#
838	1007608	58	61	#
839	2695788	6	21	55	#
840	2325860	7	28	34	56	#
841	3213858	12	19	21	32	54	56	61	#
842	2571121	40	42	54	#
843	2275788	1	30	41	#
844	2105976	2	4	33	#
845	2085060	1	41	47	#
846	1822405	5	54	#
847	2033160	23	30	52	#
848	1271849	1	38	#
849	1037676	38	41	#
850	1917677	23	56	#
851	2539002	3	31	33	34	#
852	1993297	15	53	58	#
853	2555473	12	21	25	#
854	2677771	15	25	45	#
855	1632328	30	51	#
856	7919583	10	16	26	40	43	47	49	56	#
857	4368147	9	13	16	18	31	42	#
858	1329050	9	30	#
859	2257397	6	7	47	#
860	1122304	12	15	36	#
861	2267423	0	27	35	39	#
862	1074957	0	13	#
863	3441541	21	37	51	56	60	#
864	1428091	18	49	#
865	2150653	29	42	55	#
866	3271351	18	23	42	52	#
867	1273846	4	12	33	#
868	1843524	16	36	#
869	1675606	9	45	#
870	2703041	24	35	53	54	61	#
871	1778716	0	9	#
872	1282100	46	58	#
873	3846379	1	7	17	23	28	29	#
874	1780966	17	21	30	54	#
875	5249549	16	29	36	37	49	57	59	#
876	1366062	32	40	#
877	1753017	8	12	#
878	1663389	36	46	#
879	1376678	39	45	#
880	1854538	2	10	56	#
881	2575280	11	33	36	#
882	1244059	17	23	#
883	4844942	26	37	42	60	62	#
884	1621123	6	25	#
885	1593479	9	18	#
886	1820309	33	49	#
887	1909972	25	31	52	#
888	1448085	22	45	#
889	2292661	19	24	45	46	53	#
890	3356630	5	22	26	28	39	#
891	2228583	5	17	40	#
892	1026473	3	48	#
893	2864275	1	15	50	#
894	3387862	7	16	44	48	#
895	4977399	20	21	23	45	50	56	57	#
896	2638165	9	32	56	#
897	3192535	7	29	39	42	#
898	5223511	16	21	23	29	41	60	#
899	3390952	36	42	47	59	#
900	3370092	1	35	43	45	#
901	1717937	37	62	#
902	2024997	4	7	13	40	57	#
903	3321534	11	18	28	36	37	51	54	62	#
904	2705488	20	44	49	#
905	4882974	7	10	31	40	43	#
906	1117571	52	61	62	#
907	2183073	16	29	61	#
908	4144986	7	16	21	26	49	#
909	1100393	33	45	#
910	1977756	28	42	#
911	1961229	6	32	#
912	1306492	33	54	#
913	1073455	7	52	#
914	3897242	6	39	47	56	#
915	2046165	13	23	41	43	50	62	#
916	1172433	22	39	#
917	2241324	3	47	51	#
918	1208922	5	47	58	#
919	3763234	14	23	33	49	#
920	2619355	1	34	51	57	#
921	3312571	0	18	29	60	#
922	1622346	9	17	44	54	#
923	1849695	4	7	61	#
924	6844966	1	2	38	43	49	50	54	56	#
925	4881194	13	27	40	47	63	#
926	3332943	20	31	54	63	#
927	2751937	47	50	55	#
928	1486813	38	40	56	#
929	5573705	6	11	12	17	18	22	32	48	49	58	59	62	#
930	2302383	3	37	52	#
931	2351530	2	24	32	56	#
932	3977579	3	4	18	58	#
933	2504202	5	7	14	24	28	#
934	2418733	14	26	59	#
935	3606427	17	32	42	63	#
936	2513026	17	39	44	#
937	1398418	3	33	#
938	2480059	0	6	26	38	41	60	61	#
939	5578751	1	7	12	22	37	46	49	50	56	58	#
940	4563453	14	15	32	33	49	#
941	1938132	9	12	26	34	57	63	#
942	2059536	8	14	19	20	23	39	58	#
943	2894288	16	35	42	45	47	#
944	1359611	10	58	#
945	1799514	3	44	#
946	3014412	2	11	25	32	39	#
947	2267534	8	18	33	#
948	2802400	21	30	53	#
949	1957958	15	30	#
950	5019049	0	3	12	33	35	41	59	#
951	4640825	3	7	30	34	59	#
952	1837089	3	29	#
953	3762723	2	11	15	53	#
954	2390698	1	24	44	#
955	2521924	4	5	14	#
956	3043798	21	27	31	45	#
957	1360693	14	55	#
958	3114709	13	27	39	43	47	#
959	2295416	10	11	16	25	42	46	#
960	1973646	0	24	#
961	3169701	0	6	7	29	38	#
962	1977948	31	61	#
963	1411611	15	29	#
964	2215308	11	16	25	#
965	1554007	12	57	#
966	1987281	8	28	48	54	#
967	4348190	23	37	52	53	55	#
968	3972127	0	7	10	17	30	42	55	#
969	1511619	20	22	#
970	1873085	27	30	#
971	1958623	1	5	#
972	2255602	24	29	45	#
973	1396837	6	47	#
974	2751269	5	57	62	#
975	2602683	9	18	49	#
976	3227704	23	25	36	55	#
977	5812153	0	4	14	15	31	46	50	51	62	#
978	1963912	28	36	55	#
979	2020505	9	42	50	62	#
980	2984815	14	19	29	36	58	#
981	2807235	1	41	46	#
982	2719777	26	28	41	#
983	2982873	22	26	44	#
984	2249118	2	21	49	#
985	2403513	2	20	22	#
986	2572608	5	25	46	#
987	3647733	0	10	41	57	#
988	1549146	3	31	#
989	4392885	13	18	47	60	62	#
990	2218630	23	31	52	#
991	1447050	20	27	41	#
992	1142905	0	28	#
993	9808883	1	3	9	17	21	33	35	36	44	51	54	60	62	#
994	2383241	10	36	37	39	49	50	58	#
995	2981289	16	18	51	60	#
996	1476715	16	30	#
997	4285704	0	11	22	33	41	44	#
998	2520940	10	29	39	41	58	#
999	1281538	20	35	#
1000	1742438	2	44	#
1001	2736836	13	21	22	30	#
1002	2355035	14	46	47	#
1003	10438465	5	7	9	12	18	21	22	27	29	30	33	36	39	40	45	56	#
1004	1907217	28	57	#
1005	1605682	21	31	#
1006	4149064	14	16	30	42	45	51	56	63	#
1007	2913721	4	55	63	#
1008	6141442	0	13	20	31	42	60	63	#
1009	2716500	15	39	56	#
1010	1339168	40	41	#
1011	2228886	28	31	36	#
1012	1946787	21	59	#
1013	4894348	2	16	17	42	54	56	#
1014	1980794	0	50	#
1015	1405091	25	30	#
1016	1326035	12	38	43	44	#
1017	1392777	6	23	#
1018	2184314	0	1	14	34	#
1019	4068392	32	42	43	47	54	#
1020	1526349	17	37	#
1021	2822666	5	39	42	#
1022	1142115	7	48	#
1023	2916898	0	2	63	#
1024	1609403	22	36	#
1025	1581962	9	47	#
1026	1390079	17	22	24	#
1027	1465292	11	40	#
1028	6286827	1	28	31	50	56	57	63	#
1029	2614030	14	23	27	56	58	#
1030	1798803	28	56	#
1031	1972836	1	27	43	50	51	#
1032	1867850	1	53	#
1033	1720428	58	61	63	#
1034	1373872	1	13	#
1035	1101183	20	52	#
1036	1743267	11	53	#
1037	3932153	13	14	17	24	#
1038	2535391	10	58	63	#
1039	1325209	12	50	#
1040	2237017	6	12	14	38	44	46	54	60	62	#
1041	2940184	8	9	10	15	27	57	#
1042	1266586	5	55	#
1043	1896951	34	37	#
1044	1603356	19	46	#
1045	1984750	11	17	#
1046	2496922	13	14	60	#
1047	1190283	46	57	#
1048	1442621	13	61	#
1049	2722045	28	31	59	#
1050	1440004	25	45	#
1051	4208199	40	42	50	51	53	54	#
1052	1872268	18	40	54	#
1053	1993664	12	16	24	26	50	#
1054	1940278	27	58	#
1055	2702791	4	24	29	#
1056	1518008	9	58	#
1057	2648681	2	5	16	#
1058	1684738	0	39	#
1059	1221934	3	8	28	#
1060	2849491	26	36	37	43	44	47	51	56	#
1061	2549387	1	18	20	23	37	38	50	63	#
1062	2899872	9	11	16	25	40	#
1063	1283492	40	43	#
1064	1734517	8	53	#
1065	2595011	30	40	63	#
1066	2895903	8	12	44	#
1067	2957247	7	29	34	43	#
1068	2836376	16	26	49	#
1069	4934937	13	30	35	53	58	#
1070	1716476	32	46	#
1071	3962028	30	44	55	60	#
1072	2212631	1	46	63	#
1073	2615060	3	22	25	#
1074	2137214	4	32	35	#
1075	3216667	4	27	35	47	#
1076	1669112	51	60	#
1077	1994623	3	15	#
1078	3996563	19	29	30	46	63	#
1079	1993968	9	33	60	#
1080	1029722	11	26	#
1081	2673114	5	35	43	#
1082	2289476	2	18	55	#
1083	1073760	2	23	#
1084	2297288	2	9	22	#
1085	4179050	1	8	27	28	38	47	55	57	#
1086	1981310	19	22	#
1087	1685405	26	40	#
1088	1886833	29	52	#
1089	1932343	27	53	#
1090	1954686	1	52	#
1091	3605141	16	20	23	29	45	47	#
1092	2516916	17	44	52	#
1093	3001156	24	29	33	57	#
1094	2809157	48	55	58	#
1095	1299802	23	47	#
1096	1171551	6	19	#
1097	2166064	8	14	23	28	35	55	#
1098	2995023	15	20	41	#
1099	2888052	17	28	45	#
1100	2134229	0	13	17	31	#
1101	1521397	3	53	#
1102	1397068	6	35	#
1103	1244403	3	26	#
1104	1032710	16	38	#
1105	2841091	3	23	28	62	63	#
1106	1166790	6	16	53	#
1107	1819132	4	20	#
1108	1484040	4	36	61	#
1109	1844637	27	60	#
1110	1116933	39	59	#
1111	3349353	2	11	15	25	27	39	59	61	#
1112	5598543	9	10	22	25	29	33	47	#
1113	1931916	0	1	63	#
1114	1449897	33	52	54	#
1115	1388173	4	26	#
1116	1624842	27	46	#
1117	1255487	3	47	57	#
1118	2962159	50	51	58	#
1119	1492186	19	45	#
1120	2723951	0	8	18	#
1121	1668510	42	44	54	#
1122	2885961	3	25	27	57	#
1123	2038384	0	20	36	#
1124	2270707	26	32	54	#
1125	1895393	7	11	63	#
1126	1678614	11	36	#
1127	1035245	13	42	#
1128	3715911	6	10	25	49	60	#
1129	1374648	4	33	34	#
1130	2334980	3	30	61	#
1131	1857724	17	57	#
1132	2919668	7	48	49	62	#
1133	2843010	25	45	50	#
1134	3856091	2	6	12	24	28	29	34	54	#
1135	2926155	7	20	48	#
1136	3080290	1	8	28	29	37	#
1137	3803456	31	42	47	49	55	62	#
1138	2818518	30	41	49	#
1139	1978171	25	46	#
1140	1901808	22	34	48	#
1141	2956877	10	22	42	#
1142	4206306	0	11	32	34	46	51	#
1143	1464150	22	50	#
1144	3231651	4	7	16	24	28	36	38	42	57	#
1145	1594534	3	62	#
1146	6858146	8	15	16	24	44	49	62	#
1147	1366673	25	39	#
1148	1044576	1	22	#
1149	2104399	21	46	62	#
1150	1024624	33	38	#
1151	5942236	0	11	15	21	26	33	43	46	48	#
1152	3687881	0	33	36	48	#
1153	1564262	40	60	#
1154	1723869	2	29	49	#
1155	5085276	1	6	9	16	39	40	42	57	#
1156	1559314	22	37	#
1157	2396329	5	29	53	#
1158	2249659	39	41	56	#
1159	1293082	24	46	#
1160	1964037	4	12	18	23	57	#
1161	1687358	2	38	40	#
1162	1158994	18	46	#
1163	1315634	2	5	#
1164	4587882	4	9	15	33	36	#
1165	1666918	2	20	61	#
1166	2835883	20	42	56	58	#
1167	2964245	2	7	25	31	60	#
1168	2931370	8	46	51	#
1169	1360770	11	63	#
1170	1791486	40	45	46	55	#
1171	1838260	25	57	#
1172	3388080	2	22	35	46	#
1173	1720234	28	53	#
1174	1561602	42	51	#
1175	1401542	20	42	#
1176	1939266	1	16	32	48	#
1177	3733034	15	25	50	53	#
1178	1676981	21	63	#
1179	3166292	31	40	48	53	56	#
1180	3881768	22	35	46	51	#
1181	1396521	33	38	54	#
1182	2722397	26	42	63	#
1183	2864209	9	17	28	#
1184	1309830	15	43	#
1185	1950942	38	59	#
1186	2278407	12	48	60	#
1187	1116415	26	44	52	#
1188	3557894	7	15	19	24	32	37	41	#
1189	1137120	18	21	#
1190	4153888	15	25	33	41	48	#
1191	2400524	10	31	36	#
1192	3652620	5	37	53	59	62	#
1193	4805628	17	28	36	39	56	#
1194	2741737	2	45	48	#
1195	2656886	5	34	41	53	#
1196	2070054	15	24	45	59	#
1197	1380260	0	13	16	#
1198	1229718	1	41	#
1199	2207542	1	5	34	35	49	56	62	#
1200	2759999	23	43	49	51	#
1201	1188818	7	47	#
1202	1412449	26	59	#
1203	1156340	4	59	#
1204	10089817	1	4	7	9	14	20	25	51	55	56	62	#
1205	1473199	17	62	#
1206	3449805	12	27	45	56	62	#
1207	2988320	30	46	48	57	#
1208	1860626	14	51	#
1209	1157860	17	59	#
1210	7527507	2	6	17	23	27	35	42	50	#
1211	3145567	16	38	40	61	#
1212	987963	33	51	#
1213	1385156	19	21	27	#
1214	1919486	44	63	#
1215	2355694	3	35	36	#
1216	1103191	40	44	#
1217	2940250	2	5	41	54	#
1218	1714490	49	57	#
1219	1218494	35	48	#
1220	1991711	22	27	32	38	#
1221	1349409	13	59	#
1222	1085757	12	24	#
1223	1892707	2	32	#
1224	1725051	1	34	60	#
1225	2077493	1	3	27	46	#
1226	1517683	20	21	#
1227	2826783	11	23	35	39	#
1228	2247108	15	38	52	#
1229	1740937	20	51	#
1230	5695354	4	8	14	20	25	35	37	45	55	#
1231	1343335	39	41	#
1232	3305982	16	27	47	57	#
1233	3712792	3	4	32	44	#
1234	2024086	11	25	43	#
1235	2969337	23	24	31	44	58	#
1236	1619856	31	48	55	#
1237	2016058	49	55	57	#
1238	1441396	25	63	#
1239	1661033	8	55	#
1240	3745730	2	11	28	35	45	#
1241	3034422	24	37	57	61	#
1242	1923185	13	22	50	#
1243	1594369	15	29	34	#
1244	5899329	9	15	21	22	60	63	#
1245	1541529	1	23	#
1246	2584116	12	21	46	#
1247	1117474	59	63	#
1248	1557318	13	62	#
1249	1996822	8	62	#
1250	2683133	4	7	9	41	#
1251	1509135	10	19	#
1252	1770808	15	40	49	#
1253	1144013	15	51	#
1254	3308688	8	10	17	39	#
1255	1552253	0	27	#
1256	3796593	1	3	8	17	39	40	57	#
1257	3083727	30	38	39	44	45	53	58	#
1258	4148245	21	24	39	41	63	#
1259	1298304	13	50	#
1260	1971935	12	56	#
1261	2412588	13	37	58	#
1262	1531184	45	53	#
1263	2265208	17	19	23	38	#
1264	5280055	3	5	13	19	22	47	#
1265	2373577	11	18	42	#
1266	1229300	18	33	51	#
1267	2235164	7	10	13	59	#
1268	2233842	28	56	60	#
1269	5542641	1	14	16	17	27	41	57	#
1270	2531786	34	49	52	#
1271	2646253	8	34	46	#
1272	1961748	24	61	#
1273	1345520	22	61	#
1274	1094850	33	35	43	#
1275	2995835	19	43	46	#
1276	3129258	16	51	55	61	#
1277	1511641	7	45	#
1278	2579811	7	21	40	#
1279	1991670	11	21	#
1280	5743689	2	19	34	39	44	61	#
1281	1814382	57	60	#
1282	4774348	8	21	26	36	37	48	59	#
1283	2932791	32	39	43	#
1284	1959768	12	42	#
1285	2619294	0	15	31	33	#
1286	2996435	16	29	52	59	60	63	#
1287	1048328	14	47	54	#
1288	1267766	36	45	#
1289	1697364	23	48	#
1290	2970484	14	25	42	50	#
1291	1455873	11	54	#
1292	3400730	4	24	28	53	60	#
1293	1683606	16	45	52	#
1294	6255429	1	28	31	34	51	53	59	#
1295	1534684	29	46	#
1296	1619431	7	18	#
1297	1862572	18	27	40	#
1298	2871081	19	30	34	54	#
1299	2752016	17	41	51	61	#
1300	1499096	48	50	#
1301	1093322	41	56	#
1302	2311921	14	21	36	#
1303	1328373	46	60	#
1304	6354494	1	2	24	26	29	30	50	57	#
1305	1861183	8	57	#
1306	1051565	31	63	#
1307	1729067	9	19	25	#
1308	1968905	10	13	16	33	#
1309	1685512	39	56	57	#
1310	1008845	19	41	#
1311	2575918	0	16	23	39	#
1312	2673694	10	22	27	30	40	60	#
1313	1556937	3	41	#
1314	1983361	14	18	25	#
1315	1646487	48	59	#
1316	3364373	14	16	24	30	#
1317	2362534	35	37	52	#
1318	1891494	26	49	#
1319	1765960	7	54	#
1320	3063327	3	25	42	50	56	59	#
1321	5998081	11	12	24	42	47	49	60	#
1322	1638405	20	63	#
1323	2293164	0	40	61	#
1324	4992700	7	16	18	20	38	#
1325	2748580	9	20	39	#
1326	1914838	19	28	#
1327	1909715	6	8	50	#
1328	4514506	6	14	29	39	45	63	#
1329	2101804	2	8	33	54	#
1330	1596959	52	63	#
1331	2698472	16	33	60	#
1332	1750891	3	41	42	45	51	#
1333	1854351	7	29	39	43	#
1334	2183228	1	13	62	#
1335	2954240	5	9	19	#
1336	1430282	1	49	56	#
1337	2268635	21	24	41	#
1338	2234664	2	11	39	49	52	#
1339	4050312	7	10	13	27	51	#
1340	1406557	34	56	#
1341	1840065	5	21	#
1342	3990006	4	10	15	36	44	#
1343	3899719	15	23	33	40	61	#
1344	2610605	15	30	42	#
1345	1793105	15	44	#
1346	2972585	5	22	32	33	43	#
1347	1747139	7	15	47	49	55	58	#
1348	7535102	9	12	30	36	38	41	45	49	61	#
1349	1074238	5	30	#
1350	2069520	6	36	42	49	#
1351	3921693	6	11	21	26	42	61	#
1352	2237824	17	44	46	#
1353	1181970	16	54	#
1354	1607170	8	19	#
1355	2503125	16	31	47	#
1356	2638094	3	11	24	26	42	47	#
1357	1438004	0	43	56	#
1358	2633971	8	38	41	57	#
1359	1744509	26	28	#
1360	5230470	2	6	11	15	21	38	43	46	47	55	#
1361	2007389	37	42	58	#
1362	1720002	21	62	#
1363	2198796	11	27	39	#
1364	1845546	13	48	56	59	#
1365	1190263	28	30	#
1366	1377269	13	19	#
1367	1497647	1	31	40	54	#
1368	1980614	17	42	#
1369	6972644	4	8	13	25	29	33	35	38	40	43	49	52	54	#
1370	1386761	32	37	#
1371	1503872	26	51	#
1372	1481834	23	28	32	#
1373	2708308	25	30	31	#
1374	1370373	0	13	51	#
1375	3123989	6	11	17	31	#
1376	1692648	19	55	#
1377	1754198	15	16	#
1378	4452982	5	16	24	33	39	45	61	#
1379	1567267	25	40	55	#
1380	1580662	39	49	#
1381	1527554	20	33	#
1382	1257916	11	58	#
1383	1174062	15	17	18	51	63	#
1384	2209844	10	11	48	#
1385	3685731	15	21	49	54	#
1386	1735423	20	25	49	#
1387	2897067	10	24	31	#
1388	1656038	25	43	#
1389	2534841	4	6	25	34	#
1390	2662456	24	36	50	#
1391	3429581	4	10	24	26	37	#
1392	6199612	3	5	9	15	20	30	34	37	38	40	58	#
1393	2078670	30	46	56	#
1394	3918032	8	13	24	28	#
1395	4238598	2	8	15	26	28	30	34	37	49	#
1396	1115812	9	29	#
1397	1574665	10	31	#
1398	1691903	3	28	40	#
1399	1936954	26	35	37	#
1400	1492263	25	54	#
1401	3481273	8	24	32	55	#
1402	2432516	11	16	23	39	41	62	#
1403	1959386	37	57	#
1404	1410163	28	34	#
1405	1365516	39	60	#
1406	2815056	11	41	55	58	#
1407	1732512	9	26	#
1408	2755596	13	16	24	46	51	63	#
1409	7254913	4	15	21	50	51	55	59	61	#
1410	4797215	1	4	12	41	47	#
1411	3730838	2	17	18	50	52	#
1412	1302734	8	54	#
1413	2058068	27	50	61	#
1414	1794508	26	50	59	#
1415	1780426	15	32	41	#
1416	1923912	24	43	#
1417	2758644	13	22	26	31	37	41	#
1418	1736551	43	49	#
1419	2556208	4	15	19	33	#
1420	1503190	2	20	#
1421	2675475	6	31	56	#
1422	3157858	3	12	35	41	52	53	#
1423	2629550	2	16	34	43	#
1424	3854273	0	10	42	45	60	#
1425	2816508	1	2	5	8	24	44	52	55	59	#
1426	1678397	29	37	#
1427	2743307	0	42	55	#
1428	2930695	26	29	37	#
1429	2813581	0	10	39	#
1430	3933260	3	4	11	35	40	58	#
1431	3021165	3	28	31	40	51	56	#
1432	5237330	1	26	29	31	32	61	62	#
1433	2757119	11	34	38	#
1434	2585058	4	8	25	#
1435	4978564	16	40	43	51	52	#
1436	1285839	6	10	#
1437	2658195	14	30	32	#
1438	2699028	2	5	16	45	#
1439	1604500	18	56	#
1440	4512234	7	12	23	25	35	63	#
1441	2540928	6	9	34	#
1442	2754858	12	31	45	48	#
1443	1547515	50	53	#
1444	2475840	20	36	46	#
1445	1874947	48	62	#
1446	5137082	12	17	20	36	52	60	62	#
1447	2764880	35	40	43	58	#
1448	1233360	13	23	#
1449	1980518	6	28	60	#
1450	4288492	2	16	36	53	58	62	#
1451	1938368	46	56	#
1452	1898285	34	55	#
1453	2624076	21	22	63	#
1454	2008376	3	20	54	60	#
1455	3585108	9	35	42	57	#
1456	1311934	40	56	#
1457	2642794	6	9	55	#
1458	3579455	0	15	23	34	59	#
1459	1971463	30	43	#
1460	3559715	0	7	43	63	#
1461	2230656	24	47	63	#
1462	1599380	30	46	59	#
1463	1375698	1	61	#
1464	1091979	30	54	#
1465	2864544	5	14	24	43	#
1466	4250831	21	23	26	32	60	#
1467	1894688	1	48	53	#
1468	3151641	6	8	27	53	#
1469	6171024	3	12	15	20	34	42	43	#
1470	1872224	16	29	#
1471	2710083	7	12	54	#
1472	1853795	26	45	#
1473	2898167	4	23	42	#
1474	2706372	0	1	6	15	30	#
1475	1091644	53	59	#
1476	2404720	2	38	57	#
1477	4914659	0	4	9	21	29	#
1478	3462274	1	21	22	41	59	#
1479	1409620	26	31	#
1480	1536981	40	53	#
1481	2155571	24	48	51	#
1482	1406657	26	34	#
1483	1132847	25	37	52	#
1484	1665047	34	43	#
1485	2640423	1	12	17	33	47	#
1486	2805990	6	14	19	27	44	48	53	#
1487	3390930	0	20	30	47	63	#
1488	1506328	4	23	#
1489	3321034	4	21	48	63	#
1490	1210424	9	28	49	#
1491	1726529	18	27	#
1492	2664898	5	8	10	35	61	#
1493	1805789	29	41	#
1494	1948230	42	55	#
1495	3406116	2	35	42	47	#
1496	1917054	31	34	55	#
1497	1398128	10	28	#
1498	1641568	23	49	52	#
1499	2892547	23	38	42	#
1500	2254835	15	16	41	#
1501	3570325	9	13	14	15	31	#
1502	2744611	7	20	23	32	#
1503	4718008	1	2	8	11	37	#
1504	2635369	12	28	57	#
1505	1961981	45	47	#
1506	3600846	2	6	41	46	#
1507	2204687	16	50	58	#
1508	1682063	33	63	#
1509	6347445	9	10	25	37	39	50	58	#
1510	2194379	29	33	58	#
1511	1144077	25	50	#
1512	1010847	23	45	#
1513	1633025	29	56	57	#
1514	1967718	24	51	60	#
1515	7363380	0	16	20	21	31	38	44	46	#
1516	1941006	39	55	#
1517	2878654	6	37	39	61	#
1518	2789970	3	58	59	#
1519	1991273	8	24	#
1520	1501571	16	28	40	47	#
1521	5424045	6	8	12	15	20	35	60	#
1522	2727588	22	29	49	#
1523	1301777	0	2	#
1524	2486016	7	8	45	58	#
1525	1925343	43	46	#
1526	5520849	8	20	23	31	42	45	58	#
1527	1006196	28	40	49	#
1528	4242809	0	2	11	26	46	#
1529	1137029	16	25	52	#
1530	2574088	13	18	47	51	#
1531	2100142	24	27	42	52	61	#
1532	1379651	40	55	#
1533	2570659	20	25	62	#
1534	2174473	42	54	61	#
1535	2716943	0	28	34	#
1536	3530433	8	20	22	28	#
1537	1431289	12	20	#
1538	2034960	8	47	49	#
1539	2653441	6	41	49	#
1540	1521589	16	17	#
1541	2694801	29	33	38	49	62	#
1542	1441571	19	24	33	#
1543	2192121	8	10	15	16	36	52	#
1544	1442583	48	60	#
1545	2709116	4	35	63	#
1546	1921027	14	32	38	#
1547	1412126	11	12	#
1548	5383200	13	45	54	56	60	61	#
1549	3812741	7	15	25	53	55	#
1550	5651734	22	39	47	48	53	62	#
1551	1747297	14	25	35	#
1552	3441353	1	3	33	61	#
1553	4230423	29	47	52	58	63	#
1554	2427774	16	17	23	#
1555	2323542	25	33	49	#
1556	2502390	14	40	48	57	#
1557	2679835	5	24	56	#
1558	5239956	1	19	20	31	34	44	50	#
1559	3377108	25	41	52	53	#
1560	2665531	0	56	58	#
1561	3351966	32	36	39	42	62	#
1562	7189802	0	5	12	17	19	24	27	41	#
1563	2364132	2	6	13	33	50	51	52	#
1564	5246485	1	7	12	40	45	49	56	59	63	#
1565	2183504	31	36	41	#
1566	5701896	13	17	37	42	46	61	#
1567	2192849	38	51	54	#
1568	2266236	23	58	62	#
1569	1866621	27	42	#
1570	3010339	7	17	19	25	#
1571	2004324	12	38	41	#
1572	3446702	4	6	25	27	50	#
1573	5712918	10	13	17	28	37	51	61	#
1574	3508144	15	20	31	35	51	57	60	#
1575	1955911	26	49	52	63	#
1576	9570085	1	16	21	23	25	32	36	40	49	53	62	#
1577	1853968	22	35	40	#
1578	1472796	2	51	#
1579	1603755	34	52	#
1580	1325832	9	44	#
1581	3491438	17	23	30	40	50	51	55	#
1582	2749812	9	38	53	#
1583	1642717	3	37	61	#
1584	1775088	0	15	34	#
1585	5789683	9	13	15	33	35	44	49	55	#
1586	3707433	11	17	20	24	47	#
1587	1453178	6	14	55	#
1588	1146316	14	25	62	#
1589	2696028	15	28	59	#
1590	2953174	7	30	41	#
1591	2297257	5	41	49	57	58	#
1592	1032885	18	33	#
1593	1965741	3	7	10	39	43	60	#
1594	3255071	12	26	34	40	52	#
1595	2408832	1	10	56	#
1596	1817927	3	32	#
1597	1906476	12	45	#
1598	2453851	25	50	53	#
1599	1376331	39	51	#
1600	1616156	6	22	43	48	#
1601	1960802	24	62	#
1602	2055683	31	46	54	#
1603	1994799	16	28	52	#
1604	4708913	1	6	22	28	59	#
1605	1606721	56	58	#
1606	1866605	4	28	#
1607	1722230	20	57	#
1608	2648915	4	18	19	#
1609	3200591	5	18	21	28	35	49	#
1610	1609518	21	44	#
1611	2826709	20	24	53	57	#
1612	3365166	8	19	32	53	62	#
1613	3249900	15	17	41	54	#
1614	1124955	29	47	#
1615	1928707	33	46	#
1616	2874099	3	30	34	49	#
1617	2877647	6	24	45	#
1618	3463607	29	36	39	52	#
1619	1914069	18	26	#
1620	999860	24	53	#
1621	2699010	2	33	58	#
1622	2889683	11	12	49	53	57	#
1623	1419870	28	38	#
1624	2193985	19	45	48	#
1625	2180740	7	16	34	59	#
1626	3897621	7	8	43	62	#
1627	3712999	8	23	28	40	#
1628	4988245	0	22	29	32	41	54	#
1629	1463246	8	52	#
1630	2566856	11	44	53	#
1631	1988697	2	4	#
1632	1706248	29	55	62	#
1633	2796699	10	22	29	#
1634	2379161	12	32	38	61	#
1635	4021488	0	2	12	21	31	41	45	#
1636	1477883	12	39	#
1637	12476351	6	8	13	16	17	18	27	33	36	38	42	45	50	54	63	#
1638	2177679	27	43	63	#
1639	2286518	3	10	43	50	56	#
1640	2339768	23	26	52	#
1641	3927521	4	11	12	27	40	46	#
1642	2406147	12	22	26	#
1643	2265703	23	54	62	#
1644	1787507	2	42	54	#
1645	1979941	2	6	11	13	#
1646	3755636	2	24	44	53	#
1647	2002881	6	25	27	#
1648	2901545	24	50	53	#
1649	1936922	34	45	#
1650	3568760	4	13	15	23	54	#
1651	2502730	3	4	13	17	#
1652	1749670	14	29	34	58	#
1653	1175818	4	6	18	#
1654	1865131	32	47	#
1655	2949180	14	24	35	#
1656	2690472	16	52	55	#
1657	3984358	0	17	40	42	#
1658	1768855	0	20	#
1659	1239107	9	12	24	#
1660	2014610	5	23	29	#
1661	2932522	23	36	38	#
1662	2890932	17	37	40	46	#
1663	2433250	4	10	20	#
1664	5727799	3	21	23	34	44	46	58	#
1665	2286925	10	31	32	41	#
1666	5034469	5	7	13	35	50	57	#
1667	3833651	0	11	23	34	#
1668	1318978	35	40	#
1669	2928245	4	13	49	#
1670	2459258	13	21	55	#
1671	2275850	1	5	23	42	#
1672	2539693	7	22	47	59	#
1673	1687318	46	63	#
1674	2774573	16	60	61	#
1675	1509569	13	38	#
1676	2738459	12	32	42	59	#
1677	2714804	10	16	62	#
1678	2571965	28	42	57	#
1679	1197154	46	53	55	#
1680	1406556	54	59	#
1681	1362132	10	53	#
1682	3228095	22	29	32	53	#
1683	1256618	35	55	#
1684	2466883	46	52	56	57	#
1685	2899049	12	31	50	#
1686	3014704	5	10	24	29	45	47	#
1687	2662461	19	39	47	#
1688	1339464	9	19	38	#
1689	4457226	1	8	13	20	46	61	#
1690	3265163	3	4	6	14	50	#
1691	1242340	14	18	#
1692	1520924	6	36	63	#
1693	2763128	20	23	30	#
1694	2286608	9	10	12	38	44	#
1695	1620763	43	54	#
1696	1790579	9	15	#
1697	1725399	53	55	57	#
1698	2628953	27	36	60	#
1699	2484038	0	27	46	#
1700	2651374	29	39	51	63	#
1701	2577373	5	21	35	48	54	#
1702	2216576	33	35	41	42	43	60	#
1703	2341135	0	49	63	#
1704	3424431	1	5	11	14	38	53	60	#
1705	10867743	9	10	14	17	19	23	34	36	43	48	50	52	56	58	61	#
1706	1176314	12	26	63	#
1707	1868458	14	36	#
1708	1845378	6	34	#
1709	1995770	32	34	43	56	63	#
1710	1630317	14	21	26	55	#
1711	1593014	35	54	#
1712	1799931	9	17	29	#
1713	2229589	4	5	6	25	33	41	#
1714	1638039	56	59	#
1715	5949795	14	16	20	37	38	59	#
1716	2943743	11	16	35	37	51	52	#
1717	2423274	1	16	30	#
1718	5793930	14	19	20	25	28	52	#
1719	2092510	6	9	17	32	#
1720	3946559	12	23	24	56	61	#
1721	1006473	15	57	#
1722	4240046	17	24	42	50	63	#
1723	3808365	7	31	43	49	57	#
1724	2812506	22	32	36	#
1725	1067756	48	56	#
1726	3468817	5	38	41	47	48	#
1727	2996236	3	28	42	58	#
1728	2749235	19	42	50	58	61	#
1729	1772414	35	51	#
1730	1506249	6	51	#
1731	2094298	24	31	60	#
1732	1555893	2	9	20	60	#
1733	1226608	37	61	#
1734	7128344	3	6	24	34	42	44	53	57	60	#
1735	6037819	5	24	27	28	31	38	39	46	47	57	#
1736	1690058	4	26	41	61	#
1737	2675626	7	9	25	27	33	36	47	#
1738	4455320	1	23	39	40	41	52	61	#
1739	2271366	37	46	61	#
1740	1332698	21	60	#
1741	3443375	5	40	45	60	#
1742	8615416	5	9	14	16	30	35	43	49	53	#
1743	2843511	9	15	33	55	#
1744	1993901	8	18	#
1745	4063687	10	20	29	30	62	#
1746	8797001	8	13	25	32	36	40	43	46	48	#
1747	1529166	26	42	#
1748	2125443	0	53	54	#
1749	3710103	5	19	31	52	61	#
1750	1694661	6	30	#
1751	1800915	1	54	55	#
1752	4378946	1	31	46	60	61	#
1753	1636069	8	63	#
1754	2905194	20	24	37	#
1755	1768558	26	29	#
1756	1369767	38	46	#
1757	1546809	2	41	#
1758	2159031	2	24	27	57	#
1759	2453330	14	23	27	#
1760	1650432	0	5	28	36	#
1761	4790610	15	19	36	45	47	#
1762	3057962	3	9	25	41	#
1763	4700764	22	28	33	45	63	#
1764	3299344	6	30	40	52	53	#
1765	2398310	7	20	38	#
1766	4403698	4	25	35	47	54	#
1767	2147501	33	44	63	#
1768	1669171	9	25	36	49	#
1769	1897961	2	43	#
1770	1819148	7	40	#
1771	4391247	5	7	15	29	63	#
1772	1184823	6	11	#
1773	2645692	18	45	50	#
1774	2568826	2	41	62	#
1775	6877574	1	10	22	29	30	39	41	42	61	#
1776	5503158	16	21	28	30	36	40	51	#
1777	1930299	18	59	#
1778	1369620	40	54	#
1779	1044408	28	47	63	#
1780	1622601	39	53	58	#
1781	1096296	4	7	60	#
1782	1332588	18	54	#
1783	2703692	19	40	45	#
1784	2808379	4	23	33	60	#
1785	2162271	38	51	53	#
1786	1682310	1	2	#
1787	3050696	3	12	15	30	32	33	34	47	#
1788	2814886	19	41	45	56	#
1789	3029703	4	22	51	57	#
1790	2482908	2	6	13	14	29	#
1791	3780487	22	30	37	54	63	#
1792	2193233	35	36	54	#
1793	3570756	5	8	54	57	#
1794	1248781	20	38	#
1795	2534542	0	44	56	59	#
1796	1177769	8	13	#
1797	4651275	1	2	7	23	28	31	36	43	47	50	54	56	57	#
1798	6855406	0	1	11	15	25	52	57	#
1799	2830935	8	56	62	#
1800	1697632	10	56	#
1801	3413611	0	2	10	18	39	58	62	#
1802	1657571	38	50	#
1803	1514303	3	13	20	#
1804	2110202	4	17	25	#
1805	1372479	36	37	56	#
1806	3158482	1	9	15	17	30	33	34	35	63	#
1807	2829621	5	21	29	#
1808	1425673	5	25	#
1809	1983257	0	55	#
1810	2023437	10	48	51	#
1811	1640367	5	17	#
1812	2339523	24	39	42	44	63	#
1813	2722697	18	51	62	#
1814	1891402	6	61	63	#
1815	2897802	8	12	18	52	#
1816	4350129	9	16	25	28	41	#
1817	1673369	1	29	#
1818	2278031	20	24	38	43	53	#
1819	1827297	16	39	42	#
1820	1987761	10	18	#
1821	2386596	28	40	54	#
1822	1767552	39	63	#
1823	1317310	5	52	#
1824	1588409	49	58	#
1825	1965188	2	10	16	#
1826	3232496	7	9	21	53	#
1827	2802840	2	21	42	#
1828	2607663	16	30	56	#
1829	977921	28	63	#
1830	3594356	1	5	8	17	43	46	#
1831	2046383	8	23	31	#
1832	1662576	39	44	#
1833	2580748	17	54	62	#
1834	1472566	38	62	#
1835	1574752	2	46	#
1836	1314491	13	48	#
1837	1152573	3	21	#
1838	1766800	14	50	#
1839	2877665	3	4	32	#
1840	1699698	22	43	58	#
1841	2495782	4	26	52	#
1842	3969066	8	27	45	49	#
1843	2500309	22	47	62	#
1844	2325742	0	28	62	#
1845	4067944	5	26	31	38	49	#
1846	1824185	42	52	#
1847	2427966	0	26	42	59	#
1848	2060294	7	31	40	#
1849	2018420	15	26	40	#
1850	1741169	0	43	61	#
1851	1904552	8	17	25	37	#
1852	2519119	6	39	54	61	#
1853	4144959	3	8	22	30	41	54	60	#
1854	1476172	9	28	32	#
1855	1004003	15	19	38	#
1856	3676814	6	35	42	55	#
1857	2940325	10	18	22	#
1858	4910728	3	10	18	28	42	#
1859	1521671	13	33	#
1860	1413327	37	46	#
1861	2019918	16	33	43	#
1862	1285564	7	9	28	#
1863	1913257	0	6	42	#
1864	1042921	47	54	#
1865	1879652	18	35	#
1866	4627386	4	33	36	47	60	#
1867	1916156	7	57	#
1868	2341134	6	21	34	#
1869	1672366	9	19	63	#
1870	5582341	0	12	29	33	35	44	45	#
1871	1383360	19	62	#
1872	3406522	1	6	9	27	33	38	45	56	61	#
1873	2071309	10	16	18	30	#
1874	1245591	12	33	#
1875	3070411	0	12	22	39	57	#
1876	4139294	1	2	12	20	44	#
1877	1056142	7	49	#
1878	1615954	15	23	61	#
1879	1369236	0	6	#
1880	1327787	8	48	#
1881	1802572	51	52	#
1882	5987669	12	14	27	29	30	50	62	#
1883	1728343	20	24	#
1884	3869787	2	18	32	51	#
1885	2522577	4	12	16	25	40	61	#
1886	3321115	1	24	31	52	#
1887	2680688	1	40	62	#
1888	1234784	5	23	26	38	#
1889	1276008	14	40	46	#
1890	2965781	1	40	45	47	55	#
1891	5678198	24	34	46	47	48	50	#
1892	3537076	5	10	14	35	62	#
1893	1499752	46	61	#
1894	1092504	3	40	#
1895	4229567	9	21	28	46	51	#
1896	3055448	11	43	53	58	#
1897	1823940	1	9	32	#
1898	1529351	0	31	49	#
1899	1894078	11	28	#
1900	6473641	23	25	37	38	46	55	56	60	#
1901	1064464	29	40	#
1902	2955570	9	17	28	58	#
1903	1449439	7	31	#
1904	1504123	6	9	36	#
1905	3477660	0	2	8	22	29	#
1906	1444637	24	47	#
1907	3192139	5	30	53	63	#
1908	3081832	4	11	15	47	48	63	#
1909	995521	21	32	#
1910	2090348	19	23	39	53	54	#
1911	2212506	23	32	35	58	59	#
1912	1405593	13	55	59	#
1913	2104302	15	19	56	#
1914	2621079	3	46	54	#
1915	1929912	29	31	#
1916	1985836	37	55	#
1917	2744012	3	48	55	#
1918	3058086	1	14	15	29	62	#
1919	2048938	19	36	59	60	#
1920	1327161	9	21	#
1921	3344123	26	33	35	45	#
1922	2736159	9	14	39	#
1923	1530704	38	46	52	#
1924	1489820	3	10	#
1925	3107624	6	11	25	58	#
1926	2518921	39	55	61	#
1927	3750928	25	28	31	52	#
1928	1556874	56	61	#
1929	2682640	29	33	40	62	#
1930	3910819	1	25	43	50	#
1931	1357845	35	53	#
1932	2564808	5	26	53	#
1933	5853598	11	17	21	34	42	46	53	#
1934	3261690	3	21	28	61	#
1935	2596115	2	18	26	#
1936	2160021	6	12	39	44	#
1937	1913373	12	17	#
1938	1856917	23	50	#
1939	2731623	0	16	17	27	32	38	41	#
1940	2529075	13	28	63	#
1941	1582940	15	45	51	#
1942	5531276	4	6	17	31	40	50	52	#
1943	1595802	2	30	#
1944	3484835	8	9	11	43	51	#
1945	1805046	25	29	48	#
1946	6216631	6	7	16	20	23	44	45	#
1947	2345666	10	18	32	46	#
1948	1973603	56	63	#
1949	1122438	5	43	#
1950	1424927	9	10	16	#
1951	1923857	0	1	#
1952	1670553	22	23	#
1953	1502163	2	58	#
1954	6659328	2	7	22	37	54	56	58	#
1955	2739704	7	33	34	#
1956	1311398	21	43	#
1957	3593190	6	19	27	51	#
1958	1751860	0	32	33	48	#
1959	1922101	41	49	#
1960	3097599	1	4	16	22	40	#
1961	1326280	3	9	38	43	#
1962	1410101	39	41	42	59	#
1963	1656856	33	62	#
1964	3404573	5	6	18	40	41	48	#
1965	1970323	30	47	50	#
1966	3949597	7	21	22	62	#
1967	1137639	54	58	#
1968	1597273	0	31	44	#
1969	2145242	5	18	20	52	53	#
1970	2390729	12	52	56	#
1971	2945304	19	40	49	#
1972	1146290	39	40	#
1973	3246798	3	37	41	52	#
1974	2914314	1	7	12	40	59	#
1975	3737683	6	32	37	39	#
1976	2309969	8	18	25	#
1977	1675440	28	50	55	60	62	#
1978	1830963	2	3	17	#
1979	1866604	2	11	29	45	50	55	#
1980	1843820	31	56	#
1981	4030005	6	11	14	25	34	40	52	#
1982	2747719	17	23	52	#
1983	2754762	18	54	61	#
1984	1085453	4	47	#
1985	1446749	41	46	#
1986	3044040	5	26	44	58	61	#
1987	1303353	21	37	#
1988	2830697	35	38	45	#
1989	1349082	16	25	51	#
1990	3643521	0	5	7	47	59	#
1991	3680212	10	15	25	33	60	#
1992	3830622	9	43	49	63	#
1993	10484470	6	11	13	14	31	32	37	38	55	57	60	61	#
1994	1800275	10	15	22	#
1995	3692184	6	16	29	35	57	62	#
1996	4111287	27	39	44	54	60	#
1997	4385015	13	14	19	27	43	#
1998	3415055	28	32	37	46	#
1999	1390351	29	43	#
