%% File generated by CATS v.2.1Wed Jun 19 19:07:43 2013

%% The CATS webpage is http://robotics.stanford.edu/CATS

%% PARAMETER SETTINGS:
% Goods: 64; Bids: 2000; Distribution: L4; Runs: 50; Seed: 1371663978
% Legacy distribution parameters:
% Number of goods chosen according to Decay distribution (alpha = 0.55).
% Price chosen according to Linear Random distribution (low_linearly = 1, high_linearly = 1000).


goods 64
bids 2000
dummy 0

0	987623	6	#
1	992380	48	#
2	962813	41	#
3	979398	17	#
4	3465037	2	7	46	63	#
5	2264444	2	35	44	#
6	957530	58	#
7	1930989	5	44	#
8	992087	27	#
9	990702	59	#
10	998662	12	#
11	996116	11	#
12	1096225	28	52	#
13	3662883	22	30	41	62	#
14	981789	9	#
15	994563	30	#
16	1715584	31	35	#
17	1950004	47	52	#
18	1767981	0	60	#
19	995541	47	#
20	1852398	6	32	37	#
21	1774693	5	55	#
22	1709496	12	30	#
23	1712164	21	45	#
24	2124526	39	52	58	#
25	998336	34	#
26	4982817	11	30	33	41	45	#
27	994035	53	#
28	1216424	13	54	#
29	972625	35	#
30	1275004	39	55	#
31	1575270	6	30	41	56	#
32	1834440	38	63	#
33	998293	62	#
34	967331	36	#
35	995036	40	#
36	1727577	33	37	63	#
37	978406	22	#
38	974187	7	#
39	2748511	4	9	12	62	#
40	2943891	9	37	54	#
41	992009	45	#
42	999020	10	#
43	1662670	16	46	#
44	1859373	21	35	60	#
45	999231	21	#
46	5961130	0	2	5	7	11	22	24	29	32	48	49	50	#
47	990453	28	#
48	991287	33	#
49	1820929	0	12	#
50	1846255	42	48	#
51	5829854	5	10	36	44	52	58	#
52	990934	60	#
53	1669725	48	60	#
54	2420715	6	41	59	#
55	958425	37	#
56	3973757	11	29	39	53	#
57	987383	4	#
58	2782156	3	4	21	25	#
59	971827	19	#
60	982522	52	#
61	973078	2	#
62	1422191	52	58	#
63	3894123	0	10	11	29	57	#
64	975104	18	#
65	992600	15	#
66	2204144	16	19	22	36	#
67	1896338	50	51	#
68	965072	42	#
69	1264013	29	53	#
70	988671	26	#
71	1414249	4	34	#
72	2264309	20	22	27	#
73	1741755	53	61	#
74	980567	0	#
75	961621	14	#
76	1714866	9	16	#
77	984480	49	#
78	996976	1	#
79	931354	13	#
80	994687	5	#
81	986029	43	#
82	1917260	35	48	#
83	880538	56	#
84	1188100	50	54	#
85	1003829	45	55	#
86	978094	55	#
87	994217	57	#
88	1695844	16	29	48	#
89	1282609	32	49	#
90	6934599	9	10	24	30	38	41	45	49	#
91	1137166	10	11	#
92	1742660	7	14	#
93	2335740	12	17	26	59	#
94	1639774	26	38	#
95	1692350	38	53	#
96	1323593	42	47	#
97	1810281	2	8	14	#
98	968723	23	#
99	991825	39	#
100	1739395	17	56	#
101	1800152	26	45	#
102	1462633	10	25	#
103	996608	24	#
104	2153807	6	13	49	#
105	1921353	51	54	#
106	952950	25	#
107	1973257	41	49	#
108	1671432	9	25	#
109	2396522	6	15	37	#
110	1900549	3	24	28	58	#
111	1800357	29	36	59	#
112	2648754	9	10	24	#
113	907022	16	#
114	1416304	50	58	#
115	7328666	2	9	13	14	21	44	45	57	#
116	1339047	2	24	30	#
117	2294318	1	43	49	#
118	1914782	20	33	#
119	999978	20	#
120	2804103	6	12	24	57	#
121	1341543	36	47	#
122	1656117	9	40	#
123	1924330	18	21	#
124	978953	3	#
125	1045445	24	48	#
126	3935179	10	41	55	62	#
127	1728808	3	30	35	#
128	1764243	10	17	41	#
129	2675022	0	1	14	41	43	#
130	1685053	43	50	52	#
131	967672	38	#
132	2447877	8	14	33	62	#
133	2130444	0	13	14	37	61	#
134	994104	29	#
135	1705754	34	58	#
136	1587603	44	60	#
137	993699	8	#
138	2114444	41	53	60	#
139	1725391	36	54	#
140	964497	32	#
141	8894864	1	2	8	11	13	32	39	40	45	46	#
142	1587461	22	50	52	60	#
143	3923785	10	21	31	44	#
144	1964194	32	57	#
145	977232	44	#
146	1837677	18	41	46	#
147	1384248	7	58	59	#
148	954364	50	#
149	1830252	13	63	#
150	1438797	10	15	#
151	1336946	9	24	#
152	1824507	1	8	63	#
153	1841283	30	58	#
154	2289823	14	15	21	26	40	58	#
155	1980351	3	46	#
156	2766218	10	13	35	#
157	1831272	0	27	#
158	2108378	10	39	55	#
159	4069543	7	19	22	28	50	58	#
160	2743023	10	31	51	52	#
161	1328449	43	53	#
162	2210160	11	22	36	47	56	#
163	3940529	10	14	19	52	#
164	959738	63	#
165	1517814	15	51	#
166	988193	31	#
167	1941426	34	53	#
168	1804150	19	25	39	#
169	1641921	7	55	#
170	5955223	10	11	19	22	25	42	48	#
171	1214224	14	49	#
172	4279357	10	35	40	45	58	#
173	2592602	1	28	52	#
174	2181657	10	55	57	#
175	5464910	17	26	29	30	34	48	63	#
176	1559856	24	31	50	#
177	1343402	14	22	36	#
178	985169	61	#
179	1586115	13	57	#
180	1554832	25	55	56	#
181	1340117	33	50	#
182	2711911	3	25	30	56	#
183	4548920	0	2	38	45	62	#
184	5183522	2	6	17	21	29	57	#
185	1859421	7	23	#
186	979156	46	#
187	2964904	9	26	28	38	#
188	2096135	2	48	61	62	#
189	2433288	7	12	31	#
190	2571374	31	42	47	#
191	2293858	16	43	52	59	#
192	2989884	1	13	41	49	#
193	1478847	13	51	#
194	973095	16	42	#
195	1676335	5	34	#
196	2198417	32	33	43	50	#
197	1994754	40	53	54	#
198	1010221	17	31	36	#
199	2789765	22	33	41	#
200	1273471	21	47	#
201	1078030	27	47	#
202	1430502	47	57	#
203	2600544	39	44	46	57	61	#
204	1639687	16	38	#
205	5771461	11	15	40	54	57	61	#
206	3659738	7	9	38	57	#
207	3725655	7	23	30	31	#
208	1072777	1	13	#
209	2030614	16	26	36	44	#
210	1083615	44	46	#
211	3335535	30	44	48	59	#
212	1423937	28	31	#
213	5090399	1	7	14	36	45	57	#
214	1482595	3	40	#
215	3741368	4	18	42	56	59	#
216	1628578	13	62	#
217	1559800	38	52	#
218	1737068	6	51	#
219	2254313	41	47	63	#
220	1985464	12	45	47	56	#
221	2651072	5	23	30	#
222	1341581	23	60	#
223	2299468	16	27	40	#
224	1983472	3	44	#
225	3689517	8	12	21	24	31	33	#
226	1978837	21	26	32	49	#
227	1998869	48	53	#
228	2906783	12	34	40	45	53	#
229	1946607	9	23	39	51	#
230	2878857	18	25	51	#
231	1205807	19	26	37	63	#
232	1637733	3	27	#
233	5462013	0	5	40	43	54	59	#
234	1842580	10	13	#
235	2673544	46	51	56	#
236	992290	51	#
237	1122572	37	55	#
238	3115544	5	13	17	24	29	#
239	984521	54	#
240	1095747	23	38	#
241	4790790	19	25	26	37	53	#
242	3481812	9	11	23	29	34	52	#
243	4146893	3	5	12	20	48	53	56	#
244	1824770	49	56	#
245	1739939	10	23	#
246	2516060	5	18	38	#
247	1606826	58	61	#
248	3455277	0	7	8	12	23	34	40	54	59	60	61	#
249	3066587	6	16	19	49	51	62	#
250	1984794	8	17	19	38	40	58	63	#
251	1119569	25	60	#
252	1591817	2	19	35	54	#
253	1744396	1	60	#
254	1879046	14	53	#
255	5838419	1	7	17	33	37	47	54	#
256	1154622	38	50	#
257	1728098	17	28	33	#
258	1513790	4	43	#
259	1098515	39	50	#
260	1705464	26	62	#
261	2091835	10	26	33	56	#
262	1707730	19	38	#
263	1541951	1	16	27	#
264	1269116	30	32	59	63	#
265	1939808	25	32	#
266	3803404	30	31	42	63	#
267	1914259	11	26	#
268	1388416	11	29	#
269	3358382	14	19	37	50	#
270	1998976	20	23	44	45	#
271	2399422	14	40	51	#
272	1557197	9	19	#
273	1220462	3	54	#
274	4458346	9	17	30	31	53	#
275	1261227	43	49	#
276	1794954	2	11	#
277	1159459	12	19	#
278	1514745	10	51	#
279	2773803	4	6	56	#
280	1961246	30	36	49	62	#
281	2283981	20	34	39	#
282	2121061	15	58	61	#
283	1689511	1	37	#
284	6389590	4	10	14	24	25	29	33	40	54	59	63	#
285	1014159	13	58	#
286	1366535	4	49	#
287	3146404	32	46	47	52	55	#
288	1954617	25	56	61	#
289	1797948	5	30	#
290	4239024	20	22	29	41	42	48	#
291	1763596	44	59	#
292	1830755	6	19	23	#
293	1676731	21	33	37	43	#
294	1213711	38	57	#
295	1592667	6	58	#
296	1650304	18	50	#
297	1494733	34	35	#
298	2722201	8	33	38	#
299	1615014	11	27	#
300	1140638	0	6	46	#
301	1974705	13	56	57	#
302	1403198	0	34	#
303	1616198	5	12	#
304	1958941	25	46	58	#
305	1724703	39	54	#
306	2229652	10	16	29	#
307	2059051	24	25	39	55	#
308	2080288	1	29	58	#
309	1906541	12	29	48	#
310	2109272	37	43	56	#
311	2963787	11	12	50	#
312	1929993	5	25	30	53	54	#
313	2985971	7	24	41	45	#
314	2099770	7	21	41	#
315	1809355	18	55	#
316	1206421	50	56	#
317	3443603	9	28	40	43	46	55	58	63	#
318	1727174	3	7	#
319	9708524	8	24	27	28	36	42	43	48	50	57	#
320	1837749	8	56	#
321	1374266	8	33	#
322	5432611	3	9	25	29	35	45	49	51	#
323	3219997	15	32	34	50	52	63	#
324	2174297	18	25	33	59	#
325	1128512	9	56	#
326	5280419	5	9	18	20	25	48	#
327	3994436	11	12	16	30	52	#
328	1358136	16	20	41	#
329	3600819	20	24	55	57	#
330	1362164	8	27	#
331	1866005	45	58	#
332	2810460	36	53	60	#
333	1528793	17	57	#
334	1978835	39	47	#
335	1883521	3	36	#
336	2906682	12	39	41	#
337	1890104	56	59	#
338	1640838	49	60	#
339	1278849	29	46	#
340	3082624	19	27	31	52	#
341	2673600	9	21	57	#
342	1900139	29	57	#
343	1488190	13	16	#
344	1848970	4	7	25	#
345	3846109	2	15	19	59	#
346	1990498	7	63	#
347	1843029	59	62	#
348	2227621	14	35	38	62	#
349	1620388	5	17	#
350	1266911	28	30	55	57	#
351	1692175	13	31	#
352	1033805	44	52	#
353	2147025	38	45	48	#
354	2360102	18	29	61	#
355	1298386	12	63	#
356	1864147	12	57	#
357	2354527	27	28	46	#
358	2100515	4	20	43	#
359	1758674	26	61	#
360	1037703	31	54	#
361	1937159	15	56	#
362	1805085	36	46	#
363	2609417	0	1	22	32	42	56	#
364	3137514	5	25	33	36	47	55	#
365	1390103	40	56	#
366	1500672	40	48	#
367	1466329	9	53	56	#
368	1307710	40	60	#
369	1879855	26	51	#
370	1560549	27	62	#
371	1880372	34	51	#
372	1400431	21	36	#
373	1587167	1	16	23	#
374	2728831	41	46	60	#
375	5159636	8	12	14	44	53	60	#
376	1534277	20	47	#
377	1135409	31	33	#
378	1283738	6	42	#
379	1607356	48	61	#
380	5797142	0	6	9	10	26	43	63	#
381	1212974	38	51	#
382	1294206	24	40	#
383	1732395	15	36	#
384	2335035	7	8	13	#
385	1435332	0	2	#
386	2089994	11	50	56	#
387	1424587	12	53	#
388	1732492	30	52	#
389	2502210	22	35	62	#
390	2284506	39	41	43	#
391	1517945	5	36	#
392	1136527	20	41	#
393	2115564	49	54	56	#
394	1822940	5	12	15	#
395	2510721	20	36	40	#
396	1154956	7	20	#
397	1499538	61	62	#
398	2648834	28	50	59	#
399	5060832	1	27	29	35	45	53	#
400	5745914	7	18	23	26	35	56	63	#
401	1718294	28	41	#
402	1715706	34	46	#
403	1305216	15	50	#
404	5750206	1	11	21	23	57	60	#
405	1966674	21	61	#
406	1608253	10	57	#
407	2014421	1	10	19	#
408	1914939	4	12	#
409	6826814	1	25	27	33	40	41	44	#
410	1796471	9	45	#
411	3577940	3	20	28	51	54	58	#
412	3384077	1	2	6	61	#
413	2493185	35	39	61	#
414	1189862	0	37	#
415	2609003	10	32	35	55	#
416	2872204	31	41	50	#
417	1451390	7	9	#
418	2988466	6	10	44	#
419	3465722	0	15	30	32	40	43	#
420	1805928	0	48	#
421	1760258	2	58	#
422	1565651	32	56	#
423	1239413	19	46	#
424	1968780	8	34	#
425	1753957	42	56	#
426	2501471	28	32	39	#
427	1505816	14	47	#
428	1827587	19	26	55	#
429	1782162	16	19	44	#
430	1378668	17	28	#
431	1790301	20	42	47	51	#
432	2370263	1	25	63	#
433	1133643	25	47	#
434	1877942	22	55	#
435	1737240	17	52	#
436	1662554	18	33	53	#
437	2889394	0	33	48	52	#
438	2178411	28	53	61	62	#
439	4284922	3	4	5	17	18	21	27	29	31	#
440	1884026	49	59	#
441	2009656	15	44	62	#
442	2247885	33	38	51	#
443	3968935	2	15	18	27	#
444	1483391	37	47	#
445	1701316	23	54	#
446	1883383	28	30	56	63	#
447	1682901	2	17	22	32	#
448	3752089	5	31	32	38	54	#
449	2925469	23	28	40	#
450	2133885	0	22	26	#
451	1704236	0	59	#
452	1601553	27	34	#
453	1873163	17	43	#
454	2694761	12	16	23	#
455	1749454	12	38	#
456	2873900	4	11	27	#
457	1958359	48	58	#
458	2480742	7	15	31	43	#
459	2926073	5	16	47	#
460	1318159	0	31	#
461	2884542	19	28	31	#
462	2141974	13	25	31	#
463	2562230	31	34	42	#
464	2140013	7	22	32	40	43	58	62	#
465	2336443	4	16	20	34	#
466	1928365	54	55	#
467	3447309	3	10	28	45	#
468	3556994	10	39	44	60	#
469	1632148	43	50	#
470	1673734	2	7	#
471	1915954	1	61	#
472	1886599	4	8	10	15	38	48	#
473	1796319	5	8	#
474	2649514	15	20	27	29	51	#
475	3450892	22	44	60	61	#
476	1468508	46	58	#
477	7237428	6	19	20	26	28	43	46	57	#
478	1075251	45	53	#
479	1986891	46	49	63	#
480	3459295	2	33	46	48	50	54	#
481	1285416	5	35	#
482	2526887	32	51	55	#
483	3616603	16	46	49	54	#
484	1701332	20	63	#
485	1008592	8	50	#
486	5807590	1	5	27	34	35	41	54	#
487	8737462	22	27	40	46	53	55	59	61	62	#
488	1430473	6	40	#
489	1878027	12	16	28	32	#
490	2682944	4	9	32	38	39	40	43	46	47	#
491	1723229	15	29	50	#
492	1934216	11	25	#
493	2444171	6	46	63	#
494	1491671	27	53	#
495	2533852	2	5	52	#
496	1963240	46	54	#
497	3254266	4	6	28	48	#
498	2508123	34	43	61	#
499	1913386	0	22	58	#
500	3599029	24	29	37	49	#
501	1912917	22	31	#
502	1426282	4	22	#
503	1138846	41	59	#
504	1990090	6	62	#
505	1997497	16	63	#
506	1056129	42	58	#
507	1583242	54	60	#
508	1190354	24	37	#
509	1408381	12	15	55	#
510	1229648	8	26	#
511	1169485	3	61	#
512	3611249	11	29	47	48	50	#
513	1522055	26	35	#
514	2853828	1	29	33	54	61	#
515	5207093	1	2	12	21	34	43	63	#
516	1370076	36	37	#
517	1809320	49	50	#
518	1801299	17	18	#
519	4685092	11	18	21	57	58	60	#
520	2961642	16	40	58	#
521	1789925	29	45	63	#
522	1468709	7	15	#
523	1696860	20	35	59	#
524	1524366	35	59	#
525	1609640	9	26	#
526	3432761	25	30	47	51	#
527	3759334	11	12	46	52	#
528	2509293	5	29	40	#
529	1950424	15	60	#
530	5261531	2	36	41	46	47	54	56	60	#
531	1929715	5	23	59	#
532	2617663	3	42	59	#
533	1753625	3	18	30	#
534	2254863	10	18	28	31	35	43	#
535	1387664	2	10	#
536	1759313	3	10	31	#
537	1601584	29	42	#
538	1472548	9	47	#
539	1713879	9	15	17	#
540	1638667	2	26	#
541	1763885	5	38	41	#
542	2109720	19	23	27	39	43	59	#
543	1545436	17	34	#
544	1482499	10	50	#
545	1865454	27	57	#
546	4410707	1	8	22	25	45	60	62	#
547	1069877	44	48	#
548	2776047	42	57	59	#
549	1976405	14	60	#
550	3272129	7	15	46	55	#
551	2382512	16	42	56	#
552	1377426	28	60	#
553	1742193	34	43	#
554	1830361	49	61	#
555	1881362	1	58	#
556	2759693	8	32	34	#
557	1947400	2	10	22	47	59	61	#
558	2524554	7	28	41	53	#
559	2018053	2	34	59	#
560	1666491	19	27	#
561	1556579	25	54	#
562	2346294	17	22	50	#
563	1508417	5	40	48	#
564	2673247	16	25	40	#
565	4110372	10	34	41	48	60	#
566	3805647	17	37	39	54	55	#
567	1775492	2	8	#
568	1881250	31	55	#
569	3964944	3	4	14	29	35	56	57	59	#
570	1904491	37	40	58	#
571	1160882	4	27	#
572	2888075	8	10	15	20	53	#
573	2315834	0	13	33	35	45	55	#
574	4094656	0	15	43	46	55	57	#
575	2413293	25	35	44	#
576	1788070	41	52	#
577	2251149	10	16	21	38	54	62	#
578	2732328	15	31	42	#
579	1022001	17	60	#
580	1660980	6	24	#
581	1237002	25	57	#
582	3288561	4	22	26	38	#
583	2164814	1	14	53	63	#
584	1774807	26	32	#
585	1613491	28	42	#
586	1194217	23	35	#
587	2340806	6	37	58	#
588	2640688	10	46	57	#
589	2361148	22	41	54	#
590	1854599	30	31	#
591	1394127	31	39	#
592	1858345	6	53	61	#
593	5397576	0	1	21	24	50	58	#
594	2715020	6	32	40	#
595	4808159	6	15	17	29	40	#
596	2980995	4	10	43	49	52	61	#
597	2933616	13	19	52	#
598	1242668	1	56	#
599	2577315	4	21	34	#
600	1752656	16	17	#
601	4823875	2	10	11	24	35	46	#
602	1088968	26	27	#
603	1950923	37	48	#
604	2976199	20	27	30	45	63	#
605	2256368	5	47	56	#
606	2556663	37	42	53	#
607	1800829	17	21	29	#
608	1120479	4	26	#
609	2004598	50	54	57	#
610	2551069	29	33	36	#
611	1208321	14	58	62	#
612	3751536	6	11	12	20	34	37	42	45	50	58	#
613	2631107	3	44	50	#
614	1584151	16	30	40	#
615	4938725	3	10	25	33	62	#
616	4991199	6	41	45	54	57	#
617	4196537	13	23	39	47	58	#
618	1893498	25	61	#
619	1145031	18	49	#
620	1307311	20	21	41	#
621	1819081	14	30	#
622	2368994	5	12	18	25	#
623	1752800	14	54	#
624	1984901	6	8	#
625	1185122	0	19	#
626	1239026	20	23	30	#
627	3192863	4	14	36	50	#
628	1065801	17	20	42	#
629	2896330	12	40	50	#
630	2076810	3	7	59	63	#
631	1534797	25	40	#
632	1998537	18	59	#
633	1086499	12	28	#
634	2303401	3	7	18	50	62	#
635	1583841	24	44	#
636	1554198	16	25	#
637	2742182	0	6	47	51	54	57	62	#
638	1078670	22	57	#
639	1825086	3	19	31	33	#
640	2298934	28	29	33	44	47	#
641	1508813	12	20	#
642	2684617	10	17	40	48	53	63	#
643	1273448	7	27	#
644	2179790	11	45	49	#
645	1795121	32	62	#
646	2171418	3	35	56	62	#
647	1725130	3	15	#
648	2937639	6	33	48	58	#
649	1104564	18	33	35	52	#
650	1842363	13	59	#
651	3998291	2	5	8	10	17	22	63	#
652	1703871	44	46	50	62	#
653	5992200	1	28	41	45	48	62	#
654	1626407	1	7	#
655	1822634	15	18	#
656	1338860	30	62	#
657	1737579	4	58	#
658	3371240	1	12	27	32	46	53	#
659	1050419	20	45	#
660	1391988	9	52	#
661	1796289	44	63	#
662	9067467	4	11	19	21	23	28	40	44	45	53	58	#
663	1969552	54	56	#
664	3046047	25	32	37	45	53	#
665	1728192	15	42	#
666	3203234	5	10	29	41	51	#
667	1501658	18	31	#
668	1055183	45	62	#
669	1380367	2	53	#
670	1265918	21	41	58	#
671	1760346	7	17	19	48	#
672	2713494	14	17	23	62	#
673	4424121	6	13	14	16	31	#
674	2683819	12	20	28	#
675	3301408	12	47	49	59	62	#
676	3134237	3	8	43	60	#
677	1908313	0	27	56	#
678	3011351	26	27	46	51	#
679	2801826	12	32	35	#
680	2698174	9	27	49	#
681	2104847	2	40	44	48	#
682	1048303	0	20	21	#
683	3442346	10	15	20	30	39	41	51	57	#
684	2083070	23	39	48	62	#
685	5268800	0	2	31	37	39	58	61	#
686	1492988	16	44	#
687	1208653	19	43	#
688	3587707	2	36	40	55	62	#
689	2060574	11	38	50	#
690	1318442	23	50	#
691	3320395	26	37	39	51	#
692	2082380	37	47	62	#
693	1196587	31	32	#
694	1765391	19	21	24	41	#
695	2594744	10	25	44	#
696	2906294	7	44	52	#
697	1243616	26	30	#
698	1931127	3	12	20	#
699	2186921	3	19	24	31	38	#
700	1232466	32	39	#
701	1366365	23	62	#
702	1461358	22	34	#
703	2606512	6	29	33	34	40	46	49	62	#
704	2073807	4	27	52	58	#
705	2328223	4	22	38	59	61	#
706	2404619	5	33	42	46	50	57	62	#
707	1923204	5	20	#
708	1905422	1	41	#
709	3229135	16	35	36	38	61	#
710	2422144	24	31	61	#
711	4136086	1	5	15	29	51	60	#
712	5598702	2	6	10	11	32	52	56	#
713	3285280	12	26	44	47	63	#
714	5649091	6	7	13	26	41	51	54	62	#
715	1585804	17	47	#
716	1778595	10	19	#
717	1498331	9	11	24	#
718	1667354	33	36	#
719	5787093	2	8	19	22	60	61	#
720	3512775	2	22	40	56	58	#
721	1543808	30	50	#
722	2518749	1	42	47	#
723	4072746	4	15	26	46	48	55	#
724	1918831	20	22	#
725	1528180	9	13	35	#
726	4426997	13	16	17	28	38	44	#
727	1401568	14	61	#
728	1746110	4	56	#
729	2782445	14	31	36	#
730	3277301	3	6	23	52	#
731	3012643	17	29	48	53	#
732	2735131	44	47	48	#
733	2192592	2	22	30	43	48	55	#
734	1069388	28	37	56	#
735	1707416	10	37	#
736	1779604	47	59	#
737	4992791	13	32	33	50	55	#
738	3144660	2	12	20	62	#
739	6402357	3	5	21	23	46	51	60	#
740	1989625	23	25	28	48	62	#
741	1466700	27	51	#
742	1997240	24	32	#
743	1871138	27	49	#
744	2976928	13	20	30	40	41	45	49	54	62	#
745	1951839	15	34	44	#
746	4612293	1	8	30	32	63	#
747	1424637	51	52	#
748	3692172	11	12	24	31	42	49	#
749	1675979	10	33	#
750	1069482	3	23	#
751	1934166	2	39	#
752	2859601	14	16	35	38	43	47	48	51	60	#
753	6497194	3	10	22	30	35	60	63	#
754	4865988	8	9	16	46	51	53	57	#
755	1092548	35	41	#
756	3042985	2	18	21	32	33	#
757	1481763	6	27	#
758	6038679	4	12	22	26	38	39	61	#
759	2930707	0	33	63	#
760	1135465	33	63	#
761	2665126	2	10	58	#
762	1025828	10	26	#
763	3696346	4	21	31	63	#
764	2896635	47	49	60	63	#
765	1233643	24	28	39	#
766	1430973	19	34	#
767	1406777	31	62	#
768	1835234	18	62	#
769	1174168	31	59	#
770	1221881	0	54	#
771	1429068	19	54	#
772	2632463	36	50	55	#
773	2453110	48	62	63	#
774	1846607	35	41	44	46	#
775	1027031	16	26	42	59	#
776	1914192	7	26	30	50	#
777	1018726	13	21	#
778	1937212	30	37	#
779	6729507	2	19	27	48	52	58	61	#
780	1649213	36	43	#
781	1254769	35	44	#
782	1797927	2	23	#
783	1279011	13	43	56	#
784	5753316	2	5	12	24	26	51	53	59	61	63	#
785	2051835	5	28	34	#
786	2935891	2	33	41	#
787	1223247	36	53	#
788	2588374	15	48	63	#
789	1379674	8	10	14	#
790	2963529	17	21	33	#
791	2847456	24	33	63	#
792	1187827	39	61	#
793	1324872	16	33	#
794	2365068	8	22	30	#
795	1800403	3	4	30	#
796	1550273	26	49	#
797	1997559	29	35	#
798	1644938	14	19	59	#
799	5661075	5	16	17	21	58	60	#
800	2356575	19	24	63	#
801	1686075	0	5	28	31	#
802	1938697	20	54	#
803	2569521	0	17	50	#
804	1293677	35	40	#
805	2736915	1	35	40	58	#
806	1971324	4	37	#
807	2637269	8	19	41	#
808	1875810	11	13	#
809	2600191	26	35	50	#
810	1785789	14	16	25	#
811	1182211	12	48	#
812	2508259	4	28	35	38	51	#
813	1459248	14	23	#
814	2962876	5	14	15	51	55	57	#
815	1573689	20	41	51	#
816	2655361	15	21	24	#
817	3306723	9	23	51	58	#
818	2712135	22	27	34	#
819	1655265	1	35	#
820	1898491	8	16	#
821	1707261	54	63	#
822	2478724	41	44	55	#
823	3538534	0	5	9	47	#
824	1694263	18	24	#
825	3236147	6	15	23	33	#
826	2031635	4	28	39	52	63	#
827	6577339	5	9	11	38	47	60	61	#
828	4246261	13	20	48	51	54	#
829	3684692	8	9	25	29	42	43	53	#
830	3484258	2	12	18	46	59	#
831	3033411	9	10	36	57	60	#
832	2433792	12	21	33	#
833	1887460	3	17	#
834	1907734	8	39	#
835	1225981	27	30	#
836	1903087	37	46	63	#
837	1393825	16	31	34	#
838	2858210	22	42	50	#
839	2075571	20	39	45	#
840	6812149	7	14	26	27	29	35	52	#
841	3412329	32	35	39	41	63	#
842	2625595	3	6	7	11	37	39	48	58	61	#
843	4028786	8	16	22	23	36	42	45	49	#
844	3953476	0	7	11	48	58	#
845	1379714	14	39	#
846	4593954	12	13	38	42	43	#
847	3860640	6	25	32	41	61	#
848	1067989	8	25	#
849	2318330	1	2	4	27	#
850	1154767	20	32	53	#
851	1398490	28	48	#
852	1896928	13	32	39	63	#
853	4861011	18	27	30	34	36	#
854	6687682	1	18	19	22	27	51	54	#
855	1509755	24	61	#
856	1680369	47	60	#
857	1790154	2	6	25	48	#
858	1963072	8	36	60	#
859	986578	19	32	#
860	1907910	21	45	60	#
861	1293423	19	45	#
862	2365132	10	11	23	50	51	#
863	2824603	4	5	16	17	#
864	4959192	16	23	34	45	48	#
865	1089707	49	63	#
866	1257188	11	49	#
867	1383135	12	17	32	39	#
868	1312111	0	13	39	#
869	1045926	10	24	#
870	1695015	5	18	23	#
871	1655187	17	19	40	#
872	1947469	27	37	#
873	5173354	7	17	39	53	55	61	#
874	1985723	32	35	#
875	3632769	9	12	16	17	61	#
876	1085719	39	40	#
877	2578038	12	27	54	#
878	1698472	25	43	60	#
879	1726291	31	58	61	#
880	2953820	51	53	58	#
881	2394647	2	3	24	26	43	49	#
882	4736045	1	11	36	42	59	62	#
883	3964703	18	38	39	51	61	#
884	1882725	9	11	18	48	63	#
885	2699840	9	34	50	#
886	2281844	1	10	38	50	#
887	2730012	9	15	49	57	63	#
888	3640223	26	27	38	41	#
889	1848540	26	56	#
890	1931977	0	45	46	#
891	2480277	3	11	48	#
892	2823023	12	45	48	57	#
893	5998101	4	14	20	25	28	31	41	46	#
894	1673325	4	40	#
895	1832139	6	34	58	#
896	2571335	31	37	63	#
897	1434606	1	30	#
898	1992336	8	24	41	57	#
899	2925414	26	39	44	#
900	1215121	23	42	45	#
901	1791233	20	29	#
902	1963304	17	21	37	56	#
903	1844494	56	61	#
904	1555994	26	31	#
905	1493133	7	62	#
906	1403095	11	23	#
907	1348962	5	10	#
908	1733212	0	22	#
909	1500956	31	37	#
910	1751493	11	22	#
911	1640689	14	24	#
912	5289304	7	15	17	36	39	50	#
913	7431612	17	25	26	30	32	33	34	39	41	42	47	58	#
914	1896054	41	57	#
915	4739568	1	2	4	21	42	#
916	3493201	6	18	23	26	29	62	#
917	2457762	18	29	34	#
918	1681541	6	18	#
919	2290451	9	15	27	37	42	#
920	5461413	14	23	31	32	33	46	63	#
921	3329714	8	17	44	57	62	#
922	1826254	45	56	#
923	2706509	12	19	43	#
924	2195232	7	29	44	47	#
925	3532473	3	14	27	53	#
926	1099976	9	38	#
927	4183073	9	31	35	37	50	#
928	2431649	12	40	49	62	#
929	3628535	20	25	31	32	37	38	59	#
930	1144844	35	37	42	#
931	1685619	1	22	#
932	2952299	17	45	50	57	#
933	2496521	20	51	61	#
934	1650408	16	58	#
935	2822783	10	16	20	34	#
936	1008407	22	30	#
937	4546338	4	25	31	32	52	54	#
938	2004212	23	42	58	#
939	1807820	9	63	#
940	4047573	2	7	8	18	33	37	41	42	57	#
941	1557944	29	58	#
942	1575079	14	40	#
943	1143024	22	25	#
944	1409006	2	17	#
945	1421738	26	39	#
946	3731128	17	18	20	25	30	63	#
947	1899058	7	24	26	56	#
948	1740027	45	51	#
949	1987423	23	56	#
950	2979505	2	10	19	29	47	#
951	1959263	37	41	#
952	2736670	37	55	60	#
953	2249798	4	34	53	62	#
954	4959273	5	9	19	27	53	#
955	3200678	10	11	36	44	#
956	2537771	46	55	59	#
957	2370540	3	20	51	#
958	3023170	1	9	12	16	52	54	61	#
959	1538390	5	6	#
960	1701960	15	43	#
961	4610262	10	18	45	59	63	#
962	2516746	13	45	63	#
963	1837023	22	33	#
964	1022538	10	17	#
965	1893085	16	17	27	56	#
966	2612272	2	58	59	#
967	3666718	4	15	24	36	43	55	#
968	2400462	12	39	45	47	#
969	1979846	13	48	#
970	1949065	29	43	45	#
971	1734660	4	9	15	#
972	2244461	10	11	28	29	49	#
973	2403265	9	35	63	#
974	2394843	4	34	36	#
975	3445387	27	28	58	60	#
976	2163753	24	31	46	#
977	2652024	28	43	49	#
978	1648718	8	40	#
979	2291135	31	54	56	#
980	1773737	2	15	#
981	1383027	16	48	#
982	2372571	2	8	26	#
983	3443648	1	3	38	41	#
984	2346922	18	34	45	63	#
985	3683861	14	23	24	28	#
986	2180947	4	35	45	#
987	3955414	31	43	44	45	#
988	2439619	24	31	56	#
989	2849232	2	17	57	#
990	1898079	4	42	#
991	1880073	14	29	55	#
992	3765414	20	25	31	45	53	#
993	2371722	23	25	50	#
994	4296465	9	10	18	23	39	42	#
995	4279802	3	16	40	42	49	60	#
996	3579128	0	3	20	55	60	#
997	3657997	15	23	59	63	#
998	4560381	7	15	21	31	50	#
999	1601964	8	15	58	#
1000	1209809	15	31	#
1001	3320000	14	21	45	55	#
1002	1162329	28	45	#
1003	2471406	18	37	46	#
1004	1614056	20	39	#
1005	2085156	19	35	41	#
1006	2499604	11	60	61	#
1007	2814110	22	47	50	56	59	#
1008	4623472	10	12	16	18	22	42	#
1009	1994354	40	51	#
1010	3448040	5	37	42	56	61	#
1011	3500273	7	10	16	18	#
1012	1471141	8	37	#
1013	3739765	2	9	18	27	#
1014	1770511	9	47	57	#
1015	1149731	46	47	#
1016	2383411	10	20	27	41	48	57	#
1017	1933990	9	17	23	#
1018	2797906	11	14	28	37	42	58	#
1019	1987149	28	36	44	55	#
1020	2009700	7	21	25	#
1021	2704691	11	12	35	52	#
1022	3707350	0	15	25	48	49	55	63	#
1023	1908834	17	49	61	62	#
1024	1503077	46	57	#
1025	4915381	13	21	24	57	58	#
1026	1603092	11	35	#
1027	2378267	2	12	53	#
1028	1346461	14	45	#
1029	2119663	18	33	61	#
1030	2873526	4	41	45	#
1031	3276509	9	11	13	42	#
1032	1621019	43	60	#
1033	1654865	12	22	59	#
1034	3983447	1	24	25	28	#
1035	1072036	39	53	#
1036	1724581	43	47	50	#
1037	1926204	12	50	#
1038	2162089	3	16	52	#
1039	1454718	4	9	#
1040	4180797	0	32	34	48	52	#
1041	1623957	5	6	60	#
1042	1727433	2	60	#
1043	2436985	14	44	46	#
1044	3747329	3	18	32	59	#
1045	1535192	0	54	61	#
1046	2748198	29	48	51	#
1047	1515313	32	36	#
1048	1970834	50	57	#
1049	1989359	40	47	#
1050	4678053	6	18	22	37	38	39	54	#
1051	2921891	8	28	40	44	50	#
1052	2710708	6	15	19	24	26	33	#
1053	2958060	15	24	36	#
1054	2635135	5	31	49	#
1055	2954210	6	35	39	49	#
1056	3602889	10	12	49	50	#
1057	2293080	2	16	41	#
1058	1798541	21	42	49	#
1059	2953882	4	41	44	46	47	57	59	#
1060	2361459	19	61	62	#
1061	4491488	6	11	22	39	51	52	#
1062	2371622	0	11	20	#
1063	4302607	4	20	25	32	36	52	#
1064	3636348	15	27	43	63	#
1065	3655880	23	33	34	44	52	53	56	63	#
1066	1950482	0	26	#
1067	1419310	51	53	#
1068	2864643	9	31	60	#
1069	1956400	2	46	#
1070	2286795	8	29	45	#
1071	4664228	0	1	18	19	40	60	61	62	#
1072	1417284	3	29	39	#
1073	2415985	26	28	52	#
1074	2920363	2	28	56	#
1075	1983717	41	50	#
1076	2790615	2	16	32	#
1077	3991049	9	14	27	40	50	#
1078	2617192	13	26	47	#
1079	1903651	25	41	#
1080	1767745	6	57	#
1081	2888321	2	18	32	#
1082	1657367	1	26	#
1083	2582733	36	44	54	56	#
1084	1060933	4	41	#
1085	1097562	7	38	#
1086	1699556	50	53	#
1087	3179365	3	8	24	31	#
1088	1996987	10	28	32	52	#
1089	2137728	19	21	44	#
1090	1606438	23	47	62	#
1091	1775722	21	51	55	#
1092	1263172	47	55	#
1093	2922776	52	53	54	#
1094	2063985	5	27	51	60	#
1095	2090123	9	26	55	#
1096	1098393	43	56	#
1097	1178901	8	32	#
1098	1442190	2	54	#
1099	2886235	18	24	27	41	54	55	#
1100	2139477	7	11	16	60	#
1101	1594316	24	35	#
1102	3777343	14	18	27	52	55	58	#
1103	2373636	7	25	57	#
1104	1310640	18	63	#
1105	1865588	0	11	#
1106	2516761	0	11	13	34	#
1107	2400845	18	34	48	57	#
1108	1110631	6	37	39	43	#
1109	1584279	28	32	#
1110	1980405	52	56	#
1111	1017518	4	39	#
1112	1876902	24	33	52	57	58	#
1113	1276725	15	21	35	#
1114	2519671	7	16	46	#
1115	2085487	6	11	37	#
1116	1502017	16	49	#
1117	2788308	4	7	14	15	37	38	45	47	49	51	59	#
1118	2302627	24	27	30	42	45	#
1119	1841109	52	58	61	#
1120	2575323	18	39	63	#
1121	3179037	2	5	12	14	#
1122	2943739	24	28	38	#
1123	1106832	14	32	#
1124	2683302	1	26	48	#
1125	2057957	45	52	58	#
1126	3737427	13	23	34	49	#
1127	4991768	8	43	45	46	54	#
1128	3654943	6	19	22	23	#
1129	2470575	49	56	58	#
1130	5755022	0	5	15	21	25	30	56	57	#
1131	1560140	8	24	#
1132	1702291	8	36	#
1133	3779848	4	14	21	54	63	#
1134	2515459	5	8	57	#
1135	6137327	1	2	7	35	39	40	50	#
1136	2294002	15	18	27	34	57	#
1137	3084011	3	9	16	18	32	#
1138	1858388	30	45	#
1139	3007604	34	35	48	57	#
1140	1076807	5	60	#
1141	1743744	22	43	#
1142	1971086	0	10	13	29	41	56	#
1143	3486718	2	7	23	25	48	#
1144	1987027	44	47	#
1145	4902752	3	4	18	45	49	#
1146	1993462	8	30	#
1147	2843044	11	25	63	#
1148	3283288	7	8	53	54	#
1149	1897236	14	48	#
1150	1931854	56	58	#
1151	2523581	20	38	61	#
1152	2930093	20	24	30	#
1153	2839303	18	26	45	#
1154	1882926	2	14	35	#
1155	1926521	5	13	#
1156	4762696	1	9	19	30	59	#
1157	3063593	11	23	56	61	#
1158	1587894	36	56	#
1159	2298890	0	6	17	22	#
1160	1501372	40	46	#
1161	3062018	3	19	52	56	59	61	#
1162	1787829	43	48	#
1163	2014237	14	52	63	#
1164	3799139	7	32	34	52	59	#
1165	1876212	7	45	#
1166	1578001	18	32	#
1167	1413820	24	25	#
1168	2994190	17	44	54	#
1169	1101616	43	52	#
1170	1946376	13	29	38	61	62	#
1171	3467122	15	17	38	58	#
1172	1255563	11	45	#
1173	3340967	1	44	47	53	#
1174	1287240	37	53	#
1175	1983266	51	57	#
1176	5771197	2	21	24	44	53	59	#
1177	1933908	9	32	#
1178	4146120	15	37	56	57	61	#
1179	1914645	31	57	#
1180	5987325	1	3	26	58	60	62	#
1181	1983416	24	39	55	56	60	#
1182	1623782	29	38	#
1183	1990708	5	52	#
1184	1511334	3	19	33	45	61	#
1185	1617949	14	47	57	#
1186	1401416	29	54	#
1187	5307600	7	10	19	21	32	39	45	59	#
1188	1157602	15	34	#
1189	1497044	16	51	#
1190	2502754	11	31	49	#
1191	1265074	4	16	#
1192	1012022	28	54	#
1193	1002132	8	21	29	#
1194	2236805	3	16	23	50	#
1195	1871359	42	57	#
1196	5749707	0	6	27	41	44	52	#
1197	1052979	15	35	#
1198	5080826	8	24	26	45	54	58	63	#
1199	3745689	11	12	39	45	46	55	62	#
1200	2187525	4	22	33	#
1201	3732302	16	21	24	30	39	60	#
1202	6907964	9	17	34	41	46	50	52	61	#
1203	3738239	9	31	32	34	#
1204	1863690	50	58	59	#
1205	3133530	2	8	21	47	49	59	63	#
1206	1239899	4	20	#
1207	1789923	28	36	#
1208	992199	42	46	#
1209	1268498	21	25	44	#
1210	1346562	44	56	#
1211	2329140	1	58	63	#
1212	1802590	1	19	#
1213	1949359	14	48	57	#
1214	3516698	21	22	24	36	#
1215	4565876	4	9	17	46	51	#
1216	4206692	2	14	16	27	33	#
1217	5718722	11	18	32	35	40	55	58	#
1218	2124102	0	45	63	#
1219	1662284	6	53	#
1220	1092025	8	42	#
1221	1641526	29	50	#
1222	2786652	25	26	47	58	#
1223	2994439	7	25	27	#
1224	2147607	9	30	33	#
1225	1671210	28	61	#
1226	2330674	11	24	40	#
1227	1398118	7	51	#
1228	1327750	38	39	#
1229	1712451	12	61	#
1230	3973439	29	32	60	61	#
1231	1425834	1	62	#
1232	3541613	0	8	33	39	56	63	#
1233	1942860	4	35	#
1234	3056637	4	29	37	63	#
1235	3211821	0	4	7	21	22	25	31	62	#
1236	1894244	31	32	43	#
1237	1214377	0	8	23	41	#
1238	2650632	0	18	52	63	#
1239	1600363	21	48	#
1240	1407193	30	51	#
1241	1595831	58	63	#
1242	2002183	13	17	57	#
1243	3623031	14	15	17	19	26	38	50	57	#
1244	2365167	7	39	54	#
1245	1868559	14	26	#
1246	1825470	32	55	#
1247	1711676	10	11	62	#
1248	1091228	2	50	#
1249	2571813	20	25	29	#
1250	1740000	25	29	#
1251	4462690	3	25	28	31	37	#
1252	2305366	6	13	25	28	#
1253	3770972	5	9	20	35	42	61	#
1254	5014686	6	23	40	47	49	57	61	62	#
1255	1789123	11	12	#
1256	1173491	30	61	#
1257	3881808	2	6	15	23	50	#
1258	2551060	5	8	23	32	59	62	#
1259	1704644	30	44	50	#
1260	2161648	8	15	32	41	62	#
1261	1561355	4	21	28	#
1262	3590249	18	47	53	56	#
1263	6764071	1	7	8	14	29	30	35	47	56	62	#
1264	2012925	6	9	16	29	41	54	#
1265	4925965	9	22	32	50	56	57	#
1266	1973329	49	53	#
1267	1464671	2	55	#
1268	2761000	3	38	40	#
1269	2412600	8	44	55	#
1270	1585415	6	11	#
1271	2282483	6	35	41	57	58	#
1272	1215459	3	10	#
1273	1465069	21	56	#
1274	1796546	25	59	#
1275	8473664	1	5	22	28	35	43	44	55	63	#
1276	3576825	13	43	47	56	#
1277	3497711	3	11	44	61	#
1278	1153249	12	15	49	#
1279	1371769	4	11	21	#
1280	1464811	24	49	#
1281	1513134	14	33	#
1282	6199265	1	7	15	25	27	38	51	#
1283	4464697	5	7	26	28	41	56	#
1284	1939485	2	28	#
1285	2006990	25	38	54	#
1286	2875157	7	10	13	30	35	51	#
1287	2867740	5	35	53	54	61	#
1288	1050052	10	62	#
1289	1804772	27	31	#
1290	2413571	10	16	19	#
1291	1952906	33	40	#
1292	1233095	15	24	#
1293	1196044	19	37	#
1294	2034153	0	26	41	46	#
1295	1760346	13	37	#
1296	2360135	17	33	51	58	#
1297	3490132	4	43	45	50	55	63	#
1298	1611686	33	47	#
1299	4379432	10	24	44	46	61	#
1300	1562325	8	61	#
1301	2472416	22	26	32	#
1302	2319281	0	14	63	#
1303	3604390	6	10	21	43	51	#
1304	1739856	31	42	54	#
1305	5674753	6	15	31	34	50	62	#
1306	1806381	25	26	#
1307	1991035	6	12	#
1308	2445336	6	8	10	53	#
1309	1444357	26	58	#
1310	1041720	7	41	#
1311	3986214	6	18	33	35	62	#
1312	2774030	16	27	30	44	56	#
1313	3885852	3	25	30	43	#
1314	1407178	31	50	#
1315	2474701	3	18	29	49	#
1316	1575198	35	58	#
1317	5523430	21	23	31	35	45	52	#
1318	3713727	26	31	42	56	#
1319	2313979	24	51	52	#
1320	1696521	9	21	28	#
1321	4099633	10	12	25	28	30	33	40	58	61	62	#
1322	1027139	29	34	41	48	#
1323	3596406	0	10	14	28	#
1324	2558094	2	26	28	41	42	#
1325	1162446	21	54	#
1326	3317035	6	27	31	63	#
1327	1500114	7	54	#
1328	1539870	0	23	52	#
1329	2878573	9	15	45	51	#
1330	1399157	6	34	#
1331	1650846	1	34	#
1332	4474132	22	31	33	36	37	51	55	#
1333	1080311	0	8	25	#
1334	1830440	8	31	52	#
1335	2408433	18	41	58	#
1336	1672271	28	43	61	#
1337	1026555	30	55	#
1338	1752202	8	19	23	63	#
1339	1141049	26	41	#
1340	3920053	10	11	12	20	37	57	#
1341	4436044	16	48	49	52	53	60	#
1342	4785828	4	14	41	52	61	#
1343	5763558	8	12	13	43	47	48	49	52	55	#
1344	1064047	6	26	#
1345	1513118	9	14	#
1346	2655621	9	33	46	#
1347	1939899	42	53	#
1348	2808498	18	33	34	#
1349	1866274	13	18	45	#
1350	3630733	4	29	30	51	60	#
1351	2931534	11	19	31	#
1352	1777420	15	63	#
1353	1894012	34	57	#
1354	1896809	2	21	24	#
1355	1242620	3	20	24	#
1356	5420609	20	22	31	35	40	56	62	#
1357	1214539	0	44	#
1358	1211874	39	44	#
1359	2732024	19	32	37	#
1360	1030141	6	22	37	#
1361	2189384	4	26	27	29	35	40	#
1362	964559	13	56	#
1363	2588042	6	33	41	61	#
1364	1100590	16	28	#
1365	1758365	29	51	#
1366	2953233	17	51	57	#
1367	3402142	8	14	26	30	44	48	53	63	#
1368	2536724	20	25	32	#
1369	1856699	9	22	#
1370	2983033	12	31	46	58	59	#
1371	1824735	4	15	19	36	#
1372	1940640	7	24	62	#
1373	2037744	6	10	23	#
1374	1060183	37	57	61	#
1375	1557297	10	31	#
1376	3865095	43	45	52	62	#
1377	1765591	6	44	58	61	#
1378	1357597	22	32	58	#
1379	2162812	12	45	54	#
1380	1957551	57	60	#
1381	5413320	4	12	16	22	33	34	47	#
1382	1963638	44	57	59	#
1383	1951162	21	31	#
1384	1333628	18	48	#
1385	2616890	23	27	61	#
1386	1809883	26	31	40	60	#
1387	2501781	2	16	24	25	44	#
1388	2049983	0	3	5	40	#
1389	2839499	3	23	44	#
1390	2129796	22	50	55	#
1391	4543950	0	9	10	14	25	40	54	#
1392	4072223	10	12	25	48	50	56	#
1393	1431718	28	39	46	#
1394	1672870	13	26	#
1395	4296821	12	18	20	21	35	37	44	#
1396	2251288	4	8	35	#
1397	2233494	0	14	32	#
1398	1502153	42	44	62	#
1399	2805308	17	30	43	#
1400	2098205	22	31	59	#
1401	2895119	0	20	22	32	59	62	#
1402	2118937	26	37	43	54	#
1403	1206949	35	47	#
1404	1749787	0	63	#
1405	2754913	20	22	58	#
1406	4665737	36	37	38	57	60	#
1407	1227070	22	45	63	#
1408	4084475	39	44	46	52	53	#
1409	1077637	18	19	#
1410	2438465	16	36	54	#
1411	1034441	23	43	#
1412	5304329	1	14	16	21	45	50	#
1413	1150832	35	39	#
1414	1273108	38	44	#
1415	1691830	42	60	61	#
1416	1470416	53	54	#
1417	2975345	29	37	42	48	56	#
1418	1167437	10	28	#
1419	1251057	17	19	#
1420	1785203	10	16	28	43	#
1421	1054899	9	11	44	#
1422	2797887	9	21	32	44	#
1423	1036537	2	62	#
1424	2197322	1	19	22	#
1425	2120489	28	36	51	#
1426	7967660	2	10	11	23	26	35	41	48	56	#
1427	4620344	13	27	49	53	58	#
1428	2942207	53	54	59	62	#
1429	1033259	1	33	#
1430	2517895	3	20	36	39	42	43	#
1431	1219984	11	33	#
1432	5408892	18	21	23	35	41	63	#
1433	2080204	14	24	58	#
1434	2758571	5	7	35	#
1435	1177022	10	49	#
1436	1928622	11	16	#
1437	3991765	0	38	49	62	#
1438	1832891	10	17	38	46	#
1439	5866111	0	8	15	31	42	47	61	#
1440	1596486	7	12	18	#
1441	1568295	38	54	#
1442	2103646	9	38	43	44	61	63	#
1443	2221485	18	22	26	#
1444	1620428	15	41	#
1445	1319683	4	21	38	#
1446	2404946	7	19	37	53	#
1447	1154174	22	32	#
1448	1617350	20	49	#
1449	1710947	9	30	36	#
1450	3930747	1	4	37	58	#
1451	2941597	17	27	31	32	#
1452	3118745	4	41	52	55	#
1453	2556393	39	41	42	#
1454	2011698	8	9	12	16	#
1455	1151007	17	35	#
1456	2580276	42	47	56	#
1457	3864713	9	12	41	57	#
1458	2457105	15	19	40	#
1459	1447724	29	60	#
1460	1953610	14	30	33	37	45	46	#
1461	1978076	12	15	25	45	#
1462	2453820	15	17	35	#
1463	4664000	0	12	21	32	48	51	52	#
1464	5340506	0	4	8	19	29	41	50	58	#
1465	1700427	32	42	#
1466	2950472	4	25	51	61	63	#
1467	3283606	11	22	31	63	#
1468	3165046	7	29	42	45	55	61	#
1469	1859073	15	22	#
1470	1647492	38	46	#
1471	1807868	5	54	57	#
1472	1970088	36	42	#
1473	2970679	5	14	29	#
1474	3937234	16	21	27	42	58	60	#
1475	5075617	5	24	34	38	42	54	#
1476	1623474	10	44	50	#
1477	2222668	5	35	37	47	#
1478	1913971	4	10	62	#
1479	1595675	5	25	#
1480	1305313	40	52	#
1481	2686369	12	13	18	23	29	33	35	47	53	60	61	#
1482	3733922	26	47	52	59	#
1483	2462326	19	22	32	42	#
1484	3564862	1	8	16	39	56	59	#
1485	1445091	8	52	#
1486	3115637	29	46	53	59	#
1487	2549847	3	28	39	#
1488	1928903	18	57	#
1489	2514266	29	31	35	57	62	#
1490	1507451	11	44	51	58	#
1491	1467579	20	56	#
1492	2553012	10	21	23	34	38	45	51	#
1493	2030620	2	35	39	42	#
1494	2712858	2	12	23	45	#
1495	1608750	23	39	#
1496	3557683	4	15	22	27	#
1497	3320410	4	5	45	46	52	#
1498	1980040	1	26	59	#
1499	2097506	21	28	63	#
1500	1500868	4	20	61	#
1501	1347226	40	63	#
1502	3407727	17	44	56	63	#
1503	1139749	2	6	#
1504	7751018	12	23	25	27	40	44	46	49	58	#
1505	2537384	12	41	45	#
1506	1792592	43	52	55	#
1507	3879398	13	21	41	49	59	#
1508	1874989	0	19	46	#
1509	1571825	24	36	40	#
1510	1069616	19	23	#
1511	5013948	1	15	27	37	42	44	52	#
1512	2471258	10	39	53	56	#
1513	2796029	11	18	27	#
1514	2923117	8	26	58	#
1515	2830880	6	11	22	26	60	#
1516	1033009	13	14	#
1517	1395735	13	40	#
1518	1636566	13	30	#
1519	3070723	17	37	39	50	57	#
1520	2794870	22	31	55	#
1521	1757088	46	48	#
1522	3733060	10	37	47	55	59	#
1523	6592323	0	1	2	9	10	15	26	27	30	32	43	46	50	51	53	55	56	57	58	61	63	#
1524	2499432	15	20	26	32	#
1525	1979518	37	49	#
1526	1397762	12	54	#
1527	1340357	6	54	#
1528	3813217	15	36	42	53	#
1529	3946603	13	20	31	45	#
1530	1921638	18	39	#
1531	2470983	11	14	45	57	#
1532	1843628	2	4	19	27	40	50	#
1533	1507033	1	21	#
1534	2295346	40	46	54	#
1535	1899016	6	24	31	40	45	#
1536	1425728	13	44	#
1537	4307222	2	5	20	23	36	40	46	#
1538	2799611	36	38	47	#
1539	2348053	2	15	21	#
1540	1883725	29	49	#
1541	1672664	43	57	#
1542	1363173	8	11	#
1543	3864642	14	31	35	53	#
1544	1501749	25	55	#
1545	1469169	40	59	#
1546	3665785	51	54	61	63	#
1547	1425724	20	43	#
1548	2835452	8	41	42	43	#
1549	3577095	1	27	34	37	#
1550	1312543	27	50	#
1551	1168218	9	15	28	49	#
1552	1665824	19	47	58	#
1553	1893778	0	39	56	#
1554	2361961	7	26	49	57	#
1555	2100292	17	26	32	#
1556	1386082	6	14	#
1557	3031765	11	19	40	49	53	60	#
1558	3654858	4	10	18	25	26	32	40	41	56	#
1559	1927508	16	25	42	49	#
1560	1801589	34	44	55	61	#
1561	2364841	20	40	61	#
1562	2814448	17	48	59	#
1563	2014491	6	11	17	31	45	46	48	#
1564	1688147	2	45	61	#
1565	6574887	8	23	30	38	42	43	55	#
1566	3316405	2	7	8	37	40	#
1567	2205104	28	34	39	42	#
1568	1272371	30	56	#
1569	1018029	20	42	#
1570	4834608	9	26	33	55	63	#
1571	1111514	7	53	#
1572	1150837	14	16	55	#
1573	6619458	15	28	31	32	49	51	60	#
1574	3790786	4	9	10	20	22	31	39	45	46	62	#
1575	3664150	0	19	23	62	#
1576	3460131	2	22	33	36	#
1577	1939747	14	19	24	#
1578	2278931	1	18	51	62	#
1579	5391479	0	4	7	11	13	17	42	#
1580	1698614	29	56	#
1581	2834373	1	30	36	#
1582	1895508	9	25	55	#
1583	2789521	12	18	43	#
1584	1374828	12	14	#
1585	1694397	22	26	#
1586	4528427	3	32	42	43	47	50	53	#
1587	3506229	3	16	28	35	50	#
1588	1043792	12	51	#
1589	5007351	18	25	36	38	43	46	56	57	58	#
1590	2364494	8	42	56	#
1591	1512852	0	34	36	#
1592	5992409	0	5	17	25	29	35	40	59	#
1593	5493017	3	4	14	23	61	62	#
1594	1886625	9	16	41	#
1595	1872985	28	40	50	#
1596	3987291	17	23	28	41	#
1597	2859493	6	12	31	40	61	#
1598	5853857	3	14	21	24	26	55	#
1599	1675380	15	16	20	23	45	#
1600	1892521	10	27	43	#
1601	4319880	0	10	29	31	32	35	54	#
1602	4607051	26	29	41	56	57	#
1603	1285616	25	31	36	#
1604	2948184	15	18	19	23	28	36	43	60	#
1605	1508358	18	20	41	#
1606	2230745	29	30	37	39	43	53	#
1607	3464877	2	3	6	21	47	#
1608	3464090	9	31	44	51	#
1609	1179681	22	29	#
1610	11004285	4	7	8	10	13	18	24	25	26	34	51	55	#
1611	1786263	26	29	#
1612	4585614	14	47	58	61	63	#
1613	3460252	2	23	33	45	#
1614	1429149	0	14	#
1615	1596322	17	32	45	#
1616	1583813	43	54	#
1617	1018842	5	57	#
1618	1398519	9	21	#
1619	3735915	2	9	14	23	35	40	#
1620	5136120	10	11	12	23	42	43	45	48	52	#
1621	1706250	11	30	#
1622	1308265	0	39	#
1623	2779990	18	31	55	#
1624	4144531	15	19	21	37	46	#
1625	2287005	38	46	52	#
1626	1810983	12	31	#
1627	4164143	0	4	14	24	51	#
1628	2905528	8	25	47	#
1629	2982242	8	32	48	#
1630	2701323	6	16	34	49	#
1631	1559215	5	32	#
1632	1741985	47	56	#
1633	1844164	18	37	#
1634	2283792	8	29	42	#
1635	1557834	21	51	#
1636	2317986	45	52	59	#
1637	1181978	7	10	#
1638	1299913	3	57	#
1639	2700871	31	39	45	53	#
1640	1619173	0	29	#
1641	1488465	21	62	#
1642	1218327	2	13	#
1643	3368922	6	9	19	37	#
1644	2108903	26	27	28	42	#
1645	5367900	9	26	34	37	44	48	51	60	#
1646	3494650	4	13	20	37	62	#
1647	2353014	9	11	28	32	#
1648	2790108	4	25	49	54	#
1649	5894489	14	28	36	41	55	60	#
1650	5845148	3	7	19	33	40	42	59	#
1651	1690126	23	58	#
1652	1867444	2	8	43	58	#
1653	2554319	32	53	59	#
1654	2484969	12	13	38	44	48	54	60	#
1655	1056226	21	27	#
1656	1547881	1	15	#
1657	1667188	15	20	38	#
1658	2748570	7	28	34	51	#
1659	1705839	28	62	#
1660	1597548	38	49	#
1661	1617893	30	49	#
1662	1122408	41	63	#
1663	2255337	12	13	38	#
1664	3332336	5	12	35	50	56	#
1665	1778463	19	53	#
1666	1169558	6	29	#
1667	4220874	12	23	26	30	40	#
1668	1444927	21	26	#
1669	1322336	4	23	#
1670	1580937	3	13	21	24	25	#
1671	1179196	48	51	#
1672	3324678	14	19	21	28	46	52	#
1673	1192138	12	13	42	#
1674	1795376	12	39	45	#
1675	2804163	14	19	43	#
1676	2480150	3	30	41	48	61	#
1677	2090731	1	14	47	#
1678	1548447	7	17	36	40	#
1679	1993661	7	13	22	34	44	#
1680	1368949	33	42	#
1681	2504441	13	26	50	#
1682	2135503	8	21	27	30	50	52	#
1683	1749454	43	55	#
1684	8878997	12	26	34	39	43	49	52	56	57	#
1685	1075554	2	18	#
1686	2102452	10	44	60	#
1687	1037985	3	32	#
1688	2287627	11	20	22	52	61	#
1689	4502865	16	29	30	51	60	#
1690	1129557	32	50	#
1691	2322438	1	7	10	38	47	#
1692	1699579	4	18	27	#
1693	2063593	2	4	47	#
1694	1616599	15	29	#
1695	2939698	11	23	47	#
1696	1875787	19	40	46	#
1697	1373415	6	33	44	#
1698	3994464	23	46	52	55	#
1699	1311810	32	44	#
1700	2062519	19	40	49	#
1701	2487024	2	14	58	#
1702	3299998	44	47	56	60	#
1703	1980048	24	51	#
1704	2183537	0	6	17	29	40	57	#
1705	4412027	15	20	35	37	38	51	52	#
1706	1742844	12	42	49	#
1707	4520798	4	8	9	47	50	56	#
1708	2515357	17	18	57	#
1709	1531537	32	48	52	#
1710	3792908	4	17	35	41	#
1711	4876216	13	16	25	52	54	#
1712	1859925	18	43	49	#
1713	2623329	4	23	35	62	#
1714	2865886	10	13	51	#
1715	3898154	2	14	15	20	24	32	35	58	59	#
1716	2089996	10	18	19	26	#
1717	1733894	0	9	61	#
1718	3937887	0	45	48	62	#
1719	2007897	4	10	13	#
1720	1086917	4	25	#
1721	2767380	43	44	55	#
1722	3332291	9	13	28	40	#
1723	1948445	28	56	59	#
1724	1088172	19	24	#
1725	7685450	5	11	22	23	35	37	43	60	#
1726	1050173	15	46	#
1727	4522320	5	9	10	26	32	#
1728	2650081	8	9	49	57	#
1729	1426242	0	55	#
1730	1832116	26	38	45	55	#
1731	4632927	3	12	13	17	21	41	52	59	#
1732	1125902	17	44	#
1733	2222970	1	14	39	#
1734	2673954	5	31	34	59	61	#
1735	1257569	20	58	#
1736	1485097	4	61	#
1737	4286651	15	22	35	40	45	49	55	#
1738	1862948	14	20	25	58	#
1739	1819642	11	17	44	50	63	#
1740	4096883	7	17	26	52	63	#
1741	2951984	2	24	50	#
1742	3513754	23	41	49	54	#
1743	6409129	15	16	19	20	26	39	45	49	53	#
1744	6676646	4	19	35	36	37	41	43	#
1745	2266466	7	23	33	43	47	48	#
1746	1770935	4	34	54	#
1747	2649882	31	34	41	#
1748	2293874	5	8	29	50	#
1749	1968658	1	2	40	50	#
1750	1255360	41	43	#
1751	1803482	1	21	57	#
1752	3290536	11	46	51	59	#
1753	2643009	7	19	35	38	#
1754	1823022	15	26	#
1755	1956187	22	53	#
1756	1063890	19	42	#
1757	1935023	7	32	#
1758	1704917	5	37	60	#
1759	2514778	12	29	30	48	#
1760	1765715	13	41	#
1761	1804083	33	56	#
1762	3367470	11	14	17	19	#
1763	2782231	10	15	38	42	#
1764	2297626	5	43	49	#
1765	2826358	22	32	39	61	#
1766	3195549	1	48	51	58	#
1767	4738812	7	18	20	37	38	60	#
1768	1206680	9	60	#
1769	3609964	12	27	33	35	#
1770	2283263	8	18	35	37	#
1771	1449709	13	24	#
1772	2441971	6	27	52	#
1773	6673431	15	21	36	40	45	54	58	#
1774	1926190	3	4	23	52	#
1775	2228066	3	15	42	#
1776	1546242	6	47	#
1777	1884557	1	2	#
1778	1733251	0	5	17	#
1779	1328864	5	24	#
1780	1936103	62	63	#
1781	1690595	16	26	27	41	55	#
1782	1436349	7	33	42	#
1783	2347730	7	12	37	62	#
1784	3523136	5	24	31	47	#
1785	1446758	3	5	18	#
1786	1503699	61	63	#
1787	2289488	11	12	45	#
1788	1925532	9	24	53	#
1789	2616687	14	18	54	#
1790	1669062	1	8	#
1791	6521786	3	6	26	31	51	55	63	#
1792	2310161	27	47	51	#
1793	1694176	0	56	#
1794	1786598	4	33	#
1795	3311300	1	12	29	33	34	47	#
1796	1763819	11	18	#
1797	1997206	8	44	#
1798	3979422	12	18	40	51	#
1799	1205731	17	45	#
1800	1257176	11	21	53	#
1801	1957607	37	38	#
1802	1901388	8	31	58	#
1803	2983353	3	5	7	11	36	#
1804	3183468	2	10	13	25	32	34	39	54	#
1805	2860127	15	25	49	#
1806	2481197	2	25	43	45	#
1807	1947791	2	33	#
1808	3015990	5	10	15	18	34	58	#
1809	3723174	20	29	35	47	#
1810	2193146	4	47	53	#
1811	1866193	39	49	#
1812	1180124	27	54	#
1813	1377161	23	44	#
1814	1030091	1	20	#
1815	1629093	9	34	#
1816	2156875	26	33	38	40	63	#
1817	1034954	10	30	43	#
1818	1143423	27	32	#
1819	2700767	8	16	26	30	#
1820	1465367	27	38	#
1821	3617054	8	10	12	19	#
1822	1605052	35	56	#
1823	1996564	28	34	#
1824	2345336	2	22	29	#
1825	1238000	1	47	#
1826	1476084	1	52	#
1827	3483735	12	22	38	48	#
1828	4458945	3	16	43	54	59	#
1829	1541816	21	32	#
1830	1568497	15	23	#
1831	1540365	2	35	#
1832	1599326	2	10	50	#
1833	1972620	8	47	#
1834	4797401	30	43	55	57	60	#
1835	3706547	1	13	36	38	#
1836	3043566	7	10	27	49	50	#
1837	2651412	36	47	53	#
1838	2238989	1	22	42	#
1839	1483126	31	50	60	#
1840	1330541	15	25	#
1841	1898693	14	23	24	59	#
1842	7358174	3	4	5	18	34	45	59	60	63	#
1843	2185741	21	23	34	#
1844	3780967	3	18	24	36	43	60	#
1845	1092811	2	14	#
1846	4229355	17	23	29	30	31	40	#
1847	2802065	14	28	41	47	#
1848	4491759	20	44	49	53	56	#
1849	2907272	13	38	63	#
1850	2620459	0	11	13	39	#
1851	1055274	55	60	#
1852	1402259	43	59	#
1853	2233459	40	58	60	#
1854	2097385	8	33	56	59	#
1855	3693083	13	21	28	41	53	#
1856	2208331	8	11	30	43	#
1857	2972169	10	12	42	#
1858	1952239	2	36	#
1859	1262832	6	26	36	#
1860	2524000	15	28	50	#
1861	2110515	14	46	62	#
1862	1655465	21	22	57	#
1863	1492224	21	59	#
1864	2870853	17	31	41	#
1865	1954887	11	38	#
1866	2279747	18	54	55	56	#
1867	1416682	25	38	#
1868	4453726	5	25	42	54	61	#
1869	1793167	24	47	#
1870	1489391	39	48	#
1871	1049750	12	46	#
1872	1310199	58	59	#
1873	1325984	30	48	#
1874	3580686	22	24	25	50	#
1875	3252535	4	11	14	18	53	#
1876	2464865	10	26	30	34	44	45	59	#
1877	1699878	21	24	39	#
1878	1543045	16	29	#
1879	1071698	9	18	#
1880	3090480	3	11	18	19	34	35	51	#
1881	3503209	7	18	25	41	#
1882	1119618	20	46	#
1883	2983040	6	15	33	35	#
1884	1164614	8	19	#
1885	1249059	37	54	#
1886	4423574	6	7	12	28	46	#
1887	1947424	9	31	#
1888	2370450	13	31	37	#
1889	10256982	6	17	18	28	35	37	38	46	49	50	57	58	61	#
1890	1292629	39	63	#
1891	2890502	31	48	55	#
1892	4001332	3	9	27	46	47	61	#
1893	1668445	9	12	58	#
1894	1671943	2	47	54	#
1895	1091941	51	61	#
1896	1455697	1	51	#
1897	1121434	0	57	#
1898	2813098	10	14	22	#
1899	3476338	5	18	19	56	#
1900	3853619	9	20	27	47	50	60	63	#
1901	1103935	24	28	50	#
1902	2020291	2	59	62	63	#
1903	3101372	5	6	30	61	#
1904	3396135	0	10	20	29	35	59	#
1905	1969990	3	13	21	23	27	#
1906	3228613	7	12	13	17	#
1907	2389225	10	18	59	#
1908	2950982	22	23	33	#
1909	2017400	8	22	45	57	#
1910	2956322	9	58	62	#
1911	1140975	26	37	63	#
1912	3307603	6	13	15	20	27	48	#
1913	1361064	18	46	#
1914	2750795	2	5	48	#
1915	3533900	4	29	43	53	#
1916	1280553	46	55	#
1917	2169228	6	13	24	28	43	#
1918	1819806	15	37	#
1919	3036094	19	34	46	52	#
1920	3555925	0	7	38	41	55	#
1921	2847585	39	45	55	#
1922	2780167	15	54	58	#
1923	1129272	0	33	#
1924	1275316	25	39	#
1925	2222690	3	13	16	39	51	#
1926	3229708	2	27	56	61	#
1927	3845105	3	23	50	52	#
1928	3370764	4	41	52	56	#
1929	5688351	1	2	5	9	15	29	33	38	46	#
1930	1978506	4	20	32	59	#
1931	2424441	11	23	37	#
1932	2806967	9	14	20	36	#
1933	2597187	14	23	44	54	63	#
1934	1092984	21	39	#
1935	1309917	28	40	#
1936	1159875	3	55	#
1937	1622196	5	23	25	#
1938	2332422	1	25	28	36	60	#
1939	2381963	33	43	54	60	62	#
1940	2438072	10	36	50	#
1941	1702798	42	52	#
1942	2014758	2	8	17	18	19	#
1943	1926678	9	42	#
1944	3308167	17	28	43	63	#
1945	1285868	24	31	#
1946	1846568	37	40	#
1947	5037084	8	15	17	23	25	38	#
1948	6606253	6	13	16	18	26	30	63	#
1949	2487179	14	47	50	52	#
1950	2879734	3	37	63	#
1951	1022382	15	21	49	#
1952	1434980	7	22	#
1953	1322587	48	54	62	#
1954	1607323	35	45	#
1955	2272830	21	31	56	#
1956	1354965	8	26	54	#
1957	1978185	2	12	13	#
1958	1785880	6	31	#
1959	1414735	47	49	#
1960	5499190	1	18	24	35	36	38	55	#
1961	1810443	28	63	#
1962	2436320	17	32	37	46	#
1963	2336597	6	48	57	#
1964	4921253	16	17	47	51	57	#
1965	1976621	6	49	#
1966	1603183	53	63	#
1967	2588956	19	27	59	60	61	63	#
1968	4482684	1	20	38	41	44	#
1969	4284474	11	34	48	52	54	#
1970	2302044	19	59	60	#
1971	2957894	14	38	63	#
1972	3844228	13	18	32	47	52	60	#
1973	1799208	12	13	32	#
1974	3590795	4	6	12	49	59	#
1975	1305705	14	18	#
1976	2942299	19	29	34	38	#
1977	3513932	24	39	50	61	#
1978	6461358	0	2	3	9	14	15	26	40	59	60	62	#
1979	2551227	0	5	29	#
1980	2345933	4	12	48	#
1981	2121573	17	21	34	43	47	54	#
1982	5997373	3	10	14	16	43	51	#
1983	1598336	27	28	#
1984	4166196	0	4	46	48	53	#
1985	1915484	17	31	61	#
1986	2072796	8	13	48	#
1987	3752871	2	8	26	36	39	#
1988	3700815	7	20	35	42	#
1989	4358208	5	26	31	36	50	#
1990	4496187	22	27	36	59	62	#
1991	2163633	5	31	47	#
1992	2263905	8	13	22	#
1993	1725877	32	34	60	#
1994	2192687	18	39	49	#
1995	3031728	12	29	35	50	#
1996	2920558	22	25	39	#
1997	1297836	16	43	#
1998	2333119	3	19	21	46	48	#
1999	1198848	4	50	#
