%% File generated by CATS v.2.1Wed Jun 19 19:07:43 2013

%% The CATS webpage is http://robotics.stanford.edu/CATS

%% PARAMETER SETTINGS:
% Goods: 64; Bids: 2000; Distribution: L4; Runs: 50; Seed: 1371663978
% Legacy distribution parameters:
% Number of goods chosen according to Decay distribution (alpha = 0.55).
% Price chosen according to Linear Random distribution (low_linearly = 1, high_linearly = 1000).


goods 64
bids 2000
dummy 0

0	2126939	7	16	44	52	56	60	#
1	972753	57	#
2	1734111	45	46	#
3	1929205	32	51	#
4	2475293	29	44	62	#
5	2913729	34	50	61	#
6	998635	3	#
7	4586782	10	19	27	45	57	#
8	5666801	5	8	15	36	53	62	#
9	989847	14	#
10	981374	0	#
11	988034	4	#
12	1882110	42	60	#
13	993077	51	#
14	7750511	8	17	19	30	31	32	39	48	54	#
15	1568371	3	43	#
16	1716264	16	55	#
17	966715	56	#
18	1365094	30	62	#
19	992025	32	#
20	912739	46	#
21	1017451	25	59	#
22	998505	35	#
23	966539	37	#
24	1874235	13	29	#
25	988221	61	#
26	2025532	14	20	38	61	#
27	981108	54	#
28	958332	36	#
29	1961834	39	43	#
30	2195082	3	26	55	#
31	989215	59	#
32	1326689	2	41	60	#
33	5117516	20	26	39	43	47	49	50	55	60	#
34	999078	20	#
35	977636	47	#
36	2360646	25	34	46	#
37	1709864	12	26	27	#
38	2122997	5	38	43	48	#
39	1568524	47	49	#
40	983561	29	#
41	997213	30	#
42	968535	25	#
43	996803	23	#
44	1926211	38	47	#
45	1973748	14	45	#
46	991646	5	#
47	997456	17	#
48	1705190	4	47	#
49	972816	40	#
50	967911	42	#
51	1919202	3	38	#
52	987755	10	#
53	1467326	12	32	#
54	3482866	6	38	46	51	59	#
55	993141	43	#
56	1715057	39	59	#
57	987067	11	#
58	935506	19	#
59	1317923	25	28	#
60	928547	13	#
61	1178642	1	32	#
62	1429150	11	29	#
63	984713	24	#
64	1451353	29	31	51	#
65	2202370	7	26	30	#
66	1536103	16	60	#
67	3612265	0	7	15	18	49	#
68	1929125	16	32	#
69	1906772	47	50	59	#
70	2852163	19	29	41	#
71	2738892	6	26	51	#
72	1638182	7	47	#
73	1416041	9	52	#
74	3941404	5	20	43	50	57	#
75	989986	8	#
76	999095	12	#
77	1989103	26	28	45	#
78	1824630	2	25	#
79	1528135	31	59	#
80	996381	6	#
81	999193	49	#
82	1380876	21	25	34	#
83	2722647	16	22	26	#
84	992053	45	#
85	7520978	7	26	34	37	38	56	60	61	#
86	997857	22	#
87	994011	38	#
88	1249447	26	56	#
89	1698990	49	55	#
90	1868125	1	7	#
91	968850	39	#
92	4730972	1	21	35	43	50	52	57	#
93	980023	9	#
94	2560809	35	47	62	#
95	993209	48	#
96	891967	55	#
97	1835554	13	63	#
98	1960945	19	26	59	#
99	979058	44	#
100	1860090	0	38	#
101	992441	16	#
102	1488405	31	44	#
103	1311999	15	51	#
104	1801319	21	39	49	54	#
105	5719175	3	4	11	15	19	27	28	35	38	#
106	1229878	6	53	#
107	981582	1	#
108	3528358	2	13	14	37	38	#
109	1708043	24	37	#
110	2257178	36	44	61	#
111	1749876	59	61	#
112	3392804	10	21	26	63	#
113	3819539	19	21	22	38	43	#
114	1925904	30	54	#
115	997950	7	#
116	2777569	1	10	48	#
117	1904389	23	36	45	#
118	9742869	6	20	23	29	31	44	46	48	56	57	#
119	970672	31	#
120	3675943	2	13	17	25	30	#
121	985795	15	#
122	1498082	6	28	#
123	992964	26	#
124	3072561	7	53	57	58	#
125	1942902	4	13	#
126	941105	63	#
127	985813	27	#
128	992306	60	#
129	2892276	4	30	36	38	#
130	2136056	2	29	38	#
131	1291837	26	33	36	#
132	990513	18	#
133	1695986	10	38	#
134	3130413	3	30	44	46	53	#
135	999616	34	#
136	1849111	16	45	#
137	1113662	7	59	#
138	2012031	24	43	62	#
139	3698555	10	25	27	62	#
140	1447634	46	59	#
141	2803812	1	19	28	34	48	#
142	1111685	19	34	52	#
143	999026	41	#
144	2542041	49	50	59	#
145	1042748	6	54	#
146	1899908	26	55	#
147	1669330	24	49	60	#
148	1061945	29	49	#
149	2089597	8	19	31	48	#
150	1998498	6	36	#
151	943456	28	#
152	1403104	5	26	#
153	1803434	18	22	47	57	#
154	1681466	2	57	#
155	975171	21	#
156	1986322	1	13	25	41	#
157	1906272	15	25	49	60	#
158	1896526	30	44	#
159	5956048	7	9	15	34	43	54	63	#
160	2828025	45	54	59	#
161	1068349	36	41	#
162	1158640	2	39	#
163	1825116	10	45	#
164	5442817	16	21	36	41	53	60	#
165	2971768	18	55	60	#
166	1962416	11	62	#
167	1230368	14	31	#
168	1677548	33	39	50	52	#
169	2864571	6	11	34	52	#
170	1035862	3	32	#
171	1772098	0	56	#
172	2090808	20	41	48	55	#
173	1485289	10	33	#
174	2880429	11	28	44	49	#
175	2791208	5	19	38	41	#
176	2428526	6	37	50	#
177	5701537	21	24	28	38	40	49	#
178	2033217	44	46	61	#
179	1421425	12	24	27	60	#
180	1859408	8	10	48	#
181	1602440	24	34	#
182	2808473	15	26	31	50	#
183	973922	62	#
184	1521265	42	58	#
185	3575744	18	20	46	51	#
186	997418	52	#
187	1506342	20	46	#
188	1371514	55	58	#
189	1953867	57	63	#
190	2696491	6	15	22	#
191	926661	58	#
192	2234506	11	29	35	#
193	3239249	6	7	38	61	#
194	1949341	3	13	#
195	2815117	3	8	30	#
196	1039426	12	33	48	#
197	2186881	0	3	6	10	20	42	#
198	1449376	48	63	#
199	1593864	9	62	#
200	1656702	7	16	#
201	1793011	6	39	55	#
202	1626235	47	53	#
203	3056487	10	20	42	61	#
204	1938450	19	41	#
205	1464010	4	44	#
206	3121269	7	12	25	26	#
207	1981429	2	24	36	39	#
208	1068232	13	14	58	#
209	1925325	23	52	55	#
210	1291717	3	18	#
211	1822844	1	3	#
212	1357163	2	56	#
213	1935847	1	22	#
214	3984945	16	34	44	54	57	#
215	1967788	20	36	#
216	3175341	1	5	12	63	#
217	1971670	44	46	47	#
218	3496100	4	27	49	51	#
219	2891772	23	28	45	#
220	1248684	21	28	54	#
221	1377144	19	45	#
222	992678	2	#
223	1942939	10	52	#
224	4678023	8	24	33	46	49	52	61	#
225	1986661	3	15	23	#
226	991955	50	#
227	1820768	60	62	#
228	1999116	15	42	#
229	1737795	1	59	#
230	3434160	17	22	40	59	#
231	3479539	6	38	44	57	#
232	1637879	33	54	#
233	1960348	26	60	#
234	3093691	11	20	24	33	#
235	5141399	2	9	15	37	38	39	#
236	1751951	5	47	#
237	1551247	6	56	#
238	1049934	19	63	#
239	967265	53	#
240	1992616	2	21	#
241	1627056	0	63	#
242	1973409	18	63	#
243	2225021	9	57	60	#
244	1997355	0	49	#
245	1509434	29	37	#
246	1765289	18	23	27	48	#
247	1461843	10	59	#
248	1742590	24	52	60	#
249	1262722	45	49	#
250	3441400	11	16	21	44	#
251	1756619	8	45	#
252	1556823	49	62	#
253	3877205	30	45	56	60	#
254	1437858	19	35	#
255	2778927	17	37	38	#
256	1997190	16	62	#
257	1835291	12	40	#
258	1918974	20	56	#
259	4358650	0	17	30	49	60	#
260	2925204	16	45	49	#
261	6248676	2	9	29	45	49	54	57	#
262	2469127	2	22	32	50	55	60	#
263	2830637	3	21	25	#
264	1518529	18	38	#
265	3860865	13	25	37	44	46	57	#
266	1168731	4	23	#
267	952251	33	#
268	1640351	25	57	#
269	7391530	0	15	22	28	42	49	50	54	#
270	1374253	2	30	#
271	2419389	32	33	50	#
272	3819295	17	29	34	44	#
273	2165664	13	27	38	39	#
274	1652782	20	27	#
275	1631872	8	59	#
276	3590688	4	15	19	36	50	#
277	1794222	22	41	48	63	#
278	1941745	27	46	#
279	1934454	34	43	#
280	1302335	14	37	63	#
281	3997808	7	13	32	51	#
282	1247325	51	61	#
283	2483139	23	42	45	#
284	1018786	19	29	57	#
285	1802525	23	34	#
286	1903388	55	57	#
287	1816237	16	54	#
288	1951393	40	56	#
289	1475271	16	38	#
290	2970288	37	49	57	#
291	1598748	0	19	#
292	2111857	4	8	47	50	54	#
293	2910304	25	44	54	#
294	1144929	10	50	#
295	1892679	38	58	#
296	2309541	1	24	40	#
297	3537358	3	38	49	59	#
298	2667803	5	13	24	#
299	2314553	17	18	44	58	#
300	6020845	6	14	17	25	48	54	59	#
301	1286877	1	56	#
302	3751626	20	53	55	63	#
303	2640996	1	4	6	31	#
304	1172843	51	52	#
305	4139773	36	40	57	59	63	#
306	2365359	2	5	43	#
307	3775635	7	29	34	37	42	56	#
308	1248939	28	41	#
309	1758903	41	63	#
310	1919284	22	53	56	57	#
311	1984619	20	39	#
312	1967158	28	33	#
313	1281576	37	51	#
314	2796848	8	12	22	#
315	2927235	27	28	37	#
316	3800335	3	11	15	16	47	48	49	52	53	55	61	#
317	2612018	10	20	45	62	#
318	1886567	5	19	58	60	#
319	1901085	13	61	#
320	3486375	7	9	41	57	58	#
321	4629391	14	22	26	42	48	55	#
322	2312630	16	30	48	#
323	1136405	41	58	#
324	1496613	45	58	#
325	1559802	28	36	#
326	2384299	18	37	56	63	#
327	2341753	41	45	62	#
328	1663648	22	53	#
329	2107972	18	29	30	#
330	3245925	7	14	17	47	58	#
331	2743052	2	11	25	31	53	#
332	2442354	25	43	44	61	#
333	1869314	36	42	#
334	2155869	7	22	37	#
335	1398669	33	52	#
336	1341709	10	40	#
337	1019585	4	60	#
338	995034	10	63	#
339	2411034	4	24	50	#
340	1836921	16	30	#
341	3058705	3	5	33	58	#
342	1310523	25	49	#
343	4111940	13	17	19	32	37	52	#
344	1403340	3	24	#
345	1833709	41	52	#
346	3032290	1	3	9	10	#
347	1042492	14	18	60	#
348	1450457	0	15	#
349	1747465	0	40	#
350	1930244	12	47	#
351	6427479	0	4	25	38	49	55	63	#
352	1806093	43	46	52	56	#
353	3885719	12	18	46	49	#
354	2854142	5	24	42	#
355	1962293	20	55	#
356	1737033	36	46	#
357	1149109	11	49	#
358	1210889	0	22	50	#
359	1289789	8	11	#
360	1928651	4	33	#
361	1232708	7	14	#
362	1619844	38	55	#
363	1391259	17	34	#
364	4804071	3	5	21	23	55	#
365	2463334	16	40	44	45	#
366	8483539	6	17	18	22	27	33	35	46	50	62	#
367	1953304	50	53	#
368	1076505	45	50	#
369	1235789	8	20	#
370	2225702	4	28	38	41	#
371	1894110	25	42	#
372	3759164	21	31	33	35	#
373	5757053	22	33	42	57	59	63	#
374	4118341	5	7	36	48	51	55	58	#
375	1103764	21	27	#
376	3753447	27	37	42	53	#
377	1849672	33	45	55	#
378	1588706	18	29	60	#
379	2890836	31	41	48	#
380	1528716	28	31	#
381	1065137	8	43	#
382	1468614	20	57	#
383	1660120	40	57	#
384	4600855	26	35	39	43	44	#
385	2358417	9	36	51	#
386	2393597	14	16	41	#
387	2080616	2	10	44	62	#
388	1539877	7	31	#
389	2905550	18	41	52	#
390	5083007	4	5	14	36	47	52	#
391	1531850	2	45	#
392	8708943	9	10	14	16	19	25	29	45	56	58	#
393	1182952	4	15	38	59	62	#
394	2712417	5	36	45	#
395	3484957	0	11	25	39	54	#
396	10909889	2	5	12	34	37	38	39	53	56	59	63	#
397	1053128	30	43	#
398	2790927	20	36	47	#
399	1692231	2	16	#
400	2176949	19	30	48	#
401	1683579	30	60	#
402	3988615	0	19	44	53	#
403	3827880	3	25	26	34	#
404	2617241	30	33	62	#
405	1578245	33	41	44	#
406	1718739	11	40	46	#
407	1145994	22	45	#
408	1983185	14	27	52	#
409	1532101	20	58	#
410	1564364	9	19	#
411	2108389	7	28	47	#
412	1620478	7	28	32	#
413	1529520	23	51	#
414	2240201	4	28	45	53	58	#
415	2604514	5	11	35	#
416	1982753	18	55	#
417	1476039	36	53	#
418	1828671	14	32	44	#
419	3874162	3	9	14	36	48	#
420	2578865	3	17	45	#
421	1753586	32	46	#
422	1864336	14	50	#
423	1401338	11	36	#
424	1770792	27	51	#
425	2092508	20	34	48	50	60	#
426	4511792	1	7	18	24	26	34	42	59	61	63	#
427	1710319	52	61	#
428	1590718	0	18	23	53	#
429	6944890	3	10	17	25	30	37	49	#
430	1781829	20	26	#
431	1505845	33	34	48	60	#
432	1441495	25	58	#
433	2187290	9	21	49	#
434	1547875	7	20	#
435	1799642	17	40	#
436	2392830	20	38	55	62	#
437	3604291	16	21	31	34	#
438	1707191	5	34	#
439	15764144	1	2	3	5	9	20	22	31	34	36	37	40	41	47	49	56	60	63	#
440	1773599	43	52	#
441	3774426	0	9	23	61	#
442	1850755	12	46	#
443	1400050	32	43	#
444	1749664	33	62	#
445	1941732	1	42	#
446	4225878	5	18	19	20	61	#
447	2032249	27	34	63	#
448	3336729	1	8	18	58	62	#
449	1366498	16	18	#
450	1616506	13	44	#
451	1940210	24	53	#
452	2803173	38	43	63	#
453	1393081	3	12	#
454	2130562	35	41	42	47	#
455	1012287	6	49	#
456	1888832	61	63	#
457	7037325	17	18	21	24	32	36	37	39	42	59	#
458	1256107	5	23	#
459	1239518	14	24	#
460	1998924	23	36	52	#
461	1571514	15	19	#
462	1419475	22	59	#
463	1724618	1	33	#
464	1800033	25	31	#
465	3221837	19	38	44	46	#
466	1800327	1	15	#
467	2487619	6	57	58	#
468	4571705	13	16	22	24	54	60	#
469	5617285	0	10	12	20	23	24	28	53	#
470	2040518	26	50	60	#
471	2075152	19	49	60	#
472	3194746	8	11	18	43	#
473	2948114	5	10	32	54	61	#
474	1655012	29	33	#
475	2280595	17	41	47	#
476	1575163	33	59	#
477	2553611	28	45	48	#
478	1670581	14	55	#
479	1489079	0	24	#
480	3148340	21	26	39	44	#
481	2555585	25	31	55	56	63	#
482	1956033	12	25	56	#
483	1903194	31	36	#
484	1532813	2	17	#
485	4913693	1	3	17	29	47	52	#
486	2735908	0	6	15	22	#
487	1022098	8	55	#
488	1095967	50	51	#
489	1774672	15	32	#
490	1286319	18	47	48	52	#
491	1848225	2	10	34	47	#
492	2879864	1	47	61	#
493	1365966	0	44	61	#
494	1756524	10	11	#
495	1667232	4	48	#
496	1734917	28	48	51	53	#
497	2397624	32	43	55	#
498	1613534	28	52	#
499	1302135	11	34	#
500	1305748	2	51	#
501	2826969	11	30	62	#
502	1391811	9	54	#
503	1490793	21	51	#
504	2296013	7	20	42	#
505	3626827	25	41	42	60	#
506	1778655	5	20	#
507	5293361	8	24	29	53	56	63	#
508	1489698	32	44	#
509	1795600	0	55	#
510	3655961	0	1	48	55	#
511	1553777	13	42	#
512	2395618	13	15	43	44	#
513	3134075	16	23	45	52	#
514	3094303	8	24	25	42	#
515	1975861	25	62	#
516	2427351	12	14	25	#
517	1890106	0	25	#
518	1714463	2	49	#
519	1201759	13	52	#
520	1947870	29	30	47	#
521	3197542	11	14	23	46	53	#
522	1134964	17	33	#
523	3732025	12	26	36	38	#
524	4085159	8	9	16	21	33	34	#
525	3595737	25	28	32	39	55	#
526	1986512	37	43	#
527	4101284	1	2	22	31	52	#
528	1220435	33	51	#
529	2603377	9	21	29	42	#
530	1717922	3	16	55	#
531	1562119	11	55	#
532	6268340	5	8	30	40	47	54	62	#
533	2795253	14	41	60	#
534	1330524	34	36	#
535	3939043	0	25	47	49	53	#
536	1526476	36	60	#
537	1799404	15	54	#
538	1919881	54	56	#
539	4648936	2	11	19	32	61	#
540	2288190	8	13	40	#
541	1397506	11	21	#
542	1604855	4	63	#
543	1829348	21	41	42	#
544	1973836	22	35	#
545	1705686	30	42	#
546	1858066	8	18	61	#
547	2367000	9	14	16	26	37	#
548	1100795	19	40	#
549	5741222	0	3	6	11	26	33	46	#
550	3854478	7	44	47	55	#
551	2344064	16	38	44	#
552	1114980	24	42	55	#
553	1494816	16	19	#
554	1838518	7	52	#
555	1742875	8	34	#
556	1351372	33	42	#
557	1580099	15	26	#
558	1660327	22	57	#
559	7031767	3	9	19	20	24	38	49	55	#
560	1554511	50	61	#
561	1921509	4	29	#
562	4909611	8	25	29	40	42	45	#
563	1805815	1	34	#
564	1178603	2	42	#
565	3786594	3	10	12	27	#
566	1218568	15	28	#
567	1708873	20	38	#
568	2830761	2	17	24	52	#
569	1137051	4	11	#
570	1780963	31	35	47	58	#
571	2023234	1	8	32	#
572	1502410	56	63	#
573	1511193	55	60	#
574	1048129	14	18	56	#
575	1988348	11	21	37	#
576	1882241	10	36	#
577	2892923	25	26	36	#
578	2421992	16	21	40	49	54	#
579	1949459	30	35	#
580	1941247	39	45	#
581	3395845	23	41	46	50	#
582	5906416	3	16	28	31	48	50	62	#
583	1161908	16	39	58	#
584	1993546	3	19	45	50	51	57	#
585	1304014	42	52	#
586	1360365	12	25	#
587	1591055	12	23	50	#
588	4790787	1	2	13	16	21	57	#
589	1605834	0	42	#
590	2435153	4	12	22	41	45	#
591	1518962	20	40	#
592	2630532	10	40	49	53	#
593	1976454	2	16	63	#
594	1966012	3	5	31	54	#
595	1822203	9	19	63	#
596	1244933	44	57	#
597	2884842	30	31	34	43	#
598	2593100	5	33	36	63	#
599	1998740	34	59	#
600	1609150	10	39	#
601	1221720	52	54	#
602	1242599	12	45	#
603	3877974	16	31	39	48	60	#
604	1227869	13	25	#
605	2700146	6	8	35	50	57	#
606	3430782	1	8	9	13	#
607	3121150	7	11	26	46	48	#
608	2804273	26	27	30	61	#
609	1306517	9	15	#
610	1397823	39	48	#
611	1708590	8	15	#
612	2496683	1	11	20	24	32	59	#
613	3277830	5	16	23	39	#
614	1548062	11	51	#
615	2626488	32	37	54	#
616	1811213	4	7	58	#
617	1876816	1	4	5	11	26	51	#
618	1732101	29	33	51	#
619	1282532	20	41	#
620	4581171	0	4	11	26	44	54	#
621	2765828	34	35	51	#
622	3042459	3	12	17	39	51	59	#
623	2255311	9	32	40	56	63	#
624	1623516	7	42	#
625	2401556	20	33	51	62	#
626	3645604	2	37	56	57	#
627	1161397	2	3	48	#
628	1836116	9	41	57	#
629	8679962	10	12	13	20	27	32	33	40	54	55	#
630	2400069	34	61	62	#
631	2446919	21	25	56	#
632	3733787	21	39	51	57	#
633	1746093	32	39	#
634	2285407	28	40	46	48	51	#
635	2412513	13	21	53	#
636	1882534	1	21	36	#
637	1858814	37	38	#
638	1568712	6	20	#
639	1270232	35	42	#
640	2380541	45	51	53	#
641	2887028	23	46	62	#
642	1619338	10	16	#
643	1770552	26	28	#
644	2569671	31	32	38	#
645	1681815	17	31	#
646	1730373	2	35	#
647	1783352	22	24	#
648	4513900	5	16	20	26	42	#
649	2645686	23	39	48	59	#
650	2268823	2	13	58	#
651	1770353	16	40	#
652	2939049	8	22	25	28	52	60	#
653	1186378	5	63	#
654	2249242	0	1	21	47	51	#
655	3510572	19	30	47	55	#
656	2023620	8	26	57	#
657	2276111	15	41	49	#
658	1931926	20	23	#
659	1802015	10	30	38	50	#
660	1628457	13	30	#
661	1846666	35	48	#
662	1749210	26	46	#
663	1666763	3	52	#
664	3586341	18	25	26	54	#
665	1214240	3	57	#
666	4885966	0	10	16	45	46	52	53	55	58	#
667	2437371	0	4	33	#
668	4287953	3	6	25	46	50	#
669	1998524	18	41	#
670	4058802	23	25	34	42	52	53	59	#
671	1724469	28	62	#
672	1653749	23	24	#
673	3772003	0	8	14	44	61	63	#
674	3871384	47	52	58	63	#
675	1136108	0	2	#
676	1810592	11	35	#
677	3217171	2	15	21	41	#
678	3216733	8	21	24	48	#
679	1634744	40	60	#
680	1494190	22	58	60	#
681	3470259	6	9	21	23	27	49	61	#
682	1913811	29	43	#
683	4032546	2	4	10	23	48	#
684	2497434	0	36	41	#
685	2027437	6	7	37	56	#
686	1815810	13	55	#
687	2142177	6	19	52	#
688	3323651	5	33	36	48	#
689	3602185	0	12	29	37	59	#
690	2182619	26	42	46	55	60	#
691	1539686	42	43	#
692	1576779	11	57	#
693	1811686	26	58	#
694	1731973	16	42	#
695	3002367	2	4	16	22	28	41	49	#
696	1750762	33	53	#
697	1865985	16	51	#
698	1471920	12	25	36	48	50	#
699	2008248	10	32	43	54	#
700	1765174	14	39	#
701	1484988	35	53	60	#
702	1691620	25	44	#
703	5680214	8	9	20	21	27	32	48	61	62	#
704	5047972	10	12	21	30	42	56	#
705	1047832	27	52	#
706	1669910	33	46	60	#
707	1517313	27	63	#
708	1474433	0	35	#
709	1331332	27	38	#
710	1652481	42	57	#
711	1747386	26	54	#
712	1214919	25	39	#
713	2999976	12	28	38	45	#
714	2216660	24	52	59	#
715	1089679	1	19	#
716	1693351	24	44	#
717	2684755	8	16	50	#
718	2331267	8	12	17	34	57	#
719	2992819	50	52	54	#
720	2802578	24	35	41	#
721	2233736	25	32	50	#
722	1328496	43	49	#
723	1883077	29	42	#
724	1925243	32	60	#
725	3318780	18	20	22	52	55	#
726	1908292	2	58	#
727	1726371	16	33	#
728	1000938	16	41	#
729	1620132	12	44	#
730	1511674	6	8	#
731	2207684	0	30	49	54	#
732	2691650	10	21	43	#
733	1203260	7	46	#
734	1650582	54	58	#
735	2036252	11	35	47	#
736	1563304	5	28	35	36	61	#
737	1546775	11	33	#
738	1272748	2	13	#
739	4752630	7	15	25	27	35	40	45	59	#
740	4298354	5	14	30	31	33	40	42	#
741	1371683	24	48	62	#
742	1722868	4	15	44	#
743	1317436	13	57	#
744	1662314	9	17	25	27	53	#
745	1135182	6	37	#
746	2546604	2	13	21	27	38	57	59	61	#
747	7668484	7	13	16	19	20	22	26	44	45	48	#
748	1222058	9	38	57	#
749	2788923	2	15	24	42	50	51	#
750	2433250	39	50	54	#
751	3513015	27	49	57	58	#
752	4031633	4	20	45	48	53	60	#
753	2293549	21	28	47	#
754	2311703	1	6	13	35	#
755	3653523	0	9	10	16	18	30	41	58	#
756	3736863	11	24	31	51	#
757	3080881	11	16	21	39	41	#
758	2760534	6	8	52	#
759	2900316	3	24	30	#
760	1354756	42	50	#
761	2647637	22	29	43	#
762	2419910	6	37	46	#
763	2059137	46	57	59	62	#
764	2097668	16	44	59	#
765	2702986	31	41	55	#
766	3961533	5	9	16	22	#
767	1281115	5	61	#
768	1765380	2	14	27	29	#
769	2234964	13	14	18	#
770	2820513	2	22	45	55	57	#
771	2615402	0	3	19	51	#
772	3222131	18	28	30	47	#
773	2504876	21	25	31	42	50	#
774	1678305	16	53	#
775	1727218	12	29	#
776	2634676	3	23	40	43	45	46	52	#
777	1639320	6	23	#
778	2627060	32	44	52	58	#
779	2583880	19	25	28	42	49	#
780	2231678	7	8	10	46	#
781	1099045	2	26	#
782	5972231	0	2	5	6	9	21	34	61	#
783	2692953	19	45	48	#
784	1320536	0	11	#
785	2760794	18	25	37	#
786	3578155	4	6	26	57	#
787	1407252	47	52	54	62	#
788	1580087	1	41	#
789	1947298	0	25	63	#
790	2877093	12	47	49	#
791	2771579	8	49	53	#
792	1698645	2	59	#
793	1145587	9	33	#
794	3847058	0	2	9	19	49	#
795	2598048	12	27	57	#
796	2320357	20	43	47	60	#
797	2962588	0	32	44	#
798	1669123	45	57	#
799	1251717	25	50	#
800	1512565	46	58	#
801	2829583	38	40	45	#
802	1892875	38	39	#
803	2893175	22	41	53	#
804	1399952	14	30	#
805	4628170	12	26	43	56	63	#
806	4325044	6	11	25	38	60	#
807	3802119	16	21	46	56	#
808	1411320	22	31	#
809	1005595	29	40	55	#
810	2133667	25	41	52	#
811	1766751	9	35	#
812	1849416	41	50	#
813	1102478	20	53	#
814	1771577	6	19	#
815	1231011	47	57	#
816	1633923	15	37	50	#
817	1627972	26	37	#
818	1990286	1	23	#
819	1563805	14	26	#
820	3138413	2	24	35	40	#
821	4215278	0	27	37	51	52	54	#
822	2241976	27	37	63	#
823	3993878	12	13	15	47	58	#
824	3238719	0	18	19	32	37	#
825	1985208	3	8	#
826	1739651	17	52	#
827	1452604	37	53	#
828	3560240	13	18	19	38	#
829	1542664	37	59	#
830	1493157	1	28	#
831	1110622	8	49	#
832	2382150	2	18	37	47	#
833	2988629	6	24	35	48	#
834	2723904	15	38	50	#
835	2771929	6	25	27	#
836	1591749	29	35	60	#
837	1568300	24	36	#
838	2743960	50	51	63	#
839	2135351	8	14	24	#
840	1329560	22	26	#
841	1444156	33	37	51	#
842	1646546	16	22	46	#
843	1567230	8	51	62	#
844	1919039	34	45	48	#
845	2289825	7	10	27	42	48	#
846	4336989	0	5	20	31	48	58	61	#
847	2968959	6	14	15	29	55	#
848	1481156	26	62	#
849	1676464	32	38	#
850	1525103	1	55	60	#
851	3300312	2	30	32	34	35	36	60	#
852	1521658	13	28	#
853	2470407	17	19	35	#
854	2822358	0	12	18	57	62	#
855	3300415	34	40	43	45	#
856	2773225	3	4	41	46	53	61	#
857	1771761	30	32	#
858	3851719	13	57	59	60	#
859	7179818	0	2	4	8	17	19	42	49	51	58	59	60	#
860	1724104	3	26	50	#
861	4420667	9	17	18	31	56	#
862	4004109	3	8	9	19	23	27	28	35	57	#
863	4705164	26	28	44	49	61	#
864	1428865	9	12	#
865	4249484	4	15	19	32	37	#
866	1292741	24	33	#
867	1319088	4	28	#
868	2599176	8	57	63	#
869	1649025	28	29	59	#
870	1204423	31	43	#
871	2880215	31	35	37	43	#
872	1335179	44	54	#
873	3563511	3	19	20	22	#
874	1905343	0	9	28	43	#
875	1435870	11	20	24	#
876	2946797	25	39	48	61	62	#
877	1520573	25	41	#
878	1707346	0	62	#
879	2853801	19	23	57	#
880	2162037	9	30	53	#
881	4239093	9	26	38	47	63	#
882	2747713	14	52	63	#
883	1537724	16	48	#
884	2025001	35	37	46	#
885	2421441	0	10	23	24	37	54	#
886	2296471	10	34	55	#
887	2116975	38	51	60	#
888	1391470	22	45	54	#
889	1039595	29	41	#
890	1691334	21	56	#
891	1136582	18	23	#
892	1718926	28	31	39	52	#
893	2740830	17	28	31	44	#
894	2900522	7	11	47	57	#
895	2557910	35	44	47	#
896	2072239	5	23	59	#
897	2897203	5	35	43	#
898	3842539	4	13	24	34	39	44	55	#
899	3888692	33	48	57	62	#
900	1825740	26	63	#
901	2819801	7	12	33	#
902	1975123	5	38	#
903	2782729	16	21	63	#
904	2188246	5	9	11	16	45	#
905	1652743	0	16	35	#
906	1317088	53	59	#
907	2340039	21	33	56	#
908	1337071	8	56	#
909	3438143	2	7	42	44	#
910	1905881	29	59	63	#
911	1988243	12	31	33	#
912	1866521	36	44	55	#
913	1834128	44	51	#
914	1850484	6	9	45	52	#
915	1864090	15	48	49	#
916	2650433	9	29	51	#
917	2785752	11	14	17	61	#
918	1210948	45	51	#
919	1669164	6	18	#
920	1598365	13	16	28	38	#
921	1200666	41	46	#
922	4183809	13	29	47	53	60	#
923	3927348	5	9	45	47	#
924	3911656	12	16	30	56	#
925	3810423	8	30	33	42	#
926	2626180	13	15	17	33	39	41	#
927	1508333	3	53	#
928	1668791	4	50	#
929	3566510	4	21	22	45	#
930	1831944	4	57	#
931	1378956	13	17	#
932	4357863	21	31	34	37	53	#
933	3595989	5	7	48	57	59	62	63	#
934	2586659	1	23	34	#
935	1738951	19	31	#
936	1779676	16	21	#
937	2065485	29	52	54	#
938	4210354	14	20	25	38	40	#
939	1194455	43	55	#
940	3466659	28	31	33	40	#
941	2795552	0	28	56	#
942	9827885	7	11	12	25	28	29	34	35	51	61	#
943	1524583	26	27	#
944	3587670	1	11	24	52	#
945	2043340	1	8	38	58	#
946	3831458	8	25	55	62	#
947	2925665	9	18	54	#
948	4150746	7	9	26	29	48	53	61	#
949	1662545	30	57	#
950	1898012	6	32	42	46	#
951	4978973	8	18	24	37	42	#
952	2656628	8	16	25	31	#
953	1323594	28	40	#
954	1866977	27	36	#
955	2167556	27	32	40	#
956	2184489	31	36	39	#
957	1547226	1	40	#
958	1822129	27	49	56	62	#
959	3500642	16	43	50	55	#
960	2136713	4	8	35	41	#
961	1749021	18	34	#
962	5892635	8	22	31	52	59	61	#
963	2152314	6	9	60	#
964	2195149	13	29	37	58	#
965	2566392	3	43	55	#
966	1768437	0	36	#
967	1517728	37	42	51	#
968	2712004	5	9	21	27	48	#
969	1020522	0	12	61	#
970	1079479	30	31	#
971	2261825	6	15	17	19	55	#
972	6921868	0	23	30	39	40	46	47	#
973	1153210	1	35	#
974	1920136	27	32	#
975	3951157	1	2	3	29	55	#
976	3682729	8	9	33	34	38	56	#
977	1050956	34	48	#
978	4686347	8	12	17	20	37	53	#
979	1911839	32	34	#
980	2616520	5	6	47	#
981	1464574	3	28	#
982	2955495	1	34	38	#
983	1702243	34	40	#
984	2134600	9	10	59	#
985	2543648	4	37	43	#
986	2041713	0	3	5	#
987	6492257	12	20	24	29	31	33	51	#
988	2914078	6	32	41	#
989	1410992	21	63	#
990	1729953	1	12	37	#
991	2174594	15	18	19	33	36	40	#
992	2942923	8	38	53	#
993	2365807	20	22	42	44	#
994	1162616	3	14	42	#
995	1834948	6	41	#
996	5354450	25	28	29	33	40	46	51	59	#
997	2472997	10	26	44	58	#
998	1087714	57	58	#
999	1852678	39	54	55	63	#
1000	1943743	7	25	#
1001	1732674	6	30	#
1002	1602823	14	23	51	#
1003	6185130	2	5	21	26	41	46	52	#
1004	1145197	38	42	#
1005	2240586	2	13	24	45	57	62	#
1006	2869150	19	29	52	#
1007	2991404	8	25	33	47	51	#
1008	2552513	7	28	35	51	#
1009	1665573	6	32	#
1010	1826134	13	21	#
1011	1951319	7	61	#
1012	3936879	10	19	42	48	#
1013	2791808	10	13	36	42	#
1014	2945663	6	35	38	40	63	#
1015	2893573	13	14	15	#
1016	2307860	20	45	61	#
1017	1932846	6	42	57	#
1018	1751013	42	52	57	#
1019	4618933	17	28	30	35	38	#
1020	3757243	9	18	25	36	40	42	#
1021	2266133	6	21	35	56	61	#
1022	1427215	2	20	#
1023	2938111	1	3	16	32	41	#
1024	1130412	19	42	47	#
1025	1959651	21	59	#
1026	4409921	31	48	53	55	60	#
1027	2225819	7	10	18	#
1028	1420301	7	26	#
1029	5209853	4	10	19	23	44	45	47	49	52	#
1030	2388114	20	21	33	47	50	54	60	#
1031	1819957	11	43	#
1032	2464073	0	14	26	#
1033	6070922	16	17	18	29	46	52	53	62	#
1034	2497764	31	41	53	#
1035	4112044	5	18	32	42	43	44	47	52	53	62	#
1036	2089369	23	40	50	59	#
1037	1699591	23	62	#
1038	3784331	2	13	40	53	57	#
1039	3329152	9	19	20	30	40	55	#
1040	1594345	53	62	#
1041	1683966	5	56	#
1042	3180920	10	12	29	63	#
1043	2760744	15	16	24	39	49	52	63	#
1044	1694867	19	53	57	#
1045	2925002	0	15	17	52	#
1046	1414439	7	17	#
1047	2819804	41	58	60	#
1048	1741186	28	58	#
1049	3185158	3	4	25	28	50	51	#
1050	3146225	18	22	31	62	#
1051	1144579	5	37	#
1052	2851442	5	18	51	#
1053	2180101	24	28	36	46	51	61	#
1054	2945095	31	47	55	#
1055	1126976	0	37	#
1056	2817130	4	7	29	#
1057	1595178	8	54	#
1058	1564752	20	37	44	46	#
1059	2924516	10	15	40	62	#
1060	1887192	3	24	25	28	37	40	#
1061	1639178	27	58	#
1062	2763592	9	27	46	48	#
1063	3851877	33	34	38	46	#
1064	2267066	27	36	53	#
1065	1713388	0	8	#
1066	1246365	8	42	#
1067	1522276	19	20	#
1068	1568215	53	56	63	#
1069	4455315	6	15	22	30	33	62	#
1070	6914469	4	10	23	26	29	41	50	55	#
1071	2786822	20	32	36	52	54	61	#
1072	3478245	3	11	33	52	#
1073	3506667	12	21	28	53	57	#
1074	1680002	9	11	40	#
1075	2887006	20	53	61	#
1076	2884565	13	24	39	#
1077	1787271	2	12	53	#
1078	2949194	27	30	31	45	59	#
1079	2410374	8	36	42	#
1080	2335641	10	22	48	#
1081	1661585	10	17	#
1082	2257780	32	37	38	#
1083	2131952	8	9	29	32	59	#
1084	1373751	1	24	35	#
1085	1569770	9	23	#
1086	2637240	23	25	29	#
1087	5593387	0	5	16	22	39	50	58	61	#
1088	2469960	10	12	57	#
1089	5895579	2	12	14	28	34	52	#
1090	1778046	6	14	#
1091	1992937	1	27	42	#
1092	2725954	0	30	34	#
1093	1548805	9	16	#
1094	2701173	17	28	45	#
1095	1270656	17	26	50	#
1096	2249086	9	12	26	27	31	48	#
1097	1371035	36	52	#
1098	2591062	4	6	58	#
1099	2908645	4	14	53	56	#
1100	1591368	8	13	#
1101	7500759	0	19	22	28	34	36	38	43	50	#
1102	1800657	21	35	#
1103	1189761	3	62	#
1104	2968742	4	31	51	#
1105	1039123	45	63	#
1106	4711353	3	23	28	44	51	#
1107	2010653	3	56	58	#
1108	3759186	8	45	50	54	63	#
1109	1781888	23	28	38	48	57	#
1110	1747265	1	14	#
1111	1259454	26	36	#
1112	2122497	34	56	58	#
1113	2779819	18	26	27	50	#
1114	2286279	17	32	43	#
1115	2705456	25	53	62	#
1116	1130132	35	36	#
1117	2377529	6	7	16	39	41	58	62	#
1118	1931699	4	7	10	28	#
1119	1857395	36	58	#
1120	2887142	5	7	18	31	#
1121	2725379	21	44	45	#
1122	1449007	1	13	58	#
1123	3982308	3	9	60	61	#
1124	2391759	19	30	33	49	#
1125	5015418	8	27	28	33	35	46	50	58	#
1126	2757971	36	59	61	#
1127	2390021	9	29	49	54	#
1128	2550267	18	37	53	#
1129	1538762	28	56	#
1130	2919902	1	23	43	#
1131	2875114	14	29	30	#
1132	3510600	13	32	34	39	42	59	#
1133	2687728	0	19	29	42	#
1134	1033634	19	23	32	#
1135	1731544	31	40	#
1136	2137415	5	32	33	52	53	62	63	#
1137	1219842	52	63	#
1138	3554154	8	17	46	47	51	#
1139	2189716	12	27	37	#
1140	4812545	4	32	44	57	58	#
1141	5390153	12	16	25	40	41	60	#
1142	5538070	5	8	25	53	56	57	#
1143	2690291	28	38	39	#
1144	2659654	0	51	54	62	#
1145	1128183	15	58	#
1146	2405045	54	57	59	#
1147	2351403	12	17	25	#
1148	1741158	40	59	62	#
1149	2934250	6	12	27	#
1150	1061615	2	6	#
1151	2651727	9	30	57	#
1152	2205621	18	38	47	#
1153	2940559	16	20	23	#
1154	3984982	3	9	34	36	39	51	#
1155	3205722	4	24	30	45	48	53	56	61	#
1156	2935748	21	41	52	#
1157	3879836	1	10	15	20	44	45	46	55	56	63	#
1158	5673666	6	21	24	25	41	50	54	#
1159	1271761	12	54	#
1160	1149874	17	55	#
1161	1946394	49	59	#
1162	3916094	12	14	37	47	48	51	#
1163	1946605	24	50	#
1164	2601114	3	18	60	#
1165	1530987	3	44	#
1166	1755607	10	43	#
1167	1961637	19	50	#
1168	4861112	7	14	17	31	37	40	56	#
1169	1170924	45	61	#
1170	1901113	25	55	#
1171	1111643	29	31	#
1172	2798596	6	7	18	#
1173	2078985	24	45	56	#
1174	1160649	5	36	59	#
1175	1690809	4	40	#
1176	2539804	13	19	36	#
1177	1283453	11	42	#
1178	1190784	27	55	#
1179	4739493	11	28	32	33	39	42	#
1180	2261311	35	42	49	#
1181	1536631	41	57	#
1182	2855010	6	49	63	#
1183	1327622	6	7	57	#
1184	2943359	0	6	8	#
1185	1005651	24	47	#
1186	1433577	34	53	#
1187	1526979	21	50	#
1188	1875596	2	36	39	55	#
1189	2545562	18	48	60	#
1190	1939449	0	7	24	#
1191	7758187	15	17	19	25	26	37	45	54	#
1192	1703336	9	63	#
1193	1215358	10	56	#
1194	1728107	7	11	46	#
1195	2149883	9	10	39	#
1196	2706551	5	22	25	26	33	#
1197	1992362	13	49	#
1198	2391083	20	26	50	55	#
1199	1702905	7	11	#
1200	2263087	17	34	53	55	#
1201	1925877	42	59	#
1202	1790000	43	47	#
1203	1512061	15	27	#
1204	1442532	18	59	#
1205	3688428	11	34	36	37	#
1206	2907386	17	23	41	#
1207	2633979	13	18	57	#
1208	2991665	4	17	46	#
1209	1818949	4	24	#
1210	1572884	35	49	#
1211	2658952	7	22	36	37	38	63	#
1212	1042123	34	41	#
1213	2726394	31	37	62	#
1214	1222581	44	62	#
1215	1848180	10	20	#
1216	2108396	5	37	42	#
1217	6225226	0	2	11	15	21	27	34	45	60	#
1218	4318527	2	10	15	16	35	38	#
1219	1974375	29	58	60	#
1220	2675052	4	45	55	#
1221	1105776	0	23	#
1222	1938734	9	37	#
1223	2951708	4	14	37	#
1224	3200350	10	13	14	24	#
1225	1809398	10	55	#
1226	1513173	12	58	#
1227	1160609	48	62	#
1228	1920672	5	15	#
1229	2850018	17	35	46	#
1230	2569657	9	22	30	45	48	#
1231	2703784	1	27	29	#
1232	2578904	19	26	49	52	57	58	#
1233	1662393	6	22	#
1234	1998845	14	33	#
1235	1744692	4	53	#
1236	3208763	20	30	49	51	54	#
1237	2793017	3	34	38	51	54	55	#
1238	1906322	16	24	#
1239	2855676	25	57	61	#
1240	1891168	12	42	#
1241	5301139	8	24	25	37	53	58	#
1242	1604406	7	28	#
1243	1827233	27	54	#
1244	1407426	1	12	#
1245	2896951	5	16	25	#
1246	1366311	48	61	#
1247	3942326	13	40	47	52	#
1248	1737904	24	57	#
1249	1848588	7	49	#
1250	1695086	43	48	#
1251	1030572	1	11	#
1252	1840683	12	14	37	#
1253	3433044	4	16	52	61	#
1254	2007219	35	57	62	#
1255	2691771	26	35	51	58	#
1256	1417305	39	60	#
1257	2030192	10	22	35	52	57	59	#
1258	1670299	8	28	29	39	51	#
1259	1848639	23	54	#
1260	1692676	30	34	47	50	#
1261	3617478	3	24	44	55	#
1262	2817664	29	53	55	#
1263	2591867	0	9	48	61	#
1264	2638709	6	20	62	#
1265	3849977	8	39	45	50	#
1266	2786903	10	14	63	#
1267	3034296	0	3	7	11	13	20	53	56	#
1268	4619018	5	9	16	55	59	#
1269	2390744	22	47	48	#
1270	1265469	56	62	#
1271	1893519	32	36	55	#
1272	2223466	1	38	49	#
1273	2555587	12	44	54	#
1274	2611592	0	13	47	#
1275	1419206	25	26	50	#
1276	2423935	5	6	43	63	#
1277	1069145	0	52	#
1278	3334273	1	10	28	43	44	61	#
1279	3856906	12	25	40	50	#
1280	3930466	10	17	40	50	#
1281	3453436	25	28	31	60	#
1282	1855717	2	44	#
1283	8418881	1	27	33	37	43	50	52	60	62	#
1284	6488051	0	18	26	28	45	51	62	#
1285	2668948	25	30	59	#
1286	2154075	38	41	62	#
1287	5536541	6	11	26	31	49	51	58	59	#
1288	2542851	14	35	38	#
1289	6741766	1	16	18	39	40	47	52	#
1290	2985998	16	18	27	34	52	#
1291	2015967	15	16	39	43	#
1292	2627750	1	45	60	#
1293	1788247	23	39	#
1294	2565427	6	8	46	#
1295	4443170	27	40	48	55	59	60	#
1296	2517671	4	6	12	#
1297	1434196	17	50	56	#
1298	2354701	17	23	44	60	#
1299	3750245	12	26	27	52	#
1300	1453670	35	40	#
1301	3572813	0	24	33	55	59	#
1302	1994910	22	30	#
1303	6874665	4	17	27	37	38	43	50	55	63	#
1304	1889353	5	7	#
1305	1970718	7	19	#
1306	1747276	21	38	49	52	56	#
1307	1269186	11	12	28	#
1308	1999869	27	41	55	#
1309	2778645	55	58	60	#
1310	3806539	23	36	41	51	59	#
1311	5277984	2	3	27	29	30	58	#
1312	4777193	6	12	36	44	60	#
1313	2153500	16	24	27	32	46	60	#
1314	2060174	22	28	32	55	#
1315	1435745	14	54	#
1316	4690152	1	20	21	35	62	#
1317	2914237	4	6	46	#
1318	2202142	0	7	38	53	#
1319	1061871	21	61	#
1320	2229337	11	13	36	50	60	63	#
1321	1571283	19	60	#
1322	1862763	18	31	#
1323	3480548	6	45	50	58	63	#
1324	2307647	3	42	56	#
1325	1953580	35	38	#
1326	1410454	2	27	#
1327	1901317	22	24	37	40	49	#
1328	3855160	13	23	35	46	#
1329	1064308	55	56	#
1330	1598878	7	32	#
1331	1757436	2	5	#
1332	2781634	12	44	63	#
1333	2702614	30	50	51	#
1334	1200109	26	50	51	#
1335	2886902	6	30	42	47	#
1336	3611376	9	14	23	57	#
1337	2589033	28	55	56	#
1338	1471274	8	53	58	#
1339	1865629	43	59	#
1340	3410201	1	2	44	46	#
1341	1982314	2	15	25	#
1342	1646725	5	52	#
1343	3044631	7	12	26	27	31	34	36	39	54	59	#
1344	2727092	5	11	50	#
1345	1977640	4	37	39	52	57	#
1346	1784199	13	46	#
1347	1645337	30	46	#
1348	1810064	15	49	#
1349	1076374	23	37	#
1350	2549108	9	46	50	52	#
1351	4101587	20	29	37	49	59	#
1352	1496571	51	56	#
1353	1466938	48	58	#
1354	2989559	20	39	60	#
1355	2971725	0	40	47	#
1356	1828716	15	45	#
1357	7718866	22	30	31	33	34	37	39	46	50	58	60	62	#
1358	1261643	41	45	#
1359	5936321	2	4	8	29	44	53	#
1360	2689086	5	11	14	#
1361	1126536	42	48	#
1362	1040161	35	53	#
1363	1607589	6	12	#
1364	2234700	12	17	46	49	#
1365	3050517	6	8	10	26	27	40	#
1366	2858096	9	16	20	51	#
1367	1830576	45	56	#
1368	2941063	1	9	57	#
1369	3608718	5	24	30	39	52	#
1370	1140719	2	22	#
1371	2776917	5	27	30	#
1372	2183295	17	45	58	#
1373	1608684	31	62	#
1374	2474091	12	38	57	#
1375	2686212	32	40	51	62	#
1376	2742388	17	34	51	#
1377	2174103	18	46	50	53	#
1378	1763741	21	30	61	#
1379	2846122	17	22	46	#
1380	4164985	1	12	17	18	36	47	51	#
1381	3222606	10	36	46	53	#
1382	1878485	2	16	37	#
1383	4081676	10	16	17	19	40	50	#
1384	2434497	3	19	55	#
1385	1785665	15	23	#
1386	2311645	26	32	40	48	49	#
1387	1282331	37	42	#
1388	2456893	15	25	47	#
1389	3131573	1	14	19	57	#
1390	2026662	2	23	29	47	#
1391	1421187	23	48	#
1392	2450590	10	16	30	32	33	38	55	#
1393	2591525	0	4	8	23	46	49	#
1394	2698083	0	1	13	56	#
1395	3374925	7	8	15	35	#
1396	2169271	34	35	56	#
1397	1152550	21	22	#
1398	2696688	12	33	49	#
1399	1342330	57	59	#
1400	2438346	36	40	49	#
1401	1881970	33	56	#
1402	1861849	1	2	#
1403	1977203	14	62	#
1404	3494689	5	19	35	57	#
1405	2182903	14	48	61	#
1406	2405381	28	40	41	#
1407	2468568	11	21	35	#
1408	1879184	23	28	36	#
1409	3753083	25	46	50	60	#
1410	1298375	20	22	#
1411	1326606	16	44	#
1412	1380679	20	22	33	#
1413	1675336	22	61	#
1414	1496764	1	12	56	#
1415	2448614	5	12	15	16	51	#
1416	5806573	9	13	20	43	50	53	56	59	#
1417	1206903	16	29	#
1418	1933380	5	49	#
1419	1510740	24	59	#
1420	2779262	1	11	19	23	#
1421	2678028	18	46	56	#
1422	6118158	18	22	34	35	47	56	58	#
1423	1933071	10	21	#
1424	1854192	5	27	48	#
1425	1348977	9	18	#
1426	1708453	9	61	#
1427	3240100	21	28	47	53	#
1428	2703381	34	42	48	#
1429	4557458	3	13	15	31	36	58	#
1430	1189442	32	54	#
1431	1177900	39	40	#
1432	1823764	50	58	#
1433	1447083	17	46	#
1434	1839683	43	51	#
1435	1747455	0	12	19	43	#
1436	1006818	9	43	#
1437	1348532	46	63	#
1438	2589581	0	52	59	#
1439	1122982	33	44	#
1440	1251912	44	61	#
1441	1173104	26	41	#
1442	2279989	1	8	9	12	20	54	#
1443	1773163	13	19	#
1444	2390861	13	27	29	#
1445	1400348	0	54	#
1446	4936661	3	12	16	23	32	50	53	62	#
1447	4599138	23	31	38	44	49	#
1448	5330528	13	18	20	24	47	52	#
1449	1132471	1	47	#
1450	1449612	17	32	#
1451	3588645	6	9	19	20	25	26	37	42	47	52	57	58	60	#
1452	3444886	0	28	47	52	62	#
1453	6210603	7	11	27	35	50	58	59	#
1454	3803234	8	29	35	61	#
1455	4531440	2	23	38	42	57	#
1456	3392195	5	6	18	63	#
1457	1643632	29	41	61	#
1458	1409955	39	53	#
1459	2334982	24	59	61	#
1460	1806564	13	51	#
1461	1752280	13	33	#
1462	2661454	13	14	44	#
1463	2792504	6	10	30	33	34	45	54	57	#
1464	1886541	50	57	#
1465	1623342	9	14	25	#
1466	6872964	1	2	3	6	11	16	19	20	49	56	59	#
1467	3839445	0	38	47	54	61	#
1468	3984886	13	43	49	58	#
1469	3219097	1	25	37	62	63	#
1470	1916722	19	28	#
1471	1110773	23	29	41	#
1472	1828583	21	44	#
1473	1641394	13	43	#
1474	1566970	27	30	#
1475	2934737	2	4	25	#
1476	2701002	3	16	37	#
1477	2342922	32	33	46	#
1478	1875599	34	51	#
1479	2964293	14	22	37	55	#
1480	3990529	2	3	19	31	59	#
1481	1430553	54	59	#
1482	1503893	15	17	#
1483	1711126	34	46	50	#
1484	2496011	4	14	48	62	#
1485	2329208	2	11	19	27	29	42	#
1486	1262996	11	48	#
1487	4474287	0	4	21	36	42	54	#
1488	2963759	14	17	53	58	#
1489	2919431	27	36	43	44	46	58	#
1490	2056195	1	12	45	48	#
1491	3566651	15	43	58	59	#
1492	1335474	21	27	34	#
1493	1857725	4	38	45	#
1494	3691203	28	41	42	44	#
1495	1096010	2	10	46	53	#
1496	2466556	11	29	52	53	#
1497	3303158	12	14	18	29	57	#
1498	4119644	4	13	19	32	40	#
1499	2797279	4	52	58	62	#
1500	2405971	3	45	49	#
1501	1798664	2	47	61	#
1502	2718426	3	17	42	#
1503	3518113	24	44	53	57	#
1504	1252014	40	44	#
1505	1694701	2	23	#
1506	1296080	5	33	#
1507	1616230	19	34	60	#
1508	2870949	33	47	61	#
1509	4367100	1	11	14	28	38	41	42	53	56	#
1510	3861320	3	11	39	44	#
1511	1514763	44	55	#
1512	2071857	4	20	34	63	#
1513	1114836	49	54	#
1514	1048368	33	55	#
1515	1769939	28	46	#
1516	1823635	26	29	40	#
1517	1071029	51	58	#
1518	2994257	0	5	49	#
1519	1980750	1	20	#
1520	2378753	16	24	32	34	#
1521	3734516	6	51	52	62	#
1522	2849203	9	20	29	45	46	#
1523	2254842	20	41	60	#
1524	1195298	26	57	#
1525	2152916	17	27	37	45	#
1526	1686092	17	18	28	#
1527	5099616	18	23	24	35	37	44	#
1528	1118110	0	5	#
1529	2064125	17	25	41	53	#
1530	3156391	9	22	25	49	55	59	#
1531	1975909	17	37	#
1532	1651426	18	28	36	#
1533	2136607	23	59	62	#
1534	1955260	15	57	#
1535	1745348	35	59	#
1536	1741666	20	28	38	#
1537	2360495	28	29	47	#
1538	3799200	4	36	38	57	#
1539	1383126	28	57	#
1540	6185616	1	18	24	26	35	37	48	#
1541	1137094	17	45	50	#
1542	3613130	8	43	53	54	62	#
1543	2733106	5	29	39	62	#
1544	2588186	13	55	59	#
1545	3987269	9	14	40	47	50	#
1546	3937950	0	7	12	19	21	34	44	50	#
1547	1929283	49	51	#
1548	6682294	15	26	31	34	37	39	48	#
1549	1587778	15	61	#
1550	6346525	2	4	8	10	11	16	34	56	59	#
1551	6462562	0	17	20	39	41	52	57	58	#
1552	2997600	2	14	57	61	#
1553	2629879	16	28	57	#
1554	1353323	51	55	#
1555	5503600	5	23	30	36	50	53	#
1556	5190388	6	23	27	38	46	62	#
1557	1071700	6	59	#
1558	5776132	2	4	34	43	62	63	#
1559	1924228	25	43	60	61	#
1560	2033346	14	44	45	#
1561	5498449	2	3	7	30	47	51	#
1562	4386870	5	10	15	23	32	60	#
1563	3741976	0	37	40	61	#
1564	1144459	6	31	#
1565	1699564	12	16	#
1566	2088950	2	27	34	#
1567	5009776	22	31	34	41	55	63	#
1568	3616612	2	22	30	54	#
1569	2328364	33	45	48	53	56	#
1570	4004444	35	37	40	41	48	52	54	57	62	#
1571	1622388	9	40	#
1572	1887092	22	38	53	54	#
1573	1683530	45	53	#
1574	1813266	2	4	#
1575	3008619	1	2	53	55	56	#
1576	2515153	28	61	63	#
1577	1915222	8	46	#
1578	1902473	7	38	#
1579	2866028	26	45	56	#
1580	1951045	62	63	#
1581	1515533	0	46	#
1582	3957215	21	27	41	53	#
1583	1891707	9	31	#
1584	1056280	6	60	#
1585	3613883	6	12	23	30	42	49	50	#
1586	2523916	20	37	58	#
1587	1275902	17	25	#
1588	4063097	7	49	51	53	63	#
1589	3402277	12	28	35	42	47	#
1590	3792294	13	22	24	37	#
1591	1308068	5	48	60	#
1592	2604712	10	17	47	61	#
1593	2900977	8	21	27	32	#
1594	1989358	5	40	46	#
1595	1457800	14	31	54	#
1596	1835201	38	54	#
1597	4026121	0	33	46	53	58	#
1598	3019689	0	3	25	26	#
1599	2292915	26	35	40	44	#
1600	6999059	6	9	13	25	30	42	44	52	#
1601	1602746	0	51	#
1602	2636109	4	17	61	#
1603	2958941	10	26	42	48	#
1604	1328224	9	13	#
1605	3489006	16	18	26	28	53	62	#
1606	4414146	5	9	22	39	43	46	58	#
1607	4404010	18	20	41	56	59	#
1608	1047403	1	24	#
1609	1138180	4	15	#
1610	3043564	0	6	20	21	22	54	#
1611	5835700	9	10	12	16	19	23	24	31	40	43	46	60	#
1612	2180107	9	11	43	#
1613	3983896	3	14	26	40	#
1614	2770099	2	7	24	#
1615	1154951	12	52	#
1616	1196812	50	55	#
1617	1359339	9	60	#
1618	2557427	20	34	55	#
1619	2283423	2	5	7	39	#
1620	2875678	35	46	60	#
1621	2751780	3	43	53	#
1622	2314714	18	23	38	54	#
1623	1983861	8	37	#
1624	1575902	27	31	39	#
1625	1250238	11	52	#
1626	1485509	40	41	#
1627	3399578	2	14	35	50	#
1628	2309190	35	40	51	#
1629	2167284	11	29	37	#
1630	3141134	5	7	12	18	#
1631	2662631	1	39	47	#
1632	1313328	35	37	56	#
1633	1123751	15	21	60	#
1634	1337007	18	22	40	52	54	62	#
1635	1263352	1	54	#
1636	7189749	5	21	27	30	35	48	55	62	#
1637	3222363	13	19	20	48	50	52	54	#
1638	1995790	6	43	#
1639	7490266	5	6	13	17	19	32	55	56	#
1640	3945634	33	42	50	55	56	#
1641	1789471	2	38	#
1642	4711142	30	32	43	50	57	#
1643	2813963	1	14	37	44	54	63	#
1644	2469165	0	10	50	#
1645	2370467	40	52	61	#
1646	2458129	18	48	61	#
1647	2096976	23	39	45	#
1648	2587558	13	28	58	#
1649	3016215	3	6	17	59	#
1650	3012215	11	25	33	43	#
1651	2711610	14	48	59	#
1652	5426722	3	8	44	45	49	56	#
1653	1551306	2	8	#
1654	2666050	8	20	23	#
1655	2282659	19	31	49	#
1656	4585827	12	15	23	26	34	47	63	#
1657	2012401	11	27	39	#
1658	3343667	13	23	42	59	#
1659	987515	27	57	#
1660	1027375	52	55	#
1661	2709362	14	17	38	#
1662	1364566	2	36	41	#
1663	1580654	21	31	43	#
1664	1673114	23	35	40	44	#
1665	4305995	16	17	20	35	40	#
1666	6219576	10	14	18	19	24	56	60	#
1667	2929846	18	28	62	#
1668	1256169	2	55	62	#
1669	2016291	17	37	44	#
1670	1434757	1	51	#
1671	1092257	3	33	41	#
1672	1309708	8	52	#
1673	3030967	14	15	31	44	57	58	60	61	#
1674	1118202	3	9	#
1675	2366527	5	8	23	34	48	49	#
1676	1474055	51	62	#
1677	2112186	6	24	47	63	#
1678	4432172	5	10	14	30	41	50	#
1679	1589799	36	40	#
1680	2399188	32	35	40	55	#
1681	2211294	35	36	54	#
1682	3676456	8	16	19	46	#
1683	1801399	1	18	37	48	#
1684	2881599	9	19	32	52	#
1685	998644	21	46	54	#
1686	1315685	42	61	#
1687	2490669	0	41	44	#
1688	2935962	15	22	44	48	59	#
1689	1775287	28	45	#
1690	2961545	33	35	39	46	47	49	#
1691	2358865	10	17	43	#
1692	2199170	11	33	51	#
1693	2929503	8	15	23	45	#
1694	4971621	32	38	39	61	63	#
1695	1254919	17	39	#
1696	1624630	20	59	#
1697	1920102	6	12	14	20	22	44	#
1698	2689828	4	42	53	56	#
1699	1696613	7	22	#
1700	1745713	16	23	#
1701	1455087	7	8	#
1702	1502757	18	24	61	#
1703	1756131	27	42	#
1704	1972239	2	7	39	40	47	60	#
1705	2675505	3	12	26	#
1706	1168006	17	22	51	#
1707	2737940	12	26	35	#
1708	3612906	4	19	37	61	#
1709	1158304	7	45	#
1710	2047888	10	15	30	58	#
1711	1807530	57	61	#
1712	3424105	1	14	38	44	#
1713	2223282	25	26	29	30	35	#
1714	1992164	39	41	42	#
1715	1510552	12	34	#
1716	1158646	0	34	#
1717	3683300	34	41	53	62	#
1718	2143327	9	24	30	38	#
1719	1908298	24	45	#
1720	1485552	10	31	#
1721	1300778	39	52	#
1722	4046707	1	9	51	54	59	#
1723	1005371	25	30	#
1724	3803773	11	21	36	49	60	#
1725	1678915	9	51	62	#
1726	1878970	2	23	35	50	51	56	60	#
1727	2567597	21	46	51	56	#
1728	3763035	14	29	40	63	#
1729	2773808	18	29	34	45	#
1730	1049279	17	38	#
1731	4140131	0	9	16	17	22	36	37	#
1732	1389673	37	47	57	#
1733	1953324	34	37	#
1734	2938199	37	38	44	#
1735	1528869	30	40	#
1736	1927417	13	19	53	#
1737	1731143	3	25	47	58	#
1738	1116766	18	47	60	#
1739	9697278	7	12	14	16	19	42	47	49	50	52	#
1740	2923000	4	6	27	32	41	43	44	50	59	#
1741	3351695	13	32	45	53	57	#
1742	1901036	55	59	#
1743	2964664	35	53	59	60	#
1744	1390157	23	46	#
1745	2196644	16	18	20	48	#
1746	2054125	2	6	7	48	#
1747	2474740	18	27	39	#
1748	3959046	13	21	53	63	#
1749	4767751	3	7	10	18	27	31	38	46	53	#
1750	1790918	1	38	61	#
1751	1211831	21	55	#
1752	2401666	8	12	27	28	#
1753	1868992	18	47	49	#
1754	1938753	61	62	#
1755	1677713	7	60	#
1756	1651321	34	63	#
1757	1937407	3	34	35	#
1758	4356427	21	29	35	48	53	#
1759	2252608	36	41	60	61	62	#
1760	2309162	20	42	56	#
1761	3283422	4	18	27	29	#
1762	2861590	21	23	34	61	#
1763	1659054	28	37	#
1764	2319226	17	23	59	#
1765	3847110	1	14	28	57	#
1766	1010696	28	63	#
1767	1893897	37	41	#
1768	1608841	39	57	#
1769	3757531	4	5	7	53	55	#
1770	1401795	0	13	58	#
1771	1978666	2	28	60	#
1772	1143019	28	44	#
1773	2641105	50	51	61	#
1774	3183305	13	14	21	60	#
1775	1405613	15	22	#
1776	1510763	16	17	26	#
1777	1971857	3	7	10	38	59	#
1778	1269221	23	31	#
1779	3731742	3	11	18	27	#
1780	1969762	1	47	51	#
1781	1074734	12	14	#
1782	1524556	33	47	#
1783	2758434	26	38	62	#
1784	2127204	29	33	58	#
1785	3621682	2	7	34	44	#
1786	4229832	23	26	34	35	37	38	43	56	#
1787	2995070	1	31	46	#
1788	1687952	13	40	#
1789	1231645	6	17	#
1790	1021218	46	52	#
1791	2922632	1	5	26	58	#
1792	1526872	15	21	53	#
1793	2485936	4	24	36	#
1794	3109209	2	10	33	45	#
1795	1484695	0	47	#
1796	1019611	15	50	#
1797	3390955	16	25	57	62	#
1798	2590926	8	24	41	#
1799	3991047	1	23	42	51	#
1800	2039061	17	30	35	#
1801	3079345	7	8	25	49	52	61	#
1802	3008882	1	29	32	38	51	56	#
1803	2622547	17	18	46	53	58	#
1804	1668183	17	29	30	#
1805	2330597	5	37	43	#
1806	4030451	11	15	29	36	41	56	#
1807	1805346	13	33	39	#
1808	1636807	37	42	44	#
1809	1061567	52	60	#
1810	1315466	38	60	#
1811	1714170	26	33	48	#
1812	1095753	24	46	#
1813	2055166	4	15	21	24	27	#
1814	2119667	15	25	35	48	#
1815	1899709	21	32	40	#
1816	5215268	0	3	5	35	37	39	#
1817	3905214	16	24	29	51	#
1818	2112768	5	9	15	25	28	44	48	49	#
1819	2321048	16	19	32	41	43	54	62	#
1820	1723748	27	29	39	#
1821	2744228	22	31	45	#
1822	1467941	11	50	54	#
1823	1611197	0	14	#
1824	1260487	22	63	#
1825	2487356	20	29	38	44	50	57	#
1826	1974438	19	22	#
1827	1404305	26	52	#
1828	5295515	13	25	32	35	48	54	56	#
1829	4603214	20	24	31	35	41	63	#
1830	2858391	5	8	19	63	#
1831	1814220	2	13	45	#
1832	1247459	18	30	#
1833	2647514	4	12	48	#
1834	2372733	8	41	54	#
1835	2322882	6	13	20	57	#
1836	2278102	27	53	57	#
1837	1969533	25	52	58	#
1838	2669116	19	41	50	#
1839	2674677	8	24	39	#
1840	1472885	3	50	#
1841	6454414	4	5	6	9	22	25	30	33	35	40	41	51	53	#
1842	3528099	20	30	36	51	57	#
1843	1641529	29	58	#
1844	1950354	26	41	58	#
1845	4078090	7	14	16	24	26	44	61	#
1846	2876831	5	15	19	41	#
1847	3701950	22	24	26	63	#
1848	2124410	15	26	31	#
1849	1511482	5	22	#
1850	2940959	10	19	52	56	#
1851	1562656	40	50	#
1852	1310547	9	44	#
1853	2843571	7	32	33	42	59	#
1854	1935643	11	45	#
1855	3009241	13	25	42	63	#
1856	2776749	7	24	32	#
1857	3891761	10	32	42	52	56	#
1858	1812902	19	38	57	#
1859	4764689	4	5	6	13	32	#
1860	2177282	26	45	51	55	#
1861	2175706	3	10	36	#
1862	2385986	3	14	15	46	49	52	57	#
1863	4559651	2	14	16	26	43	56	57	#
1864	5770665	0	4	5	6	7	9	10	11	12	16	22	23	26	28	40	42	46	52	#
1865	2382599	3	26	43	60	#
1866	3883151	20	27	28	57	61	#
1867	2612324	5	17	19	#
1868	1609999	27	61	#
1869	1411746	5	14	19	#
1870	1798618	30	63	#
1871	5761022	2	17	35	38	43	52	56	#
1872	2630395	0	27	34	#
1873	3619185	22	29	45	47	63	#
1874	1134588	12	15	#
1875	3438011	0	3	9	34	#
1876	1791884	9	17	58	#
1877	2919265	15	21	46	49	53	56	#
1878	1265832	35	45	54	#
1879	1621669	5	42	#
1880	2375869	8	25	30	61	#
1881	1404300	10	27	#
1882	1615790	1	29	#
1883	3975951	20	25	40	63	#
1884	2996902	8	34	61	#
1885	1300163	14	43	#
1886	1335464	54	61	#
1887	2677289	6	14	49	53	#
1888	1351803	31	35	#
1889	2720528	23	29	34	53	#
1890	4241160	8	10	36	42	46	56	#
1891	3847881	1	5	38	46	#
1892	2866983	4	6	24	38	42	53	59	#
1893	1582172	34	35	#
1894	1397550	19	25	36	#
1895	2755630	26	53	61	#
1896	2919529	17	26	45	51	52	#
1897	1956592	1	24	44	50	#
1898	4445399	0	22	24	33	46	60	#
1899	2788135	11	23	57	63	#
1900	1921843	14	59	#
1901	2651889	6	25	36	42	#
1902	1903855	1	36	58	#
1903	2724978	23	30	35	46	#
1904	2491612	28	29	43	44	49	#
1905	1822574	6	63	#
1906	3881515	12	21	41	42	59	63	#
1907	1345748	6	38	#
1908	5893377	1	15	28	32	33	57	#
1909	2877402	4	8	32	#
1910	1621250	41	59	#
1911	1024281	10	53	#
1912	3080232	20	26	27	31	38	60	#
1913	1060827	48	51	#
1914	7393517	6	9	19	23	31	35	42	47	#
1915	10265520	4	8	9	19	22	24	29	31	40	54	59	#
1916	3007147	20	22	61	62	#
1917	2795036	30	36	50	#
1918	1440385	31	48	#
1919	3537198	5	22	35	47	#
1920	5467349	1	4	6	26	46	47	48	54	56	60	#
1921	4857000	17	26	48	54	62	#
1922	2071187	38	41	63	#
1923	1791059	2	35	49	#
1924	1660709	9	27	#
1925	2878113	7	35	54	60	#
1926	1540987	18	25	56	#
1927	5148949	9	10	14	24	25	61	62	#
1928	1604507	20	52	#
1929	2292992	9	10	29	32	37	45	#
1930	1446390	39	55	#
1931	3469954	6	10	15	18	42	#
1932	1938845	23	47	#
1933	5791099	0	2	12	23	27	30	32	43	62	63	#
1934	2691381	0	37	45	62	#
1935	1887369	14	57	#
1936	1650197	28	51	#
1937	2104994	10	24	37	38	#
1938	1300400	0	29	#
1939	5554513	11	28	38	39	54	63	#
1940	1319437	29	32	#
1941	3113117	12	13	28	55	#
1942	4832439	5	9	25	31	34	43	#
1943	2501043	19	24	44	63	#
1944	1324849	58	63	#
1945	2563635	1	10	25	58	#
1946	2119005	0	3	28	46	#
1947	1975474	29	51	63	#
1948	1312329	1	4	#
1949	2129129	20	27	31	37	39	#
1950	1815065	22	28	#
1951	1146016	53	58	#
1952	1412748	41	48	#
1953	2921350	0	2	8	47	#
1954	2850114	33	35	42	45	#
1955	2284084	8	54	57	#
1956	1114412	7	63	#
1957	3557254	3	31	46	47	#
1958	2500401	5	6	13	36	#
1959	2564747	12	29	30	50	#
1960	2454130	12	25	40	#
1961	1217135	21	32	#
1962	1180608	8	36	44	#
1963	1164435	27	45	#
1964	2233711	23	27	43	#
1965	1947066	13	22	24	#
1966	2477647	2	16	55	#
1967	2419050	32	37	42	#
1968	2812541	6	30	35	37	61	63	#
1969	2746827	17	32	54	#
1970	7243811	10	12	14	21	28	29	51	62	#
1971	3226781	10	13	31	56	#
1972	1118240	4	49	#
1973	5357877	4	10	18	33	51	52	57	#
1974	1413998	22	38	#
1975	1676538	18	36	54	#
1976	1120992	15	40	#
1977	10745460	3	5	6	9	22	26	28	32	33	49	53	55	61	#
1978	1254358	15	35	#
1979	1936202	20	23	33	#
1980	1750842	35	55	#
1981	1980051	17	28	56	#
1982	2546168	26	55	56	#
1983	3176083	32	49	52	56	#
1984	4693265	6	22	42	50	53	#
1985	2827984	22	31	47	59	62	#
1986	1432718	3	45	62	#
1987	2447152	15	26	54	59	62	#
1988	2206200	12	28	38	#
1989	2196480	2	3	11	#
1990	1969465	5	35	41	50	#
1991	1099408	22	48	#
1992	4629397	15	17	19	40	61	#
1993	2814308	46	47	58	59	#
1994	2884247	54	58	62	#
1995	3588404	14	23	42	59	#
1996	1750631	22	25	#
1997	4529265	4	6	12	37	39	49	61	#
1998	3216991	17	23	29	45	58	#
1999	2685370	1	6	14	27	46	#
