%% File generated by CATS v.2.1Wed Jun 19 19:07:43 2013

%% The CATS webpage is http://robotics.stanford.edu/CATS

%% PARAMETER SETTINGS:
% Goods: 64; Bids: 2000; Distribution: L4; Runs: 50; Seed: 1371663978
% Legacy distribution parameters:
% Number of goods chosen according to Decay distribution (alpha = 0.55).
% Price chosen according to Linear Random distribution (low_linearly = 1, high_linearly = 1000).


goods 64
bids 2000
dummy 0

0	981721	21	#
1	992274	18	#
2	986670	28	#
3	946349	3	#
4	1778068	41	60	#
5	967875	30	#
6	954079	63	#
7	3218330	9	11	22	28	35	#
8	2124791	13	27	58	61	#
9	1132578	1	6	#
10	11142634	8	10	12	17	20	23	26	31	40	50	51	60	#
11	1306303	20	40	#
12	990577	46	#
13	3737070	14	25	33	44	#
14	999171	44	#
15	960543	50	#
16	2331444	13	14	22	59	#
17	996736	58	#
18	7539186	6	9	20	35	36	38	43	48	51	55	#
19	999269	19	#
20	963299	27	#
21	1171793	35	54	#
22	1845205	19	40	53	#
23	973695	56	#
24	1609076	26	47	#
25	976129	32	#
26	2118491	26	29	48	62	#
27	1877458	30	37	#
28	991122	57	#
29	2959465	11	31	44	#
30	5840368	0	16	48	51	57	60	#
31	1571476	20	62	#
32	2973686	34	45	59	60	#
33	1899166	13	58	59	#
34	985126	29	#
35	1568824	40	45	#
36	1123941	29	42	#
37	1851515	26	51	#
38	1930511	8	11	29	47	#
39	935429	25	#
40	982549	38	#
41	980989	43	#
42	983137	0	#
43	2199650	9	21	27	#
44	1838640	25	36	#
45	5382744	21	25	26	28	29	63	#
46	932192	51	#
47	2730517	10	18	31	41	43	48	61	#
48	1951879	15	31	#
49	979310	45	#
50	2088517	22	24	45	#
51	3945703	2	8	31	63	#
52	997639	62	#
53	2465480	2	3	35	#
54	1868841	5	49	#
55	2226715	32	49	54	#
56	3037691	22	39	55	60	63	#
57	994089	5	#
58	1852789	30	34	#
59	2552514	4	9	34	47	#
60	1631672	6	44	#
61	1577828	28	29	#
62	937936	54	#
63	2667264	32	40	55	#
64	879913	23	#
65	961668	10	#
66	2951057	34	41	58	#
67	947956	14	#
68	4660308	6	9	19	24	47	#
69	3721188	8	11	30	31	54	#
70	979334	42	#
71	1859132	42	53	#
72	1177976	33	51	#
73	1703732	2	62	#
74	2605170	18	58	62	#
75	2643151	34	40	62	#
76	2328697	20	26	41	#
77	6573140	2	16	17	19	29	30	52	63	#
78	1844082	14	44	#
79	1968298	0	4	#
80	992689	49	#
81	981330	37	#
82	993505	8	#
83	1937322	43	55	#
84	966460	52	#
85	989549	26	#
86	985543	59	#
87	2605613	7	11	15	#
88	1821266	25	29	#
89	986138	31	#
90	1697468	3	15	#
91	969642	17	#
92	1639185	5	33	35	#
93	989470	24	#
94	1812479	1	32	#
95	999838	12	#
96	4606804	11	23	35	43	54	#
97	2613683	21	25	28	47	#
98	1369713	25	50	#
99	1050961	20	21	#
100	1666890	30	48	#
101	950471	1	#
102	984027	34	#
103	1997087	39	53	#
104	1381373	3	23	#
105	1376732	0	28	44	#
106	2906961	19	40	63	#
107	2183989	3	12	22	50	#
108	1455039	4	56	#
109	1906424	21	62	#
110	2693898	1	45	46	#
111	996917	60	#
112	1139197	34	49	#
113	2970669	4	9	12	#
114	1917721	18	27	#
115	2934632	21	32	42	#
116	2116624	9	33	59	#
117	1443344	8	41	#
118	1561709	0	45	#
119	991922	53	#
120	992089	48	#
121	2523134	12	20	23	51	54	#
122	995469	41	#
123	2759602	15	17	42	#
124	1581994	24	25	61	#
125	2995187	7	34	42	#
126	987220	2	#
127	1012954	22	29	44	#
128	2165509	24	37	44	59	#
129	1373012	3	4	24	#
130	3202149	2	8	21	34	50	#
131	988584	61	#
132	1196342	14	41	#
133	1027641	19	48	#
134	4261387	3	10	13	25	51	#
135	1806554	27	46	#
136	1992667	3	9	34	#
137	996820	11	#
138	3500145	0	2	3	6	22	57	#
139	1023790	23	37	#
140	4535520	3	9	13	14	19	37	57	58	#
141	3331355	3	4	8	28	#
142	974995	40	#
143	1687875	52	59	#
144	999262	36	#
145	1844727	15	55	#
146	4122012	1	6	15	21	49	62	#
147	1424021	10	16	#
148	1107015	0	7	#
149	1747468	8	26	35	#
150	2367582	4	5	59	#
151	968864	16	#
152	1911083	56	59	#
153	983598	7	#
154	1229155	36	60	#
155	10548950	0	3	4	16	17	24	31	35	41	42	46	47	48	54	55	56	60	#
156	2023751	9	13	39	45	#
157	1419062	2	25	27	#
158	982920	35	#
159	2004927	16	19	27	28	#
160	1874836	25	52	#
161	2131598	20	38	58	#
162	974609	6	#
163	4502150	14	17	30	32	49	#
164	1894896	31	33	#
165	993584	55	#
166	1615562	2	31	40	#
167	1875367	7	18	#
168	2299245	4	25	37	50	#
169	1474996	48	49	#
170	3856429	12	24	29	32	#
171	990449	13	#
172	1793362	35	49	#
173	4501935	5	7	15	29	36	42	55	#
174	2425775	11	16	17	44	#
175	3408321	2	20	24	54	59	#
176	1008838	5	38	#
177	1729840	3	28	48	#
178	1958544	29	59	#
179	1720265	28	31	34	#
180	994144	15	#
181	1883551	30	39	#
182	1357157	3	27	#
183	1561254	13	58	#
184	2641034	16	51	54	#
185	2029913	0	24	59	#
186	1822059	1	47	#
187	6346618	4	6	11	16	35	40	46	48	56	#
188	3488976	0	9	15	33	34	45	60	#
189	1702848	29	58	#
190	2428453	10	31	32	58	#
191	1646112	1	46	#
192	1975122	26	53	#
193	1450404	32	44	#
194	1549449	3	29	#
195	1979338	24	39	#
196	1452223	14	63	#
197	1237499	25	32	#
198	994657	9	#
199	1256022	25	55	#
200	945217	4	#
201	3690264	7	20	24	29	32	35	#
202	998626	33	#
203	1540635	28	54	#
204	5793868	3	6	35	50	57	62	#
205	4092627	14	20	30	42	45	51	#
206	2326160	22	31	36	47	#
207	966430	39	#
208	2185947	9	38	63	#
209	2204537	7	25	27	#
210	4082603	6	18	35	43	44	59	#
211	1159409	19	31	#
212	1955150	23	27	28	36	58	62	#
213	3349616	38	41	46	58	#
214	2151064	37	44	54	57	#
215	2527012	5	32	35	58	#
216	5801838	10	19	27	34	53	59	61	#
217	2247731	2	16	24	32	42	#
218	2092004	2	20	31	34	#
219	1797969	5	12	35	#
220	2141148	22	48	56	#
221	1267923	50	54	#
222	1271113	0	8	#
223	3912483	14	21	42	54	#
224	3981328	21	34	55	57	#
225	986700	22	#
226	1775359	38	54	#
227	1113252	7	29	47	#
228	988933	20	#
229	1576484	0	8	13	#
230	3453216	1	9	27	46	#
231	2428055	29	33	40	41	61	#
232	1674373	3	16	25	#
233	1833869	16	19	#
234	1913206	25	34	41	46	#
235	1744618	28	32	45	48	49	#
236	5272651	23	38	44	45	50	60	#
237	2637604	19	33	49	56	#
238	1246472	12	35	#
239	2067973	12	13	16	23	#
240	4526425	6	14	20	22	56	#
241	1375283	12	52	#
242	1016549	28	48	51	#
243	1823302	7	39	#
244	1253612	25	49	#
245	1911173	3	10	34	35	#
246	1521825	0	52	#
247	1827986	3	21	28	32	#
248	2871121	6	17	19	#
249	5424273	9	19	44	49	50	51	56	58	#
250	1930320	9	24	#
251	2865965	23	28	35	#
252	1558336	34	40	#
253	2146323	4	26	46	#
254	2954879	14	33	46	#
255	1316047	29	34	44	#
256	3164518	3	20	24	38	44	53	61	#
257	1953119	3	59	#
258	3332922	4	23	38	45	53	55	62	#
259	1415171	20	45	#
260	912209	47	#
261	2324633	6	30	47	49	58	#
262	2911239	10	35	42	46	52	#
263	1565919	1	15	22	54	#
264	1967849	3	47	#
265	1689923	27	53	#
266	1813240	30	60	#
267	1267741	15	53	#
268	1151706	33	44	#
269	2241502	41	46	55	58	#
270	8260968	6	7	8	11	15	21	25	32	36	#
271	2201324	10	49	53	#
272	1722349	10	23	#
273	3889965	11	12	36	52	54	60	#
274	1902498	57	60	#
275	2462083	5	10	17	24	31	#
276	1701554	17	60	#
277	1832753	12	55	#
278	1187648	7	33	#
279	1514909	48	62	#
280	1994134	1	56	#
281	1223931	28	61	#
282	1568657	39	40	#
283	4673242	6	13	29	34	39	40	41	52	61	#
284	1713952	26	42	50	#
285	1622894	4	20	42	#
286	2959087	7	23	49	#
287	2090075	38	49	58	#
288	1190596	43	53	#
289	1822153	42	52	#
290	2306933	17	21	32	44	#
291	3311458	1	16	18	19	22	34	63	#
292	2433126	0	17	19	#
293	3853883	15	20	41	60	#
294	2030068	50	54	56	#
295	2551540	8	9	24	33	49	57	#
296	1467098	14	49	#
297	1355478	14	45	#
298	1073773	29	49	#
299	1332736	28	37	47	#
300	1970117	25	39	#
301	4288633	14	33	49	51	54	#
302	3091053	3	4	11	30	#
303	1838115	44	58	#
304	1380598	30	35	55	59	#
305	3177645	3	19	20	25	39	47	53	61	#
306	2459147	35	45	56	#
307	2567759	2	37	44	#
308	1621735	17	25	28	51	59	#
309	1928767	7	26	38	39	56	58	#
310	2173705	16	34	38	#
311	3161493	4	7	14	50	57	#
312	1773645	33	53	#
313	1922308	34	36	#
314	2711040	2	6	62	#
315	3323237	5	40	49	52	#
316	1050545	36	41	#
317	1318363	48	59	#
318	3480822	3	15	19	20	25	31	50	#
319	2575668	48	60	63	#
320	1966420	0	5	#
321	1835219	29	63	#
322	1486848	2	47	#
323	3081438	1	4	55	58	#
324	1538976	9	42	#
325	1537972	10	13	18	#
326	3970979	6	12	13	24	#
327	1984977	30	56	#
328	2625245	29	45	61	#
329	2677940	19	30	35	#
330	1666007	9	29	#
331	1612224	1	53	#
332	2549970	1	6	18	38	#
333	1573201	59	60	#
334	2622182	14	24	50	#
335	2894430	7	8	20	23	#
336	3394121	29	44	51	55	#
337	1973639	2	26	#
338	1642547	31	42	#
339	1619806	49	50	#
340	2463160	3	22	46	58	#
341	1139024	1	62	#
342	1081151	57	61	#
343	1858445	4	9	#
344	1474619	20	57	#
345	3480667	9	46	54	57	#
346	1087862	8	61	#
347	1970687	25	31	#
348	1778288	2	5	33	#
349	1282209	6	23	#
350	1293122	16	46	#
351	1601617	15	59	#
352	1985057	0	26	#
353	1973909	20	52	#
354	4490905	3	7	17	18	29	39	#
355	2092692	2	6	21	23	29	43	#
356	1828822	13	21	#
357	1892648	11	18	#
358	1442544	44	46	#
359	1168117	15	37	#
360	2901799	4	10	29	55	#
361	1433129	14	31	#
362	3099242	14	36	59	62	#
363	2188651	12	15	40	#
364	2960575	17	19	42	59	#
365	1836311	19	61	#
366	1531925	39	47	#
367	2860857	2	23	31	32	43	50	#
368	1088138	20	46	#
369	6070227	3	17	24	26	30	41	61	#
370	1866100	30	53	#
371	1850663	45	51	#
372	1861350	36	59	#
373	2005425	2	5	25	37	60	#
374	1960411	3	9	31	#
375	1717391	2	34	#
376	1920307	20	32	#
377	3532657	15	50	55	56	#
378	1437609	10	62	#
379	1659695	20	39	45	48	#
380	1502002	9	44	#
381	1920844	0	38	#
382	1178890	6	27	#
383	1604588	0	22	#
384	1259774	23	61	#
385	5328538	8	28	29	41	44	58	#
386	1159429	24	33	#
387	1132746	39	52	#
388	1000310	39	42	62	#
389	2291097	9	55	62	#
390	2052487	21	24	58	#
391	1223052	28	63	#
392	1505171	27	63	#
393	1526715	8	47	#
394	3497242	3	11	26	28	53	#
395	1603996	2	46	50	#
396	1611955	1	45	62	#
397	2129082	0	34	46	48	56	#
398	2067020	23	50	62	#
399	1992168	50	57	#
400	1358257	1	19	#
401	2072093	1	57	63	#
402	1350102	50	56	#
403	1574242	39	48	#
404	1366361	8	30	#
405	1585739	3	4	16	#
406	1697026	38	53	#
407	2157039	42	54	63	#
408	1118660	51	62	#
409	1489171	15	63	#
410	3904856	6	7	28	48	#
411	9766056	3	10	25	27	31	47	48	51	52	57	#
412	2112691	5	23	56	#
413	1251598	42	59	#
414	3435567	1	7	25	56	59	60	#
415	2429281	28	36	40	42	#
416	1363910	7	24	#
417	1424782	24	44	#
418	2149848	26	54	57	#
419	1620416	19	50	#
420	2580137	10	27	46	57	#
421	1373532	52	62	#
422	1374120	12	16	#
423	1031219	38	59	#
424	3982586	7	36	44	49	50	55	57	#
425	1614561	4	45	#
426	2587229	12	24	37	#
427	4285178	5	44	45	55	57	#
428	1299655	32	47	#
429	2704533	9	17	48	#
430	4299918	27	29	43	50	55	#
431	2588495	24	28	39	#
432	1281087	21	30	#
433	1444654	10	13	#
434	1833878	8	30	32	52	#
435	1801141	3	5	#
436	3612727	10	20	36	45	#
437	3952035	5	16	33	48	57	#
438	1764903	22	41	47	#
439	2950377	7	44	51	#
440	2691960	13	27	32	60	#
441	2744050	13	25	33	37	38	41	42	#
442	5665674	5	29	30	32	34	60	#
443	1135771	24	43	46	#
444	1883395	20	43	#
445	1766178	10	35	#
446	1551179	5	25	#
447	1236315	1	4	#
448	3854502	0	6	15	35	42	57	#
449	2486400	19	39	54	#
450	1815969	48	58	#
451	8145331	3	15	16	23	25	27	38	43	52	#
452	1967209	12	17	28	49	52	#
453	3066487	20	32	43	48	#
454	2689117	2	16	34	47	#
455	2801621	35	55	56	#
456	1288682	0	50	#
457	2106802	13	24	28	29	36	52	58	60	#
458	1415623	13	50	#
459	1634474	3	13	#
460	1484382	0	32	#
461	1519883	22	24	#
462	3276827	1	23	43	62	#
463	2646602	5	7	8	10	22	26	44	#
464	1684827	4	12	#
465	5050805	13	15	26	61	62	63	#
466	4229669	4	5	12	15	18	19	23	34	40	#
467	1401311	0	13	60	#
468	3224623	1	12	26	46	55	#
469	2789826	9	47	53	#
470	1831524	40	43	#
471	1981395	49	60	#
472	5680227	0	2	9	34	37	39	#
473	1014184	15	57	#
474	1428222	0	25	34	#
475	1114933	17	57	#
476	2203678	0	15	20	39	#
477	5382598	4	9	24	36	54	55	#
478	2816724	17	32	38	#
479	1736218	54	58	#
480	3953715	8	12	23	38	#
481	2491510	33	34	57	#
482	1087960	32	48	#
483	1515665	0	43	#
484	2115655	24	57	59	#
485	2477652	3	19	33	48	#
486	2431551	21	26	55	#
487	1853676	7	15	#
488	3445523	11	24	29	49	#
489	2217712	3	16	27	45	59	#
490	1078627	52	60	#
491	1256391	36	39	#
492	2105897	11	13	53	#
493	7488507	18	27	30	39	53	60	61	62	#
494	4644674	8	16	17	18	29	39	#
495	1940561	1	2	11	41	#
496	2734147	9	36	63	#
497	2119924	9	15	25	#
498	1967980	41	57	#
499	1593204	8	24	#
500	3412555	2	13	16	18	28	29	38	#
501	1677723	3	31	#
502	1741940	29	30	38	#
503	3010519	7	16	45	61	#
504	4658774	21	24	30	40	42	#
505	1516876	9	30	58	#
506	2880062	7	10	55	60	#
507	1553492	43	60	#
508	1442976	1	41	#
509	6735161	5	9	12	18	38	39	47	48	51	59	#
510	1862193	22	58	#
511	2431051	34	47	57	#
512	3903100	6	29	38	55	#
513	2769777	7	52	53	60	#
514	1114814	4	13	#
515	1188279	35	48	#
516	1890290	16	31	#
517	1658691	12	18	#
518	1304101	13	18	19	#
519	2136011	0	4	10	#
520	1576673	38	41	#
521	1990929	12	34	#
522	2068564	10	18	19	48	#
523	2591687	2	13	43	51	55	56	61	#
524	1796988	2	15	30	44	#
525	5914680	5	6	12	15	21	23	36	40	43	#
526	2826206	40	48	61	#
527	6583153	15	20	23	29	32	33	36	42	#
528	1800777	11	57	#
529	1490082	7	46	#
530	1408987	20	41	#
531	2742215	15	19	27	#
532	2374596	20	37	52	#
533	1095132	29	40	#
534	3879885	8	9	45	55	#
535	1391076	22	38	#
536	1973735	9	54	#
537	1372439	3	30	#
538	1797773	2	22	48	#
539	1592785	12	22	#
540	4745429	25	28	29	39	45	57	#
541	2821869	7	21	29	37	61	#
542	1768737	33	58	#
543	3437932	8	13	36	38	39	#
544	4085645	3	16	28	34	35	42	51	#
545	2452816	4	14	17	48	#
546	1976137	24	32	58	#
547	1644072	22	35	53	62	#
548	1925087	49	63	#
549	1259063	2	53	#
550	1906044	17	23	59	#
551	1939117	50	63	#
552	1994676	5	19	#
553	1118084	14	26	#
554	3781939	3	6	14	48	51	#
555	2342307	32	34	62	#
556	1327100	15	30	#
557	3941696	40	47	48	52	#
558	1670415	49	55	#
559	1295454	39	49	#
560	2891070	52	58	59	#
561	1673817	14	59	#
562	4513048	1	11	32	42	45	#
563	1827680	19	32	#
564	3272302	2	19	27	62	#
565	1852040	3	6	#
566	1406521	0	55	#
567	1170503	7	12	47	61	#
568	2122604	0	5	10	24	40	42	44	49	#
569	2890187	17	26	47	#
570	4099694	3	9	35	53	54	59	#
571	2947471	9	12	49	#
572	2785973	4	13	38	44	50	#
573	1778204	11	27	61	#
574	7871980	7	14	19	23	37	40	54	60	#
575	2983064	18	21	31	39	#
576	1731058	9	57	#
577	1653211	1	43	63	#
578	3840513	9	22	37	58	62	#
579	1839470	3	43	#
580	1036327	28	60	#
581	3156775	2	16	25	41	48	52	#
582	1324061	40	63	#
583	1396939	39	57	#
584	1574294	28	36	44	55	#
585	2105000	0	11	17	35	48	57	58	59	61	#
586	7909791	1	3	8	14	20	35	57	63	#
587	1996590	10	37	47	#
588	5721257	1	17	25	27	28	31	#
589	4073900	3	13	18	31	62	#
590	4203345	12	13	42	47	48	53	#
591	1887130	19	62	#
592	2575312	8	11	38	63	#
593	2940255	20	35	43	#
594	3559536	1	13	28	34	42	55	60	63	#
595	1254409	52	61	#
596	2802297	32	60	62	#
597	1222638	0	54	#
598	1140322	24	32	#
599	4207588	0	11	41	45	57	#
600	2425812	37	53	60	#
601	2546447	13	17	30	#
602	1455380	1	17	#
603	1810536	23	40	#
604	2891806	5	23	40	#
605	1685161	9	23	#
606	1811180	4	8	#
607	3197724	24	34	42	59	#
608	1623396	13	56	#
609	1460632	46	63	#
610	1455100	23	58	#
611	1708142	12	20	#
612	1717284	9	40	#
613	1154937	21	25	#
614	1922936	51	55	#
615	1824655	27	30	#
616	9528795	5	6	8	11	16	17	35	38	39	54	#
617	999524	10	55	#
618	3700485	1	19	26	41	43	50	57	60	#
619	1306454	9	26	#
620	3405085	18	20	28	42	51	#
621	4855033	16	30	32	44	49	#
622	2923095	9	25	34	#
623	1771282	22	26	37	#
624	1189933	22	56	#
625	1340533	54	56	#
626	1293459	34	39	42	#
627	1975536	18	44	52	#
628	2219787	5	20	23	26	52	#
629	1891123	3	18	#
630	2967657	16	24	61	#
631	2241166	8	44	62	#
632	1200180	33	63	#
633	2704797	20	21	50	#
634	3897415	8	24	42	44	#
635	2809430	0	33	42	#
636	3770068	2	31	41	48	54	#
637	5027285	0	11	13	18	50	57	63	#
638	1354476	7	54	#
639	2970586	27	53	59	#
640	5889640	2	3	9	32	36	42	46	49	50	#
641	1752128	2	17	#
642	1932660	57	63	#
643	1521866	22	59	#
644	2672516	3	7	63	#
645	1829133	7	55	63	#
646	1719353	30	63	#
647	1429781	18	30	#
648	2725931	5	40	52	#
649	1825123	3	50	#
650	2565005	5	28	44	#
651	1647621	2	37	#
652	2679665	27	33	35	#
653	2535215	44	53	62	#
654	2203192	6	25	38	#
655	1944378	4	35	#
656	1387231	0	10	33	49	#
657	1794747	1	23	54	55	#
658	1506641	16	60	#
659	3193284	10	21	30	56	57	58	#
660	2804336	38	50	62	#
661	4372345	13	19	23	31	33	48	55	60	#
662	6273601	2	5	8	19	21	26	27	29	34	41	#
663	1232393	7	27	#
664	1371147	12	28	#
665	1375908	0	14	28	62	#
666	3473931	3	15	48	52	58	#
667	3696628	3	6	29	50	#
668	2550975	28	43	51	#
669	3187509	14	21	56	62	#
670	1878974	7	10	#
671	1854487	39	59	#
672	1259905	6	19	#
673	1960800	23	32	#
674	1473291	8	60	#
675	1639127	5	53	#
676	1589934	20	50	#
677	3463579	1	15	45	50	#
678	1317239	19	46	#
679	1900006	32	33	#
680	1672881	14	27	58	#
681	1137839	19	60	#
682	3910157	10	13	21	40	#
683	1215104	40	51	52	#
684	1106255	38	60	#
685	4045717	12	13	32	35	39	45	#
686	1419520	27	48	#
687	2943140	38	40	48	50	#
688	3485402	4	13	42	49	#
689	2477615	28	52	56	58	#
690	3642731	20	25	39	45	#
691	2684270	7	44	45	53	#
692	6874261	4	15	17	33	34	45	49	#
693	1744627	28	33	#
694	2877788	2	12	21	34	#
695	1988800	55	57	#
696	2636106	7	11	18	#
697	2930700	2	25	29	#
698	1854761	10	12	25	43	#
699	1706069	7	11	32	#
700	1917117	26	32	#
701	5485403	14	19	23	39	40	42	60	#
702	1861581	12	23	25	56	#
703	1391435	16	17	#
704	2341882	20	29	32	40	42	62	#
705	2616620	34	37	59	#
706	1830188	0	29	44	#
707	2763002	2	8	13	#
708	1874742	52	55	#
709	6449286	9	25	27	46	48	53	59	62	#
710	1354342	16	20	37	56	#
711	3695414	9	20	27	39	#
712	1864981	3	49	#
713	1315730	9	31	#
714	3932079	26	28	30	34	35	54	59	#
715	2515316	8	17	51	53	#
716	2489249	41	54	57	#
717	1632138	37	50	#
718	2728837	3	34	54	58	#
719	4454023	10	12	19	24	27	29	35	43	61	#
720	1583949	16	23	28	#
721	2922274	16	23	30	48	54	#
722	1877902	10	36	#
723	1798948	8	54	#
724	1686959	55	63	#
725	3569007	22	23	38	62	#
726	1895073	8	56	#
727	3606456	1	27	38	42	56	#
728	1639543	57	59	#
729	2329154	27	46	47	#
730	1455348	1	51	#
731	5659072	4	5	7	16	24	53	#
732	1480557	3	32	#
733	2811160	16	18	55	62	#
734	2340694	3	17	37	#
735	2328112	18	44	55	#
736	2937212	1	4	48	#
737	3943646	25	29	33	45	56	57	#
738	1108950	26	61	#
739	2988383	8	10	54	63	#
740	1662677	9	37	45	#
741	2037362	7	39	54	#
742	1601664	26	42	#
743	1840620	43	48	#
744	1532888	20	36	#
745	2494060	22	43	54	56	#
746	1971916	15	19	#
747	3637907	3	7	11	18	30	46	55	#
748	1407701	6	28	36	#
749	4426264	15	16	51	54	61	#
750	1790159	29	32	44	#
751	1517010	25	54	61	#
752	2843100	26	53	60	#
753	1898576	21	37	#
754	1660030	17	48	#
755	1794405	1	5	52	#
756	2358605	13	15	60	#
757	2515268	0	33	41	#
758	1650489	13	48	#
759	3640003	1	16	51	63	#
760	1802396	46	55	63	#
761	1313453	23	52	#
762	3591970	20	26	31	32	39	46	49	60	61	#
763	2712490	17	27	37	#
764	1543841	8	59	#
765	2903502	2	12	16	60	#
766	2265817	20	44	56	#
767	6005079	1	18	25	32	36	41	46	60	#
768	2398805	12	25	29	#
769	2351100	34	35	48	#
770	2761474	4	6	57	#
771	3906147	3	8	11	49	#
772	3467715	3	6	38	45	#
773	6377333	7	26	31	37	38	40	46	56	#
774	2796499	10	29	31	#
775	5049955	0	8	15	17	39	55	#
776	4001151	1	3	8	9	11	14	24	56	62	#
777	1536997	10	30	#
778	3699882	17	20	42	46	#
779	1147745	4	37	#
780	1104146	11	30	#
781	5199625	11	25	33	38	55	59	#
782	2402178	11	38	62	#
783	1843302	20	58	#
784	2329527	3	23	43	#
785	2275441	28	33	50	#
786	2328051	14	28	31	#
787	1804256	20	38	#
788	1876224	32	50	#
789	2810367	9	11	31	#
790	1379256	1	25	44	#
791	4876240	5	11	25	30	41	#
792	1209655	1	35	#
793	1324351	33	41	#
794	4557833	0	17	18	37	54	#
795	1435840	16	49	#
796	1114362	17	40	#
797	2996736	7	38	63	#
798	2181339	29	57	63	#
799	7643985	1	9	13	19	31	33	36	47	55	62	#
800	1561761	44	63	#
801	1401291	7	36	#
802	3896282	3	9	13	21	24	28	50	56	63	#
803	3766752	9	18	19	27	39	47	55	#
804	5747895	14	15	26	35	58	59	#
805	3950852	14	28	57	58	#
806	1677584	1	12	15	26	#
807	1534010	22	55	#
808	1459144	7	43	#
809	1858537	14	51	#
810	1089697	22	62	#
811	1920002	1	10	#
812	1154278	9	17	#
813	1285897	13	15	#
814	2481191	14	21	24	59	#
815	4458130	3	8	21	24	56	58	#
816	2684274	13	29	48	#
817	1566098	3	48	#
818	4190879	0	6	14	15	20	31	34	48	51	#
819	1410249	22	25	#
820	1896402	10	20	#
821	1407790	18	21	56	#
822	1613838	16	50	#
823	3147154	6	11	16	52	#
824	2725085	30	48	62	#
825	3344626	5	19	23	31	#
826	3415596	15	25	57	58	#
827	1803943	3	37	46	48	#
828	1446137	14	56	#
829	3202630	12	24	29	47	58	#
830	1615243	28	44	53	#
831	1251358	11	22	32	#
832	1851319	26	28	49	62	#
833	1539079	8	36	58	#
834	1246138	15	24	#
835	5746656	17	21	36	39	51	54	58	#
836	6434712	17	18	26	38	47	51	57	58	61	#
837	1473484	38	52	#
838	1412776	53	55	#
839	2497995	11	25	44	#
840	1966781	26	60	#
841	3758919	10	39	46	61	#
842	4566612	6	24	25	29	44	54	55	#
843	2640561	45	54	61	#
844	2040555	10	26	57	#
845	1094205	18	62	#
846	2402081	8	32	61	62	#
847	3954608	1	5	19	34	52	#
848	1065635	6	25	#
849	1544344	9	27	28	32	61	#
850	1452126	19	42	#
851	2220403	1	33	48	51	#
852	1029094	7	47	#
853	1541634	31	50	#
854	1874846	52	61	62	#
855	1633661	3	40	#
856	1571465	15	18	#
857	1934322	10	58	#
858	1370222	3	46	#
859	1139383	9	10	#
860	3163092	11	51	56	63	#
861	4058193	3	8	16	27	35	48	53	60	#
862	7646763	5	8	12	16	20	38	40	57	61	#
863	2780302	16	26	50	#
864	1876315	13	33	36	37	#
865	3450965	9	12	28	42	#
866	3940055	14	35	37	50	54	55	#
867	1832926	58	60	#
868	1526582	1	23	39	#
869	2465454	2	27	52	#
870	2158584	11	33	49	50	#
871	5206697	2	9	29	30	38	46	57	#
872	4688378	2	43	47	49	52	#
873	1081535	19	24	25	#
874	1208355	25	38	60	#
875	1092050	12	40	#
876	1839543	1	49	#
877	1760978	0	16	60	#
878	1667976	3	60	#
879	1569472	39	50	#
880	2234068	16	20	22	49	#
881	3204749	5	15	45	61	#
882	1746218	16	35	36	51	#
883	1316290	4	53	#
884	1810078	27	43	#
885	1714182	28	43	#
886	3768396	3	6	18	50	#
887	1807298	24	31	43	#
888	1001056	34	42	44	#
889	2186979	5	24	38	#
890	2058819	23	34	46	49	#
891	2678226	9	31	50	#
892	1205437	4	25	44	#
893	1799009	3	55	#
894	3494331	7	24	25	56	60	#
895	3399998	16	37	38	43	55	57	#
896	5041633	1	5	8	17	27	30	48	51	#
897	2875196	11	14	18	19	30	#
898	2246535	15	23	36	40	#
899	1813674	13	49	#
900	1732530	44	61	#
901	1683437	54	60	#
902	3355588	7	29	43	61	#
903	1883381	6	23	52	#
904	4617039	2	21	26	32	47	#
905	1915317	2	8	#
906	2801141	10	20	23	#
907	3715888	21	38	45	49	#
908	3423519	1	8	28	35	51	54	55	59	#
909	2596747	2	11	31	#
910	1875944	7	9	58	#
911	2119880	32	33	46	#
912	1639840	18	43	#
913	2841953	8	21	30	32	#
914	1861152	6	20	#
915	3314407	18	31	40	51	#
916	1403303	30	38	#
917	1915942	9	11	20	33	#
918	1761522	41	49	#
919	1334622	10	60	#
920	1002603	2	44	#
921	2867016	8	20	37	#
922	3128651	8	25	33	38	46	#
923	1892260	1	8	#
924	2911191	8	14	24	#
925	1293027	15	16	#
926	1053723	6	37	#
927	4135094	3	26	30	36	43	49	#
928	2918032	14	18	32	43	#
929	1389525	10	26	27	28	#
930	2667309	27	36	51	#
931	1306192	17	26	#
932	1024322	39	43	#
933	1641324	40	49	#
934	1779804	23	25	#
935	3124831	14	26	52	55	#
936	1034395	32	57	#
937	6996247	12	15	19	26	40	42	44	57	63	#
938	1460208	9	27	#
939	1476508	39	44	#
940	1461427	10	29	#
941	3170994	15	53	60	61	#
942	3400938	7	29	34	63	#
943	1114388	0	2	40	44	#
944	2776129	5	14	56	#
945	4061689	13	14	24	30	40	#
946	2942674	2	9	11	27	29	32	#
947	1978418	3	26	#
948	1271629	15	28	37	44	51	#
949	1979768	21	22	43	46	#
950	1091865	25	53	#
951	1950356	14	47	#
952	2132525	13	26	59	#
953	1653494	25	63	#
954	1691462	6	19	47	#
955	1115733	6	9	62	#
956	1251058	0	17	61	#
957	2842137	8	42	57	#
958	1393796	7	58	#
959	2136895	2	11	56	#
960	3044350	15	28	50	58	60	#
961	2725390	5	34	44	#
962	3429208	18	25	29	50	#
963	5447688	9	10	24	28	46	47	#
964	1103864	47	54	#
965	1445984	3	11	#
966	1833873	12	54	#
967	3602342	11	13	14	20	27	37	#
968	3534528	14	32	56	59	60	#
969	1117295	17	21	#
970	2563450	0	9	13	#
971	2673320	20	46	51	#
972	3811470	6	43	44	61	#
973	2534585	1	22	39	40	#
974	3417138	7	25	26	29	47	61	62	#
975	5526982	5	10	11	17	26	27	40	50	55	#
976	1838175	9	22	#
977	12561727	7	8	9	14	37	38	41	46	47	48	49	57	58	60	63	#
978	7489934	7	8	31	37	47	50	56	59	#
979	1223607	16	36	#
980	4855484	18	20	23	25	26	31	#
981	1656473	4	39	#
982	3171667	6	12	15	23	37	#
983	4678892	2	8	14	35	43	#
984	1692500	0	39	63	#
985	3188690	17	42	53	55	#
986	1707162	49	52	#
987	2389558	5	31	39	60	#
988	1340735	16	45	#
989	1078775	20	34	#
990	1629443	23	43	#
991	5907375	7	21	44	53	57	59	#
992	1744739	39	41	#
993	2831954	7	17	52	#
994	2607719	15	30	46	57	#
995	2242938	17	21	44	63	#
996	3272683	0	2	8	9	16	60	#
997	2165238	6	8	17	27	#
998	2642142	2	12	44	#
999	2428920	10	11	12	59	#
1000	1399503	45	62	#
1001	2978252	6	19	26	#
1002	3205480	6	14	38	58	#
1003	1113947	42	45	#
1004	8175768	11	17	29	30	38	44	54	59	61	#
1005	1162146	4	25	#
1006	3740950	24	38	46	50	62	#
1007	1516244	21	22	#
1008	3904539	4	13	26	30	31	38	43	#
1009	1057915	3	51	52	#
1010	2122579	11	39	54	#
1011	1523000	27	59	#
1012	2554856	6	23	54	56	58	#
1013	2410167	0	25	30	45	#
1014	1995680	15	39	#
1015	1563408	6	16	46	#
1016	2312684	16	21	32	37	59	#
1017	988368	17	42	#
1018	1320015	25	61	#
1019	3321733	7	8	18	37	#
1020	1191354	33	37	#
1021	2661781	13	25	37	41	52	#
1022	1316163	10	42	#
1023	987948	31	32	#
1024	2827735	5	17	38	#
1025	1618707	26	47	50	#
1026	1966878	1	9	15	#
1027	2951196	16	28	32	#
1028	1169990	40	61	#
1029	1306360	14	20	#
1030	1231897	4	55	#
1031	2193110	17	20	59	#
1032	2627491	4	11	28	35	36	56	#
1033	2570815	6	19	24	#
1034	1355695	24	38	#
1035	1326769	1	33	#
1036	2710580	4	13	30	45	#
1037	3058675	19	21	25	51	54	#
1038	1322374	26	41	#
1039	1534161	2	59	#
1040	4124087	3	25	30	35	57	#
1041	1014369	5	29	48	#
1042	5042254	14	40	52	55	60	61	#
1043	1133020	2	48	#
1044	1589726	19	41	#
1045	1743078	28	50	#
1046	1787993	37	48	#
1047	1746577	2	24	#
1048	1473929	18	47	#
1049	4838734	3	26	40	44	48	#
1050	4916191	1	16	27	41	42	57	#
1051	1995227	34	58	#
1052	1218973	2	4	33	#
1053	2134339	5	26	31	#
1054	2156690	20	40	44	#
1055	1614842	0	11	#
1056	4107722	3	5	7	12	30	48	52	#
1057	2281535	15	37	45	49	#
1058	2680502	2	12	43	53	#
1059	2754804	13	16	18	30	39	51	63	#
1060	2695749	34	48	52	#
1061	3287838	2	12	19	31	40	#
1062	2663975	19	42	48	#
1063	1915299	0	36	#
1064	1152518	19	53	#
1065	3596385	12	36	40	60	#
1066	2117879	6	18	20	#
1067	1905003	3	10	60	61	#
1068	1232178	4	18	50	#
1069	1225767	11	26	#
1070	1525684	32	53	#
1071	1069377	10	40	#
1072	2191184	2	8	11	32	33	36	#
1073	4356819	1	12	28	35	39	#
1074	3040763	3	11	45	58	62	#
1075	2257557	20	23	44	#
1076	3304732	2	15	23	26	61	#
1077	1916173	15	25	#
1078	2323787	13	25	31	32	61	#
1079	6687939	1	4	11	28	33	36	50	#
1080	2900272	11	21	28	31	39	56	#
1081	1525127	12	51	#
1082	1311337	17	47	#
1083	4630637	7	9	13	20	23	#
1084	2552060	11	14	21	#
1085	3810512	6	9	14	21	#
1086	4161374	2	11	17	44	46	62	#
1087	2268876	2	31	44	63	#
1088	1331217	56	60	#
1089	1895944	19	57	#
1090	3229297	3	10	11	19	63	#
1091	3223323	14	31	35	39	40	52	#
1092	2686526	26	50	62	#
1093	2586971	41	49	53	#
1094	2070376	4	18	49	59	#
1095	1432094	40	50	#
1096	1178638	19	56	#
1097	1983875	8	35	63	#
1098	1724721	1	16	45	52	#
1099	1755854	23	39	42	46	#
1100	2037772	10	17	19	62	63	#
1101	2464100	10	22	29	58	#
1102	1668499	4	27	34	#
1103	2141397	6	22	63	#
1104	2150260	15	34	35	50	54	#
1105	2958279	1	27	31	#
1106	2626757	3	15	31	58	#
1107	1691609	5	54	#
1108	3725365	0	3	12	18	25	30	32	45	59	#
1109	1541635	0	33	39	43	62	#
1110	1359217	42	57	#
1111	2459857	6	9	36	#
1112	1833024	1	58	#
1113	3159170	34	39	48	56	#
1114	2703593	7	20	25	#
1115	1719637	18	36	#
1116	2065553	4	51	53	#
1117	3991394	8	18	28	31	35	#
1118	2577070	8	49	59	#
1119	3336018	6	12	53	63	#
1120	1197908	49	57	#
1121	5636975	2	11	24	29	33	50	#
1122	2500780	41	47	57	#
1123	3019632	9	12	16	18	19	28	30	48	58	#
1124	1883324	2	30	63	#
1125	1683803	12	59	#
1126	2582369	0	35	47	61	#
1127	1932893	23	40	62	#
1128	2677193	5	6	18	57	#
1129	1152707	6	32	48	#
1130	3559693	4	9	31	37	38	#
1131	1494165	35	63	#
1132	1735689	6	17	28	55	#
1133	2720151	22	26	33	37	38	57	58	#
1134	2783018	8	19	25	#
1135	1528444	40	46	#
1136	1371027	8	63	#
1137	2898907	46	53	61	#
1138	1618794	13	43	#
1139	2974054	12	37	44	#
1140	1272476	11	41	#
1141	1858923	35	43	47	#
1142	1355643	34	46	48	#
1143	1982522	15	36	40	45	50	#
1144	1656150	21	44	#
1145	1994316	6	36	48	54	#
1146	1302101	3	56	#
1147	1717423	24	56	#
1148	3735200	26	28	34	51	56	#
1149	1599922	27	44	#
1150	1555099	27	52	#
1151	2074702	16	33	37	51	#
1152	2952842	0	16	54	#
1153	10170926	2	7	9	16	21	25	28	33	35	36	40	41	46	57	59	63	#
1154	3254030	17	19	23	54	#
1155	3926054	0	1	40	51	#
1156	7975351	4	15	27	38	48	49	57	60	#
1157	3937249	6	20	38	51	58	#
1158	4644158	4	6	31	36	45	56	#
1159	1674976	23	34	#
1160	1740431	24	50	61	#
1161	1072691	17	37	63	#
1162	2488102	42	49	50	51	#
1163	3571124	8	16	17	43	#
1164	4229939	6	10	21	49	53	54	60	#
1165	7988068	4	6	27	28	34	38	50	55	57	#
1166	1169811	16	57	#
1167	5463449	14	23	40	45	54	62	#
1168	1836263	3	53	60	#
1169	8655251	10	14	16	25	33	38	46	48	51	56	#
1170	2545602	14	20	60	#
1171	2079266	32	42	49	60	#
1172	2768615	24	29	51	#
1173	945962	4	47	#
1174	1440119	20	29	45	#
1175	1890418	45	55	#
1176	1538305	9	18	21	#
1177	1828393	28	38	#
1178	4965867	5	16	35	44	47	48	53	56	#
1179	1919011	30	44	45	#
1180	1835412	22	26	29	#
1181	2236255	3	4	34	43	#
1182	5871094	20	24	29	33	45	49	50	53	54	62	#
1183	1699816	5	51	59	#
1184	1314157	32	42	#
1185	3708985	12	14	16	43	#
1186	1074619	13	17	#
1187	1365112	13	52	#
1188	3857179	3	7	27	40	50	52	59	#
1189	3440059	22	29	40	43	#
1190	1097365	22	28	42	51	#
1191	1637259	55	56	60	#
1192	4511465	15	28	35	48	61	#
1193	1566197	17	62	#
1194	4096014	1	3	33	46	55	#
1195	3644039	7	14	16	26	41	63	#
1196	3125829	2	6	21	44	#
1197	2964129	19	26	33	50	#
1198	1157951	16	32	43	#
1199	2175303	7	9	14	16	#
1200	3423465	6	15	53	63	#
1201	2103436	13	30	31	#
1202	7732550	2	7	10	13	16	38	44	49	61	#
1203	3706346	14	29	31	40	#
1204	5489977	0	6	12	16	19	23	37	51	#
1205	1334840	14	33	#
1206	2358155	17	19	20	35	50	#
1207	1051293	34	57	#
1208	1947415	18	53	#
1209	3513924	6	42	56	62	#
1210	1748066	5	28	#
1211	1970466	28	43	49	#
1212	1896354	21	57	#
1213	2445046	22	56	57	58	#
1214	1960711	6	41	#
1215	1171442	38	39	#
1216	4808515	22	25	32	49	54	#
1217	2980695	5	14	17	#
1218	2710212	1	15	24	#
1219	4338450	8	14	48	52	59	63	#
1220	1682756	2	35	59	#
1221	5879917	8	15	20	23	32	37	47	52	#
1222	2643154	14	15	60	#
1223	2803009	0	3	6	10	15	44	46	54	#
1224	3466312	4	16	32	60	#
1225	1043955	8	46	#
1226	1119157	50	51	#
1227	2373337	7	14	48	#
1228	3540620	11	41	48	58	#
1229	1806227	31	60	#
1230	1204473	12	27	#
1231	2096506	11	39	41	#
1232	1498766	3	28	#
1233	2367556	12	40	49	#
1234	1858971	10	19	#
1235	4893908	22	28	29	34	45	52	53	#
1236	3245367	32	34	37	47	56	#
1237	4925241	9	11	21	41	52	#
1238	3774469	16	25	27	48	55	#
1239	1821301	15	29	#
1240	1155712	1	60	#
1241	1918679	11	14	#
1242	2912742	2	39	46	#
1243	1156666	11	24	47	59	#
1244	3861943	27	29	41	53	#
1245	1373516	10	21	42	#
1246	2826397	3	4	18	#
1247	4188719	6	16	25	28	31	59	#
1248	2759401	1	28	29	62	#
1249	1901828	36	43	#
1250	2163301	22	55	58	#
1251	6181211	1	17	25	35	39	49	55	#
1252	1544744	30	42	#
1253	2237466	2	18	36	42	#
1254	2488752	7	20	39	56	#
1255	2334541	2	38	57	62	#
1256	2728770	4	46	48	#
1257	1289432	30	54	#
1258	1796184	2	7	40	#
1259	4410045	7	21	36	39	53	#
1260	3295558	19	35	45	51	55	#
1261	2766186	25	34	55	#
1262	3140712	0	14	24	30	39	#
1263	1935093	31	48	#
1264	3390037	6	7	9	24	31	39	#
1265	2635648	48	52	54	#
1266	1463903	20	59	#
1267	2112761	3	6	20	24	38	44	48	#
1268	2169464	3	33	37	57	#
1269	1000982	16	37	47	#
1270	1456980	25	43	#
1271	1921267	17	24	43	#
1272	2857375	4	27	38	#
1273	2780309	9	13	58	#
1274	1918429	19	63	#
1275	2516175	39	42	56	#
1276	2152416	33	42	63	#
1277	2507681	38	47	50	#
1278	1200738	10	12	#
1279	2361685	1	45	53	#
1280	1606551	30	50	#
1281	1522134	19	31	37	#
1282	3345659	8	21	26	42	57	#
1283	5968391	7	13	19	21	24	56	#
1284	1913691	44	47	#
1285	1946993	22	38	54	#
1286	1038970	27	34	#
1287	1903867	33	59	#
1288	1666686	28	46	#
1289	1005004	8	36	#
1290	2203980	9	19	43	#
1291	2039104	15	28	43	#
1292	1331491	0	41	#
1293	7590787	0	22	30	31	32	44	46	50	56	63	#
1294	5827410	2	8	19	29	38	56	#
1295	1340407	38	63	#
1296	2746308	24	46	52	#
1297	2635774	13	34	35	#
1298	3764475	0	7	25	44	46	48	50	63	#
1299	1615210	6	50	61	#
1300	1765689	0	3	56	#
1301	10657019	6	12	29	31	32	33	41	45	46	49	61	#
1302	1608358	20	28	37	#
1303	1169269	2	50	#
1304	2037178	38	53	55	#
1305	2918037	33	43	59	63	#
1306	1529020	9	49	#
1307	4484701	6	22	25	41	63	#
1308	2538547	17	27	43	60	#
1309	1738798	23	62	#
1310	1704237	10	15	30	#
1311	1431039	3	7	#
1312	2046695	2	32	43	44	53	58	59	#
1313	2782407	32	53	55	59	#
1314	4727978	25	37	46	52	63	#
1315	1993206	6	18	#
1316	1809920	11	62	#
1317	2039244	28	32	42	47	48	54	57	#
1318	2565040	43	48	53	#
1319	3992724	19	34	45	55	#
1320	1686573	23	38	#
1321	6749760	6	21	31	44	46	51	57	#
1322	1227843	12	49	#
1323	1676045	19	58	#
1324	2509726	22	33	61	#
1325	1331117	11	51	#
1326	1124660	4	41	#
1327	2756379	0	8	24	40	45	61	#
1328	3097103	6	13	15	38	46	57	#
1329	1913495	21	43	61	#
1330	2486362	8	10	44	#
1331	2826623	1	4	25	39	#
1332	4395100	0	20	27	52	58	#
1333	1875639	14	24	28	40	59	#
1334	1762320	5	7	#
1335	4759283	4	22	32	37	40	41	49	58	61	#
1336	1696763	31	51	#
1337	3823872	3	13	26	43	55	#
1338	6023493	6	17	31	34	45	49	63	#
1339	6302110	1	4	10	27	33	35	41	#
1340	1378538	6	27	60	#
1341	4925085	9	20	23	27	28	30	32	37	52	61	#
1342	3757788	0	11	21	27	39	#
1343	2336928	9	21	26	#
1344	1489828	7	9	#
1345	1033535	18	50	61	#
1346	1549160	11	61	#
1347	2250400	13	26	31	46	#
1348	2458307	34	38	45	51	#
1349	3744067	3	23	30	34	40	42	54	#
1350	1535264	22	27	55	#
1351	989636	2	16	#
1352	1024299	38	49	#
1353	2065371	7	16	22	#
1354	1631970	12	53	#
1355	3861992	5	23	24	28	36	50	52	#
1356	1358928	4	50	61	#
1357	2534122	1	7	36	#
1358	1868819	39	40	55	#
1359	2098205	21	39	52	#
1360	2282271	2	32	36	40	#
1361	1749800	18	41	55	#
1362	3013467	3	5	25	26	37	60	#
1363	1966541	21	59	#
1364	1914094	15	28	38	52	#
1365	1714109	28	41	#
1366	3204685	3	4	9	26	#
1367	3407673	22	24	25	37	60	62	#
1368	6881447	7	23	38	43	45	50	53	55	57	#
1369	1011643	5	42	#
1370	2476299	3	21	35	#
1371	1927745	18	22	#
1372	2954919	1	7	15	17	41	49	#
1373	1524096	43	49	54	#
1374	1978460	12	44	57	#
1375	1073802	3	33	#
1376	1283958	36	47	#
1377	1623133	5	29	45	#
1378	2538447	0	13	23	45	#
1379	2467600	1	18	59	#
1380	1063001	21	61	#
1381	2373802	2	35	43	#
1382	1183231	61	63	#
1383	1781388	22	48	#
1384	2158492	6	25	44	56	#
1385	1474673	29	56	#
1386	4171371	0	16	33	45	55	63	#
1387	2675205	11	54	56	62	#
1388	1773694	36	57	#
1389	2715646	10	29	62	#
1390	2081950	21	34	53	#
1391	1591511	25	47	#
1392	1690860	14	19	54	59	#
1393	1415213	12	57	#
1394	6198336	0	7	14	15	38	39	49	#
1395	6178031	0	4	9	13	14	21	28	52	#
1396	1302128	42	46	#
1397	1970725	9	12	44	47	#
1398	1039481	5	63	#
1399	2906666	3	16	19	#
1400	2056716	30	33	43	63	#
1401	2987973	1	25	39	52	56	#
1402	2955615	6	9	26	31	53	58	#
1403	5661052	8	27	28	32	40	54	#
1404	2334520	1	8	19	36	60	#
1405	3955218	15	47	56	57	#
1406	2571558	15	32	54	61	#
1407	1737589	17	45	58	63	#
1408	5782267	7	15	22	38	43	46	#
1409	1401160	22	45	#
1410	2461552	21	25	36	#
1411	2022347	3	6	48	#
1412	1923115	4	9	26	41	#
1413	4212303	3	25	48	56	58	#
1414	1062925	16	26	27	62	#
1415	1729530	10	41	47	#
1416	1489751	16	22	29	36	39	#
1417	2934122	12	21	62	#
1418	1348919	2	14	#
1419	1216979	55	62	#
1420	1876733	16	53	#
1421	6664880	21	23	24	29	30	33	45	61	#
1422	1384255	30	57	#
1423	2190018	12	16	39	50	#
1424	3981026	23	24	39	46	#
1425	2205584	23	27	36	39	61	#
1426	2509257	2	22	26	#
1427	5327138	1	2	8	12	25	31	50	56	#
1428	1469482	1	29	33	43	#
1429	1993976	25	62	#
1430	1762314	8	55	#
1431	5199886	8	9	15	33	38	39	#
1432	1756933	25	41	#
1433	1576288	0	6	34	#
1434	1246164	10	26	#
1435	985156	21	47	#
1436	1915296	2	58	#
1437	2396702	19	26	29	48	58	#
1438	1853920	4	14	17	36	38	#
1439	1819607	23	35	47	#
1440	1170350	15	41	#
1441	1894900	22	23	38	42	#
1442	2926211	12	22	31	40	#
1443	2711867	4	24	34	45	57	#
1444	1929915	5	11	#
1445	1580664	7	34	#
1446	1602913	6	53	#
1447	1958243	5	9	14	#
1448	3151794	1	12	21	52	#
1449	1713180	4	10	#
1450	2300420	24	53	59	#
1451	3945912	0	19	41	58	#
1452	2579861	11	30	38	#
1453	1563114	0	63	#
1454	2629404	8	23	34	#
1455	1906191	8	23	#
1456	1775748	23	47	54	#
1457	2541789	20	22	57	#
1458	3845394	0	4	5	11	22	26	38	50	57	#
1459	1899742	33	55	61	#
1460	2759078	2	3	19	33	45	#
1461	1933380	1	23	34	#
1462	1035692	6	14	#
1463	1082251	2	19	#
1464	1780321	1	24	38	#
1465	3634969	17	23	36	56	#
1466	1335647	16	40	56	#
1467	1854506	1	5	38	#
1468	2008604	6	7	9	10	42	60	62	#
1469	2239528	0	6	16	40	43	46	#
1470	4098935	0	33	36	37	52	#
1471	2412266	4	28	36	53	#
1472	2140819	5	35	48	57	#
1473	1572479	52	63	#
1474	3284105	7	20	27	38	62	#
1475	7833222	1	24	30	32	53	54	57	60	#
1476	2426515	0	35	36	#
1477	5047976	17	30	36	48	51	56	62	#
1478	2661165	15	17	23	27	40	45	47	#
1479	1501758	52	54	#
1480	1952131	53	54	#
1481	1172113	14	24	#
1482	2886875	18	19	25	#
1483	2705632	0	34	40	#
1484	1619202	1	20	28	61	#
1485	2654604	0	19	26	46	#
1486	2231369	1	10	20	36	#
1487	3741063	4	14	42	43	#
1488	3995744	11	13	24	34	#
1489	1184046	1	24	#
1490	2901989	1	41	47	59	#
1491	1908334	29	57	#
1492	1263371	2	5	#
1493	2826277	34	41	46	62	#
1494	3135549	24	27	47	50	60	#
1495	3295194	15	18	60	63	#
1496	1424582	29	32	#
1497	1239636	4	63	#
1498	1892682	7	56	#
1499	1327121	0	23	#
1500	3785332	0	9	11	28	34	63	#
1501	1716985	42	43	#
1502	6775066	1	10	18	31	40	42	45	54	#
1503	2578057	22	40	42	62	#
1504	3735760	6	9	18	53	#
1505	1978474	14	17	31	33	#
1506	2614233	15	50	55	#
1507	2771285	12	45	47	51	#
1508	1146721	60	62	#
1509	1149735	2	33	#
1510	1644291	35	45	#
1511	2197768	17	30	41	43	51	52	#
1512	1516873	30	45	#
1513	2080364	5	9	15	#
1514	1227715	5	15	46	60	#
1515	1663957	2	12	#
1516	1564087	16	20	47	57	#
1517	3215197	1	22	48	58	#
1518	1424416	6	52	#
1519	1381425	5	13	15	#
1520	1730564	12	31	#
1521	1167045	13	24	25	#
1522	1665904	38	42	49	#
1523	1053909	6	32	37	#
1524	2320980	22	25	44	51	60	63	#
1525	2186172	6	32	44	#
1526	2324802	9	11	21	36	#
1527	2969104	19	35	61	#
1528	1827930	15	45	#
1529	4905059	3	8	27	34	52	#
1530	5781756	4	6	8	29	39	49	52	54	#
1531	1731154	3	4	17	19	46	#
1532	2805580	2	18	63	#
1533	2792841	17	23	39	#
1534	1208875	59	61	#
1535	2335021	6	10	54	#
1536	1760546	5	20	36	#
1537	1207096	32	52	#
1538	1510952	1	11	17	#
1539	1219307	1	2	38	#
1540	1592940	10	37	41	62	#
1541	1066803	16	44	#
1542	3772688	8	17	31	36	#
1543	2328450	1	4	32	#
1544	3017067	2	9	17	48	52	#
1545	2210752	27	56	63	#
1546	2022829	13	26	44	58	#
1547	3699560	0	18	30	49	52	#
1548	3808782	2	10	11	19	41	44	59	#
1549	2035823	27	53	56	#
1550	1835047	2	20	45	#
1551	1169367	27	61	#
1552	1392999	47	48	#
1553	3412278	0	34	48	62	#
1554	1401308	4	5	#
1555	2844689	3	28	60	#
1556	2629419	4	8	15	17	#
1557	1495438	21	48	53	#
1558	3779618	18	30	36	40	42	46	#
1559	1940506	10	16	33	#
1560	1768017	32	41	#
1561	3235329	2	4	8	36	#
1562	1670909	6	49	#
1563	2353638	0	39	47	#
1564	2377444	6	43	62	#
1565	1079304	10	22	#
1566	1610455	12	52	62	#
1567	4254767	18	27	47	52	53	#
1568	1775187	2	5	48	#
1569	2702005	4	18	53	#
1570	2590271	10	32	37	50	#
1571	2914848	5	23	48	#
1572	3373853	7	15	16	26	38	#
1573	3441848	4	6	9	29	55	57	#
1574	4934331	7	20	21	25	41	42	52	#
1575	1388255	27	36	37	#
1576	1172868	1	16	#
1577	3864376	5	6	30	37	58	#
1578	2668899	26	30	35	60	#
1579	3891005	10	11	16	18	32	44	51	#
1580	5320323	2	3	8	11	19	23	43	#
1581	4776772	2	5	25	29	30	42	48	49	#
1582	1520865	12	58	#
1583	3990735	30	36	37	53	55	56	#
1584	1075414	5	20	#
1585	2309075	9	36	52	#
1586	2428372	26	32	41	#
1587	3558449	22	23	38	43	#
1588	2904786	15	16	19	59	#
1589	3656116	11	21	50	58	#
1590	1349055	8	10	17	45	#
1591	3241495	18	21	27	49	#
1592	4716773	1	15	28	30	48	53	#
1593	1481308	2	6	39	54	#
1594	3178118	2	11	25	28	#
1595	3385475	3	24	29	42	49	60	#
1596	1448342	20	48	#
1597	1021462	34	59	#
1598	1895469	3	16	23	52	#
1599	1967496	1	4	42	61	#
1600	2630950	21	26	32	#
1601	2179312	5	13	17	26	42	62	#
1602	1702550	4	19	36	48	#
1603	2257560	21	30	50	#
1604	2262615	13	26	30	#
1605	2139460	19	30	36	#
1606	3186782	0	3	12	33	37	54	#
1607	3003777	10	14	30	38	#
1608	2904727	19	41	60	#
1609	3701856	20	24	54	60	#
1610	2678141	2	11	30	45	#
1611	1236610	19	35	#
1612	8138976	1	13	16	17	23	24	26	27	41	47	#
1613	1505483	20	61	#
1614	3190893	5	32	35	47	#
1615	2282507	11	42	53	#
1616	2820881	7	9	20	28	#
1617	1366440	17	27	#
1618	3699611	0	13	18	29	#
1619	2290705	6	32	33	45	#
1620	2965701	14	29	46	52	#
1621	1573831	50	53	#
1622	2207075	23	43	49	51	#
1623	3146184	4	6	12	28	36	54	61	#
1624	4121184	5	23	31	41	57	58	#
1625	1151191	15	33	#
1626	1947460	5	6	#
1627	1461810	12	26	36	#
1628	2748643	21	29	34	36	#
1629	3231661	2	19	35	63	#
1630	1789885	41	50	#
1631	1340446	37	56	#
1632	1057091	3	22	44	#
1633	3635059	11	57	61	62	#
1634	2056450	0	5	13	#
1635	3463945	4	25	42	59	#
1636	1999757	22	23	46	50	#
1637	2089393	37	50	61	#
1638	5320024	3	8	21	36	39	51	#
1639	3965912	10	19	30	31	#
1640	2642813	3	37	53	58	#
1641	5804979	3	5	22	23	30	33	40	41	49	56	#
1642	1212228	3	12	#
1643	3121448	19	29	38	53	57	#
1644	2752293	18	51	54	#
1645	3833975	32	40	52	55	#
1646	2150529	20	29	42	59	#
1647	4899460	14	19	24	25	28	#
1648	2781642	26	28	60	#
1649	2394199	14	44	60	#
1650	1876766	19	33	56	#
1651	1467318	16	34	61	#
1652	1558274	47	62	#
1653	1683910	0	19	55	60	#
1654	1058472	54	59	#
1655	3915237	23	29	51	56	#
1656	2994828	34	44	47	50	#
1657	3628848	16	22	27	52	59	#
1658	3302481	2	7	10	38	44	45	47	63	#
1659	1939838	14	21	53	#
1660	2503465	32	34	51	#
1661	2824175	2	45	59	#
1662	1046145	18	39	#
1663	3585003	11	25	26	31	#
1664	2323717	7	14	56	#
1665	1740780	40	41	#
1666	1658048	33	46	#
1667	1503549	17	25	#
1668	3846257	15	35	41	48	#
1669	4274705	15	44	49	53	56	61	#
1670	2073821	33	35	48	49	#
1671	3709271	13	24	33	35	#
1672	1476074	8	52	#
1673	3030650	23	46	50	55	#
1674	1083033	34	44	53	#
1675	2300974	25	55	58	#
1676	1242440	24	26	61	#
1677	2637325	23	35	53	#
1678	1445370	18	23	#
1679	1734042	11	12	46	#
1680	3108044	0	6	32	48	#
1681	3288259	27	34	60	63	#
1682	4873745	2	28	34	44	55	#
1683	1308033	34	52	#
1684	2423100	13	23	38	49	#
1685	1291385	2	35	#
1686	2214507	14	44	55	#
1687	2333218	33	49	50	58	#
1688	3555817	3	8	12	13	15	19	38	56	#
1689	1561522	30	36	#
1690	1861268	17	53	#
1691	3268623	9	11	19	26	32	#
1692	2919837	6	27	39	#
1693	3966380	32	46	55	58	#
1694	2537951	34	43	54	#
1695	1170381	3	9	#
1696	2466803	10	12	14	41	53	#
1697	2806378	11	20	28	#
1698	1027704	51	63	#
1699	3848179	15	21	43	58	#
1700	994803	0	49	#
1701	1911737	20	23	#
1702	1367056	6	35	#
1703	6562807	3	12	19	44	53	54	62	#
1704	2228837	20	32	59	#
1705	5810904	9	12	17	22	29	33	60	#
1706	8314486	0	2	15	20	24	33	35	48	59	60	#
1707	2790455	4	40	46	56	59	#
1708	1910845	19	28	#
1709	2244019	27	32	42	#
1710	2760268	1	4	13	39	50	56	#
1711	4874548	16	50	51	59	61	#
1712	1600567	1	26	#
1713	1446902	5	32	56	#
1714	996527	21	38	#
1715	1626944	9	16	17	56	#
1716	1537774	15	16	54	#
1717	4696054	1	29	32	43	52	#
1718	5135996	0	16	18	20	29	38	55	#
1719	1156148	22	30	43	#
1720	3246033	27	31	39	55	#
1721	4981099	0	2	11	15	35	36	40	#
1722	2263554	7	12	32	#
1723	1534202	9	53	56	#
1724	1596026	53	61	#
1725	2788124	32	38	47	54	#
1726	1611459	5	24	#
1727	1778147	13	41	#
1728	2685329	0	4	8	12	29	31	33	58	#
1729	1805712	5	43	#
1730	4582252	0	22	36	38	59	62	#
1731	3799220	13	19	36	41	#
1732	1683177	28	40	#
1733	2289869	4	5	13	38	#
1734	3419258	18	23	29	44	46	#
1735	1995615	47	58	#
1736	2601357	16	38	55	#
1737	2377337	9	48	62	#
1738	1171049	41	62	#
1739	3002458	7	17	34	56	#
1740	2838166	3	17	21	#
1741	2477737	8	41	44	54	60	#
1742	2509203	8	17	44	54	62	#
1743	1421328	11	44	#
1744	2440934	2	3	4	10	12	37	57	#
1745	1619023	4	17	25	#
1746	3757537	2	10	13	14	17	27	37	48	#
1747	1488037	18	25	#
1748	4345379	9	17	29	42	43	44	51	#
1749	2345526	3	11	29	#
1750	1734367	12	30	33	#
1751	2123104	10	13	45	60	#
1752	1639409	2	22	#
1753	1607990	21	24	#
1754	3845286	1	4	6	38	43	50	#
1755	2788549	2	6	9	20	41	42	59	#
1756	2346501	18	36	58	#
1757	1759245	7	16	23	41	59	#
1758	1443786	3	21	#
1759	1479915	9	58	#
1760	1528144	19	33	#
1761	2782079	7	23	30	#
1762	1538884	20	51	#
1763	1138149	6	22	37	46	#
1764	2592847	3	11	39	#
1765	1565898	0	10	17	#
1766	2085129	15	45	61	#
1767	2138330	32	34	54	#
1768	2431394	10	42	48	#
1769	1527091	11	13	36	#
1770	3753058	4	15	22	42	#
1771	2516377	18	51	58	#
1772	2926674	8	12	16	25	53	#
1773	1284053	11	34	#
1774	1724277	32	55	#
1775	3194394	3	23	43	47	#
1776	1962511	6	21	61	#
1777	1599465	36	38	#
1778	1266745	30	44	#
1779	1548295	5	40	48	#
1780	5202085	26	31	43	44	54	63	#
1781	1960484	17	19	38	47	#
1782	4159698	5	15	17	31	56	#
1783	1363791	19	20	#
1784	2210392	2	34	39	#
1785	2187629	16	23	34	36	37	53	#
1786	5960164	7	20	25	29	39	63	#
1787	2475422	32	53	54	#
1788	1117419	11	31	#
1789	2071383	14	48	58	#
1790	2270128	11	26	31	34	#
1791	3433291	21	23	33	40	48	#
1792	3461022	0	1	12	57	#
1793	3821054	3	13	19	26	42	56	#
1794	3963359	4	15	47	54	#
1795	1049305	13	34	#
1796	3681711	9	12	47	57	#
1797	1080886	44	60	#
1798	1651718	15	44	50	#
1799	1153983	44	54	62	#
1800	1391890	23	53	#
1801	1816558	17	41	#
1802	1259151	10	46	#
1803	3151405	1	16	22	53	58	#
1804	4076743	0	28	33	36	39	#
1805	2481593	27	35	51	#
1806	1204789	1	7	#
1807	1494719	10	14	#
1808	1701093	9	26	36	#
1809	1755788	21	35	#
1810	3775001	32	47	60	61	#
1811	2348260	7	27	28	#
1812	4549095	36	37	46	52	55	57	#
1813	1964036	13	30	38	41	#
1814	1721610	34	60	#
1815	2318770	15	39	42	#
1816	2926967	43	49	56	#
1817	7068126	4	11	16	29	30	33	34	41	44	60	#
1818	2719352	36	49	52	55	#
1819	1949238	14	19	56	#
1820	2791380	15	31	60	#
1821	1552647	16	59	#
1822	5099115	6	26	28	41	42	63	#
1823	6594704	2	4	8	9	13	20	46	51	54	56	#
1824	1521350	41	54	#
1825	1942745	19	34	#
1826	3417111	10	25	33	35	38	57	#
1827	5158652	5	10	27	30	48	57	59	#
1828	3042024	28	32	42	48	56	#
1829	3754266	1	3	52	54	55	58	61	#
1830	2210726	18	21	24	#
1831	1997368	13	32	35	38	43	61	#
1832	1769102	1	16	44	#
1833	2720945	41	47	56	#
1834	1442415	39	63	#
1835	2209132	4	42	63	#
1836	2875956	9	19	24	43	50	#
1837	2071989	19	50	56	#
1838	2982725	11	13	23	52	54	63	#
1839	2066564	23	38	53	#
1840	1494117	15	43	#
1841	1802230	31	62	#
1842	1439826	20	44	53	#
1843	3215485	20	44	53	54	#
1844	4661832	12	14	23	24	26	41	52	55	58	#
1845	2689137	20	37	55	61	#
1846	2708585	13	46	59	#
1847	1579933	2	30	32	42	46	#
1848	3552050	2	3	16	24	36	51	#
1849	1983724	8	22	#
1850	2200336	16	35	41	48	56	#
1851	2732523	33	36	39	#
1852	1547737	18	20	#
1853	1627057	0	48	#
1854	5729513	0	13	14	24	26	42	49	55	60	62	63	#
1855	2196157	3	15	21	36	#
1856	3139059	10	31	50	59	#
1857	1634588	45	53	#
1858	1266563	4	6	#
1859	3560863	3	25	33	60	#
1860	1656676	16	33	#
1861	3436763	12	30	31	56	#
1862	1362588	6	38	#
1863	2523440	28	33	34	#
1864	3655355	19	25	45	48	#
1865	2328410	8	25	42	#
1866	2273935	0	7	37	46	#
1867	2306614	5	35	58	#
1868	2890869	13	37	45	#
1869	4878520	0	16	33	40	46	#
1870	1249316	23	46	#
1871	1546414	1	30	#
1872	3690742	3	13	15	25	26	33	56	#
1873	2030876	22	28	35	43	54	#
1874	1113369	20	63	#
1875	1019993	44	55	#
1876	1630669	52	58	#
1877	1794686	6	56	#
1878	1630486	56	63	#
1879	1486426	7	32	#
1880	1274297	28	56	#
1881	2014525	13	29	34	39	51	#
1882	2162557	49	55	61	#
1883	1678714	17	33	#
1884	2483171	5	28	39	#
1885	3536531	3	21	30	31	35	36	#
1886	2494432	23	36	46	52	54	59	#
1887	2053587	13	55	62	#
1888	1746834	8	20	#
1889	2510801	4	13	58	#
1890	6459749	4	6	8	38	42	53	54	#
1891	2219203	25	27	60	#
1892	1850016	16	24	54	59	#
1893	5920349	1	6	10	17	51	61	#
1894	2508164	7	13	49	#
1895	4106500	6	7	9	15	25	41	58	#
1896	2939746	8	15	46	55	#
1897	2135291	6	12	41	#
1898	1395068	7	59	#
1899	7095092	2	9	24	26	31	34	35	37	40	#
1900	1643732	29	50	#
1901	1248394	31	55	#
1902	1106597	5	14	36	#
1903	2082989	19	35	40	#
1904	2684189	5	7	59	#
1905	1824629	32	36	49	#
1906	4656624	16	23	40	50	59	#
1907	2068556	27	39	46	#
1908	1812872	10	39	#
1909	1876678	27	58	60	#
1910	1920558	26	27	42	#
1911	5748568	21	22	31	50	53	54	55	#
1912	2583841	5	34	49	#
1913	2466722	7	23	60	#
1914	1778593	41	58	#
1915	1466016	39	56	#
1916	3968658	10	46	52	57	59	#
1917	1222039	28	39	#
1918	3792074	16	36	40	57	#
1919	1994189	10	17	26	43	49	55	#
1920	1012183	38	58	#
1921	2083512	0	10	18	53	#
1922	1052365	13	22	27	#
1923	2185361	44	49	60	#
1924	6128152	4	7	14	21	44	46	47	#
1925	2462058	14	25	32	46	54	#
1926	3412677	6	12	30	40	#
1927	1674433	50	58	#
1928	3574893	17	29	43	46	57	#
1929	1413046	14	20	33	#
1930	6285275	2	3	17	21	25	29	41	47	52	#
1931	3733566	4	5	6	31	37	44	#
1932	2668741	10	23	34	43	#
1933	4122715	2	3	7	40	43	46	54	57	#
1934	1378167	36	53	#
1935	5928672	11	23	25	30	31	40	46	#
1936	5956740	0	3	4	17	31	47	58	60	#
1937	1423714	21	31	#
1938	2775233	39	52	58	#
1939	1757680	10	11	#
1940	4673888	29	47	56	60	61	#
1941	5619712	4	22	26	29	31	34	37	38	39	41	#
1942	1543219	2	56	#
1943	1902340	7	35	#
1944	1753078	35	40	#
1945	1884888	45	54	#
1946	3202897	16	33	47	56	#
1947	4299112	17	20	23	30	61	#
1948	2814155	4	31	48	52	#
1949	1759397	22	44	56	#
1950	3646105	6	13	24	44	#
1951	1767543	2	20	#
1952	2022434	1	32	46	#
1953	1963385	0	2	9	12	17	#
1954	1513840	24	54	#
1955	3088499	3	14	46	47	62	#
1956	2055234	14	17	22	47	#
1957	3252342	6	18	31	34	#
1958	3910251	12	13	28	31	35	#
1959	2198400	2	5	15	16	33	38	43	#
1960	3466408	2	26	33	51	#
1961	2248786	0	3	9	11	28	36	59	#
1962	1727795	13	24	50	54	55	#
1963	3032551	3	7	40	45	52	59	#
1964	1283251	20	33	#
1965	7285796	13	14	17	38	41	47	50	63	#
1966	2227391	3	16	25	27	29	30	31	37	48	58	#
1967	1331193	28	55	#
1968	1421986	2	33	52	#
1969	3778516	40	56	57	59	#
1970	1951399	18	28	41	#
1971	1305251	5	23	#
1972	1184659	26	33	#
1973	2630888	8	36	42	54	#
1974	2609564	4	17	52	56	#
1975	1043718	9	55	#
1976	2366838	11	43	47	60	#
1977	1193357	48	57	#
1978	1448873	22	61	#
1979	2871749	18	36	54	#
1980	5178081	3	4	14	19	33	40	#
1981	2935196	41	56	61	#
1982	2537736	3	21	27	32	#
1983	2796822	7	14	36	54	55	57	#
1984	3289841	26	34	45	52	58	#
1985	1464231	34	44	50	59	#
1986	3951102	0	9	51	60	#
1987	1953877	11	13	20	24	58	#
1988	3530499	20	21	24	25	63	#
1989	2081219	3	15	21	#
1990	2844983	25	41	45	#
1991	2922758	43	47	56	#
1992	12647489	5	17	19	26	29	31	33	38	39	44	47	58	62	#
1993	998691	6	22	42	#
1994	1530414	23	55	#
1995	7285201	0	15	16	22	25	28	38	48	58	#
1996	4255139	0	13	17	24	25	32	45	49	56	#
1997	2514537	6	23	34	35	#
1998	1960110	0	22	28	#
1999	2632956	23	53	62	#
