%% File generated by CATS v.2.1Wed Jun 19 19:07:43 2013

%% The CATS webpage is http://robotics.stanford.edu/CATS

%% PARAMETER SETTINGS:
% Goods: 64; Bids: 2000; Distribution: L4; Runs: 50; Seed: 1371663978
% Legacy distribution parameters:
% Number of goods chosen according to Decay distribution (alpha = 0.55).
% Price chosen according to Linear Random distribution (low_linearly = 1, high_linearly = 1000).


goods 64
bids 2000
dummy 0

0	1023912	5	57	#
1	957941	58	#
2	1159256	29	51	#
3	1745766	36	49	62	#
4	1760239	7	48	#
5	999200	50	#
6	1933078	33	45	#
7	957911	53	#
8	994111	24	#
9	1141943	29	45	#
10	988182	56	#
11	888764	14	#
12	1910427	6	58	#
13	998980	47	#
14	997530	49	#
15	2251743	0	32	58	#
16	960033	28	#
17	958586	35	#
18	989497	62	#
19	2328111	2	8	29	30	#
20	2956830	26	33	47	#
21	990287	29	#
22	1959967	1	30	#
23	895340	37	#
24	3724486	10	11	13	44	53	#
25	978919	6	#
26	982849	26	#
27	966328	41	#
28	980731	60	#
29	1754192	29	53	#
30	973685	3	#
31	2107273	18	24	25	26	34	45	59	63	#
32	947526	20	#
33	2232343	3	7	8	29	61	#
34	977172	31	#
35	1239873	3	52	#
36	2241581	10	19	25	#
37	986323	22	#
38	961439	2	#
39	945461	17	#
40	996445	18	#
41	977659	10	#
42	4589875	15	25	36	38	53	63	#
43	1839999	0	17	#
44	1302174	38	54	#
45	948447	1	#
46	3161080	12	22	43	51	#
47	1444329	36	62	#
48	991648	7	#
49	991489	63	#
50	2192138	0	5	11	45	#
51	954935	30	#
52	1564789	2	33	#
53	3493110	2	3	21	32	#
54	1300506	19	47	63	#
55	972328	34	#
56	4972635	0	1	7	8	18	20	25	26	30	36	46	53	55	62	#
57	4569889	32	34	39	42	45	55	56	#
58	1879922	0	7	20	#
59	986638	13	#
60	3025050	5	20	43	46	#
61	1303701	12	15	29	#
62	1721002	51	55	#
63	1539587	29	52	#
64	3812436	21	30	39	41	62	#
65	1921224	21	33	#
66	1555881	14	33	#
67	985064	21	#
68	1744761	20	21	35	57	59	#
69	975490	11	#
70	979734	54	#
71	990255	32	#
72	950135	48	#
73	941025	52	#
74	1707370	21	26	#
75	2978625	0	1	11	40	58	61	#
76	955868	33	#
77	2171225	18	26	30	#
78	995464	27	#
79	1486691	7	63	#
80	1868748	18	21	59	#
81	1682669	4	12	40	51	#
82	943352	16	#
83	1636209	22	59	#
84	3895017	13	23	42	49	#
85	954681	40	#
86	946570	4	#
87	979014	44	#
88	1752219	41	56	#
89	988964	43	#
90	2765863	8	27	48	#
91	984876	59	#
92	1113091	17	43	#
93	1869857	17	21	36	#
94	1654955	34	54	63	#
95	1710396	16	46	#
96	902662	45	#
97	1765788	32	35	#
98	1983128	50	51	#
99	2681378	3	23	53	#
100	992936	5	#
101	998684	12	#
102	1246051	17	50	#
103	981896	8	#
104	3278468	3	8	11	29	59	#
105	983383	46	#
106	3806796	6	11	30	57	#
107	1632602	10	58	#
108	1901875	3	16	#
109	1885883	3	49	#
110	997735	25	#
111	4663771	8	32	36	48	61	#
112	1611461	37	39	#
113	991289	61	#
114	1948915	9	24	#
115	992604	23	#
116	1413092	52	60	#
117	1628871	1	40	#
118	2521879	3	4	18	24	29	#
119	1319129	15	20	#
120	1108238	43	54	#
121	1749554	6	44	#
122	1656739	27	34	#
123	3077345	1	5	33	59	#
124	1236316	26	34	#
125	3961177	9	15	19	51	#
126	5991553	10	15	34	41	49	50	62	#
127	997508	57	#
128	3346087	36	50	60	62	#
129	1984948	19	60	#
130	2532743	8	36	44	#
131	1527145	0	22	24	#
132	978532	0	#
133	1126203	23	48	#
134	1245174	10	35	#
135	1053449	7	27	#
136	2434255	3	7	39	#
137	1925637	12	63	#
138	2713482	4	20	35	#
139	2103073	9	31	36	41	56	57	59	#
140	2019985	9	32	53	59	#
141	1893213	43	47	#
142	973146	19	#
143	1554376	47	62	#
144	3226637	4	6	10	25	40	44	57	#
145	1679986	0	37	#
146	2969313	5	6	11	19	26	31	32	53	54	#
147	1143776	10	11	44	#
148	1804981	21	44	#
149	1127935	30	32	#
150	1845193	22	49	#
151	3914381	7	8	42	57	#
152	975869	55	#
153	2558038	6	13	42	#
154	1996864	4	38	#
155	995928	42	#
156	5120020	8	16	20	45	47	59	#
157	2157663	3	17	54	#
158	1982033	7	17	42	62	#
159	1750077	19	61	#
160	998335	9	#
161	2800325	29	36	44	#
162	1266302	39	49	#
163	994961	15	#
164	955051	51	#
165	1627987	36	58	61	#
166	1903432	13	32	58	#
167	1618793	28	37	#
168	1652032	11	48	#
169	2360691	5	50	63	#
170	1227829	4	62	#
171	2979839	10	15	61	#
172	1702056	24	41	#
173	1151867	30	61	#
174	1517003	32	45	#
175	2900432	8	39	63	#
176	3316066	2	5	10	27	52	53	62	#
177	2607415	24	40	50	#
178	2620812	28	34	58	#
179	3082467	0	7	45	48	#
180	1579832	20	62	#
181	4102004	11	19	28	53	57	#
182	998325	39	#
183	1974566	4	46	#
184	2914459	10	18	25	#
185	2142356	29	31	49	#
186	2080122	3	10	51	#
187	1918542	38	63	#
188	1522663	23	30	#
189	8955602	5	9	10	28	35	37	45	50	54	#
190	3277197	22	27	39	55	#
191	981685	36	#
192	1547668	8	49	57	#
193	1752436	6	45	#
194	2887735	21	30	52	#
195	1140392	45	56	#
196	956939	38	#
197	1099048	10	21	#
198	1290037	0	23	#
199	1992753	18	62	#
200	1646557	38	46	#
201	1409096	32	57	#
202	2995363	12	21	44	#
203	3761041	0	9	12	22	25	38	56	57	#
204	2994625	24	34	56	#
205	4625568	9	23	41	51	54	57	#
206	1662238	61	63	#
207	2037916	3	20	32	57	63	#
208	2872294	20	40	45	49	52	61	#
209	1864573	41	46	58	#
210	1831615	36	42	#
211	1199453	26	44	#
212	3437966	3	23	33	46	62	#
213	3466303	2	13	48	56	#
214	1939563	8	32	#
215	1137777	17	46	#
216	1884076	2	51	#
217	1838136	1	35	#
218	2080793	13	39	51	#
219	1794642	14	46	56	#
220	1868889	18	44	#
221	1819985	3	14	#
222	1769225	40	58	#
223	1493122	40	46	#
224	3990482	6	9	43	57	58	#
225	1350476	15	26	#
226	1403287	13	14	#
227	1758494	17	30	#
228	1271932	8	14	#
229	1881275	16	57	#
230	1136938	5	29	41	#
231	2425039	4	14	35	44	48	#
232	1528378	11	19	#
233	1041580	10	31	36	#
234	1966212	6	22	#
235	1999086	14	43	#
236	1732890	14	37	38	#
237	1922485	22	26	#
238	1160781	31	47	#
239	3854255	24	58	59	61	#
240	1699267	32	33	#
241	1797344	12	42	#
242	1129907	5	30	#
243	5851678	8	18	23	32	48	60	#
244	1045419	34	36	#
245	1114527	14	19	#
246	3154455	16	29	43	45	#
247	2430155	4	20	54	#
248	1198639	38	61	#
249	1382615	7	8	#
250	2621860	2	3	19	41	#
251	1410320	48	59	#
252	1609929	20	44	#
253	2221857	12	23	61	#
254	1418949	28	56	59	#
255	1952296	47	57	#
256	1662853	0	62	#
257	1607467	51	59	#
258	1858815	23	50	#
259	4248522	7	11	15	16	29	#
260	1302192	20	60	#
261	4637103	11	13	27	35	54	#
262	1667105	24	60	#
263	1973371	33	49	#
264	3125292	2	11	12	36	#
265	1950261	0	1	3	6	8	35	#
266	1750656	16	20	#
267	2324579	4	21	24	#
268	3093634	9	16	48	50	#
269	1129996	33	63	#
270	2484993	22	32	43	#
271	1542762	28	31	36	#
272	1640528	23	31	#
273	1754568	27	60	#
274	1813879	6	60	#
275	1604910	6	25	#
276	2663268	0	8	29	31	38	61	#
277	5580374	1	4	35	47	60	62	#
278	1931640	1	36	#
279	5886220	4	12	32	33	60	61	#
280	3905730	12	15	27	35	47	55	#
281	1110547	18	55	#
282	1102082	18	20	46	#
283	1718124	32	37	#
284	1662147	29	35	#
285	1017198	24	25	40	#
286	1468502	18	24	50	#
287	1979333	33	36	#
288	4694370	15	40	41	45	55	#
289	4462564	15	27	34	40	41	#
290	1267863	34	59	#
291	1840145	39	59	#
292	1880843	2	13	#
293	2742789	35	37	63	#
294	1010971	13	45	60	#
295	1405731	32	62	#
296	1575225	53	54	#
297	3363732	17	29	30	32	#
298	2274362	32	34	42	#
299	1166599	12	55	#
300	3722773	7	31	34	61	#
301	1679594	3	28	#
302	1312755	33	58	#
303	2243029	6	38	44	#
304	1556984	25	26	#
305	2532858	27	29	34	#
306	2652219	26	37	44	45	#
307	1185778	2	31	#
308	1621737	18	60	#
309	1344673	27	47	#
310	1681085	8	43	#
311	1169409	9	34	#
312	2030867	5	14	23	62	#
313	1944379	14	52	#
314	1808757	26	28	42	#
315	1939392	20	24	#
316	3074794	14	39	52	58	#
317	1936630	30	63	#
318	7968092	9	10	15	18	35	44	46	53	#
319	1237723	8	41	#
320	2098286	28	43	57	#
321	1696850	23	52	#
322	1959749	37	61	#
323	1137043	8	53	#
324	1579474	47	54	#
325	1613957	19	29	#
326	1898885	29	60	#
327	2859243	13	32	45	#
328	1697949	12	17	39	43	#
329	2018475	22	24	34	58	59	#
330	1282707	6	17	#
331	2304598	5	22	52	#
332	1057486	19	23	#
333	1890050	14	61	#
334	1613261	17	41	#
335	2337522	9	29	42	#
336	1064852	10	52	#
337	1726290	11	46	#
338	1487863	32	59	#
339	1083111	9	18	#
340	2512685	0	19	23	32	#
341	1980013	58	59	#
342	1637963	40	48	#
343	1328524	4	57	#
344	3982819	0	8	10	14	61	#
345	2729212	3	14	43	#
346	2907746	12	37	44	#
347	1282415	40	51	#
348	4544693	6	22	35	42	47	#
349	1757653	14	15	#
350	1881536	12	54	#
351	1976921	0	10	51	#
352	2750165	14	21	37	#
353	1842649	18	53	#
354	2831135	34	42	53	#
355	1500197	0	25	#
356	4215996	4	54	55	58	60	#
357	1047449	10	55	#
358	10444838	6	23	34	35	36	38	41	54	57	58	61	#
359	1843149	0	41	#
360	1263585	14	29	#
361	1292180	7	11	52	#
362	2054044	13	29	42	#
363	2066897	40	50	54	#
364	1849297	34	43	45	59	60	#
365	2118083	31	50	62	#
366	1643902	21	39	42	#
367	3144748	2	30	37	53	#
368	4039645	2	6	19	26	28	41	48	58	#
369	1534985	1	19	#
370	1066834	21	48	#
371	3916008	14	24	26	55	#
372	2158811	5	30	40	41	46	62	#
373	2113881	4	16	21	#
374	2558565	31	36	40	#
375	2361454	0	3	36	43	63	#
376	1660555	11	42	#
377	1167247	8	12	#
378	2774899	27	53	63	#
379	2546396	22	42	47	#
380	4600588	2	16	19	30	41	44	49	#
381	1453550	26	47	#
382	1868181	17	22	#
383	1048657	27	59	#
384	1314404	5	63	#
385	3592832	19	34	39	45	#
386	1204283	8	34	#
387	1313838	10	22	#
388	1625832	44	53	#
389	3108410	0	4	43	55	#
390	3580209	3	20	26	33	#
391	1935921	24	44	#
392	1407288	25	61	#
393	1903012	9	18	33	#
394	2191376	8	19	22	41	42	50	54	#
395	1942778	5	21	#
396	1981367	3	34	#
397	1302917	0	22	#
398	1532265	24	55	#
399	1413389	43	55	#
400	1521130	16	17	56	#
401	8997743	3	6	9	16	19	33	42	51	63	#
402	4931681	6	47	53	61	62	#
403	6480413	9	12	13	20	26	31	32	35	52	61	#
404	2204772	49	55	63	#
405	1924443	2	12	#
406	2443313	3	7	28	32	#
407	3679547	5	10	21	39	#
408	1610683	14	44	#
409	1009229	20	31	#
410	4603178	10	12	17	37	42	#
411	1321416	21	25	#
412	2313968	9	12	23	57	#
413	7483579	1	7	14	20	24	25	36	46	#
414	1986151	4	28	59	#
415	1868457	7	55	#
416	4192685	25	26	31	41	55	#
417	5862503	6	16	22	40	50	63	#
418	1650955	0	6	#
419	2077389	13	40	54	#
420	3908745	8	16	19	54	58	#
421	2936396	4	29	42	#
422	2532187	21	26	32	#
423	2098780	4	11	12	28	36	#
424	1768032	2	28	37	#
425	1434118	47	49	#
426	6412646	7	22	28	36	39	52	63	#
427	2436263	29	45	51	#
428	1392482	20	45	#
429	1621418	7	51	#
430	6219736	2	14	21	25	26	30	37	39	54	#
431	1513480	31	33	#
432	1920282	8	31	#
433	4858409	5	7	20	22	37	38	41	49	51	#
434	1683968	29	59	#
435	2463588	15	34	46	54	62	#
436	1148050	32	53	#
437	1893059	35	63	#
438	1846398	25	29	#
439	1772609	23	35	37	#
440	1753042	30	56	#
441	2367419	38	51	55	#
442	1681533	26	59	#
443	1452778	24	26	#
444	2884486	0	24	63	#
445	2868848	15	16	17	29	#
446	2372599	4	32	34	35	#
447	2264448	31	36	50	#
448	3277325	23	24	26	47	50	#
449	2802153	3	19	30	#
450	3385846	4	23	26	38	43	#
451	2412684	0	25	56	57	61	#
452	1941460	15	44	#
453	6177712	29	32	35	40	54	57	59	#
454	5669884	10	17	32	33	41	56	60	#
455	1768254	23	38	#
456	1200824	48	52	#
457	1867272	27	62	#
458	3550407	19	38	44	55	63	#
459	1530118	24	32	#
460	2793077	10	15	51	#
461	1504667	28	49	#
462	4837092	18	22	38	39	44	49	#
463	6430941	0	5	16	38	41	46	49	57	59	#
464	1179434	29	46	#
465	2051306	0	34	35	44	#
466	3016284	3	7	24	42	55	#
467	1106990	29	44	#
468	1386482	46	52	#
469	2830353	3	26	42	#
470	2650752	10	11	12	13	62	#
471	2892707	10	27	31	#
472	1140927	48	50	#
473	3347162	0	9	19	34	#
474	1890824	27	41	#
475	2119786	17	44	56	#
476	1682802	27	33	#
477	1889220	15	16	54	#
478	1655423	16	47	#
479	1603982	0	59	#
480	1433629	30	38	#
481	4983576	3	8	16	27	50	#
482	4813543	13	20	43	45	56	62	#
483	1712566	13	40	#
484	3424126	7	26	32	40	44	#
485	1619102	7	17	50	#
486	1535153	3	7	42	#
487	2637620	0	17	24	49	#
488	3627307	14	44	45	51	59	#
489	4000840	0	2	7	18	20	33	35	38	51	#
490	2738886	27	36	58	#
491	2897546	13	19	46	#
492	1867800	42	60	#
493	3436570	21	31	51	56	#
494	1529346	9	26	#
495	1772840	25	43	54	#
496	3225297	15	36	44	55	57	#
497	1190310	53	61	#
498	1854462	10	60	#
499	1242932	14	23	49	#
500	1513647	14	37	#
501	3382969	2	8	13	18	45	52	#
502	1377943	18	22	#
503	4556110	1	14	17	32	44	45	#
504	1737702	24	27	#
505	1452646	13	17	#
506	1424487	28	50	53	#
507	1861182	17	26	#
508	3970295	7	20	44	49	#
509	1371010	6	26	#
510	2730397	23	49	59	#
511	1732340	32	53	61	#
512	1331355	38	60	#
513	1659373	36	44	#
514	1939437	50	61	#
515	3839677	1	13	29	60	#
516	4747092	40	48	55	56	59	#
517	1485191	8	57	#
518	2963659	8	24	46	54	57	#
519	1951848	31	34	#
520	1143726	37	56	#
521	1803473	23	41	#
522	3974749	19	29	32	57	#
523	4022293	11	32	42	47	60	#
524	1622841	22	40	#
525	3947323	8	12	38	53	#
526	1729949	23	43	#
527	1829757	24	56	#
528	2815788	6	45	56	#
529	1252685	60	61	#
530	1759119	4	33	#
531	2469789	21	31	59	#
532	1238415	50	53	#
533	1929728	10	63	#
534	1846291	17	32	#
535	1163002	8	46	#
536	1659638	35	44	52	#
537	1419242	31	52	#
538	1293490	3	22	#
539	1343366	48	61	#
540	1800014	5	14	#
541	1366047	14	53	#
542	1819799	1	37	#
543	2196289	5	25	49	#
544	2110518	8	10	21	#
545	1695465	11	13	43	55	#
546	2247325	0	17	28	#
547	1218979	2	4	#
548	2485970	17	26	42	48	#
549	1952900	10	24	#
550	2972922	14	19	30	#
551	2539266	2	3	52	#
552	1831343	10	25	#
553	1886306	25	31	37	#
554	3464255	3	30	41	52	#
555	1189982	8	28	48	#
556	3803919	1	23	25	50	#
557	2371124	17	19	33	#
558	3027921	2	34	38	43	#
559	4453211	17	18	23	24	36	40	47	#
560	2337171	43	44	57	58	62	#
561	5422281	24	28	34	38	46	48	#
562	2856868	21	28	29	#
563	1948564	42	58	#
564	1311743	5	33	#
565	3533748	26	33	48	58	#
566	1377634	1	29	#
567	1633356	1	26	#
568	2405801	32	36	56	61	#
569	3693823	11	35	46	59	#
570	4106007	7	11	13	26	49	#
571	4756534	10	13	16	17	18	26	28	31	37	40	43	49	50	56	57	58	#
572	3799506	8	19	31	43	63	#
573	3026550	6	23	26	34	41	#
574	1479408	30	60	#
575	1639357	4	40	61	#
576	1896293	17	18	37	42	43	60	63	#
577	2663468	9	43	61	#
578	1809718	45	57	#
579	1967559	31	42	#
580	4559650	34	35	44	45	56	#
581	2574680	8	9	45	#
582	994728	7	62	#
583	4018587	1	35	39	42	43	55	#
584	2711152	3	18	31	#
585	4450503	0	5	9	24	34	50	56	57	#
586	3253308	15	25	28	56	#
587	1527175	36	40	55	#
588	2004770	32	43	49	#
589	7437562	14	18	21	30	32	44	49	53	#
590	1943788	1	14	54	#
591	3618645	14	31	43	46	#
592	1486197	13	35	#
593	4016622	5	6	12	20	39	49	52	#
594	1007750	9	16	#
595	1921632	46	63	#
596	1672786	10	59	#
597	1204659	37	60	#
598	2681670	11	14	55	#
599	1516586	32	56	#
600	7115168	16	28	30	35	40	41	51	53	58	#
601	3804576	3	12	52	63	#
602	4594029	11	14	25	29	31	51	53	57	59	#
603	1144675	14	36	#
604	1047402	22	57	#
605	1312877	7	20	30	#
606	1432577	40	57	#
607	3681332	0	6	12	21	46	54	#
608	1330904	35	45	#
609	2544872	12	30	38	#
610	1959388	39	40	47	54	#
611	2054485	27	33	41	42	45	46	63	#
612	1624155	16	42	#
613	2578267	44	52	60	#
614	3206163	17	46	55	58	#
615	2072818	33	54	61	#
616	2318552	14	35	52	#
617	2978273	1	4	15	20	21	55	#
618	3605862	17	25	36	54	#
619	2277684	5	16	24	#
620	1769336	26	36	55	57	#
621	2503313	7	26	46	53	#
622	1920866	2	5	34	47	#
623	1772939	26	48	#
624	3796145	18	27	29	33	#
625	1891855	30	43	#
626	1687291	21	28	42	#
627	1909713	1	24	56	#
628	4415630	1	6	8	21	62	#
629	1384600	38	42	#
630	1066337	1	43	#
631	1524754	22	38	#
632	2515680	8	19	20	34	#
633	1079085	1	42	#
634	1674588	2	59	#
635	1886914	31	39	#
636	1625537	37	43	#
637	1404152	25	33	#
638	1210876	12	44	#
639	1345595	28	36	#
640	1774378	0	10	38	#
641	1749428	1	23	#
642	2543525	39	50	56	#
643	1864703	8	19	23	40	43	56	#
644	3108554	3	37	60	63	#
645	1839594	11	58	#
646	4620903	1	5	34	37	39	#
647	3848044	19	27	32	62	#
648	2244977	7	11	52	57	#
649	1700214	0	8	#
650	1316528	11	25	#
651	1344723	20	55	#
652	1754736	1	50	#
653	2119014	17	35	58	#
654	2099228	9	33	44	#
655	4121474	12	15	39	50	60	#
656	2566909	31	32	56	58	#
657	2319412	16	26	50	#
658	1261910	1	8	#
659	1428080	32	52	#
660	1844521	27	44	53	#
661	1364906	15	49	#
662	2149039	14	24	27	#
663	1689756	12	58	#
664	1875591	11	34	#
665	2953187	19	20	29	33	39	45	#
666	1552795	24	59	#
667	1992766	18	36	41	58	62	#
668	2331408	3	29	41	#
669	1851220	29	54	#
670	3480018	4	14	31	62	#
671	12392534	0	2	7	12	27	29	31	32	41	42	48	50	53	56	58	#
672	1582093	27	50	#
673	1961970	2	6	#
674	2879467	6	28	35	#
675	2145420	1	5	53	#
676	1292869	8	34	35	#
677	3916171	0	5	15	32	#
678	2967613	4	8	21	55	#
679	1421548	37	51	#
680	1669035	3	47	60	#
681	2808290	3	17	18	45	#
682	3426078	22	39	47	55	61	#
683	2741994	5	20	36	48	58	#
684	4334228	12	14	23	27	32	33	34	#
685	2848385	9	22	27	56	#
686	1951916	18	20	39	#
687	2603452	20	28	29	#
688	2242193	12	28	42	#
689	3986113	8	15	35	50	#
690	3659281	1	5	26	36	#
691	3569240	16	24	26	31	#
692	1992139	45	58	#
693	2920730	11	19	30	#
694	1246328	16	40	#
695	1873775	20	53	#
696	1522875	27	54	#
697	1515634	4	6	#
698	1260729	12	34	#
699	2306879	26	34	58	#
700	3526317	15	27	30	36	#
701	2080559	21	28	45	50	58	#
702	4872942	0	18	30	31	37	47	#
703	1276965	12	53	#
704	2278987	1	2	43	#
705	2594666	47	54	59	#
706	5989281	7	9	32	36	40	46	52	58	#
707	1841975	26	50	63	#
708	1987501	19	20	29	#
709	1356395	17	39	#
710	3327785	2	23	26	36	#
711	1627482	18	42	51	#
712	2996332	15	25	48	#
713	2114855	15	17	25	59	#
714	1767461	6	48	#
715	1298795	11	21	#
716	2147746	0	5	50	51	#
717	13926751	2	7	17	19	22	32	33	34	35	36	43	49	51	58	#
718	6065073	3	14	31	35	40	44	54	#
719	2714844	15	33	39	#
720	2536078	2	26	29	47	#
721	1943634	19	31	#
722	2019388	12	22	41	#
723	1670759	10	49	#
724	3638113	5	32	46	58	#
725	2596721	0	9	37	62	#
726	1663229	38	49	#
727	1517679	8	10	#
728	2879135	23	29	41	#
729	1551616	3	9	#
730	1980919	22	52	#
731	2504578	11	51	53	#
732	2031390	5	27	47	#
733	3495294	18	31	47	51	53	#
734	1016659	0	54	#
735	3215863	0	4	10	13	19	20	23	36	44	#
736	2802686	18	27	38	#
737	1494432	30	33	#
738	1036918	17	25	#
739	5589353	1	2	18	24	30	52	#
740	6922387	5	13	24	27	28	36	44	#
741	1608496	2	23	62	#
742	1726933	9	29	#
743	2753563	26	40	58	#
744	1740340	14	27	#
745	1147249	31	53	#
746	1974950	3	41	44	53	#
747	3162167	13	18	22	44	52	#
748	1925117	7	16	#
749	1860780	12	13	#
750	2326417	2	41	58	#
751	3022161	8	22	24	33	35	37	#
752	1447100	4	18	37	52	56	#
753	1920027	32	34	56	#
754	1855501	0	51	#
755	1858974	9	39	#
756	3336488	28	33	40	41	#
757	1012650	11	43	#
758	1911930	25	42	#
759	4184930	6	14	19	24	39	42	#
760	2147596	8	19	20	35	#
761	1575612	5	8	#
762	2520108	5	8	9	10	46	53	#
763	1294216	32	58	#
764	4753665	8	16	17	25	47	51	#
765	1569885	36	57	#
766	2807467	15	29	52	#
767	1554709	3	41	#
768	1841531	0	3	#
769	3848901	15	21	40	41	#
770	2503929	2	30	60	63	#
771	4945297	5	26	37	53	57	63	#
772	1179588	22	48	#
773	2333919	22	28	38	#
774	2487961	17	18	33	45	#
775	2054592	2	39	62	#
776	1674982	6	32	#
777	1638494	2	54	#
778	3057541	12	13	24	48	#
779	2784143	25	34	38	#
780	1042456	41	59	#
781	3859501	11	29	30	34	35	49	58	#
782	1861004	28	35	54	#
783	6986364	0	15	30	44	51	57	60	#
784	2595591	0	6	27	30	35	42	52	63	#
785	1438710	35	51	#
786	1997537	49	57	58	#
787	1901435	2	27	#
788	4605002	3	28	38	40	59	#
789	1514715	53	57	#
790	2934454	3	6	26	#
791	1625805	46	56	#
792	1941326	21	55	#
793	1200187	26	41	46	#
794	2912630	39	55	56	58	61	#
795	1125209	35	42	#
796	2468363	4	26	38	46	62	#
797	4816826	4	7	34	45	59	#
798	1564376	2	15	46	#
799	1607343	33	47	#
800	3009070	14	45	48	54	58	#
801	4150579	2	10	11	33	40	41	49	51	#
802	2818633	6	46	56	#
803	2084539	7	43	46	#
804	1634501	6	37	#
805	1922649	46	57	#
806	4870312	3	20	32	33	41	47	#
807	4274203	3	6	35	40	57	#
808	1045522	32	47	#
809	1606016	56	60	#
810	1859046	11	35	#
811	2065727	24	28	29	36	43	48	54	#
812	2930639	4	20	45	59	#
813	2342671	8	11	60	#
814	2977371	16	31	37	#
815	3159612	9	19	21	45	#
816	2097264	12	27	29	41	42	50	#
817	4876849	0	9	13	28	49	52	#
818	1928695	48	63	#
819	2851415	7	12	14	44	#
820	2654513	4	6	42	#
821	3621840	4	37	45	57	#
822	2464621	17	25	30	56	62	#
823	1858183	3	61	#
824	2977134	4	15	18	51	#
825	3472196	13	29	45	56	#
826	1629712	13	36	39	#
827	1883112	42	44	#
828	1546545	4	26	#
829	1720523	3	58	#
830	2554149	14	25	50	#
831	2229313	5	52	60	#
832	2828585	8	17	48	54	62	#
833	1825192	3	25	#
834	1522537	48	54	#
835	2359633	12	26	31	#
836	1773470	20	36	#
837	3516696	4	5	23	52	#
838	1083932	1	48	#
839	3184219	4	23	37	62	#
840	2284974	14	42	58	#
841	5840867	2	3	5	24	27	37	62	#
842	1643524	28	62	#
843	2430537	4	30	60	#
844	1933628	9	42	#
845	3546828	2	25	35	43	53	#
846	4751749	2	14	37	39	41	49	58	62	#
847	1743543	61	62	#
848	3949092	20	30	41	44	59	#
849	2877186	17	25	54	55	#
850	1976470	10	23	48	#
851	2998558	11	21	29	33	#
852	2237185	11	24	39	#
853	3926021	11	12	14	18	34	40	44	49	#
854	1372487	4	14	#
855	2886791	4	16	39	#
856	2588059	22	47	62	#
857	3941624	19	29	40	46	#
858	2086643	0	6	13	19	35	61	#
859	2130752	14	40	58	#
860	1556499	25	32	61	#
861	1997892	2	41	#
862	1192123	9	22	#
863	2666606	15	54	55	#
864	1459633	11	31	62	#
865	1962338	10	43	#
866	1077706	37	40	#
867	1955215	2	56	#
868	1654450	10	32	58	#
869	4799937	1	7	45	53	54	55	#
870	1748823	54	59	#
871	1486773	35	44	#
872	2028962	12	19	25	32	43	60	#
873	1560827	31	35	#
874	3196692	1	19	31	35	46	#
875	2787235	0	1	62	#
876	2469770	2	22	46	61	#
877	1792396	27	44	#
878	2961011	20	24	30	32	#
879	2582690	16	33	40	59	#
880	1398073	7	9	36	#
881	2551925	1	9	16	26	33	#
882	2446805	13	26	33	37	#
883	1128952	29	34	#
884	2952606	6	12	26	40	#
885	1469227	15	39	#
886	2650002	2	54	61	#
887	2224542	10	49	50	#
888	6482730	3	10	25	39	41	44	57	#
889	3479095	4	40	47	53	#
890	1612105	11	33	#
891	4964816	15	19	25	27	58	#
892	1355230	21	51	#
893	1982634	11	19	43	#
894	2652857	15	42	58	#
895	1124524	4	48	#
896	2267847	16	29	32	42	51	62	#
897	2860941	13	20	58	#
898	1819663	7	8	41	#
899	2795820	6	11	38	53	#
900	2668696	4	7	13	#
901	1237363	6	16	38	#
902	1315153	48	53	#
903	2529244	5	12	40	43	59	#
904	2195591	23	47	48	51	#
905	1793878	12	36	46	#
906	1104277	32	40	#
907	1062674	28	45	#
908	2327355	9	18	25	#
909	1990472	35	47	54	#
910	1167271	22	45	#
911	1099739	35	54	#
912	1531623	48	51	#
913	1602799	13	47	#
914	1315436	46	55	#
915	1492331	11	29	#
916	5480731	9	14	20	45	54	58	#
917	2735170	30	42	51	#
918	1450513	49	61	#
919	3750107	8	10	22	63	#
920	2759176	11	23	34	37	38	43	50	#
921	2536011	4	12	45	#
922	1721492	34	42	#
923	2873230	1	18	34	45	61	#
924	1108576	38	45	#
925	1304107	30	35	#
926	1332321	10	62	#
927	2259097	11	38	42	#
928	2870705	0	7	40	#
929	1846408	11	15	47	#
930	13783845	4	8	22	23	25	26	36	37	38	45	46	50	52	60	61	63	#
931	3709328	5	30	47	59	#
932	3552065	0	18	41	48	#
933	2994178	1	9	32	37	61	#
934	2829452	7	13	15	16	23	31	36	45	47	48	51	61	#
935	1321245	3	32	#
936	1699686	21	40	#
937	2405681	9	18	46	50	#
938	1662536	50	63	#
939	3435042	4	18	47	48	#
940	2027284	9	29	38	#
941	1896639	1	38	#
942	2584483	23	32	43	#
943	1690600	8	22	#
944	2855847	22	29	48	#
945	1898751	0	36	38	61	#
946	2748538	11	45	63	#
947	1480405	14	20	#
948	1508344	9	36	59	#
949	2000878	6	24	32	#
950	1336448	19	40	#
951	1450143	13	25	#
952	2777786	31	54	59	#
953	2349114	36	60	62	#
954	1864242	13	38	57	#
955	1522211	8	13	27	#
956	1587540	6	56	#
957	3740567	2	38	53	59	#
958	4077877	9	11	29	50	56	#
959	3183340	16	28	43	45	48	50	#
960	2936569	2	46	48	50	#
961	2037357	3	6	14	54	#
962	1351644	8	34	40	#
963	2173387	9	37	45	48	#
964	2468751	12	20	51	53	#
965	3543951	6	11	37	54	56	#
966	1107917	38	40	#
967	3429833	5	19	20	37	44	#
968	3907844	14	30	39	63	#
969	1830711	9	44	#
970	1039580	0	42	#
971	1696764	35	61	#
972	1859421	3	4	21	44	50	#
973	1637108	8	29	#
974	1224331	7	40	#
975	2429678	16	19	21	47	62	#
976	3762724	48	52	56	61	#
977	1396316	9	46	#
978	2759299	9	17	20	29	32	43	#
979	1157177	22	32	#
980	2085789	7	34	39	57	#
981	1699865	20	58	#
982	1107365	21	45	#
983	1669301	20	38	50	#
984	1846502	15	18	#
985	1968298	7	35	#
986	2800382	9	11	31	59	#
987	1206985	8	50	#
988	1234472	9	47	#
989	5190533	3	4	17	32	35	46	#
990	4686196	1	9	11	13	36	37	49	63	#
991	1699693	41	62	#
992	1644171	15	21	#
993	1885509	13	53	54	#
994	1897810	8	12	25	28	33	#
995	1201453	23	35	#
996	2698272	14	17	44	#
997	1284531	38	56	#
998	4076475	19	42	43	46	60	#
999	1512667	20	40	#
1000	6574878	8	14	33	35	38	40	52	56	57	#
1001	1915281	32	41	#
1002	1299210	26	62	#
1003	3237732	17	24	26	27	30	52	56	#
1004	5232563	12	14	23	31	38	44	52	55	#
1005	1328330	44	55	#
1006	3380543	14	27	32	35	#
1007	1886024	11	57	#
1008	2750371	34	36	51	60	#
1009	3493798	37	48	59	62	#
1010	2938198	6	24	40	#
1011	1317066	16	31	#
1012	2434901	0	21	32	49	52	#
1013	2222168	15	16	44	#
1014	1342210	18	48	#
1015	1920382	27	45	#
1016	1170629	20	28	#
1017	1735526	16	63	#
1018	1498798	4	53	#
1019	3532629	9	16	22	39	#
1020	2874103	5	6	29	31	34	36	39	41	57	#
1021	1462438	10	28	#
1022	2051837	8	12	21	40	#
1023	2463504	16	24	37	52	61	#
1024	1608448	5	17	#
1025	3674069	6	9	10	38	57	#
1026	2094895	12	35	43	#
1027	3890658	9	33	43	48	50	52	56	63	#
1028	1986573	2	26	#
1029	2033232	21	22	30	#
1030	5873338	0	16	18	22	51	52	#
1031	1918191	8	18	#
1032	1862742	6	8	#
1033	1126259	1	61	#
1034	1941189	31	63	#
1035	2457466	11	19	60	#
1036	1638562	6	38	41	#
1037	1538505	12	46	#
1038	1915694	56	61	#
1039	2626239	1	46	52	#
1040	1653613	34	37	#
1041	1997126	10	21	34	49	#
1042	2085082	41	51	57	#
1043	1773354	1	39	61	#
1044	1284062	4	11	#
1045	4221781	2	6	8	26	52	60	#
1046	1502529	0	21	23	63	#
1047	2690363	27	45	46	57	#
1048	1287203	32	54	#
1049	1167564	1	6	#
1050	2001355	14	19	42	53	#
1051	4031787	1	19	23	28	62	#
1052	1771107	41	45	#
1053	2656587	9	20	54	#
1054	7657934	18	27	44	52	53	56	61	63	#
1055	1665801	15	39	52	#
1056	2293981	49	51	54	55	#
1057	6503013	0	7	11	22	33	36	40	42	#
1058	2398753	33	54	59	#
1059	3387687	10	34	38	43	#
1060	1116243	30	54	#
1061	1200150	0	19	#
1062	5882360	0	9	13	14	31	39	44	#
1063	1083453	34	43	#
1064	3659270	11	12	38	59	#
1065	4224011	11	21	26	35	61	63	#
1066	2603550	12	27	33	61	#
1067	998772	28	34	#
1068	3767976	43	51	57	58	#
1069	2898037	24	30	35	#
1070	2234812	13	30	36	#
1071	2479768	2	14	23	24	35	38	#
1072	1009714	42	53	#
1073	1531826	16	52	#
1074	2985777	5	36	40	#
1075	3967407	6	30	49	52	#
1076	3644163	16	26	48	52	59	#
1077	5919109	3	12	29	37	42	55	#
1078	1329960	22	56	#
1079	4878988	1	3	6	10	26	60	#
1080	3334019	3	19	21	33	49	51	#
1081	1711888	28	44	#
1082	5900314	3	19	35	39	41	52	59	#
1083	4991727	8	10	16	35	60	#
1084	1699194	0	16	#
1085	2783419	5	19	31	34	#
1086	2325711	2	16	25	#
1087	2638378	27	54	62	#
1088	2174215	20	23	51	61	#
1089	2293995	2	22	40	44	#
1090	1039062	49	59	#
1091	1730951	45	55	#
1092	3073147	5	7	19	49	#
1093	1790530	2	5	22	24	#
1094	1923745	3	38	#
1095	1744280	11	54	#
1096	1959131	17	18	34	63	#
1097	1207636	19	41	#
1098	3666702	14	24	30	31	50	#
1099	2597176	7	22	45	#
1100	1247661	6	34	#
1101	1249063	5	58	#
1102	1666921	18	47	52	#
1103	1322421	15	45	#
1104	1935820	24	30	46	56	#
1105	3847367	27	36	40	50	53	55	57	63	#
1106	1025961	44	47	#
1107	3479668	9	11	18	34	35	54	#
1108	2409382	10	24	44	45	#
1109	1266283	27	61	#
1110	1228820	34	52	#
1111	1824026	5	18	51	61	#
1112	1660510	6	42	#
1113	1635262	17	58	#
1114	2072597	50	55	62	#
1115	7527899	10	14	23	28	33	47	59	62	#
1116	1037344	9	49	#
1117	2201764	0	9	11	26	43	49	57	#
1118	1086726	25	51	#
1119	4877904	1	5	8	14	36	#
1120	2730589	19	44	52	#
1121	1403079	12	24	40	#
1122	1854859	21	46	#
1123	2546804	12	18	37	#
1124	1218840	7	58	#
1125	4123331	4	5	10	25	56	#
1126	2822921	2	8	18	29	#
1127	989501	19	43	#
1128	1221901	6	23	#
1129	3086306	3	4	9	47	#
1130	1915711	22	58	#
1131	1168519	45	46	#
1132	1246159	7	29	44	#
1133	2280368	6	16	18	#
1134	1403039	37	46	#
1135	1357256	15	25	#
1136	2051689	6	23	30	#
1137	2476421	2	15	16	23	35	54	#
1138	3479616	0	11	15	24	30	53	61	#
1139	5636608	2	6	20	35	55	57	#
1140	3121289	2	13	15	57	#
1141	4575901	10	19	23	40	51	#
1142	3712161	12	16	26	33	38	#
1143	1233376	1	13	#
1144	1616483	25	47	#
1145	1557818	12	20	31	#
1146	4660316	1	9	27	36	50	55	#
1147	2906781	32	33	35	#
1148	1972788	9	50	#
1149	2202535	37	46	53	#
1150	6173906	14	17	19	30	38	55	62	#
1151	3694420	14	20	31	34	46	61	#
1152	1099992	28	60	#
1153	3257151	4	8	38	57	#
1154	1743040	34	57	#
1155	1198029	20	25	52	#
1156	2756902	2	11	39	#
1157	2618674	26	31	47	#
1158	2697066	3	35	44	#
1159	3887867	0	14	17	19	22	37	#
1160	2525778	44	46	58	#
1161	3931389	7	8	46	53	#
1162	1520136	23	34	#
1163	1560607	14	55	#
1164	1792527	37	41	#
1165	3530829	3	19	27	29	46	#
1166	1671761	31	59	#
1167	2845560	12	45	52	#
1168	1612865	7	19	47	#
1169	3748364	20	21	26	29	#
1170	1952626	45	61	#
1171	1342876	35	55	#
1172	1280338	46	58	#
1173	6529812	12	13	17	18	29	33	34	38	47	51	62	#
1174	1420484	21	31	#
1175	1204354	4	9	#
1176	2486400	0	4	51	#
1177	2085473	8	9	41	#
1178	1150088	57	61	#
1179	2890167	8	17	53	#
1180	2812711	25	41	59	#
1181	1633578	0	50	59	#
1182	4377481	4	25	44	46	50	51	#
1183	2881461	1	15	23	#
1184	1032229	12	59	#
1185	2380270	3	18	44	#
1186	2566112	11	12	59	#
1187	1793921	13	61	#
1188	1758499	14	28	#
1189	1277136	10	13	#
1190	1848916	33	43	#
1191	5017031	21	23	38	56	57	58	63	#
1192	1246658	25	48	#
1193	1420828	22	63	#
1194	1219801	11	51	#
1195	3097496	18	47	51	55	#
1196	1593026	33	55	#
1197	1745895	2	10	16	45	50	#
1198	4821466	0	1	2	5	7	17	30	40	41	#
1199	1762608	41	55	#
1200	1407723	11	50	#
1201	2611596	0	29	31	33	39	50	56	63	#
1202	1922450	14	44	51	#
1203	2183342	1	2	13	#
1204	2774973	2	19	24	62	#
1205	1453144	6	16	34	#
1206	1361113	6	10	#
1207	1956949	40	47	#
1208	1063402	3	21	#
1209	1934307	2	42	#
1210	2869293	1	4	43	#
1211	3236065	3	23	31	46	56	59	61	#
1212	1730821	18	23	#
1213	1842799	39	41	#
1214	2273518	6	12	26	53	#
1215	3380208	3	6	9	10	30	51	#
1216	1641264	35	36	#
1217	2195565	1	30	34	63	#
1218	5144567	5	22	27	31	36	50	56	#
1219	1519623	9	40	#
1220	1495778	14	59	#
1221	2994973	0	9	13	56	63	#
1222	3263917	45	47	56	63	#
1223	1795063	25	30	57	#
1224	2953713	32	49	55	58	#
1225	2490293	7	11	61	#
1226	1631041	57	63	#
1227	2750920	8	17	18	28	36	39	42	51	#
1228	1373563	49	62	#
1229	5180198	10	11	16	35	42	57	59	#
1230	2363222	14	37	40	45	49	57	#
1231	5522191	1	2	15	17	19	24	38	44	45	46	55	60	#
1232	1790960	8	9	36	#
1233	1617687	5	60	#
1234	1401953	8	16	53	#
1235	1323705	2	34	#
1236	1905220	2	29	#
1237	4277678	1	12	17	24	28	33	39	42	47	61	#
1238	2282622	14	22	33	37	50	52	#
1239	5182363	13	32	41	47	48	51	#
1240	1558470	3	6	#
1241	3319018	21	25	43	53	#
1242	6640853	4	5	7	32	39	44	49	53	62	#
1243	1424564	7	37	#
1244	4701043	11	37	42	52	59	63	#
1245	1499219	2	10	38	#
1246	1110563	6	12	#
1247	2274452	3	6	33	#
1248	1628312	0	11	55	56	#
1249	1794276	10	40	#
1250	1744889	28	52	#
1251	1572408	3	42	45	#
1252	2608304	4	7	16	28	#
1253	1530060	8	9	#
1254	1480090	28	41	43	#
1255	1490545	45	47	#
1256	1831355	5	9	#
1257	1595755	27	35	#
1258	2902175	3	6	12	53	#
1259	3736294	10	18	31	61	#
1260	1878950	26	41	44	#
1261	5190387	3	10	31	35	43	47	#
1262	1349248	16	24	#
1263	1135351	34	39	#
1264	1997443	1	12	42	#
1265	2355407	3	32	33	34	42	43	50	52	#
1266	1188150	6	19	#
1267	2176226	13	24	27	35	57	59	#
1268	1150289	5	15	#
1269	2811375	1	8	32	37	44	55	#
1270	2530550	23	50	51	#
1271	1712494	2	49	63	#
1272	4836653	9	23	26	34	35	#
1273	1582337	22	62	#
1274	1517049	30	36	#
1275	1176846	33	61	#
1276	2074532	23	25	45	#
1277	1083765	38	55	#
1278	1271580	43	44	51	#
1279	1375848	21	35	#
1280	2918629	16	24	26	44	#
1281	3909037	3	7	10	35	37	39	52	#
1282	1057071	5	46	#
1283	1119850	15	35	#
1284	2871708	4	21	46	#
1285	2447138	3	35	45	#
1286	3867121	1	5	49	56	#
1287	1652990	15	23	63	#
1288	1078018	42	55	#
1289	2866701	4	10	40	46	#
1290	3209335	3	19	48	59	#
1291	1283911	1	34	#
1292	1771786	16	35	46	#
1293	2129988	8	17	34	61	#
1294	3303037	0	2	10	14	42	60	#
1295	2864111	8	10	14	15	23	#
1296	1939064	18	41	#
1297	3450206	16	42	46	56	60	#
1298	4169558	1	9	11	23	24	40	41	49	58	59	#
1299	4007796	5	15	25	27	40	47	60	#
1300	1911985	8	50	58	#
1301	3977795	8	17	22	33	#
1302	3371769	3	25	36	57	#
1303	2127757	18	27	28	39	51	#
1304	1932598	14	20	21	#
1305	5337790	14	20	30	48	50	56	#
1306	3464137	13	18	57	62	#
1307	1241848	15	37	#
1308	1778884	21	36	#
1309	5101715	5	10	31	42	44	46	#
1310	1798218	19	24	57	#
1311	4442137	11	37	40	52	54	55	#
1312	1809330	15	33	#
1313	2884427	13	35	37	#
1314	4082965	2	23	27	42	44	62	#
1315	2888527	5	21	27	#
1316	2992132	24	25	43	#
1317	3366399	0	3	8	16	34	40	#
1318	1580263	8	61	#
1319	4825247	7	14	36	47	50	#
1320	1990847	21	49	#
1321	1945115	3	31	53	#
1322	1771101	4	45	62	#
1323	1741476	17	19	#
1324	1427816	5	10	35	#
1325	1383181	3	54	60	#
1326	2133284	24	43	44	47	#
1327	1964506	28	38	#
1328	1353249	26	30	32	46	#
1329	1176188	2	39	#
1330	3742347	14	39	56	61	#
1331	5254837	1	30	31	34	35	49	#
1332	2733142	17	56	60	#
1333	1882875	15	58	#
1334	2395677	35	45	51	61	#
1335	1039050	4	47	#
1336	2617568	3	24	46	50	#
1337	2298415	4	26	51	#
1338	1511058	10	37	#
1339	2013269	5	7	12	13	48	52	#
1340	2849425	2	37	44	#
1341	5911269	0	13	16	17	23	43	56	63	#
1342	6692681	0	6	9	18	21	32	40	44	47	55	61	#
1343	1925045	18	35	#
1344	3679292	41	45	48	56	#
1345	3718099	23	28	46	59	#
1346	1440145	3	40	#
1347	2290479	14	22	53	#
1348	1877988	39	55	#
1349	1079617	16	27	#
1350	2566538	14	20	30	50	55	63	#
1351	1855178	31	48	#
1352	1983318	48	50	52	#
1353	3659439	18	22	30	31	33	45	#
1354	2952510	4	17	24	56	#
1355	2955903	5	9	10	26	52	#
1356	2489789	4	20	25	31	#
1357	3320681	13	29	38	46	#
1358	3616650	5	21	24	50	#
1359	1734363	12	57	#
1360	2286769	11	30	33	34	35	37	#
1361	2413337	25	27	46	47	#
1362	2764510	10	37	45	51	#
1363	2018036	5	32	57	#
1364	3697868	20	25	49	58	#
1365	1066662	36	54	#
1366	1802485	9	55	#
1367	2739228	3	35	42	#
1368	2607865	6	14	19	53	63	#
1369	2405409	11	17	21	#
1370	2751877	3	21	35	53	#
1371	1829396	9	32	#
1372	1907789	6	14	#
1373	3012630	4	5	34	54	#
1374	2342995	25	28	35	#
1375	1988773	17	27	33	#
1376	3554850	21	23	46	48	#
1377	1771266	12	31	33	53	#
1378	1795295	22	33	#
1379	1719495	27	52	53	#
1380	3320243	3	14	17	22	26	55	60	#
1381	2098656	6	44	57	58	#
1382	1951720	14	57	#
1383	2056807	21	43	47	#
1384	2471543	13	18	47	60	#
1385	2019814	14	16	32	39	44	47	#
1386	1071669	30	53	#
1387	1964092	26	44	57	#
1388	2898768	30	36	41	#
1389	1633158	5	12	#
1390	2859428	9	44	46	#
1391	2538802	14	16	22	38	#
1392	2025429	23	24	39	63	#
1393	2374381	19	27	30	#
1394	4116878	3	14	29	46	48	#
1395	1730211	8	26	#
1396	3068202	12	18	27	32	#
1397	1508310	6	63	#
1398	1349288	5	26	54	#
1399	1079542	28	53	#
1400	1722711	26	35	59	#
1401	1369659	16	36	#
1402	1626120	2	55	#
1403	1187406	26	56	#
1404	2096011	2	10	12	26	42	43	#
1405	2525622	3	33	45	#
1406	2137885	13	21	44	50	#
1407	1456415	31	49	#
1408	1809444	9	62	#
1409	2978843	22	53	58	#
1410	2558146	11	24	53	#
1411	2605111	0	9	39	#
1412	2086087	21	31	42	#
1413	1075825	29	58	#
1414	4802054	6	18	36	41	42	53	#
1415	6203772	7	11	21	24	32	53	55	#
1416	1660822	0	46	#
1417	5098530	3	5	18	23	41	45	52	58	#
1418	2989968	10	46	63	#
1419	1870556	21	32	#
1420	1277943	10	42	#
1421	1235682	7	22	61	#
1422	1023307	49	51	#
1423	6911701	6	11	23	49	51	58	61	#
1424	1587970	5	28	46	#
1425	5195782	11	22	53	55	60	61	#
1426	4100267	5	7	35	40	53	63	#
1427	5743666	0	6	21	24	39	47	50	#
1428	1721414	37	51	60	#
1429	3721346	1	16	60	61	#
1430	3305697	8	19	51	53	#
1431	3649555	7	8	30	41	42	#
1432	1298003	36	40	#
1433	5227312	25	36	44	45	54	63	#
1434	1968298	0	21	47	#
1435	1906318	37	41	51	56	#
1436	2187458	10	21	40	46	#
1437	5114340	16	19	20	44	45	55	#
1438	4085669	19	21	32	34	37	52	62	#
1439	1923236	40	52	#
1440	1635046	7	43	#
1441	2442408	11	41	53	62	#
1442	1650476	5	56	#
1443	2459384	1	7	31	#
1444	1062749	31	40	#
1445	2290146	9	22	40	#
1446	2603052	20	38	44	#
1447	2293193	12	23	39	61	#
1448	2907658	20	26	48	59	#
1449	2116140	28	41	51	#
1450	5949260	2	5	6	33	43	59	61	#
1451	1880719	30	55	#
1452	1907983	23	26	49	52	#
1453	1296247	27	43	#
1454	2581497	47	53	57	#
1455	1559634	26	28	61	#
1456	1508476	56	62	#
1457	3388249	12	30	58	60	#
1458	1914041	7	22	48	#
1459	1651362	18	54	#
1460	1623531	45	52	#
1461	2566309	10	27	46	#
1462	2012795	19	36	50	53	54	#
1463	1327443	23	36	#
1464	6793107	4	14	30	33	34	48	55	#
1465	1585707	25	44	63	#
1466	1301284	10	57	#
1467	2739108	3	58	60	#
1468	1934197	29	37	47	#
1469	1384803	11	62	#
1470	3374497	38	43	61	63	#
1471	3929320	7	15	19	28	45	#
1472	1937594	34	36	40	#
1473	2471203	19	36	51	#
1474	2078870	0	3	36	53	#
1475	3780399	21	26	33	35	41	63	#
1476	1610251	22	27	#
1477	4224398	12	16	24	29	47	55	59	#
1478	3924002	0	16	40	59	#
1479	3790268	8	50	55	61	#
1480	1113441	5	7	#
1481	4192577	9	11	18	32	33	#
1482	2867919	3	51	61	#
1483	1618693	14	22	#
1484	2825704	21	44	46	51	55	61	62	#
1485	1331522	1	14	#
1486	2345793	0	12	34	#
1487	2717303	18	45	56	#
1488	1091232	6	27	#
1489	1969239	19	58	#
1490	1622341	21	58	#
1491	1433124	17	36	#
1492	1121895	24	63	#
1493	1501828	18	32	#
1494	1198817	24	46	#
1495	4771175	41	53	55	57	59	62	#
1496	6179822	12	17	26	49	50	51	58	#
1497	2335499	30	42	50	#
1498	1389206	1	11	18	#
1499	3259290	13	18	51	54	63	#
1500	1083491	30	57	#
1501	2831094	20	35	51	#
1502	2613903	38	47	62	#
1503	1776486	8	26	61	#
1504	1561406	43	48	59	62	#
1505	2814639	7	29	30	#
1506	4841225	6	8	12	14	20	25	30	45	63	#
1507	1214393	34	47	#
1508	1727014	21	34	50	#
1509	1791397	47	59	#
1510	1337429	26	43	#
1511	2948944	0	4	7	51	#
1512	1052012	23	28	#
1513	2375043	17	56	58	#
1514	1608235	18	29	51	#
1515	5270224	5	9	16	24	26	33	35	40	46	63	#
1516	2992031	4	19	34	44	48	#
1517	2356029	43	56	62	#
1518	2042444	27	39	40	#
1519	3863759	0	24	32	36	#
1520	1408928	8	25	#
1521	1616614	2	43	#
1522	2332430	1	5	12	22	27	52	#
1523	1159911	38	59	#
1524	5923360	16	21	32	37	43	50	#
1525	2250914	9	12	16	27	40	#
1526	1782384	13	17	38	56	#
1527	2980219	48	51	52	#
1528	2074684	7	27	50	#
1529	2250061	28	30	54	#
1530	2741145	14	27	44	#
1531	1257193	20	54	#
1532	1465283	9	11	36	#
1533	2414022	24	28	33	#
1534	2240901	3	15	21	#
1535	1856450	13	44	#
1536	2594295	9	38	41	#
1537	1329048	31	61	#
1538	1258704	19	35	#
1539	4899822	0	4	9	32	33	45	48	#
1540	4122511	3	9	17	32	39	#
1541	2367054	8	20	28	#
1542	4572620	1	12	17	24	29	#
1543	1539226	4	15	49	#
1544	4393095	0	8	24	36	57	#
1545	2927445	35	42	57	#
1546	2575459	35	39	49	#
1547	1591865	28	47	#
1548	1698774	5	61	#
1549	1590215	9	56	#
1550	2423687	4	13	18	49	#
1551	7505220	1	8	19	31	39	44	47	62	#
1552	3639845	0	6	12	14	51	#
1553	4407244	11	17	24	28	32	#
1554	1364592	4	7	#
1555	1729353	22	36	#
1556	1594333	30	36	53	57	#
1557	1756394	11	48	61	#
1558	2279635	28	35	60	#
1559	2131310	11	17	49	#
1560	10107288	11	19	25	29	30	35	39	43	46	49	51	#
1561	2952168	2	6	21	32	54	#
1562	1570492	6	55	#
1563	1200262	8	21	#
1564	1083670	36	43	#
1565	2480001	16	18	39	#
1566	2869280	12	30	40	61	#
1567	1883365	48	60	#
1568	4232085	8	11	21	26	49	#
1569	1600929	14	16	18	#
1570	4286245	7	25	45	57	58	#
1571	5251246	3	13	16	28	38	55	#
1572	3438197	0	18	30	54	62	63	#
1573	2092006	6	36	38	39	#
1574	1950341	1	6	11	32	38	#
1575	1364242	20	23	#
1576	1585508	13	57	#
1577	2430469	3	19	45	48	63	#
1578	1023669	9	19	#
1579	1337986	6	49	#
1580	2289930	8	45	51	#
1581	1207612	20	29	38	#
1582	2311839	0	34	58	#
1583	5896006	14	18	31	43	45	50	#
1584	3622890	4	6	15	16	23	52	#
1585	1100522	30	49	#
1586	1535774	28	63	#
1587	3370755	4	26	28	58	#
1588	1390798	51	63	#
1589	1849555	33	59	#
1590	2911571	20	41	42	#
1591	1301651	17	49	#
1592	1345951	4	37	40	#
1593	2799154	14	32	34	53	54	#
1594	1088516	18	30	45	#
1595	1108280	0	49	#
1596	1889476	19	54	#
1597	1462785	5	62	#
1598	1054823	7	34	#
1599	1180004	36	39	#
1600	3157118	13	39	52	57	60	#
1601	999686	42	50	#
1602	2993301	17	24	26	#
1603	5350935	6	7	17	21	30	47	60	#
1604	2108350	37	50	59	#
1605	3966125	4	7	34	60	#
1606	1701602	0	27	#
1607	2308072	31	36	47	#
1608	1184903	22	43	50	#
1609	2150148	3	33	44	48	62	#
1610	1178735	4	40	#
1611	3943344	11	20	27	29	33	35	50	51	55	61	#
1612	2411836	3	4	21	42	#
1613	1892785	23	32	#
1614	1857294	27	46	#
1615	2713871	20	24	32	51	#
1616	2801616	4	59	61	#
1617	1514163	35	60	#
1618	1587229	20	43	46	#
1619	1680231	0	58	#
1620	2338110	35	36	62	#
1621	1870289	0	9	36	56	#
1622	2325301	8	19	61	#
1623	7251899	2	8	14	25	29	38	39	44	45	60	#
1624	1610161	21	50	#
1625	999209	22	25	#
1626	1437836	1	11	12	17	#
1627	1258204	15	17	#
1628	3256149	0	15	19	20	24	36	54	#
1629	3571305	17	21	25	42	46	63	#
1630	1256726	1	9	20	47	48	#
1631	1409963	16	28	#
1632	2039690	2	16	33	44	58	#
1633	1315411	36	37	#
1634	1733480	9	21	#
1635	1519037	0	52	#
1636	1336919	19	21	41	53	#
1637	2673061	0	30	47	#
1638	2305010	3	28	41	45	#
1639	2208763	18	20	37	#
1640	3225461	5	6	34	36	48	#
1641	1167120	18	56	#
1642	4316309	8	11	14	15	21	#
1643	1157604	3	24	47	#
1644	2224524	9	19	56	58	63	#
1645	3339910	9	12	35	60	#
1646	1686971	19	55	#
1647	3360246	27	32	55	58	#
1648	2091014	1	12	32	56	#
1649	2378896	0	13	14	43	45	53	#
1650	1990604	23	24	#
1651	2990205	28	31	32	43	44	#
1652	3679853	18	39	41	46	58	61	#
1653	1314445	32	43	#
1654	2522695	19	32	48	#
1655	8109725	11	14	17	19	22	24	38	59	60	61	#
1656	1834571	15	19	#
1657	2421898	9	30	46	#
1658	3958477	5	7	16	51	#
1659	1470723	11	20	#
1660	1390306	12	33	53	#
1661	2028945	19	45	50	#
1662	2760612	37	41	57	#
1663	2307696	36	51	63	#
1664	4694698	0	24	26	28	30	32	#
1665	2470111	5	8	47	52	#
1666	2461644	15	59	61	#
1667	1199122	7	22	#
1668	1964158	8	60	#
1669	1350537	27	49	#
1670	3148968	0	2	11	35	53	#
1671	2867193	16	19	27	47	53	#
1672	1928639	53	55	#
1673	1030366	39	42	#
1674	1481944	44	57	#
1675	1428280	24	57	#
1676	4177740	22	30	36	38	48	#
1677	1073347	16	48	#
1678	1018417	5	59	#
1679	2227478	8	38	47	#
1680	1956847	20	37	45	#
1681	4156418	12	23	25	36	61	#
1682	3491181	0	18	30	44	49	53	61	62	#
1683	5330202	3	21	22	35	57	61	#
1684	3023330	31	44	48	49	#
1685	1438041	43	59	#
1686	3042427	6	24	39	57	#
1687	2083625	8	10	28	#
1688	1555413	19	62	#
1689	2914703	0	48	51	59	#
1690	1740199	7	31	59	#
1691	2679160	28	32	57	#
1692	3265405	3	5	25	36	50	58	62	#
1693	1409016	9	30	#
1694	1443370	8	24	#
1695	1262504	1	21	53	60	#
1696	7635105	15	16	19	30	37	39	42	51	#
1697	3115515	11	28	31	42	43	#
1698	4423013	1	2	10	17	44	46	#
1699	2160700	1	23	51	#
1700	1584644	0	12	#
1701	1761398	13	32	49	#
1702	1722145	4	18	51	#
1703	3451078	2	8	20	21	43	#
1704	4663731	3	20	30	31	38	#
1705	2094304	4	20	31	39	43	59	#
1706	1381858	26	51	#
1707	1324822	37	38	#
1708	4194918	7	13	41	53	58	#
1709	2378252	11	30	38	#
1710	1156358	1	16	#
1711	2160266	9	27	34	#
1712	4896246	1	26	29	33	61	#
1713	1464684	16	21	#
1714	2019448	24	29	53	#
1715	2417334	4	48	50	#
1716	3280129	14	28	32	37	40	60	#
1717	3683650	23	33	41	44	59	#
1718	2283749	5	31	52	#
1719	4112018	5	21	30	40	42	50	#
1720	2347949	42	43	44	#
1721	3782421	0	20	42	50	#
1722	2214627	30	40	58	#
1723	3520487	16	17	23	29	53	57	#
1724	1997906	5	20	59	#
1725	1595501	5	10	26	35	50	#
1726	1480969	27	40	#
1727	2381821	28	34	36	55	#
1728	1007284	19	47	51	#
1729	3657899	4	20	58	61	#
1730	2731688	1	24	26	34	39	45	57	#
1731	2044264	12	16	61	#
1732	2023024	10	25	57	59	#
1733	4248737	9	24	28	36	55	#
1734	2206378	6	55	59	62	#
1735	1942959	1	41	51	#
1736	7601381	6	22	25	26	41	49	59	60	#
1737	6243769	8	20	22	26	38	43	45	52	54	59	#
1738	3495839	12	42	54	63	#
1739	3167294	4	10	14	38	60	#
1740	1375930	0	29	43	#
1741	2007050	34	50	59	#
1742	1311309	19	30	35	#
1743	2486715	1	3	14	#
1744	2973255	19	43	53	#
1745	2912275	6	14	23	33	50	#
1746	1249709	3	23	#
1747	3493356	12	29	38	58	#
1748	3654663	16	33	34	58	#
1749	2588642	5	7	28	38	#
1750	1540491	11	41	#
1751	1898402	44	56	#
1752	2938791	10	21	35	#
1753	1638886	1	33	#
1754	1636685	15	16	#
1755	3975481	3	9	16	21	31	35	40	48	50	#
1756	1906228	14	35	46	49	#
1757	11645593	0	1	16	18	20	22	23	30	34	48	54	55	#
1758	2029366	0	3	21	22	41	47	55	59	#
1759	4059113	4	9	10	26	43	#
1760	1962640	14	50	#
1761	1262105	1	16	44	#
1762	2262162	5	8	11	#
1763	2029459	11	20	32	42	#
1764	2234301	12	23	62	#
1765	1742418	5	43	#
1766	2655246	8	34	56	#
1767	1965631	13	15	49	#
1768	1143627	2	14	#
1769	6872019	21	31	34	36	37	40	41	45	54	#
1770	3671319	10	42	56	62	#
1771	1804827	7	12	#
1772	3034153	0	1	11	13	21	37	#
1773	1865367	19	45	#
1774	2808391	10	14	25	61	#
1775	4121910	3	24	32	34	45	#
1776	1708033	28	40	#
1777	3177859	1	4	18	35	41	#
1778	1956843	44	45	#
1779	1062711	38	62	#
1780	2295191	33	52	53	#
1781	1925254	3	25	54	#
1782	3090954	9	23	29	35	39	#
1783	2891264	1	5	13	17	54	#
1784	3225251	15	40	48	53	#
1785	2675008	21	35	36	#
1786	1717438	26	28	37	55	#
1787	1860634	2	25	#
1788	2417899	2	25	58	#
1789	1250305	11	22	#
1790	1950583	3	30	#
1791	4470998	0	4	21	22	27	38	49	#
1792	5767558	6	18	22	29	30	40	49	54	#
1793	6352367	11	14	15	18	22	25	61	#
1794	1361389	0	13	23	#
1795	3585023	14	23	36	39	40	63	#
1796	2150212	19	26	30	46	49	#
1797	4757514	22	24	28	51	63	#
1798	1316440	15	52	#
1799	4155911	5	16	21	36	40	43	#
1800	1940398	24	41	46	48	#
1801	2951480	1	20	32	35	59	#
1802	2543441	1	4	8	41	45	46	#
1803	1712697	20	42	#
1804	2318308	39	50	52	57	#
1805	1545933	17	29	37	#
1806	2081464	6	22	63	#
1807	9866330	10	12	16	20	25	34	36	47	48	58	60	#
1808	2808840	35	41	63	#
1809	1865784	16	21	28	35	#
1810	3496084	19	39	53	56	#
1811	1955948	28	61	62	#
1812	1613262	44	59	#
1813	3198949	6	8	26	48	59	#
1814	3790364	1	2	45	47	52	#
1815	1800265	16	26	#
1816	1036620	9	51	#
1817	4562347	3	26	30	47	49	56	#
1818	2019531	2	16	41	#
1819	1565139	26	31	#
1820	3215626	10	11	28	37	55	#
1821	4053559	10	13	18	23	32	44	51	56	#
1822	3751285	36	48	51	56	#
1823	4641249	1	16	18	26	32	50	62	#
1824	3280540	28	34	42	62	#
1825	3971000	10	14	43	51	62	#
1826	1727541	7	38	#
1827	1736454	32	51	#
1828	2897999	40	41	43	#
1829	1354160	15	23	#
1830	7880174	32	37	38	39	40	41	45	54	56	#
1831	3009492	0	6	30	62	#
1832	6333679	0	6	14	23	27	28	33	34	47	48	#
1833	2823820	19	32	62	#
1834	1176409	17	29	#
1835	1007455	3	12	#
1836	2555079	28	32	42	56	60	#
1837	2668506	4	32	43	57	#
1838	2156761	14	44	48	#
1839	2921625	2	9	55	#
1840	2405656	23	37	38	63	#
1841	1261900	14	51	#
1842	3865394	21	29	39	42	50	#
1843	1751026	46	47	#
1844	6450458	16	42	44	45	51	52	55	#
1845	3487126	12	14	24	34	36	48	#
1846	1801635	23	46	#
1847	1076842	27	36	#
1848	3362631	2	39	46	48	#
1849	1960331	33	41	#
1850	2300455	0	27	49	#
1851	2905598	10	15	50	#
1852	1654493	37	49	#
1853	1333005	31	56	#
1854	4307960	6	27	41	51	56	#
1855	3182989	8	28	36	63	#
1856	1138363	1	24	#
1857	5609447	18	24	29	32	33	42	47	51	#
1858	2449912	13	14	17	24	28	37	47	#
1859	2455528	7	28	62	#
1860	2814860	12	36	61	63	#
1861	2663693	4	37	54	57	#
1862	2107168	14	45	57	#
1863	3470636	3	10	33	50	#
1864	3858624	14	31	46	56	58	#
1865	2553097	24	32	34	40	48	60	61	#
1866	1320595	50	56	#
1867	3767669	15	17	40	57	#
1868	6762020	2	10	22	27	37	42	51	55	61	#
1869	1712650	30	42	#
1870	3831566	6	17	29	43	44	#
1871	1137060	2	5	24	#
1872	4734882	4	5	23	35	60	#
1873	3822158	1	12	26	32	45	47	58	60	#
1874	1145069	2	22	#
1875	2461601	1	8	20	60	#
1876	2093230	13	20	41	46	49	56	60	#
1877	3888422	5	9	23	24	37	#
1878	2368027	35	39	63	#
1879	1852014	5	33	47	55	#
1880	2410689	10	42	46	#
1881	1001503	14	58	#
1882	3182517	5	11	16	26	33	43	47	58	#
1883	1438507	29	55	#
1884	1416669	25	30	#
1885	2166400	42	48	54	#
1886	2799876	8	14	39	40	56	60	#
1887	1454739	11	38	56	#
1888	1850589	18	39	63	#
1889	2844901	3	5	14	22	55	#
1890	1820511	3	43	#
1891	5063200	25	26	29	32	35	43	#
1892	3211911	11	18	41	53	#
1893	2463411	2	25	35	#
1894	3782262	8	12	19	26	#
1895	2528290	7	30	52	56	#
1896	1311708	4	30	#
1897	4798048	0	5	10	17	38	#
1898	1874543	32	55	#
1899	3746039	1	4	7	42	#
1900	1519459	9	25	#
1901	2781422	7	14	58	#
1902	2428612	2	23	38	43	#
1903	2209556	18	24	48	#
1904	1404633	0	31	#
1905	1884290	41	54	#
1906	9049923	3	17	19	27	29	31	33	41	44	45	#
1907	1050762	1	49	#
1908	2802655	4	10	20	25	32	59	62	63	#
1909	2039658	33	50	57	#
1910	3498809	8	26	45	46	52	56	#
1911	1656224	38	40	55	#
1912	3286038	7	25	40	47	#
1913	1128202	40	55	#
1914	1096458	15	55	#
1915	3365104	9	24	29	47	60	63	#
1916	1034674	24	37	#
1917	2713935	6	29	30	#
1918	1592606	39	44	#
1919	1173305	13	38	#
1920	2146888	21	41	56	#
1921	1960562	7	31	33	45	#
1922	1699104	22	34	#
1923	2102440	2	43	61	#
1924	1381088	35	57	#
1925	1733921	54	58	#
1926	3073708	0	18	32	45	62	#
1927	3132125	17	21	32	54	#
1928	1620657	8	10	36	#
1929	1011718	1	15	51	#
1930	1891157	2	43	53	60	#
1931	1025255	23	62	#
1932	1561786	7	18	25	31	#
1933	2542369	3	22	41	52	#
1934	1428736	40	59	#
1935	2684877	16	42	49	#
1936	2378227	8	49	59	#
1937	2942121	13	34	42	#
1938	4899101	1	28	29	34	39	#
1939	1638413	9	20	28	41	#
1940	4974470	13	18	24	35	50	#
1941	1260375	29	32	#
1942	5721862	1	13	32	48	55	61	#
1943	3407812	8	18	19	21	30	38	51	52	59	#
1944	2495361	9	11	45	#
1945	2930217	12	27	34	46	#
1946	3230496	9	23	39	54	56	#
1947	3183711	1	18	31	45	#
1948	1078583	32	60	#
1949	1747043	24	58	#
1950	5828642	5	8	19	27	39	43	#
1951	3184292	23	30	33	43	#
1952	2728677	29	54	56	62	#
1953	1499177	21	54	#
1954	3251428	3	28	56	57	#
1955	2793090	1	3	34	44	#
1956	1047160	8	15	#
1957	2517816	18	31	59	#
1958	1440730	1	54	#
1959	2224455	14	34	51	#
1960	1284464	38	51	#
1961	1029883	23	47	#
1962	2776016	12	25	31	56	#
1963	1134485	6	39	40	62	#
1964	4134636	11	25	28	30	52	#
1965	3598640	11	33	51	57	#
1966	1751144	19	34	56	#
1967	1808930	19	24	33	47	#
1968	1604154	46	48	#
1969	4650298	3	5	14	17	32	38	43	53	#
1970	2001241	20	33	35	#
1971	2117456	2	49	61	#
1972	1571073	14	32	#
1973	1828390	8	39	#
1974	6695890	0	6	15	16	31	42	43	58	#
1975	7539720	6	10	11	25	32	34	36	47	53	57	#
1976	3946822	10	31	33	62	#
1977	2331865	20	33	48	#
1978	1199593	12	26	#
1979	2769438	28	33	39	61	#
1980	1461967	27	58	#
1981	2280814	9	52	56	#
1982	2332335	4	19	33	#
1983	3355348	6	8	25	40	54	#
1984	1039373	26	54	#
1985	2618672	24	41	49	52	#
1986	1610211	35	47	#
1987	1189936	45	54	#
1988	1066665	31	41	58	#
1989	1487976	9	16	19	#
1990	2700669	24	48	56	#
1991	1628764	1	4	#
1992	1537127	23	55	#
1993	1907133	23	28	58	#
1994	2310909	0	1	17	25	#
1995	2698787	8	34	62	#
1996	2482096	24	25	37	63	#
1997	2191626	14	21	28	45	#
1998	3254713	7	40	44	59	#
1999	1433282	13	30	48	#
