%% File generated by CATS v.2.1Wed Jun 19 19:07:43 2013

%% The CATS webpage is http://robotics.stanford.edu/CATS

%% PARAMETER SETTINGS:
% Goods: 64; Bids: 2000; Distribution: L4; Runs: 50; Seed: 1371663978
% Legacy distribution parameters:
% Number of goods chosen according to Decay distribution (alpha = 0.55).
% Price chosen according to Linear Random distribution (low_linearly = 1, high_linearly = 1000).


goods 64
bids 2000
dummy 0

0	990594	13	#
1	2647566	6	25	35	#
2	1076542	1	2	58	#
3	994847	34	#
4	971813	32	#
5	994975	20	#
6	1399305	2	20	#
7	997350	38	#
8	988606	61	#
9	992425	31	#
10	983825	30	#
11	965587	28	#
12	994574	25	#
13	989755	48	#
14	987456	16	#
15	918704	58	#
16	999183	19	#
17	1095132	36	54	#
18	990404	7	#
19	985820	49	#
20	2047504	3	12	31	#
21	2371523	7	13	28	34	40	#
22	946194	35	#
23	973757	24	#
24	949554	21	#
25	1491380	23	28	#
26	996779	23	#
27	991116	47	#
28	989915	36	#
29	1836512	17	41	#
30	1976534	0	40	#
31	991219	8	#
32	993759	12	#
33	1966343	2	36	#
34	999582	57	#
35	987598	10	#
36	3917540	4	12	21	57	#
37	4680348	2	6	24	47	50	#
38	921410	53	#
39	1688783	25	35	#
40	996756	51	#
41	957584	60	#
42	1671132	23	30	#
43	1838164	8	22	#
44	965935	37	#
45	1495758	17	21	#
46	1953642	0	14	58	#
47	4467967	8	12	15	35	44	#
48	2504073	15	42	47	62	#
49	995842	62	#
50	1078227	25	56	#
51	986252	14	#
52	3236276	5	16	41	59	#
53	996117	22	#
54	1815949	6	59	#
55	1051211	11	23	#
56	1311363	32	62	#
57	2966653	14	21	43	44	#
58	11198755	5	6	8	12	20	25	29	30	31	44	45	46	47	#
59	968483	4	#
60	1514495	12	57	#
61	923441	2	#
62	1506916	18	39	#
63	987579	54	#
64	3166385	3	8	10	17	26	28	31	39	52	56	58	#
65	1450221	41	55	#
66	2609145	35	37	63	#
67	2942761	2	13	19	40	#
68	970448	11	#
69	1528506	7	60	#
70	986433	5	#
71	1109052	56	61	#
72	981296	41	#
73	1431133	43	47	#
74	992980	42	#
75	2245760	4	33	39	#
76	975806	9	#
77	2009556	5	15	35	45	62	#
78	957867	45	#
79	1564045	2	11	#
80	977398	6	#
81	994789	55	#
82	2296974	2	11	25	32	40	59	#
83	4766553	18	23	33	54	56	#
84	966451	56	#
85	1689231	0	29	53	56	#
86	2540455	4	31	53	#
87	991507	33	#
88	2496216	0	2	5	10	17	#
89	998714	52	#
90	999915	29	#
91	1922158	27	44	#
92	1098520	12	44	62	#
93	2035886	3	21	48	#
94	1742712	46	60	#
95	1216855	10	34	#
96	1724305	0	48	#
97	1226239	6	15	43	#
98	1395350	2	51	56	#
99	2541225	13	14	18	24	32	56	#
100	1821742	11	44	#
101	1995730	7	40	#
102	1433854	8	49	#
103	996296	59	#
104	981797	17	#
105	1910445	26	39	43	47	#
106	1634724	45	60	#
107	5548331	9	14	28	39	47	50	#
108	2870199	11	26	29	58	59	#
109	1990521	3	7	35	#
110	3439825	15	32	33	36	#
111	1517823	0	18	44	#
112	927895	63	#
113	1381522	1	8	52	#
114	1763584	6	54	#
115	986899	3	#
116	1189825	17	49	#
117	957194	50	#
118	1123204	9	59	#
119	1166076	37	38	#
120	988536	43	#
121	1622592	40	62	#
122	1849853	1	61	#
123	5433045	3	7	35	38	39	43	61	#
124	5970288	12	18	28	31	33	36	43	54	57	#
125	1179141	4	28	#
126	1213862	36	43	#
127	970635	39	#
128	989585	40	#
129	1978238	29	54	55	62	#
130	996390	44	#
131	1844965	30	46	#
132	2860339	27	29	33	44	56	#
133	4922146	27	33	52	53	59	#
134	1625676	6	25	62	#
135	2428141	33	46	61	#
136	1903970	26	62	#
137	1224440	14	27	#
138	969632	46	#
139	2583289	14	19	32	#
140	975464	18	#
141	3428929	14	20	41	57	#
142	2904208	23	42	47	58	#
143	993915	0	#
144	1859932	5	44	#
145	2836317	11	14	19	26	37	39	53	#
146	1261829	5	18	#
147	2617890	24	26	41	#
148	3146110	6	8	40	52	#
149	973728	27	#
150	1358517	37	42	#
151	1979305	0	4	24	36	#
152	1883879	3	32	#
153	3061538	0	33	52	54	#
154	1341522	5	32	#
155	1953794	11	28	#
156	4824804	3	13	36	39	45	#
157	4429443	9	20	27	34	49	57	#
158	1764270	28	56	#
159	1168312	2	32	#
160	2941816	9	24	48	55	#
161	1922894	13	51	#
162	1675227	16	32	#
163	1631695	48	62	#
164	3853763	11	12	44	47	58	#
165	1274843	25	58	#
166	2963053	2	20	50	53	#
167	1149835	22	31	#
168	4738756	3	12	19	32	37	43	59	#
169	2126755	4	10	14	44	#
170	2325709	6	38	44	#
171	1423039	5	53	#
172	1879064	26	41	#
173	1426618	52	60	#
174	1596414	8	10	#
175	1010641	27	57	#
176	3385579	25	27	32	51	#
177	1336357	11	45	#
178	2777207	3	31	37	60	#
179	8133257	0	7	8	13	15	28	40	43	49	50	59	#
180	3024057	26	51	53	61	#
181	2771917	24	42	55	62	#
182	1792583	31	60	#
183	2801212	1	12	19	26	#
184	2786612	45	47	58	#
185	1997644	38	62	#
186	1625394	19	56	#
187	1237252	6	23	#
188	1344263	19	31	#
189	1793972	47	53	58	#
190	1830382	7	21	22	35	#
191	1951812	17	18	#
192	2082810	16	19	24	42	59	#
193	3301687	18	25	38	40	#
194	1334108	16	55	#
195	2422861	5	9	55	#
196	1510434	32	60	#
197	1583560	40	47	#
198	1634239	14	20	#
199	1857495	38	59	#
200	1877267	11	42	#
201	1168843	29	48	#
202	1064297	22	62	#
203	5868825	3	9	13	19	28	30	#
204	3069261	13	20	44	47	56	#
205	1634115	20	44	#
206	1917452	48	54	#
207	2698519	1	14	25	42	46	52	#
208	942823	15	#
209	2678927	15	42	57	#
210	1236886	9	62	#
211	1000252	59	61	#
212	1850379	28	42	54	#
213	2214620	8	25	31	#
214	1465036	10	41	#
215	1480875	23	36	#
216	1685077	5	12	#
217	8375329	0	6	9	11	18	25	47	53	55	#
218	1900273	2	47	#
219	1928613	19	54	#
220	1073701	30	56	#
221	996680	26	#
222	6323647	3	27	32	36	40	49	51	#
223	1505568	9	23	58	#
224	2108244	6	28	60	#
225	4127271	4	9	23	32	34	36	45	58	62	#
226	3996309	15	19	23	31	#
227	2828391	13	32	46	58	63	#
228	2779637	26	28	37	56	#
229	3270241	6	38	40	58	60	#
230	2387861	4	22	52	#
231	1992666	15	30	#
232	1717410	21	28	#
233	3536966	20	32	55	58	60	#
234	3675063	2	5	18	26	#
235	1967740	18	42	47	#
236	2673123	8	15	21	#
237	1986603	12	36	#
238	1580885	8	57	#
239	3747948	4	19	39	52	58	#
240	1351761	26	56	#
241	1898519	38	52	#
242	2090207	6	10	41	#
243	1628769	23	56	#
244	2005249	35	36	53	#
245	2921161	25	28	41	#
246	2768074	34	35	55	#
247	1271612	18	60	#
248	3648308	3	5	6	20	55	#
249	2675754	15	18	58	62	#
250	3240873	2	16	52	54	#
251	1398629	33	52	#
252	2434863	35	57	63	#
253	1788865	12	48	#
254	1731742	19	29	52	#
255	3792713	3	6	61	63	#
256	1386384	19	62	#
257	1644225	21	25	#
258	2289016	6	34	42	#
259	1255036	0	50	#
260	1687338	32	34	#
261	1144135	38	63	#
262	1746322	8	31	#
263	1793210	11	20	32	#
264	3521694	4	6	9	37	40	#
265	2455255	41	45	51	54	#
266	10405129	3	8	16	18	19	26	30	34	40	45	49	51	54	55	57	#
267	1036170	4	24	#
268	2201867	28	40	49	#
269	1845035	1	50	#
270	1204166	6	47	#
271	1658139	24	55	#
272	1542292	25	30	#
273	1567127	8	50	#
274	1322911	50	55	#
275	1839743	21	38	#
276	1997767	46	51	55	#
277	1971024	39	40	#
278	2481458	52	56	62	#
279	1603923	21	44	#
280	2529497	10	53	54	57	#
281	1327353	34	45	61	#
282	2133540	46	47	53	#
283	6295363	0	2	6	12	20	36	40	51	#
284	1023177	19	27	58	#
285	1819277	0	48	60	#
286	3581108	23	46	50	63	#
287	1959921	23	31	39	61	#
288	1856797	6	35	#
289	1516779	16	36	#
290	2873050	11	24	38	#
291	2827769	39	44	46	#
292	1719055	7	41	49	54	#
293	2666436	8	12	51	#
294	3717661	4	29	44	60	63	#
295	1438182	0	56	62	#
296	2167677	3	25	35	47	63	#
297	2526617	7	16	25	62	#
298	1927605	20	30	37	48	55	#
299	2742937	1	3	22	#
300	1808184	20	49	#
301	1681793	42	47	#
302	3095989	33	36	42	46	61	#
303	1557150	25	26	#
304	1623138	22	51	#
305	2995490	40	46	48	#
306	1595982	15	23	#
307	1130076	2	46	59	#
308	7374649	14	18	20	28	40	43	46	56	58	#
309	1378015	32	35	#
310	5009380	4	8	9	19	32	60	#
311	1753678	55	63	#
312	1558036	21	52	#
313	1805392	9	21	29	33	45	56	#
314	1447261	34	52	#
315	1587679	6	56	#
316	5693650	7	21	22	30	32	39	62	#
317	2109010	6	12	16	35	41	#
318	1642341	32	37	55	#
319	2749908	0	28	32	42	43	54	#
320	2043141	38	49	52	#
321	1717130	27	55	#
322	2594287	22	46	56	#
323	1508470	11	24	#
324	2614936	14	23	31	#
325	1933794	36	62	#
326	1084763	39	59	#
327	1749372	29	49	#
328	941150	1	#
329	1984325	22	41	#
330	1825844	33	53	#
331	3598443	5	20	21	27	50	52	63	#
332	2249226	6	25	48	#
333	2880371	24	30	44	#
334	1354976	56	59	#
335	1272336	20	28	#
336	5271880	6	15	26	33	38	58	#
337	1138732	7	11	#
338	2988899	32	37	38	42	#
339	3516427	14	34	43	45	#
340	1744776	35	45	#
341	2293417	14	21	23	30	#
342	1239350	1	32	#
343	1686789	7	8	#
344	1682011	3	42	#
345	1409583	35	51	#
346	2992727	25	28	52	#
347	1850056	2	22	51	#
348	1458170	1	63	#
349	1849743	4	22	34	47	#
350	1483909	22	44	#
351	1321498	6	8	#
352	1219920	13	38	#
353	1183774	2	4	#
354	1765981	24	48	#
355	1726354	39	44	#
356	1414686	12	38	56	#
357	2868338	19	35	40	#
358	1933685	31	51	#
359	2026580	3	38	61	#
360	2920615	4	18	33	47	#
361	2472532	35	44	56	#
362	1547700	1	54	#
363	1259069	36	52	#
364	1975940	30	32	#
365	1550217	21	23	#
366	1968833	22	59	#
367	11105877	0	1	4	5	7	16	35	37	39	41	54	60	#
368	6383616	5	12	21	26	33	42	52	60	#
369	1147086	7	30	45	#
370	1954766	1	10	36	#
371	2069643	29	50	54	#
372	1639565	42	49	53	#
373	1097654	13	37	#
374	1228146	18	19	#
375	1540755	11	39	48	#
376	2925704	6	8	18	#
377	1925931	4	35	#
378	1789922	4	40	#
379	5620868	1	37	52	53	55	62	#
380	1899137	40	60	#
381	1254631	12	26	#
382	3967633	2	3	12	25	33	#
383	3850910	9	24	30	33	55	#
384	1866430	17	33	39	#
385	9377239	6	9	17	19	21	26	28	34	37	51	#
386	2031675	20	32	49	56	#
387	1895764	9	24	51	#
388	1785938	14	36	#
389	2743285	33	42	60	#
390	2332222	27	30	38	#
391	1655298	21	57	#
392	1877259	1	22	#
393	1544398	35	61	#
394	1441100	6	16	#
395	1614634	4	22	#
396	1513838	27	28	#
397	2980408	19	24	26	47	61	#
398	1631842	40	48	51	#
399	1344028	16	27	38	51	#
400	1902471	46	57	#
401	1727664	46	47	#
402	1801531	22	36	47	49	60	63	#
403	1303212	22	34	#
404	1975281	25	32	#
405	1954752	3	9	14	16	30	31	39	#
406	1897786	35	37	#
407	1367378	17	20	#
408	1782527	22	46	#
409	5034506	11	32	36	48	51	55	#
410	1682686	0	5	#
411	1308318	57	59	#
412	2902795	11	32	45	49	50	#
413	1364137	5	29	#
414	1236540	1	33	#
415	4145575	12	18	22	24	30	40	45	#
416	1602364	2	4	12	33	#
417	3243382	14	31	35	50	#
418	1662484	21	53	#
419	6911169	15	37	48	50	54	55	61	#
420	4781912	12	20	22	32	35	#
421	3930805	4	21	33	36	56	63	#
422	4446044	7	31	40	42	50	53	54	#
423	2115133	17	30	49	#
424	2318330	5	7	14	27	#
425	2834121	12	24	31	51	#
426	1858964	5	37	#
427	1194889	15	26	35	#
428	1022708	22	49	#
429	2794552	6	38	62	#
430	1474138	4	58	#
431	1693210	21	45	61	#
432	2184544	19	28	42	59	#
433	1361774	13	32	#
434	1055935	14	32	#
435	1245464	2	41	#
436	2568582	4	7	41	#
437	1390744	20	60	#
438	11388115	3	5	10	16	24	26	31	33	38	39	47	49	52	#
439	1663513	37	54	#
440	6342800	5	10	51	53	54	56	57	#
441	1093360	15	52	#
442	1822424	5	50	#
443	1052003	33	38	#
444	2372077	18	31	35	50	59	62	#
445	2749444	11	50	59	#
446	1962085	20	25	#
447	1935841	1	9	35	#
448	1560867	9	18	#
449	2187653	12	35	52	#
450	1867200	15	62	#
451	1992117	6	48	#
452	2873603	3	15	50	63	#
453	2797528	12	22	29	43	46	#
454	3886058	28	30	36	49	#
455	1183442	22	37	#
456	3510406	19	21	24	27	41	51	52	#
457	1768852	20	62	#
458	5961083	3	4	19	25	35	41	45	55	#
459	1664638	6	14	#
460	1092014	28	48	#
461	2362249	7	22	24	33	47	#
462	2176721	0	5	27	#
463	5216889	3	4	5	18	30	31	56	57	#
464	3865008	17	18	41	46	#
465	2310421	4	9	18	33	#
466	1982770	12	24	#
467	1360598	26	32	#
468	2380860	17	26	30	#
469	2165464	1	2	10	#
470	2527131	17	27	55	#
471	1950612	7	10	62	#
472	3571095	24	29	33	48	#
473	1767453	22	30	#
474	1763389	11	26	#
475	1811419	19	34	60	63	#
476	1013519	28	59	#
477	3782589	2	10	11	22	40	63	#
478	1823651	15	40	#
479	4162814	7	9	15	36	58	#
480	1308104	34	41	#
481	1945921	3	20	21	57	#
482	2758932	4	6	63	#
483	5913657	2	5	8	17	27	32	50	62	63	#
484	1990621	16	20	29	34	35	52	#
485	2129858	7	22	60	#
486	2307649	17	28	57	58	#
487	2400714	8	17	23	32	#
488	2024793	4	7	16	#
489	1875513	8	39	#
490	5320618	5	8	12	18	19	20	30	31	39	43	48	59	#
491	2593021	14	34	58	#
492	2662200	0	14	27	29	#
493	2693486	4	14	58	#
494	1905197	0	6	12	42	#
495	3562136	2	6	10	12	17	33	46	#
496	3055443	4	21	25	55	#
497	5051712	3	9	10	11	15	46	49	#
498	2831135	16	22	47	#
499	1081799	1	47	#
500	2192876	0	8	11	27	34	35	40	52	#
501	1948161	9	41	#
502	1615120	41	49	#
503	2787369	42	49	52	#
504	3654878	7	39	43	60	#
505	1778545	11	43	#
506	1396339	19	48	#
507	2199022	0	1	14	26	31	63	#
508	2052045	7	20	49	58	#
509	3284296	10	29	32	42	59	#
510	1767254	48	59	#
511	1909242	13	42	63	#
512	1339538	15	29	43	#
513	1931434	3	28	#
514	1874210	0	37	#
515	1494074	11	55	60	#
516	1836121	11	34	46	49	60	#
517	3181581	4	42	50	58	#
518	1041227	7	56	#
519	2362993	20	31	48	54	58	#
520	1715810	3	44	#
521	2081701	33	37	42	#
522	1831342	7	9	44	#
523	996210	30	36	#
524	1315513	15	44	#
525	1905078	22	45	#
526	2096730	45	56	63	#
527	1310868	23	31	#
528	2118872	10	46	50	#
529	1767986	21	27	#
530	1107225	11	52	57	#
531	1966284	10	47	#
532	2979766	11	55	61	#
533	4468942	6	10	35	46	51	57	#
534	2979862	5	6	8	#
535	1923669	12	34	61	63	#
536	1976814	0	51	#
537	3451924	27	29	34	55	#
538	2806502	14	49	50	56	#
539	1054029	42	60	#
540	1377480	6	23	57	#
541	1869426	7	39	#
542	5647831	0	4	26	31	37	38	61	#
543	1724140	29	48	61	#
544	1017853	5	13	#
545	1227963	12	45	#
546	1952322	10	11	30	#
547	1912016	37	62	#
548	2159803	22	28	35	43	53	#
549	1592686	15	33	#
550	3868216	12	29	53	56	63	#
551	1770929	49	58	#
552	2065938	8	15	30	#
553	1172848	16	39	#
554	2366321	3	22	30	41	#
555	1622798	1	10	37	#
556	1822888	49	50	#
557	2578650	12	16	32	38	45	51	58	#
558	3370155	4	17	19	22	28	44	#
559	1598770	8	33	#
560	4398331	7	11	33	52	56	#
561	2913059	11	21	46	57	#
562	2782445	3	36	53	#
563	3906812	6	24	35	46	52	#
564	2084589	11	29	43	#
565	3142302	3	39	46	51	57	#
566	1881964	19	40	#
567	2732376	10	23	55	#
568	2705581	17	30	32	39	40	41	52	#
569	4245887	2	14	28	30	32	34	51	#
570	1909629	23	34	#
571	2909910	1	39	61	#
572	1844943	35	38	40	#
573	1608414	8	47	#
574	3518878	5	14	24	32	48	49	#
575	1848241	42	44	#
576	1773493	39	43	#
577	1036568	2	39	#
578	3079901	22	27	29	41	43	#
579	2523610	10	19	45	#
580	2191182	4	33	40	#
581	1246773	14	40	63	#
582	2948831	6	8	17	29	43	46	47	#
583	1615890	18	27	#
584	1245941	12	35	#
585	4504835	11	50	51	52	59	#
586	1994037	28	39	#
587	2486082	9	35	50	#
588	1823700	0	55	#
589	1032225	23	47	#
590	2480002	4	16	24	29	33	36	45	56	#
591	4573630	5	9	18	31	36	#
592	2937697	13	41	53	#
593	1568961	16	53	#
594	1410145	38	42	54	#
595	1738112	7	10	46	#
596	1880739	34	42	44	#
597	1953229	9	57	#
598	1343468	13	30	39	#
599	1954683	12	30	#
600	2229534	14	21	42	47	50	54	63	#
601	3887903	11	32	39	46	48	#
602	1480938	23	39	#
603	2292369	9	17	20	53	#
604	1772019	34	40	#
605	2498407	3	9	37	#
606	3267509	40	42	45	57	59	#
607	2120576	6	37	50	#
608	2107563	13	52	56	#
609	2076896	33	48	62	#
610	1221435	30	61	#
611	2324937	0	30	38	51	#
612	2102764	1	14	33	#
613	1506293	7	19	#
614	1873821	6	7	60	#
615	1902351	34	53	#
616	3566898	10	22	30	45	#
617	2718694	48	55	62	#
618	2538768	19	40	48	#
619	1469279	8	18	56	#
620	1306261	32	52	#
621	1474194	17	35	#
622	1916592	5	9	#
623	2873032	13	37	43	#
624	1632934	0	58	#
625	1478315	9	31	#
626	1559508	10	61	#
627	2546039	20	22	33	#
628	1285873	2	56	#
629	1261116	13	56	#
630	1952789	9	49	#
631	2108503	31	44	45	#
632	3722208	8	15	39	49	#
633	1642758	27	37	52	57	#
634	2657982	5	12	31	#
635	1062906	10	11	25	#
636	3871129	23	41	55	59	#
637	1579275	15	37	50	#
638	1365576	12	28	41	#
639	5025878	4	6	15	24	35	42	47	61	#
640	1695515	29	39	#
641	2906861	0	21	34	#
642	1297384	19	51	#
643	2328603	35	48	49	#
644	2744720	22	23	54	#
645	1992430	1	13	33	#
646	3836993	1	2	8	10	52	56	63	#
647	2363905	4	36	39	41	#
648	2449252	2	33	36	#
649	4469138	2	6	18	28	34	61	#
650	2573561	2	10	19	61	#
651	5280304	5	17	23	25	32	35	48	62	#
652	1968214	17	22	#
653	2480260	11	38	50	#
654	1317460	5	60	#
655	1748901	27	47	60	62	#
656	2354109	5	20	29	30	32	57	#
657	1608838	32	58	#
658	3652674	12	22	29	63	#
659	3617085	35	37	39	43	50	62	#
660	3040496	6	11	32	46	#
661	6838225	7	34	35	38	52	58	60	#
662	2173825	3	10	13	16	44	49	59	#
663	5076971	12	16	32	34	36	56	#
664	1682225	8	26	#
665	2495795	20	26	47	#
666	1845470	7	26	60	#
667	2629046	24	36	58	#
668	1650060	16	48	#
669	3042414	4	12	39	54	#
670	3756937	8	19	25	38	#
671	1168260	24	33	#
672	2799224	2	41	44	#
673	1982514	51	60	#
674	2948491	8	30	37	44	#
675	3431521	1	5	17	20	28	#
676	4169845	3	10	23	47	50	#
677	2265765	16	19	31	48	#
678	1140470	20	52	#
679	1952241	7	14	#
680	3084943	25	37	48	49	#
681	1702994	5	58	#
682	1221307	1	36	45	#
683	1141514	17	51	#
684	1640578	12	53	#
685	1409872	8	28	#
686	3508451	1	30	48	57	#
687	11030528	3	12	16	19	22	24	30	31	38	54	55	56	#
688	1525674	5	17	56	#
689	1069936	30	41	#
690	1262675	55	62	#
691	1976440	29	42	51	#
692	2321020	9	16	36	46	51	59	63	#
693	2032408	24	44	63	#
694	3173410	13	17	23	41	#
695	2205605	45	46	60	#
696	1404510	11	56	#
697	1787180	5	43	#
698	2692695	9	11	28	#
699	2055603	14	32	47	56	#
700	3296305	4	30	39	40	43	#
701	2512812	30	32	43	#
702	1876523	23	25	#
703	3950001	25	29	34	49	55	56	#
704	3368697	3	9	14	57	#
705	2000789	51	54	61	#
706	3782877	11	16	17	56	#
707	1978312	10	13	56	#
708	1937958	10	18	#
709	1918567	9	28	#
710	1486930	49	59	#
711	5501480	5	12	16	37	39	57	#
712	1767273	14	17	#
713	3875797	8	15	23	25	27	28	34	42	48	61	62	#
714	2363922	8	12	16	#
715	2394508	1	14	28	#
716	1912359	1	9	#
717	2063936	14	40	46	#
718	1955330	1	53	#
719	1834426	18	62	#
720	1993511	34	38	63	#
721	5848148	7	8	30	50	54	62	#
722	3138933	6	33	44	52	#
723	2065264	23	26	61	#
724	3011420	1	6	55	56	#
725	1913864	20	61	#
726	2517252	1	11	15	16	31	#
727	1482288	8	43	#
728	3484705	12	20	48	50	61	#
729	1927134	37	43	#
730	1778010	10	22	54	#
731	2240116	6	25	33	42	50	#
732	5396799	0	49	57	60	61	63	#
733	5328974	6	18	26	30	43	46	51	60	#
734	2870814	51	54	57	#
735	4721677	16	17	26	30	32	34	62	#
736	1590646	6	16	52	55	#
737	1893242	11	21	#
738	2529799	22	36	38	63	#
739	1489261	41	60	#
740	3886806	5	26	32	35	48	#
741	6409613	10	12	30	34	35	36	41	#
742	2043176	1	35	52	60	#
743	3425631	6	28	32	37	#
744	1307492	19	23	#
745	2878505	2	22	33	35	57	#
746	1922301	45	54	55	#
747	2862313	44	48	59	#
748	1596333	33	47	61	#
749	3988546	4	13	33	45	#
750	2495064	19	49	57	#
751	1291742	51	58	#
752	1556190	39	41	45	63	#
753	1940609	4	10	#
754	2299456	11	25	28	38	47	59	63	#
755	2258294	7	30	34	35	#
756	1205935	2	26	#
757	2219053	18	35	51	#
758	1069456	31	59	#
759	1827685	28	52	#
760	4167834	11	18	35	40	61	#
761	1302417	2	49	#
762	1187087	4	46	#
763	1921889	55	57	#
764	1996471	34	35	47	#
765	1960269	1	23	#
766	2903125	10	33	37	#
767	3539865	2	18	35	40	59	#
768	8568329	23	26	40	45	50	54	55	60	63	#
769	1994936	3	17	#
770	1336415	45	49	#
771	1822356	11	33	34	61	#
772	1252628	15	56	#
773	1315581	34	49	#
774	2640829	13	16	25	#
775	3536329	34	44	53	59	#
776	7144244	0	5	9	23	26	48	57	60	62	#
777	1556877	46	53	#
778	2701418	19	34	56	#
779	6230758	0	9	11	18	24	44	49	51	54	56	#
780	2624787	0	28	44	#
781	3156880	7	16	55	59	#
782	1695005	22	47	#
783	1671650	1	62	#
784	1085316	32	42	61	#
785	2685888	23	57	61	#
786	1776154	19	38	#
787	1976187	50	52	#
788	1893822	2	33	37	#
789	1210980	37	44	#
790	3580421	1	3	18	26	#
791	1864513	3	45	#
792	1283590	48	49	#
793	2223686	17	59	62	#
794	1863853	27	29	#
795	3715338	21	31	60	62	#
796	1906874	31	52	#
797	2028135	4	16	18	48	59	#
798	1763766	34	54	#
799	1130597	9	35	#
800	4024200	8	11	17	52	55	56	#
801	2376172	1	6	50	51	#
802	2704612	14	46	61	#
803	1942238	14	51	#
804	2691390	9	13	51	52	#
805	1577117	4	12	#
806	1009341	11	25	#
807	1032866	0	2	44	#
808	1686940	0	16	#
809	1547443	11	31	#
810	1528989	13	28	#
811	1457650	17	40	49	#
812	1287600	9	10	#
813	2090710	0	14	21	53	61	#
814	1784718	3	5	#
815	1737737	17	45	#
816	1697222	34	59	#
817	1930567	13	54	#
818	1673637	0	8	#
819	2357010	15	25	57	#
820	2216840	21	29	46	#
821	1641501	44	51	#
822	1882513	4	13	#
823	1391174	7	33	43	#
824	1506648	48	52	#
825	1259024	58	60	63	#
826	3348727	6	18	32	55	61	#
827	1378967	49	53	#
828	3854416	24	28	35	53	56	#
829	1941693	20	46	57	59	#
830	1830599	39	48	55	#
831	1738292	4	57	#
832	1331816	2	48	63	#
833	2822516	10	15	17	37	42	#
834	3183496	9	13	42	54	#
835	2919084	45	48	50	#
836	2493162	32	37	56	#
837	2871848	18	30	33	41	#
838	1709122	9	30	#
839	3383121	17	29	40	63	#
840	1538905	13	52	60	#
841	3235963	11	33	43	62	#
842	1150719	14	25	#
843	5692893	0	6	17	34	35	45	48	#
844	2363502	3	28	62	#
845	2436646	28	47	55	#
846	1946132	29	63	#
847	2145561	19	23	50	57	#
848	3675916	0	11	19	20	#
849	1210983	48	63	#
850	2734220	10	52	59	#
851	4504481	5	14	17	28	46	#
852	3462737	21	35	37	39	46	49	50	#
853	1464699	52	62	#
854	3992754	3	27	28	30	45	51	59	#
855	1542402	0	3	#
856	1805230	56	63	#
857	2328528	9	40	53	#
858	2794745	4	22	25	35	38	61	#
859	2429601	3	6	8	#
860	3625283	15	31	34	35	#
861	1929354	12	20	38	#
862	3450197	4	19	23	48	54	59	#
863	4749615	10	26	30	34	40	#
864	1301513	38	42	#
865	1485639	0	52	#
866	3156897	17	24	39	56	#
867	1152794	35	63	#
868	2952568	2	4	46	48	54	57	#
869	1606915	7	19	59	62	#
870	1023029	5	33	55	#
871	1324709	14	35	53	#
872	5470713	12	25	36	42	44	45	55	#
873	1119767	5	7	57	#
874	2420066	23	30	35	39	#
875	1913893	18	63	#
876	1310907	41	44	#
877	4240342	7	18	25	30	35	36	40	#
878	1583117	15	38	39	#
879	1632746	4	27	#
880	5623160	12	19	25	26	58	63	#
881	8363635	0	5	10	12	23	31	50	54	63	#
882	3754113	6	19	22	26	29	36	#
883	3723712	13	17	24	37	45	59	#
884	2844224	8	25	50	#
885	1290514	15	28	#
886	1452925	21	60	#
887	4358074	3	13	18	24	62	#
888	5676876	15	18	23	30	45	54	62	#
889	1567032	43	62	#
890	1591928	21	42	#
891	2985532	28	49	52	#
892	4280058	6	8	10	51	61	63	#
893	2762147	43	45	62	#
894	1556077	39	54	#
895	2802527	1	9	11	25	29	55	#
896	2232046	8	14	35	55	#
897	2202328	13	18	22	36	46	#
898	1315987	12	21	33	#
899	1230894	5	39	#
900	2672361	41	53	60	#
901	1174964	45	54	#
902	1985291	16	22	50	53	#
903	4737807	3	4	19	22	30	#
904	1432463	21	58	#
905	1676027	5	61	#
906	1873160	6	22	#
907	1418953	0	7	#
908	1392915	7	31	48	#
909	1337860	14	41	#
910	1392601	27	39	#
911	2731173	4	13	32	59	#
912	2990761	9	14	18	#
913	3758542	7	8	10	27	47	57	#
914	2342723	3	30	42	43	63	#
915	2657264	20	25	50	#
916	4537063	1	9	23	33	39	#
917	1552137	5	13	39	#
918	2640586	4	6	38	#
919	1169673	13	59	#
920	1266848	7	49	#
921	2606413	2	60	61	#
922	1373063	41	58	#
923	3676915	18	31	43	50	#
924	4146586	3	9	22	53	61	#
925	1214264	55	56	#
926	2531657	28	32	42	51	#
927	1669065	14	39	#
928	1622664	51	53	#
929	4223110	12	21	38	39	45	48	49	#
930	1223886	10	12	#
931	2853860	9	26	54	#
932	1834574	25	50	60	#
933	1391010	31	57	58	#
934	3005391	29	45	52	63	#
935	2994332	6	7	16	58	#
936	3270431	31	34	54	55	#
937	1181909	9	15	#
938	1176588	7	50	#
939	1884017	1	39	59	63	#
940	1892354	21	25	54	60	#
941	1924404	22	33	#
942	6630779	2	7	9	18	23	37	40	41	43	54	#
943	3667842	19	23	31	32	44	57	#
944	1640774	6	40	#
945	2719217	1	25	33	#
946	2880705	29	38	48	#
947	1942909	25	42	#
948	3764848	16	24	42	60	#
949	1116321	38	50	#
950	1367716	6	7	17	20	#
951	3375972	8	10	11	43	#
952	1691819	7	16	29	#
953	3810653	11	20	33	47	55	#
954	2064187	4	9	42	#
955	1306352	4	29	#
956	4259645	7	15	17	24	36	#
957	1315214	32	49	61	#
958	2357790	23	28	54	57	58	63	#
959	1204686	25	47	55	#
960	4845211	3	5	21	33	49	#
961	1756904	2	45	#
962	2225365	4	37	49	55	56	#
963	1367127	0	6	#
964	2794436	4	11	51	54	63	#
965	3696567	2	7	14	17	31	37	59	#
966	1666093	28	30	#
967	1888735	40	41	#
968	4367633	1	11	26	31	45	63	#
969	2482445	5	25	41	54	55	#
970	1460466	17	54	#
971	1687753	20	40	#
972	1949505	23	55	#
973	1643892	8	23	#
974	1169754	20	32	#
975	3398243	4	35	37	48	#
976	5721116	9	15	40	53	55	56	#
977	2954268	21	37	51	#
978	1890470	13	22	#
979	1733240	24	52	#
980	1719824	17	25	#
981	2222917	23	37	53	#
982	2123896	2	7	25	#
983	1208938	29	55	#
984	3571240	34	42	51	59	#
985	1917024	0	39	#
986	2607915	10	27	51	63	#
987	1623279	25	45	#
988	1804559	25	50	#
989	1300602	34	48	#
990	1611225	13	31	#
991	2933201	20	25	42	#
992	3538721	21	24	42	48	50	#
993	1549975	2	23	#
994	1957694	15	53	#
995	2763309	23	43	55	#
996	1971204	9	52	#
997	4709210	6	21	42	47	52	56	61	#
998	1236780	4	42	#
999	1797875	12	56	58	#
1000	2352511	5	8	16	23	46	53	#
1001	4173633	2	6	17	27	28	47	#
1002	1236452	23	58	#
1003	3460159	2	10	16	37	#
1004	1688510	10	38	#
1005	3759281	13	15	40	41	45	50	51	#
1006	2034146	7	35	52	#
1007	2404123	34	49	59	#
1008	996478	11	27	#
1009	1885251	41	47	54	55	#
1010	2878584	5	33	34	#
1011	2838179	21	26	30	#
1012	1679983	13	36	#
1013	1694404	33	34	#
1014	1955232	1	12	43	#
1015	4513490	10	16	23	30	42	53	55	#
1016	1747692	27	56	#
1017	3401633	15	20	32	36	#
1018	1566505	14	49	62	#
1019	1069145	46	50	#
1020	1535211	3	15	31	35	39	59	#
1021	1785910	9	63	#
1022	1850018	16	62	#
1023	4878061	3	16	29	34	55	56	57	61	#
1024	2972012	15	18	22	#
1025	1547386	8	59	#
1026	1595653	2	32	54	#
1027	2080669	41	43	53	#
1028	4760894	3	16	49	51	54	56	#
1029	1842680	2	46	52	53	59	#
1030	1871660	23	27	#
1031	3350126	0	25	48	52	57	#
1032	1681106	25	61	#
1033	1734123	7	22	51	#
1034	1987708	23	41	#
1035	2557534	18	24	26	#
1036	1857676	7	25	#
1037	1210231	13	63	#
1038	1220767	34	42	#
1039	2215232	20	39	48	50	51	#
1040	1463803	19	52	#
1041	1979415	16	43	#
1042	1904859	0	13	34	#
1043	2727482	5	11	41	43	44	48	50	#
1044	2305107	21	30	49	53	59	#
1045	2138553	2	17	51	57	#
1046	3482341	5	44	46	58	#
1047	2322583	4	8	52	#
1048	1441554	31	63	#
1049	3942256	6	33	35	38	56	#
1050	1661185	12	28	35	#
1051	2774478	36	47	51	#
1052	2049204	29	41	50	#
1053	1728369	12	18	#
1054	2602779	0	9	40	#
1055	1495231	11	12	#
1056	3972323	4	9	29	48	52	59	#
1057	1811367	35	60	#
1058	1560234	8	37	#
1059	3207913	9	11	17	19	38	#
1060	1197682	31	58	#
1061	1998717	20	50	56	#
1062	1893637	10	13	14	36	#
1063	1489276	25	29	#
1064	1030184	15	29	#
1065	1512393	32	33	52	#
1066	3641705	7	11	19	48	55	#
1067	4895707	0	1	20	24	33	61	#
1068	2079363	2	10	16	36	43	48	56	#
1069	1816078	33	50	#
1070	2315311	40	54	63	#
1071	3764359	22	49	50	57	#
1072	1447854	50	58	#
1073	2589206	3	48	61	#
1074	2463918	16	17	26	43	48	56	#
1075	6745688	4	29	35	45	48	57	60	#
1076	2076419	25	37	47	#
1077	1251903	7	24	#
1078	1917619	42	46	#
1079	1122144	9	17	#
1080	2141162	3	16	35	59	#
1081	4092543	19	46	53	59	62	#
1082	5996550	8	24	39	42	50	52	#
1083	2895760	39	42	49	#
1084	3425948	2	10	13	15	26	59	#
1085	2823129	4	12	40	62	#
1086	4000444	3	8	41	45	48	49	#
1087	1632699	29	52	#
1088	5735055	4	16	33	43	53	63	#
1089	1486481	6	10	#
1090	2145448	2	15	16	27	37	57	#
1091	3736705	10	22	30	36	#
1092	1231451	24	35	#
1093	2721354	6	12	30	#
1094	1937667	26	41	62	#
1095	3623994	24	33	34	52	#
1096	2333775	0	5	53	#
1097	3392131	1	13	56	62	#
1098	2746636	1	28	45	47	49	50	57	#
1099	3692908	3	11	12	38	41	62	#
1100	1420646	22	48	#
1101	2722298	23	30	51	59	#
1102	1649765	23	40	53	#
1103	1604700	35	39	48	#
1104	1643568	17	24	#
1105	1368624	29	33	35	#
1106	1407109	5	21	56	#
1107	2659762	4	43	53	#
1108	1544374	5	18	54	#
1109	1566679	13	29	#
1110	1985799	47	54	62	#
1111	1882919	4	37	#
1112	1143882	19	49	#
1113	1166553	32	45	#
1114	3982006	25	32	34	47	#
1115	2762928	6	10	13	41	#
1116	2028521	0	18	19	32	38	39	44	47	54	#
1117	4690917	10	13	44	48	49	#
1118	3151403	4	15	35	52	53	#
1119	2196610	0	8	10	13	14	47	54	59	60	#
1120	3115288	3	13	31	37	58	#
1121	1930248	23	62	#
1122	3984337	4	7	37	48	#
1123	1160274	12	60	#
1124	1558968	46	51	#
1125	2723516	2	17	18	20	34	37	#
1126	2002295	13	47	54	#
1127	4294409	1	10	14	16	19	30	36	38	40	47	48	51	#
1128	4287250	11	15	22	50	51	#
1129	2939635	0	6	56	#
1130	1505894	18	50	#
1131	7147245	8	16	20	29	34	36	49	59	#
1132	1356500	19	20	#
1133	3217276	32	34	38	59	#
1134	2831298	5	7	25	#
1135	2824077	11	24	44	#
1136	2170941	25	32	60	#
1137	2937211	4	8	21	46	57	#
1138	2360548	4	24	48	#
1139	1733463	5	59	#
1140	1341764	2	43	#
1141	2756492	2	4	11	20	22	24	31	47	#
1142	1581723	18	36	#
1143	3245694	0	4	34	42	48	#
1144	2646490	14	23	34	36	54	#
1145	1560768	7	12	13	#
1146	2393257	39	45	50	#
1147	1454081	55	61	#
1148	2694639	0	42	51	#
1149	1878501	3	63	#
1150	2667324	36	50	57	#
1151	2075064	5	6	54	#
1152	1797779	7	15	42	#
1153	3553861	25	37	44	50	#
1154	1241588	37	45	#
1155	1186039	14	46	#
1156	3502657	1	2	10	23	58	60	#
1157	2554539	3	16	60	#
1158	1840983	45	48	#
1159	2715745	13	21	25	30	34	#
1160	1830258	16	19	#
1161	2039546	4	29	51	#
1162	3349480	18	19	35	56	#
1163	2329884	0	8	43	63	#
1164	4310567	8	22	48	50	57	#
1165	1300249	10	16	52	#
1166	2283412	4	5	10	15	48	#
1167	5316896	2	17	19	47	48	53	60	#
1168	2609869	13	30	54	#
1169	1342708	28	37	#
1170	1420526	10	54	#
1171	997042	5	27	#
1172	1484918	27	51	59	#
1173	2403729	20	24	32	42	63	#
1174	1098054	3	47	#
1175	1062405	25	63	#
1176	1448982	9	51	#
1177	1724602	13	49	#
1178	1911434	13	57	#
1179	1531220	19	21	#
1180	2081080	26	39	46	#
1181	5226773	1	6	22	24	51	58	#
1182	2619169	1	2	11	#
1183	1175421	50	57	#
1184	4504976	18	31	32	34	61	#
1185	2047977	21	22	23	27	31	#
1186	1989836	40	59	#
1187	3871912	8	11	19	62	#
1188	3356892	17	31	33	56	#
1189	3824726	2	23	39	54	#
1190	1703704	35	43	#
1191	1583556	16	37	#
1192	2565770	16	30	59	#
1193	3735647	17	25	37	56	#
1194	2743909	17	51	52	#
1195	1619041	1	39	#
1196	2406786	2	6	24	41	#
1197	1405995	22	27	#
1198	3464216	49	56	57	58	#
1199	1987231	8	52	54	#
1200	1741731	17	27	30	#
1201	2825882	3	28	41	50	#
1202	2771074	6	10	53	54	59	60	#
1203	1886814	12	19	#
1204	2398448	1	17	29	57	#
1205	1418469	24	54	#
1206	1344946	25	60	62	#
1207	3686271	15	37	41	61	#
1208	3495730	9	12	21	55	62	#
1209	1111572	18	20	#
1210	2114872	0	25	41	47	61	#
1211	1622140	42	63	#
1212	1434699	51	57	#
1213	1798734	8	11	#
1214	1492579	20	59	#
1215	2204443	2	27	29	31	59	#
1216	2164423	14	19	31	#
1217	1676884	21	63	#
1218	1283065	0	23	57	#
1219	1065974	38	41	#
1220	1557409	5	29	33	36	#
1221	2061583	6	8	39	44	54	57	60	#
1222	1441944	8	54	#
1223	4391226	1	25	34	45	47	#
1224	1363107	7	24	50	51	#
1225	2776344	1	10	21	36	#
1226	6940670	11	28	30	38	41	43	48	51	53	54	59	62	#
1227	1837169	5	57	63	#
1228	1803470	30	60	#
1229	1491116	14	42	#
1230	1097639	2	17	27	38	#
1231	6705763	2	7	13	18	27	52	57	#
1232	1861664	20	35	#
1233	2016244	20	26	46	#
1234	5524296	3	11	35	41	51	63	#
1235	3866679	15	17	22	35	36	40	45	49	62	63	#
1236	1258318	6	32	#
1237	2324138	46	52	60	#
1238	5233750	11	13	16	17	25	34	43	44	#
1239	2795271	2	13	44	#
1240	2738840	4	5	21	58	#
1241	1309401	7	47	#
1242	2767135	7	42	49	#
1243	1984303	43	63	#
1244	4677795	7	13	37	41	46	#
1245	2042081	5	8	12	36	47	#
1246	1155559	25	27	#
1247	2784114	16	45	46	56	61	#
1248	1118558	53	60	#
1249	3372864	10	34	42	62	#
1250	1815549	21	29	41	#
1251	4131622	23	27	32	54	63	#
1252	3902706	17	28	29	62	63	#
1253	2732230	39	42	58	#
1254	2899538	1	11	22	35	#
1255	2305211	31	41	44	55	#
1256	1256836	19	24	33	#
1257	1219873	10	58	#
1258	4242500	1	8	11	32	35	#
1259	1477695	14	16	#
1260	1522738	54	56	#
1261	1922453	6	15	39	41	63	#
1262	2986096	14	25	59	#
1263	1876173	8	19	30	37	#
1264	2333662	10	15	19	#
1265	1809956	1	27	#
1266	1086366	0	33	#
1267	2200428	27	31	34	61	#
1268	1704557	1	29	#
1269	1581353	0	14	18	#
1270	2830552	19	38	41	#
1271	2481422	2	19	24	53	#
1272	1681829	29	58	#
1273	1343892	21	48	#
1274	1877344	15	19	22	#
1275	3033350	20	24	32	34	35	62	#
1276	1457866	24	57	#
1277	3571449	5	15	17	22	40	41	#
1278	2953695	5	18	26	35	39	#
1279	1108016	18	47	53	#
1280	1388640	16	17	#
1281	1864911	2	6	31	43	50	#
1282	1918607	16	44	#
1283	1736493	11	29	#
1284	3855805	5	24	35	50	#
1285	2461231	31	37	40	#
1286	1170872	5	56	#
1287	2277312	59	61	63	#
1288	1422336	29	35	48	#
1289	1400595	6	7	33	#
1290	1521181	7	36	#
1291	1151206	17	48	#
1292	1416535	10	17	#
1293	4075879	5	22	54	55	57	#
1294	1999089	22	58	#
1295	1799005	3	13	23	24	39	53	#
1296	1017256	50	59	#
1297	1393751	1	51	#
1298	2398002	23	25	40	47	49	#
1299	3868414	6	10	34	59	#
1300	2316826	24	36	47	#
1301	1645745	15	50	54	#
1302	1673773	13	34	#
1303	2256690	2	3	43	49	#
1304	3892458	3	43	47	53	61	#
1305	2412978	9	16	33	#
1306	1076758	17	32	#
1307	1839852	18	42	60	#
1308	1712943	23	49	#
1309	1950794	42	55	#
1310	1821171	1	6	14	#
1311	3925747	8	17	25	30	46	#
1312	1824511	20	42	63	#
1313	1980160	40	44	#
1314	3826329	19	27	32	35	42	49	53	#
1315	1626025	12	13	16	#
1316	2133527	0	16	55	#
1317	2347121	3	16	25	#
1318	1846262	16	26	#
1319	3982027	2	8	14	28	40	47	#
1320	1193219	9	33	#
1321	1421044	3	60	#
1322	4967098	11	23	47	48	60	#
1323	2978800	10	14	30	#
1324	1157203	23	61	#
1325	1664577	12	37	#
1326	3774258	4	24	28	59	#
1327	4954716	2	26	36	37	41	44	51	#
1328	1676114	38	40	#
1329	5352636	2	30	39	40	45	49	63	#
1330	4161229	9	42	43	45	49	59	61	#
1331	1844177	26	37	#
1332	2490346	18	20	56	57	#
1333	1722504	8	17	#
1334	1275137	45	56	#
1335	1936967	31	34	#
1336	1607251	33	42	57	#
1337	1930422	32	51	#
1338	1004134	14	19	#
1339	1438095	34	41	61	#
1340	2609957	34	52	55	#
1341	1306555	13	47	#
1342	2315172	22	27	55	#
1343	1525176	19	30	#
1344	1925113	1	12	#
1345	2520069	24	40	42	46	#
1346	2191899	14	15	29	#
1347	2666056	23	31	41	50	#
1348	1713210	36	61	#
1349	3634555	8	13	46	49	59	63	#
1350	1620022	39	59	63	#
1351	3261872	1	2	9	28	36	61	#
1352	3491453	4	24	27	36	60	#
1353	1900190	8	20	#
1354	2908794	5	24	30	#
1355	1228266	10	28	#
1356	1511980	42	53	#
1357	3748185	0	25	26	45	#
1358	2130723	11	26	34	#
1359	2061401	15	58	63	#
1360	2607237	0	18	44	46	#
1361	1000361	34	45	#
1362	2203622	10	49	57	#
1363	2261774	0	29	33	#
1364	1548407	8	41	#
1365	8358506	2	3	10	17	27	39	52	59	61	62	#
1366	1387478	26	48	#
1367	2331446	0	2	6	10	32	57	59	#
1368	3742608	3	12	42	46	#
1369	1655712	47	63	#
1370	1524078	11	62	63	#
1371	1383853	28	50	#
1372	3702487	9	32	36	44	#
1373	1316694	28	35	#
1374	2224494	10	54	59	63	#
1375	1126623	49	54	#
1376	5438785	7	8	36	59	60	62	#
1377	3500473	14	21	26	58	#
1378	1403446	30	40	56	#
1379	2963829	7	32	34	44	#
1380	1380443	1	20	31	#
1381	1061172	12	31	#
1382	2404509	16	28	38	#
1383	1788205	18	28	#
1384	1912698	51	54	#
1385	1273823	29	54	#
1386	2343434	32	33	40	#
1387	3146923	5	17	19	22	#
1388	1475835	24	42	#
1389	4564484	5	22	28	29	33	37	43	#
1390	1052909	43	45	51	#
1391	1045760	15	54	#
1392	3545797	5	8	13	17	24	27	39	47	50	53	61	#
1393	2793822	23	30	39	43	#
1394	1652595	6	49	#
1395	1016815	2	15	#
1396	3375007	6	46	47	56	62	#
1397	1498734	24	30	#
1398	1001792	14	44	#
1399	4874483	4	24	36	40	42	44	#
1400	1462968	3	22	#
1401	2253723	4	20	24	28	#
1402	2189861	2	16	18	#
1403	1873603	35	50	#
1404	3332765	16	19	44	53	#
1405	1507890	29	37	#
1406	2470640	13	31	37	#
1407	1904687	38	48	#
1408	2650800	27	28	57	#
1409	1915660	11	35	#
1410	1173932	20	46	#
1411	2126634	3	6	31	#
1412	1768129	8	61	#
1413	1203959	20	42	52	#
1414	1859580	10	50	#
1415	1963174	18	28	48	50	#
1416	2863772	9	46	47	#
1417	1996775	5	40	#
1418	1016966	9	21	34	46	#
1419	1141656	32	33	#
1420	2856075	28	46	56	#
1421	1251002	39	42	#
1422	2622951	1	11	22	24	29	46	#
1423	1866419	7	16	33	#
1424	5435229	1	29	46	48	49	57	#
1425	1612195	4	36	#
1426	3366316	3	30	35	62	#
1427	2135915	7	24	30	34	38	43	54	#
1428	1547265	6	31	#
1429	1252777	8	18	#
1430	1350611	10	55	#
1431	3806843	35	51	52	57	60	#
1432	4893983	13	21	58	60	61	#
1433	3923467	11	53	54	55	#
1434	1783145	0	4	21	53	#
1435	1751818	17	28	#
1436	2539632	23	31	54	61	#
1437	1284166	34	62	#
1438	1372405	1	7	#
1439	1263011	13	58	59	#
1440	1628028	15	16	36	#
1441	3492458	19	37	54	55	#
1442	1014554	7	16	#
1443	4882592	18	27	42	44	55	58	#
1444	1687173	47	54	#
1445	2132896	5	14	34	44	#
1446	1236320	5	45	#
1447	5879167	3	6	15	18	24	46	50	58	63	#
1448	1126079	58	60	#
1449	1159548	2	18	25	#
1450	1038193	26	47	#
1451	1557568	39	41	47	#
1452	2230602	20	25	32	38	#
1453	1661341	39	57	#
1454	1647761	48	60	#
1455	2164426	17	32	60	#
1456	1138917	9	26	#
1457	1786065	5	16	48	58	#
1458	1227800	9	20	#
1459	3360827	4	9	15	52	57	58	63	#
1460	4930015	8	22	34	39	52	62	#
1461	2523027	2	7	39	49	#
1462	2631658	9	22	59	63	#
1463	2046950	15	39	62	#
1464	1449133	3	56	#
1465	1817424	0	1	18	26	54	#
1466	5608426	0	5	17	25	30	33	35	36	57	#
1467	2504308	7	8	24	45	#
1468	2914211	2	14	58	#
1469	2508168	37	45	49	51	#
1470	1699787	22	61	#
1471	1264309	33	40	#
1472	2858301	12	24	54	61	#
1473	1429717	10	59	#
1474	1654438	42	58	#
1475	1921469	5	20	24	#
1476	1196729	9	36	#
1477	3964082	29	37	44	55	#
1478	1606719	48	58	#
1479	3882314	15	36	42	45	49	60	#
1480	3476903	7	32	47	54	#
1481	3385505	2	3	33	52	#
1482	2915562	3	19	42	50	55	#
1483	2366589	5	6	19	45	61	62	#
1484	3271561	5	25	41	48	#
1485	2360328	33	34	39	#
1486	2234924	26	37	60	#
1487	2035876	13	14	23	45	#
1488	3020873	7	31	42	43	59	#
1489	4390170	16	23	32	34	40	51	#
1490	1270289	6	21	#
1491	4564113	3	13	15	40	56	#
1492	2158324	6	19	20	31	44	60	#
1493	3732459	9	18	21	55	#
1494	3685482	10	17	57	58	#
1495	1600913	54	57	#
1496	1740462	16	57	#
1497	3808382	4	7	13	27	52	#
1498	1738308	6	51	#
1499	2538629	27	37	50	55	#
1500	1627711	36	53	#
1501	4029543	3	23	47	52	55	57	61	#
1502	2638885	28	40	45	#
1503	3881981	0	24	33	41	#
1504	1766588	16	29	32	#
1505	1017208	30	31	44	#
1506	1926832	7	20	44	#
1507	4644717	2	8	16	32	33	54	55	#
1508	5871401	7	20	27	33	34	46	47	#
1509	1199029	17	39	#
1510	1050072	7	57	62	#
1511	1091002	11	36	#
1512	1096295	24	25	37	63	#
1513	1628110	17	37	#
1514	2643883	34	47	62	#
1515	1278852	3	41	#
1516	4044904	3	27	36	37	42	#
1517	2202687	31	43	54	#
1518	1719177	3	37	61	#
1519	1571194	24	35	39	#
1520	3842299	0	5	7	15	23	#
1521	1160235	19	43	#
1522	1645354	11	40	#
1523	4868192	4	6	7	31	45	55	61	#
1524	1517124	0	20	#
1525	1238767	6	61	#
1526	10568381	5	8	11	12	13	23	36	44	50	60	61	#
1527	1763478	18	29	31	40	#
1528	3722678	1	7	8	22	43	#
1529	1286711	21	62	#
1530	2576181	10	50	53	63	#
1531	3046823	4	26	29	48	62	#
1532	1489111	29	32	#
1533	2199882	10	25	28	33	#
1534	1562081	31	50	#
1535	1970622	18	38	#
1536	1130537	21	54	#
1537	1057517	33	60	#
1538	2665206	1	4	32	43	#
1539	3673627	3	24	32	42	#
1540	1520145	40	46	52	#
1541	1217934	16	52	#
1542	1889039	30	55	#
1543	1287769	5	16	#
1544	2709268	18	41	63	#
1545	1872659	5	30	63	#
1546	2117091	7	11	29	63	#
1547	2226741	0	32	40	#
1548	1949557	41	43	#
1549	2067436	26	34	37	#
1550	4254593	15	26	32	36	57	#
1551	1455261	24	61	#
1552	2561321	9	40	41	#
1553	1157716	18	44	#
1554	5766981	2	7	18	22	35	63	#
1555	1749958	4	11	48	#
1556	1332502	16	30	#
1557	4140442	10	14	19	29	33	37	40	41	#
1558	1068776	39	62	#
1559	2377251	17	41	49	#
1560	1921876	16	31	#
1561	1452668	52	55	#
1562	1904789	36	38	41	44	55	#
1563	1088743	8	21	56	#
1564	1853517	18	34	#
1565	2792435	7	19	30	31	38	43	52	#
1566	2426853	20	22	55	61	#
1567	2583101	50	53	57	#
1568	2073823	0	26	45	#
1569	2881169	6	33	50	57	#
1570	1419555	41	50	53	#
1571	4834153	11	19	22	26	37	#
1572	1850610	31	49	#
1573	4198716	23	33	34	40	58	#
1574	3853375	0	9	12	40	60	#
1575	1520039	44	56	#
1576	1521554	21	26	32	#
1577	4538671	12	28	42	56	60	#
1578	1768606	22	55	56	#
1579	3178511	19	21	51	54	60	#
1580	2471197	1	9	48	#
1581	2971121	15	42	55	#
1582	1859820	24	47	#
1583	2717109	14	48	53	#
1584	2321448	2	14	46	#
1585	2878777	4	8	46	#
1586	3511205	3	22	38	53	#
1587	2629011	12	28	29	#
1588	2446826	9	14	38	40	#
1589	4160334	1	2	10	25	40	48	#
1590	1728239	19	63	#
1591	1949776	20	44	58	62	#
1592	3425146	0	48	51	53	56	#
1593	5850286	16	28	31	37	39	61	#
1594	1129629	31	33	#
1595	5503925	2	11	28	29	31	38	44	#
1596	3118431	5	16	41	46	#
1597	2031205	13	38	50	61	#
1598	1775016	2	12	18	53	54	#
1599	1829067	48	59	60	#
1600	2701521	16	23	24	37	#
1601	1532905	17	44	#
1602	6654599	0	10	13	30	33	54	62	#
1603	3721462	1	13	16	24	33	40	#
1604	1716499	28	55	#
1605	1586765	26	44	#
1606	1692395	16	61	#
1607	4845119	2	9	26	37	62	#
1608	1667003	29	62	#
1609	5730653	1	2	30	39	43	51	61	#
1610	2317728	2	4	20	47	#
1611	1347028	36	48	#
1612	1959560	20	51	#
1613	3265386	0	15	31	44	#
1614	4068943	3	34	53	58	63	#
1615	1317179	24	51	#
1616	1565400	0	15	#
1617	3557910	6	27	31	45	57	#
1618	3506589	4	13	27	29	#
1619	1740273	45	53	#
1620	1707017	27	31	#
1621	1696124	2	19	26	#
1622	2647517	2	5	16	17	23	#
1623	1408059	45	55	#
1624	1808251	17	43	44	45	#
1625	2219473	19	37	49	#
1626	1456791	30	49	#
1627	3074198	19	25	41	49	#
1628	1788910	6	14	38	#
1629	2971514	0	11	19	#
1630	4364085	2	6	13	24	25	38	59	61	#
1631	1918603	8	55	#
1632	4833690	0	7	31	42	44	53	62	#
1633	1442295	27	34	#
1634	2238083	31	42	52	53	#
1635	1414486	20	27	60	#
1636	2268272	11	33	41	#
1637	3876894	0	3	19	37	42	55	#
1638	1072646	42	57	#
1639	2223276	4	7	14	#
1640	1266297	0	21	56	#
1641	1049704	4	31	#
1642	5247791	1	15	17	22	30	49	51	61	#
1643	4230966	0	2	10	24	49	#
1644	2845826	7	19	45	54	56	#
1645	1258315	9	48	#
1646	2197990	6	30	63	#
1647	1293863	2	5	#
1648	1668548	27	35	52	57	#
1649	1431932	44	61	#
1650	1250988	23	43	#
1651	2163632	0	22	63	#
1652	1740977	5	6	#
1653	4282110	34	38	39	40	52	#
1654	1062343	25	31	#
1655	3740720	8	9	16	20	#
1656	2480490	7	11	16	22	63	#
1657	3610585	0	10	29	53	#
1658	1731419	6	8	57	#
1659	1939732	19	27	53	#
1660	1639945	5	23	#
1661	2883769	10	41	52	58	59	#
1662	2975751	3	25	26	32	56	#
1663	11945185	4	8	14	23	24	28	32	35	38	43	53	54	#
1664	2032846	25	47	50	63	#
1665	1468412	5	20	#
1666	1817088	30	36	47	#
1667	1335289	7	13	#
1668	1836390	19	20	57	#
1669	2775072	0	32	38	63	#
1670	5352925	37	39	44	51	52	57	#
1671	4436643	7	14	27	36	39	44	47	48	#
1672	1033708	8	40	#
1673	1424867	3	11	#
1674	8604476	1	2	5	9	36	40	45	51	54	61	#
1675	1641060	19	53	#
1676	1510586	2	7	20	#
1677	3771272	1	15	38	54	#
1678	1368094	16	40	42	#
1679	2966314	41	45	56	59	#
1680	6124435	2	11	23	25	27	46	52	#
1681	3503140	14	38	49	60	#
1682	2594322	25	30	51	#
1683	1525755	18	32	#
1684	1568979	36	55	#
1685	1834166	8	62	#
1686	4817052	9	22	26	39	45	#
1687	2945473	12	37	58	#
1688	2395974	21	33	60	#
1689	2318076	31	45	54	#
1690	2142939	6	17	29	#
1691	4167962	18	24	32	42	63	#
1692	3790192	2	16	47	48	55	59	#
1693	1663055	4	61	#
1694	3784153	2	40	57	60	#
1695	4015274	26	33	36	43	49	#
1696	1395029	27	36	#
1697	2728234	16	29	31	53	#
1698	2350833	28	29	63	#
1699	3626773	50	59	62	63	#
1700	2498661	35	39	46	50	58	#
1701	5554921	5	8	26	30	31	53	60	#
1702	2573893	0	43	49	51	#
1703	4494188	5	7	14	15	39	44	46	60	#
1704	1887130	4	24	33	#
1705	1899961	14	25	36	#
1706	1909362	0	11	33	36	47	55	#
1707	2325179	2	38	49	#
1708	2869449	12	46	63	#
1709	3140002	0	2	7	27	31	42	#
1710	4970592	16	20	52	57	58	#
1711	3448524	21	54	57	62	#
1712	4986614	13	24	28	33	62	#
1713	2604204	15	18	26	#
1714	1563311	33	56	59	#
1715	1276022	3	12	39	#
1716	2675548	5	19	41	52	#
1717	3569336	16	18	28	41	#
1718	2407030	1	35	49	#
1719	4091395	0	9	22	23	26	27	48	53	61	#
1720	1817597	3	43	#
1721	987110	1	18	#
1722	1473254	24	43	#
1723	1541926	2	8	48	#
1724	2555735	0	1	3	#
1725	2390657	4	13	54	#
1726	1740318	26	33	#
1727	1772646	8	16	#
1728	2614915	3	41	59	#
1729	1714474	35	36	#
1730	2788390	0	11	49	#
1731	2779472	18	24	29	39	41	#
1732	1204161	38	43	#
1733	3306055	5	7	39	45	#
1734	3566565	9	13	32	39	47	58	#
1735	1812058	7	27	#
1736	5888833	2	16	19	20	31	38	41	#
1737	2528111	4	7	10	16	26	52	#
1738	2813182	9	27	32	60	#
1739	2988305	1	38	40	42	54	#
1740	1166987	27	42	57	#
1741	1140314	41	56	#
1742	5786450	13	39	42	48	54	55	#
1743	2075134	3	12	19	43	47	#
1744	3435720	9	11	12	41	47	#
1745	1943539	7	28	#
1746	1787096	8	38	51	61	#
1747	2799133	20	53	55	#
1748	1881270	3	6	14	27	42	#
1749	2601758	5	26	49	#
1750	2793977	11	13	18	29	53	63	#
1751	1317181	0	63	#
1752	1628441	33	45	#
1753	1161064	5	11	22	#
1754	1248520	14	59	#
1755	4646443	12	36	37	41	50	#
1756	2049368	21	22	25	32	48	50	57	61	#
1757	2561459	0	14	19	24	29	34	43	50	62	#
1758	2072705	9	26	42	46	51	56	#
1759	1752210	24	59	#
1760	4082305	1	9	13	18	38	52	#
1761	1943864	0	16	29	45	58	#
1762	4045090	4	5	13	22	25	51	#
1763	3868130	4	14	15	40	62	#
1764	4376651	2	8	24	38	41	#
1765	1298300	18	21	#
1766	2691076	30	52	58	60	#
1767	1900773	26	34	#
1768	1669311	58	61	#
1769	1062472	15	47	#
1770	1564665	38	47	56	#
1771	1487772	20	30	47	#
1772	1217876	47	56	57	#
1773	3077135	5	10	12	39	40	44	55	#
1774	1499940	15	49	#
1775	3818253	9	16	23	43	44	51	#
1776	2248273	22	34	40	#
1777	2645158	7	9	15	18	60	#
1778	2565086	17	18	32	#
1779	2112892	1	18	27	50	62	#
1780	1513870	19	59	#
1781	2034706	0	21	24	41	62	#
1782	1847404	30	31	42	#
1783	1873679	23	27	33	39	#
1784	2974200	19	24	42	49	#
1785	3293173	8	41	52	53	60	#
1786	2957315	9	13	33	56	#
1787	2005549	0	7	25	29	47	#
1788	1924501	4	6	#
1789	3491236	2	3	24	27	32	46	60	#
1790	3164440	13	16	42	44	59	#
1791	2427451	3	34	41	46	47	#
1792	1668595	2	16	#
1793	1350129	10	27	#
1794	2449311	3	7	54	#
1795	1177148	25	48	#
1796	2908582	4	25	28	44	57	63	#
1797	3566944	6	20	31	57	#
1798	1068594	2	55	#
1799	2098980	16	43	63	#
1800	1176554	8	32	#
1801	2446685	1	45	47	#
1802	2009712	13	20	43	#
1803	1613526	42	62	#
1804	2697081	5	36	51	#
1805	1302203	1	28	#
1806	1854020	32	49	54	#
1807	1965355	37	39	54	56	#
1808	1422351	36	40	#
1809	1972936	8	42	#
1810	1270116	10	57	#
1811	1318425	8	34	58	#
1812	4564153	5	8	9	14	27	55	#
1813	1852404	25	38	#
1814	2106972	15	17	60	#
1815	5218056	18	27	33	43	57	58	#
1816	1006846	11	52	53	#
1817	2299739	47	52	62	#
1818	1223937	37	61	#
1819	4078434	16	26	32	41	42	56	#
1820	1901576	31	55	58	63	#
1821	1944930	16	21	28	#
1822	3866181	1	3	26	39	49	51	#
1823	2870673	26	50	57	#
1824	1698228	7	18	#
1825	1343483	10	19	#
1826	2140667	38	40	47	#
1827	4916408	4	7	25	35	62	#
1828	1313843	36	50	#
1829	2414686	30	42	44	62	#
1830	1023084	18	54	#
1831	5343502	45	50	54	56	57	61	#
1832	1214080	22	57	#
1833	1491155	46	56	58	#
1834	1858104	5	18	22	#
1835	2891382	13	14	19	35	55	62	#
1836	1481215	14	19	41	#
1837	1340455	27	52	#
1838	2392368	4	13	15	#
1839	1771484	22	35	42	#
1840	1307937	43	54	#
1841	2560852	26	35	40	#
1842	1866967	0	6	43	44	60	#
1843	2447169	16	17	20	38	42	44	51	54	#
1844	5266420	1	3	4	21	26	40	48	49	#
1845	7712362	5	10	19	29	36	50	60	63	#
1846	2435133	0	35	43	45	51	54	#
1847	2607809	0	17	21	#
1848	2413705	9	15	21	#
1849	2332167	1	5	7	#
1850	1089810	14	15	61	#
1851	1537943	25	39	#
1852	1771837	6	43	52	58	#
1853	3050512	12	18	21	33	52	53	#
1854	2128990	7	18	28	30	40	43	#
1855	3829301	16	45	58	63	#
1856	4438596	2	5	24	45	57	#
1857	1369215	7	13	41	#
1858	1395092	24	36	#
1859	3990798	15	37	46	61	#
1860	4158240	16	22	29	46	52	61	#
1861	2841422	19	30	44	#
1862	2342532	5	11	35	#
1863	1406043	9	50	#
1864	1174882	4	9	#
1865	2007926	17	57	61	#
1866	1949014	17	61	#
1867	3315669	0	1	13	49	60	#
1868	1687404	38	57	#
1869	2997315	20	30	44	#
1870	2326288	36	53	56	#
1871	2427740	45	47	63	#
1872	3436579	8	13	23	34	#
1873	2410954	26	33	34	35	#
1874	2241128	27	30	61	#
1875	3648827	3	10	25	28	40	55	#
1876	2220561	16	41	49	#
1877	2825023	8	17	48	#
1878	1152517	16	29	#
1879	10062150	1	10	14	18	19	29	44	45	49	61	63	#
1880	1156911	15	25	#
1881	2470493	0	9	50	#
1882	3874697	3	7	8	14	35	44	#
1883	1995412	0	6	8	57	#
1884	1541485	18	30	#
1885	2738766	4	20	38	#
1886	2704782	14	40	62	#
1887	3400934	11	25	35	39	48	51	#
1888	1847498	17	55	#
1889	1219961	38	46	#
1890	1331154	10	32	53	#
1891	2010721	29	43	45	#
1892	1957220	4	26	46	#
1893	4229351	4	15	19	25	36	39	#
1894	2805310	0	5	17	25	47	63	#
1895	3296678	4	22	27	31	34	48	58	#
1896	1720598	0	26	#
1897	3062369	19	21	32	48	#
1898	4937303	5	30	58	60	61	#
1899	1574559	11	14	16	#
1900	4477169	11	30	32	41	44	#
1901	3297985	13	29	40	45	59	#
1902	2950503	9	21	38	#
1903	1506219	8	12	27	#
1904	1519473	7	10	#
1905	1759183	12	50	#
1906	1488121	0	2	56	#
1907	1521684	13	52	#
1908	3710508	9	40	43	56	#
1909	2887553	4	14	19	32	56	#
1910	2380267	16	20	39	55	#
1911	1935032	3	54	#
1912	1911164	29	46	49	61	#
1913	2022287	14	18	23	#
1914	5364672	0	19	23	27	31	34	44	#
1915	5077028	6	10	24	31	46	57	62	#
1916	3961738	21	25	32	55	#
1917	1447663	7	23	63	#
1918	5580020	21	26	39	43	55	57	#
1919	2457509	2	4	44	#
1920	3967891	7	37	46	53	#
1921	4523846	2	22	26	29	34	46	52	55	61	63	#
1922	1008947	19	29	#
1923	1598558	18	52	59	#
1924	3814663	7	8	13	21	#
1925	2077768	17	37	41	#
1926	1325763	12	34	41	#
1927	1018383	2	44	#
1928	5404348	6	8	25	30	36	44	#
1929	1872905	26	61	#
1930	1723788	4	47	#
1931	2492684	3	31	33	#
1932	1561928	26	35	53	#
1933	4614928	35	41	48	50	60	#
1934	1339784	33	61	#
1935	4947264	2	18	23	40	49	57	60	#
1936	2254457	10	12	43	47	60	#
1937	3053476	3	5	24	37	#
1938	2688249	20	23	55	58	#
1939	2958532	39	47	50	#
1940	6445660	0	8	13	33	57	60	61	#
1941	3394003	15	19	41	56	#
1942	2105475	1	15	22	31	33	54	#
1943	1400408	14	41	45	#
1944	1301483	11	17	#
1945	2946771	3	19	61	#
1946	1511487	35	49	#
1947	2448380	33	37	46	52	#
1948	3951829	9	37	39	57	#
1949	5659753	25	32	36	37	39	41	61	#
1950	2961013	9	51	53	#
1951	1171187	37	59	#
1952	1422158	37	39	#
1953	1446763	23	57	63	#
1954	2076399	3	23	29	#
1955	3905250	5	29	38	42	45	55	63	#
1956	2417001	9	23	34	43	53	60	#
1957	1006806	28	42	#
1958	3533863	18	40	61	62	#
1959	1405947	3	48	#
1960	3144392	1	3	11	23	38	46	56	60	#
1961	1026145	20	57	#
1962	3266303	16	24	27	33	#
1963	1674911	38	58	#
1964	1250416	55	58	#
1965	4960164	25	41	45	52	59	#
1966	1430471	1	60	#
1967	3265819	6	7	9	46	#
1968	1544292	4	44	50	#
1969	1319227	37	52	#
1970	2838051	1	37	47	#
1971	2875047	17	18	38	#
1972	6235752	1	5	8	12	17	22	36	45	61	#
1973	1559625	32	36	#
1974	1771058	7	19	47	60	#
1975	1346604	24	58	#
1976	1460566	44	58	#
1977	2723464	14	19	26	29	33	34	42	44	52	57	#
1978	3345147	0	4	13	31	32	#
1979	2670683	0	14	21	22	30	40	60	#
1980	2295395	10	18	33	48	53	60	#
1981	2620781	1	6	42	#
1982	3466487	9	30	35	49	50	#
1983	2710078	1	26	37	58	#
1984	3530039	4	18	43	58	#
1985	2994650	5	52	53	#
1986	3671770	3	31	40	47	55	57	#
1987	1876988	6	28	33	#
1988	1590170	25	49	#
1989	1615701	6	46	53	#
1990	2923883	6	21	36	#
1991	2677280	3	17	37	#
1992	1808945	25	51	52	53	#
1993	4828082	11	12	15	20	28	34	56	#
1994	3548017	7	22	24	30	31	34	35	53	58	#
1995	5419296	4	22	26	28	55	56	#
1996	3959885	0	1	16	52	61	#
1997	3861435	5	14	27	40	60	61	#
1998	2480986	0	18	39	40	53	61	#
1999	3475839	2	9	37	42	#
