%% File generated by CATS v.2.1Wed Jun 19 19:17:16 2013

%% The CATS webpage is http://robotics.stanford.edu/CATS

%% PARAMETER SETTINGS:
% Goods: 256; Bids: 1000; Distribution: regions; Runs: 50; Seed: 1371664596
% Regions Distribution Parameters:
% Max Substitutable Bids = 5
% Removing HV Neighbor   = 0.1
% Adding DIAG Neighbor   = 0.2
% Additional Location    = 0.9
% Jump Probability       = 0.05
% Additivity             = 0.2
% Budget Factor          = 1.5
% Resale Factor          = 0.5
% Normal Private Value:
%   Mean                 = 0
%   Standard Deviation   = 30



goods 256
bids 1003
dummy 183

0	713102	13	14	15	30	31	44	45	46	47	60	61	62	63	75	76	77	78	79	256	#
1	1053810	29	41	43	45	46	57	58	59	60	61	62	75	76	77	93	94	109	110	256	#
2	1029159	44	45	58	59	60	61	62	75	76	77	78	90	91	106	107	123	157	184	256	#
3	1025408	12	13	14	15	28	29	44	45	46	60	61	62	63	70	76	77	79	93	256	#
4	1008764	11	12	13	14	15	26	27	28	29	42	44	45	46	47	58	59	61	63	256	#
5	989897	12	28	29	43	44	45	46	47	59	60	61	63	76	77	85	101	213	214	256	#
6	687664	39	40	56	71	72	86	87	88	102	103	104	120	257	#
7	991410	85	86	100	101	102	116	118	119	131	132	148	164	257	#
8	856231	71	85	86	87	88	101	103	119	134	135	136	152	257	#
9	763487	56	72	85	86	87	88	89	102	103	104	118	134	257	#
10	755760	7	8	9	10	21	22	23	24	25	26	38	39	257	#
11	724369	22	38	39	40	41	54	55	56	58	59	71	72	257	#
12	795221	39	94	95	110	111	127	142	143	158	159	222	258	#
13	859641	117	133	140	141	142	143	157	158	159	173	174	258	#
14	739343	141	142	143	157	158	159	173	174	175	191	207	258	#
15	708747	108	110	125	126	127	141	142	158	159	174	190	258	#
16	694143	94	95	109	110	111	126	127	221	237	253	254	258	#
17	678715	6	21	22	62	77	79	93	94	95	111	127	258	#
18	354527	193	194	195	210	259	#
19	323851	177	178	193	194	259	#
20	314005	194	195	210	227	259	#
21	235711	180	194	195	196	259	#
22	172437	195	209	210	211	259	#
23	1362242	62	63	77	78	79	95	111	126	127	141	142	143	157	158	159	173	175	190	191	207	260	#
24	1405458	17	121	122	123	139	140	141	142	157	158	159	172	173	174	175	189	190	191	206	222	260	#
25	1364771	93	94	95	108	109	110	111	125	126	127	141	142	143	157	158	159	173	174	175	190	260	#
26	1352194	77	78	79	93	94	95	109	110	111	125	126	127	141	142	143	157	158	159	173	175	260	#
27	1296228	103	104	119	141	156	157	158	172	173	174	175	188	189	190	191	205	206	220	221	222	260	#
28	1291046	77	78	79	93	94	95	106	108	109	110	111	123	124	125	126	127	141	142	143	157	260	#
29	227669	56	71	72	73	88	261	#
30	273292	57	58	73	88	89	261	#
31	238843	18	55	56	72	88	261	#
32	36161	238	#
33	884010	28	29	30	44	45	46	56	59	60	61	62	76	77	78	79	93	262	#
34	1323259	59	60	76	77	78	79	92	93	95	130	145	146	162	163	178	179	262	#
35	1160906	11	12	25	27	29	41	42	43	45	46	57	58	59	60	75	91	262	#
36	1117586	11	12	14	27	28	30	42	43	44	45	60	61	75	76	77	78	262	#
37	1080186	12	13	28	29	45	61	62	192	193	194	196	197	209	210	225	226	262	#
38	1054949	11	12	14	26	27	28	30	42	43	44	45	46	58	59	60	76	262	#
39	606998	149	166	167	168	169	182	183	184	198	199	200	215	263	#
40	747671	42	43	59	75	116	132	133	134	135	148	149	150	263	#
41	725175	169	185	199	200	201	202	203	214	215	217	218	219	263	#
42	632597	133	149	150	165	166	167	182	183	184	198	199	214	263	#
43	627275	137	152	153	154	168	169	170	185	186	202	218	219	263	#
44	625255	97	168	181	182	183	184	198	199	200	213	214	215	263	#
45	1023342	84	100	101	116	117	129	130	131	132	145	147	148	163	264	#
46	1013813	100	101	102	115	116	117	118	131	132	133	134	148	164	264	#
47	939136	98	99	100	101	115	116	117	131	132	133	134	147	148	264	#
48	935591	115	116	117	132	133	144	145	146	147	148	149	163	164	264	#
49	889441	37	52	53	54	68	69	70	84	85	100	116	117	131	264	#
50	868007	23	24	100	101	106	115	116	117	131	132	133	148	248	264	#
51	701740	84	85	101	102	103	117	118	119	134	265	#
52	630239	51	52	68	84	85	99	100	101	116	265	#
53	612054	103	104	116	117	118	119	120	134	136	265	#
54	609167	68	84	85	86	87	88	100	102	122	265	#
55	605782	85	99	101	102	115	116	117	119	132	265	#
56	570116	86	87	88	89	103	104	105	119	120	265	#
57	187759	0	1	2	266	#
58	206080	0	1	16	266	#
59	180962	1	2	3	266	#
60	158450	1	2	19	266	#
61	769937	77	133	134	149	150	151	152	165	166	167	168	267	#
62	751427	100	101	117	132	133	134	148	149	150	165	166	267	#
63	733768	103	119	133	135	136	150	151	152	153	166	168	267	#
64	690377	136	149	150	151	152	165	166	167	168	181	182	267	#
65	650206	117	132	133	149	150	166	182	183	198	214	229	267	#
66	647894	151	153	167	168	169	170	171	183	184	185	186	267	#
67	72267	94	#
68	126515	29	#
69	669334	106	210	212	214	227	228	229	230	243	244	245	268	#
70	984369	196	210	212	227	228	229	235	242	243	247	248	268	#
71	858239	138	154	212	213	225	227	228	241	242	243	244	268	#
72	848012	194	209	210	211	225	226	227	241	242	243	244	268	#
73	835609	194	195	196	210	211	212	213	227	228	229	243	268	#
74	726972	193	208	209	210	211	212	214	224	227	228	229	268	#
75	494027	32	48	49	50	51	65	66	269	#
76	557959	19	32	33	34	35	49	51	269	#
77	500984	34	35	50	51	66	67	82	269	#
78	490587	33	48	49	50	51	64	65	269	#
79	473815	33	49	65	66	67	82	83	269	#
80	463252	33	48	49	64	65	66	80	269	#
81	902064	101	116	117	129	130	131	132	133	145	146	147	149	161	270	#
82	1050130	68	84	100	101	102	115	116	117	118	133	134	135	136	270	#
83	1010421	0	85	86	101	102	116	117	118	119	120	133	134	135	270	#
84	997607	83	84	85	100	101	116	117	131	133	134	147	150	166	270	#
85	992949	18	34	50	66	81	112	113	128	129	130	144	145	146	270	#
86	979025	99	101	102	115	116	117	118	131	132	133	134	147	148	270	#
87	1071100	115	116	117	131	132	133	144	145	146	147	148	149	162	163	164	165	166	177	178	179	180	271	#
88	1466880	70	178	179	180	181	182	193	194	195	196	197	198	208	209	210	211	212	224	225	226	227	271	#
89	1382583	16	20	32	36	52	53	68	69	84	85	86	99	100	115	116	117	131	132	133	147	148	271	#
90	1270332	100	116	117	132	133	134	147	148	149	150	151	152	165	166	167	168	180	181	182	183	184	271	#
91	1266978	127	130	145	146	147	148	161	162	163	176	177	178	179	192	194	195	207	208	222	223	239	271	#
92	1254266	100	101	102	115	116	117	118	119	131	132	133	134	135	145	146	147	148	163	164	179	180	271	#
93	152455	66	81	82	97	98	99	272	#
94	222888	49	65	66	81	97	102	272	#
95	646911	6	7	22	23	24	25	38	39	41	54	70	273	#
96	820972	5	7	21	22	23	38	39	55	59	110	111	273	#
97	791513	24	25	26	27	28	41	42	43	58	59	158	273	#
98	761530	6	22	38	45	54	60	61	62	63	70	76	273	#
99	709730	40	41	42	56	57	58	59	60	73	192	226	273	#
100	651503	4	5	6	7	22	23	24	38	39	54	55	273	#
101	227119	180	195	196	211	212	274	#
102	318760	27	28	42	179	180	274	#
103	257710	94	110	148	149	195	274	#
104	193004	196	210	211	212	213	274	#
105	189070	66	80	81	82	211	274	#
106	331399	127	196	211	212	227	275	#
107	364877	109	110	126	127	142	275	#
108	349131	114	227	228	229	243	275	#
109	301910	180	181	196	197	211	275	#
110	281163	196	197	211	212	213	275	#
111	260033	195	204	211	212	227	275	#
112	717316	4	5	6	7	21	22	36	37	38	39	52	53	55	69	92	253	276	#
113	1031747	2	3	4	5	6	18	19	20	21	22	33	34	35	36	38	50	276	#
114	954203	187	202	203	204	205	219	220	221	234	235	236	237	251	252	253	254	276	#
115	948239	22	38	39	40	54	55	56	57	68	69	70	71	88	104	148	164	276	#
116	901117	2	3	4	18	19	35	189	190	204	205	206	221	222	238	239	255	276	#
117	893641	42	46	47	55	62	63	76	77	78	79	92	108	123	124	125	126	276	#
118	316228	191	207	222	223	238	239	277	#
119	382570	175	189	190	191	206	207	277	#
120	356093	159	174	175	191	207	222	277	#
121	342151	191	207	222	223	227	239	277	#
122	332562	237	238	239	253	254	255	277	#
123	258374	174	190	206	222	223	239	277	#
124	176845	213	229	244	245	246	278	#
125	254176	227	228	243	244	245	278	#
126	245156	243	244	245	246	247	278	#
127	210939	197	212	213	229	230	278	#
128	89847	61	62	77	279	#
129	106315	61	76	77	279	#
130	87911	46	62	77	279	#
131	67395	61	77	78	279	#
132	505673	196	198	211	212	214	227	228	229	230	280	#
133	631164	212	213	227	228	229	230	231	243	244	280	#
134	525986	144	160	176	214	229	230	244	245	246	280	#
135	525402	181	197	198	213	214	228	229	230	244	280	#
136	525277	176	192	193	208	209	210	211	225	226	280	#
137	494064	178	179	180	194	195	196	211	212	227	280	#
138	149940	56	70	71	281	#
139	112097	71	72	73	281	#
140	744601	28	44	135	193	209	224	225	226	240	241	242	282	#
141	976332	176	178	193	194	209	210	225	226	241	242	243	282	#
142	943034	192	193	194	195	208	209	210	224	225	231	232	282	#
143	935683	35	50	51	158	209	210	225	226	227	241	242	282	#
144	924246	193	194	208	209	210	225	226	227	240	241	242	282	#
145	865788	177	193	209	210	226	227	228	240	241	242	243	282	#
146	1432902	41	176	182	192	193	194	196	198	199	210	212	213	214	226	227	228	229	230	231	243	244	245	246	283	#
147	1666695	29	45	46	62	63	76	77	78	79	95	103	111	119	230	231	232	236	246	247	248	251	252	253	283	#
148	1611467	9	25	26	41	42	57	58	59	71	72	73	74	75	88	89	90	91	104	105	120	121	136	184	283	#
149	1494788	1	2	3	4	17	18	19	34	35	83	84	85	86	178	180	194	195	196	210	212	213	214	228	283	#
150	1461193	126	127	140	141	142	143	156	157	158	159	198	199	213	214	228	229	230	231	243	244	245	246	247	283	#
151	1456339	164	179	180	195	196	197	198	210	212	213	214	216	218	227	228	229	230	231	232	233	243	244	245	283	#
152	266827	11	12	28	284	#
153	273079	28	44	60	284	#
154	244954	12	28	44	284	#
155	215957	10	11	12	284	#
156	374497	202	203	218	219	233	234	251	252	285	#
157	545496	201	216	217	232	233	234	249	250	285	#
158	493353	202	218	219	220	221	232	233	234	285	#
159	456847	186	199	200	201	202	215	216	217	285	#
160	419029	204	220	221	236	237	251	252	253	285	#
161	407325	202	203	217	218	219	234	235	251	285	#
162	2452514	9	11	12	14	25	26	27	28	29	30	31	41	42	43	44	45	46	47	58	59	60	61	62	63	73	74	75	77	78	79	90	92	93	94	95	110	286	#
163	2554121	38	39	40	41	54	55	56	57	58	59	70	71	72	73	74	75	85	86	87	88	89	90	91	92	99	100	101	102	103	104	108	115	116	117	120	131	286	#
164	2550139	23	27	28	38	39	43	44	54	55	56	58	59	71	72	73	74	75	84	85	86	87	88	89	90	91	92	103	104	105	106	107	108	109	110	123	125	286	#
165	2518056	12	13	14	15	27	28	29	30	31	43	44	45	46	47	58	59	60	61	62	63	73	74	75	76	77	78	79	93	95	108	109	110	111	123	124	126	286	#
166	2513509	11	12	13	14	15	29	30	31	41	43	44	45	46	47	58	59	60	61	62	63	75	76	77	78	79	92	93	94	95	108	109	110	111	125	126	127	286	#
167	2461176	11	12	13	14	27	28	29	42	55	58	70	71	72	73	77	88	89	90	92	93	94	95	105	108	109	110	111	121	124	125	126	127	139	140	142	143	286	#
168	30204	35	#
169	1240661	12	13	14	27	28	29	30	31	42	43	46	112	113	114	128	129	130	144	145	146	147	160	161	162	287	#
170	1673087	112	113	114	128	129	130	144	147	160	161	164	176	177	179	180	193	202	203	204	210	218	219	220	235	287	#
171	1503087	113	114	128	129	130	131	132	133	144	145	146	147	148	149	161	162	163	164	177	178	179	180	195	249	287	#
172	1498885	84	112	113	114	119	121	128	129	130	133	135	138	144	145	147	148	149	150	151	154	155	163	164	171	287	#
173	1494433	36	37	49	50	64	65	66	67	82	83	99	100	115	116	117	130	131	132	146	147	148	161	162	163	287	#
174	1476616	15	30	31	46	47	61	62	63	76	77	78	79	93	94	95	109	110	111	125	126	127	140	141	142	287	#
175	115082	86	#
176	574648	86	102	103	104	117	118	119	288	#
177	720360	101	102	103	118	119	120	135	288	#
178	717294	118	119	120	133	134	135	150	288	#
179	713901	86	102	116	117	118	119	134	288	#
180	635432	85	86	87	102	103	119	120	288	#
181	633389	101	102	117	118	133	134	135	288	#
182	679413	56	72	206	207	219	235	236	237	238	251	252	253	254	255	289	#
183	962197	119	134	187	203	216	217	218	219	220	234	235	236	251	252	289	#
184	882017	201	202	203	217	218	219	220	233	234	235	236	251	252	253	289	#
185	861126	189	203	205	206	218	219	220	221	235	236	237	251	252	253	289	#
186	844386	9	25	39	40	41	55	56	57	71	72	73	88	89	90	289	#
187	830302	218	221	232	233	234	235	236	237	238	251	252	253	254	255	289	#
188	1145345	115	116	117	129	131	132	133	135	145	146	147	148	149	150	151	165	166	167	236	290	#
189	1487757	66	82	83	84	85	99	100	101	116	131	132	133	147	148	149	150	151	166	182	290	#
190	1407109	68	69	84	85	86	100	101	116	117	132	133	134	135	147	148	149	165	166	182	290	#
191	1394931	99	100	114	115	116	130	131	132	133	134	140	147	148	150	163	164	179	180	210	290	#
192	1370243	98	99	100	101	103	115	116	117	118	119	131	132	133	134	135	147	148	149	164	290	#
193	1368511	119	131	132	133	134	135	147	148	149	150	151	152	153	165	166	167	168	181	182	290	#
194	363956	179	195	196	211	212	213	227	228	229	245	291	#
195	470494	195	196	197	211	212	213	227	228	229	243	291	#
196	464645	40	164	180	181	195	196	197	213	229	230	291	#
197	422130	197	212	213	214	229	230	231	232	245	246	291	#
198	389054	163	178	179	195	196	197	198	211	212	213	291	#
199	385696	195	196	197	213	214	215	228	229	245	246	291	#
200	401505	69	193	194	195	210	211	227	243	292	#
201	515521	212	213	225	226	227	241	242	243	292	#
202	491610	176	180	193	194	196	210	211	226	292	#
203	469744	193	194	195	196	208	209	210	212	292	#
204	438129	178	179	194	195	196	211	212	213	292	#
205	355885	211	212	227	228	229	244	245	246	292	#
206	844552	44	60	61	62	63	76	77	78	79	93	94	95	109	110	130	293	#
207	970750	82	83	98	99	114	115	116	128	129	130	146	161	177	178	193	293	#
208	947706	31	77	79	91	92	93	94	95	108	109	110	111	124	125	127	293	#
209	917277	45	60	61	75	76	77	78	79	91	92	93	94	95	108	111	293	#
210	907585	12	28	29	30	44	45	46	47	60	61	62	63	77	79	95	293	#
211	894799	93	94	98	108	109	110	114	124	126	127	139	140	141	142	143	293	#
212	1099503	128	129	156	158	172	173	174	175	187	188	189	190	191	204	205	206	207	220	222	223	239	294	#
213	1421609	55	56	71	72	87	88	89	90	91	103	104	118	119	120	125	126	142	143	157	158	159	294	#
214	1371492	3	122	139	155	170	171	187	188	201	202	203	217	218	219	220	233	234	235	236	252	255	294	#
215	1350546	12	27	28	115	116	131	132	136	141	151	152	156	157	158	159	172	173	187	188	189	212	294	#
216	1347762	186	189	202	203	204	205	206	207	220	222	223	234	235	236	237	238	239	251	252	253	254	294	#
217	1309562	36	46	52	53	54	68	69	140	202	203	204	205	219	220	233	234	235	236	237	251	253	294	#
218	1227561	0	5	6	7	8	9	16	21	22	24	36	37	38	52	54	55	56	70	222	235	236	237	251	252	253	254	295	#
219	1680086	0	2	16	17	18	32	33	48	49	64	65	68	82	83	84	85	86	100	101	102	117	118	119	120	134	135	295	#
220	1627102	105	120	121	122	133	134	135	136	137	138	139	149	150	151	152	153	154	155	203	204	205	219	220	221	236	237	295	#
221	1551355	19	20	82	142	143	157	158	173	174	191	204	207	219	220	221	223	235	236	237	238	239	251	252	253	254	255	295	#
222	1548958	2	3	6	17	18	19	20	21	22	23	32	33	34	35	36	37	38	39	40	52	53	54	55	70	71	72	295	#
223	1506821	2	3	4	5	6	7	8	9	10	18	19	20	21	22	23	24	36	37	38	39	40	54	55	70	150	151	295	#
224	2358255	6	21	154	163	164	165	176	177	178	179	180	181	182	192	193	194	195	196	208	209	210	211	212	213	214	225	226	227	228	229	230	231	232	241	242	243	244	245	246	247	296	#
225	2758487	42	43	44	45	46	58	59	60	72	74	75	90	91	92	93	106	107	109	110	111	118	119	123	126	142	192	208	209	213	224	225	226	229	230	231	240	241	245	246	247	296	#
226	2750035	12	28	29	45	46	116	130	131	132	133	146	147	148	149	150	160	161	162	163	164	166	167	177	178	179	180	193	194	195	196	197	209	210	213	225	226	240	241	242	243	296	#
227	2727605	73	86	87	88	89	101	102	103	104	105	116	117	118	119	120	121	122	130	131	133	134	135	136	137	138	147	148	149	150	151	152	153	154	155	163	166	167	169	245	252	296	#
228	2696510	33	34	83	84	98	99	100	101	102	112	114	116	117	118	119	120	128	129	130	131	132	133	134	136	145	146	147	148	149	150	151	152	160	161	162	163	164	165	166	180	296	#
229	2656920	2	99	100	101	113	116	117	128	129	130	131	132	133	134	144	145	146	147	148	150	160	161	162	163	164	176	177	178	179	180	181	193	194	195	196	209	210	211	225	226	296	#
230	900193	80	81	82	96	147	148	162	163	176	178	179	193	194	297	#
231	973987	144	160	164	176	177	178	179	180	192	193	194	195	196	297	#
232	943659	132	133	134	147	148	149	150	162	163	164	165	179	180	297	#
233	903531	101	117	118	132	133	146	147	148	149	164	166	180	181	297	#
234	893238	130	147	163	164	177	178	179	180	193	194	195	196	211	297	#
235	871977	33	49	50	64	65	66	67	80	81	82	96	97	98	297	#
236	73971	248	#
237	112979	218	#
238	291168	25	41	194	298	#
239	245134	194	195	210	298	#
240	168174	9	25	26	298	#
241	101032	40	41	56	298	#
242	2207731	11	12	13	14	15	27	28	29	30	31	41	42	43	44	45	46	47	58	59	61	62	63	77	78	79	93	95	111	151	167	213	214	229	230	243	244	245	246	247	299	#
243	2628605	9	10	11	12	13	14	15	26	27	28	29	30	42	43	44	45	46	59	60	61	62	63	77	178	179	193	194	195	208	209	210	211	224	225	226	227	228	242	243	299	#
244	2508748	9	25	26	41	42	86	88	89	102	103	104	117	118	119	120	121	122	132	133	134	135	136	137	138	148	149	150	151	152	153	154	165	166	167	168	169	184	200	201	299	#
245	2483180	10	12	19	25	26	27	28	34	35	36	41	42	43	56	57	58	72	73	74	83	84	90	98	99	100	115	116	117	121	122	123	137	138	139	153	154	155	169	170	299	#
246	2454124	28	43	44	45	46	47	58	59	60	61	62	63	74	75	76	77	78	79	90	91	93	95	108	109	149	161	177	179	193	194	195	208	209	210	225	226	241	242	243	299	#
247	2384161	10	11	13	14	15	25	26	27	28	29	40	41	42	43	45	56	57	58	59	71	72	73	74	75	76	87	88	89	90	91	104	106	109	123	124	125	139	140	234	299	#
248	342251	92	93	108	109	300	#
249	298841	77	92	93	109	300	#
250	257218	108	109	110	125	300	#
251	227974	61	77	92	93	300	#
252	202057	92	107	108	125	300	#
253	351745	202	218	219	234	235	236	251	252	301	#
254	466271	202	216	217	218	219	233	234	235	301	#
255	459418	35	36	51	52	53	251	252	253	301	#
256	437677	217	218	219	220	233	234	235	251	301	#
257	431872	203	204	205	220	235	236	251	252	301	#
258	408001	186	202	203	217	218	219	234	235	301	#
259	1656604	14	30	94	95	110	111	124	125	126	127	139	140	141	142	143	155	156	157	158	159	171	174	175	191	204	302	#
260	1900834	72	87	88	89	90	91	101	102	103	112	113	118	119	120	127	128	129	130	143	144	160	226	242	243	244	302	#
261	1891715	92	108	109	111	126	127	140	141	142	155	156	157	171	172	173	174	188	203	204	205	219	220	221	236	237	302	#
262	1816200	90	91	92	94	99	100	101	102	106	107	108	109	110	111	116	117	123	124	125	126	127	133	140	141	143	302	#
263	1730759	94	95	110	111	126	127	141	142	143	155	157	158	159	171	172	173	174	175	188	189	190	191	204	205	207	302	#
264	1713742	3	4	5	6	22	139	155	170	171	187	188	201	202	203	204	205	216	217	218	219	220	221	232	234	235	302	#
265	210185	107	108	109	123	303	#
266	248083	108	109	110	124	303	#
267	202998	71	93	108	109	303	#
268	142959	106	107	122	123	303	#
269	137992	106	107	108	123	303	#
270	1022127	160	176	177	178	179	192	193	194	195	196	208	209	210	211	212	225	226	304	#
271	1168381	160	161	176	177	178	192	193	194	208	209	210	224	225	226	240	241	242	304	#
272	1163744	176	178	181	192	193	194	196	197	208	209	210	224	225	226	227	240	243	304	#
273	1122601	3	4	17	18	19	34	35	154	163	164	170	178	179	180	194	195	196	304	#
274	1089557	122	139	176	193	208	209	210	211	225	226	227	228	240	241	242	243	244	304	#
275	1011390	176	177	193	195	196	197	208	209	210	211	212	225	226	227	241	242	243	304	#
276	395667	64	65	66	73	80	81	305	#
277	523976	34	50	66	81	82	183	305	#
278	471588	50	66	80	81	96	97	305	#
279	329737	32	48	64	65	66	81	305	#
280	328804	56	57	58	71	72	73	305	#
281	273140	48	64	65	193	210	226	305	#
282	716348	55	56	70	71	87	88	89	90	104	105	106	121	306	#
283	1067807	86	87	88	103	104	114	118	119	120	130	189	205	306	#
284	769103	1	17	40	56	71	86	87	88	89	102	216	229	306	#
285	733911	55	56	71	72	87	88	89	90	103	104	105	120	306	#
286	688478	89	102	103	104	105	119	120	121	122	137	138	222	306	#
287	631950	56	72	73	74	87	88	89	90	103	104	105	141	306	#
288	986960	39	40	55	56	71	72	73	86	87	88	89	102	103	104	105	119	120	201	307	#
289	1309027	58	72	73	74	88	89	90	105	174	188	189	190	203	204	205	206	220	221	307	#
290	1297845	41	54	56	57	58	70	71	72	73	74	75	87	88	89	90	91	92	105	307	#
291	1245281	67	68	83	84	85	86	87	92	99	100	101	108	109	116	117	124	125	157	307	#
292	1171701	101	102	103	104	116	117	118	119	132	133	134	135	136	151	152	167	229	230	307	#
293	1142150	68	84	85	86	87	88	89	101	102	103	117	118	119	120	121	133	137	149	307	#
294	184042	66	67	80	81	82	83	308	#
295	257881	67	83	84	85	100	101	308	#
296	230185	66	81	82	97	98	114	308	#
297	196542	49	65	66	67	82	83	308	#
298	166406	48	50	64	65	66	67	308	#
299	101508	6	81	82	97	98	99	308	#
300	1093716	185	198	199	200	201	212	213	214	215	216	217	230	231	232	233	234	246	247	248	249	250	309	#
301	1429998	59	60	76	77	93	101	102	104	119	120	121	137	153	216	230	231	232	233	247	248	249	309	#
302	1374923	161	162	169	170	185	200	201	202	216	217	218	230	231	232	233	234	235	247	248	249	250	309	#
303	1350121	95	110	111	125	126	127	141	142	143	158	159	163	214	229	230	231	232	233	246	248	249	309	#
304	1306772	162	164	179	180	185	195	196	201	208	209	210	211	212	213	225	226	227	228	241	242	243	309	#
305	1261479	182	183	198	199	201	202	217	218	220	221	232	233	234	235	236	237	248	249	250	251	252	309	#
306	963801	98	99	112	113	114	116	128	129	130	131	144	145	146	147	161	163	164	179	180	310	#
307	1256801	34	50	66	67	82	83	98	99	100	114	115	116	117	131	132	133	148	149	207	310	#
308	1253486	25	41	84	85	99	100	101	115	116	117	131	132	133	134	148	149	150	154	170	310	#
309	1225807	43	58	59	128	144	145	160	161	176	177	178	192	193	194	208	209	210	225	241	310	#
310	1212455	116	131	132	133	148	149	150	163	164	178	179	180	194	195	196	197	211	212	227	310	#
311	1210613	124	130	140	141	142	144	145	146	147	157	160	161	162	163	179	194	195	196	210	310	#
312	189814	222	223	239	311	#
313	167745	223	238	239	311	#
314	156882	207	222	238	311	#
315	342791	15	137	214	229	230	231	245	312	#
316	349383	212	227	228	229	243	244	245	312	#
317	327165	198	214	228	229	230	244	245	312	#
318	262881	14	15	30	31	45	46	62	312	#
319	157978	134	135	136	137	138	153	154	312	#
320	166279	13	14	15	313	#
321	170536	13	14	29	313	#
322	157253	15	30	31	313	#
323	410169	7	8	9	11	23	25	26	27	41	42	314	#
324	563929	9	11	12	25	26	27	41	42	43	58	314	#
325	555906	11	12	13	14	26	27	103	104	105	120	314	#
326	549892	7	8	9	21	22	23	24	39	40	191	314	#
327	546039	7	8	21	22	23	24	25	36	37	52	314	#
328	459440	5	6	7	8	9	15	21	22	31	47	314	#
329	786033	93	95	109	110	111	126	127	135	136	137	151	167	176	192	193	315	#
330	1139532	86	102	119	132	133	134	135	149	150	151	152	165	166	167	176	315	#
331	1076263	79	93	94	95	109	110	111	124	125	126	127	141	142	157	173	315	#
332	994163	74	75	90	91	92	93	108	109	110	111	124	125	126	127	242	315	#
333	972430	46	61	62	63	77	78	79	95	111	127	132	133	148	149	150	315	#
334	963600	29	31	44	45	46	47	60	61	62	63	77	78	79	95	111	315	#
335	473678	103	105	119	120	121	316	#
336	346685	103	118	119	120	121	316	#
337	308919	72	87	88	103	120	316	#
338	280996	104	120	121	138	139	316	#
339	273996	72	88	89	104	105	316	#
340	251896	104	120	121	136	137	316	#
341	1131582	66	67	80	81	82	83	84	97	98	99	115	142	143	157	158	159	172	173	174	189	317	#
342	1380488	2	3	18	19	67	83	84	85	100	115	116	130	131	132	133	147	148	163	179	255	317	#
343	1336064	37	52	53	68	84	85	86	87	100	101	102	116	118	131	132	133	147	148	219	220	317	#
344	1328631	66	67	68	69	80	81	82	83	84	97	98	100	114	200	201	216	231	232	247	248	317	#
345	1301281	50	51	66	67	80	81	82	83	98	99	100	101	102	115	116	131	132	147	148	164	317	#
346	1299893	49	52	65	66	67	68	71	72	82	83	84	85	86	88	97	98	100	102	116	132	317	#
347	136575	97	180	196	197	211	318	#
348	184418	181	182	196	197	213	318	#
349	132358	196	197	211	213	229	318	#
350	51248	192	193	210	211	226	318	#
351	119021	144	#
352	48070	63	#
353	957715	29	43	44	45	46	60	61	62	63	78	79	94	95	111	127	143	319	#
354	1130152	12	27	28	43	44	45	58	59	60	76	114	130	146	147	162	163	319	#
355	1057885	13	14	28	29	30	192	193	194	195	196	208	209	210	212	224	227	319	#
356	1053462	109	110	111	126	127	141	142	143	146	147	157	158	159	162	173	175	319	#
357	1039935	50	91	92	93	94	109	110	111	126	127	141	142	143	157	158	159	319	#
358	1032301	10	12	26	27	28	29	42	44	45	46	58	59	60	61	76	77	319	#
359	1127452	12	13	14	25	27	28	29	30	42	44	45	46	60	61	62	75	76	77	116	226	242	320	#
360	1443812	29	45	46	60	61	62	76	77	78	79	92	93	95	108	109	110	125	126	142	157	159	320	#
361	1416796	29	45	176	192	193	194	195	196	208	209	210	211	212	224	225	226	227	228	242	243	244	320	#
362	1373389	0	1	17	30	31	45	46	58	59	60	61	62	63	75	76	77	78	79	91	93	109	320	#
363	1349476	41	43	45	46	47	58	59	60	62	63	74	75	76	79	88	89	90	91	95	106	141	320	#
364	1272479	61	62	63	77	78	79	92	93	94	95	97	98	99	108	110	111	114	127	130	146	147	320	#
365	678623	73	89	103	104	105	119	120	121	137	138	153	321	#
366	925912	87	88	89	102	103	104	105	119	120	121	122	321	#
367	804353	101	102	103	117	118	119	120	134	136	199	215	321	#
368	802419	39	55	71	72	73	87	88	89	103	104	105	321	#
369	747992	71	72	88	105	121	122	138	139	140	154	232	321	#
370	746605	88	89	103	104	105	119	120	121	122	160	161	321	#
371	1065863	26	27	28	29	41	42	43	57	58	82	83	84	92	93	98	245	322	#
372	1117884	60	62	75	76	77	91	92	93	108	109	111	124	125	126	127	143	322	#
373	1038552	62	66	67	76	77	78	79	81	82	83	92	93	95	97	108	125	322	#
374	1016100	10	11	12	24	25	26	27	28	41	42	43	44	58	59	60	74	322	#
375	988278	10	11	12	25	26	28	40	41	42	43	44	56	57	58	59	74	322	#
376	977102	9	10	65	66	67	81	82	83	84	85	98	99	100	101	114	115	322	#
377	345045	27	28	43	44	59	323	#
378	371252	28	29	213	214	230	323	#
379	364678	27	28	116	131	132	323	#
380	323852	27	43	214	229	230	323	#
381	221092	27	42	43	58	59	323	#
382	154132	42	43	44	45	60	323	#
383	352898	44	60	76	144	324	#
384	350842	43	44	59	60	324	#
385	346624	60	75	76	91	324	#
386	236013	79	144	160	161	324	#
387	224217	44	45	46	60	324	#
388	61931	36	#
389	1709050	33	49	50	119	120	121	122	135	136	137	138	139	150	151	152	153	154	155	166	168	169	170	183	184	185	186	325	#
390	1955457	57	91	92	93	105	108	109	114	118	119	120	121	125	130	135	136	137	150	151	152	166	167	168	169	184	200	325	#
391	1928708	72	86	88	101	102	104	105	117	118	119	120	121	132	133	134	135	136	137	148	151	152	153	169	232	247	248	325	#
392	1828849	66	104	105	120	121	122	139	153	154	155	156	157	172	173	174	185	188	189	201	202	203	204	205	217	233	249	325	#
393	1801142	85	99	100	101	102	103	117	118	119	120	121	122	132	133	134	135	136	137	138	150	151	152	153	154	167	170	325	#
394	1780239	0	1	2	3	16	17	18	19	32	33	34	35	46	48	50	51	62	64	66	67	81	82	192	193	208	210	325	#
395	513076	46	174	189	190	191	203	204	205	206	207	219	222	238	326	#
396	739462	139	155	156	171	172	187	188	203	204	219	220	221	237	326	#
397	719089	171	172	173	174	175	187	188	189	190	204	205	206	222	326	#
398	689542	172	174	175	188	189	190	203	204	205	219	220	221	237	326	#
399	674136	155	156	157	171	172	173	174	175	188	189	190	204	205	326	#
400	643351	184	200	202	215	216	217	218	219	220	233	234	235	236	326	#
401	404772	11	12	27	28	29	43	44	60	327	#
402	509743	27	28	42	43	58	182	206	207	327	#
403	401336	28	29	43	44	45	60	61	77	327	#
404	376017	11	12	13	14	15	27	28	44	327	#
405	375741	10	11	25	26	27	28	29	42	327	#
406	374937	12	25	27	28	42	43	44	45	327	#
407	836548	19	20	35	36	176	192	193	208	209	210	225	226	241	328	#
408	1148810	179	180	193	194	196	209	210	211	212	226	227	241	242	328	#
409	1063805	193	194	195	208	209	210	211	212	224	225	240	241	242	328	#
410	1015895	42	58	59	60	75	91	114	209	210	225	226	241	242	328	#
411	1014588	114	130	196	209	210	211	213	225	226	240	241	242	243	328	#
412	941557	128	144	145	160	161	176	177	178	179	194	209	210	226	328	#
413	854565	133	148	149	150	151	166	167	168	182	184	329	#
414	843086	102	117	118	133	134	135	149	150	151	165	329	#
415	831073	105	131	132	133	148	149	151	164	166	167	329	#
416	785087	118	133	134	149	150	151	165	166	182	183	329	#
417	751350	117	130	132	133	147	148	149	150	165	166	329	#
418	742668	105	120	121	135	136	149	150	151	152	168	329	#
419	2230554	120	152	168	169	170	172	183	184	185	186	188	198	199	200	201	202	203	204	209	214	215	216	217	218	219	220	221	225	229	232	233	234	235	236	240	241	245	249	251	330	#
420	2664080	46	58	62	63	77	78	79	93	95	108	109	110	120	125	134	135	136	151	166	167	176	177	192	193	194	195	196	202	208	209	210	211	212	218	226	227	228	242	243	330	#
421	2612029	56	57	71	72	73	87	88	89	90	105	106	109	110	111	121	137	169	185	200	202	204	205	216	217	218	219	220	231	232	233	234	235	236	237	247	248	251	252	253	330	#
422	2541930	3	19	23	38	39	53	54	55	144	145	166	179	180	181	182	195	196	198	199	210	211	212	214	215	216	218	227	228	229	230	231	232	233	234	243	244	245	246	247	330	#
423	2518906	90	94	95	106	108	109	110	111	123	124	125	127	140	149	150	153	154	165	166	167	168	169	170	171	181	182	183	184	185	186	197	198	199	200	214	215	216	217	232	330	#
424	2506923	13	14	29	118	132	133	134	148	149	150	152	163	164	165	166	167	168	180	181	182	184	196	197	198	200	211	212	213	214	215	216	227	228	229	230	231	232	243	245	330	#
425	5864	128	#
426	908713	1	2	3	4	5	17	18	19	20	21	37	38	141	157	331	#
427	961549	2	3	4	5	6	18	19	20	21	33	34	37	49	50	331	#
428	877216	5	6	21	22	37	38	39	52	53	54	55	69	70	71	331	#
429	875113	0	1	2	3	16	17	18	19	34	35	50	51	66	137	331	#
430	874265	0	1	2	3	4	16	17	18	19	33	34	35	36	255	331	#
431	862660	2	3	5	6	18	19	20	21	35	36	37	38	52	53	331	#
432	569255	154	155	156	157	158	159	170	171	172	173	188	332	#
433	832954	126	140	141	142	157	158	159	173	188	189	204	332	#
434	749058	110	126	140	141	142	156	157	158	159	172	175	332	#
435	744229	38	54	126	141	142	143	157	158	159	174	175	332	#
436	729245	152	153	154	155	170	171	172	187	188	202	203	332	#
437	727442	155	156	171	172	173	187	188	204	205	206	221	332	#
438	2172833	9	13	14	25	26	27	28	29	30	31	42	43	44	45	46	47	59	60	61	62	63	66	75	76	77	78	79	80	81	82	94	95	110	111	121	122	139	333	#
439	2544029	16	18	32	33	34	35	48	49	50	51	64	65	66	67	68	76	80	81	82	96	97	98	99	100	101	102	114	115	116	117	118	130	131	132	133	147	149	333	#
440	2397813	0	1	2	16	17	18	32	33	48	49	64	65	119	120	121	122	137	138	139	140	141	142	143	153	154	155	156	157	170	171	172	187	188	189	190	203	205	333	#
441	2387285	28	29	30	45	46	47	58	59	60	61	62	63	76	77	78	79	93	95	163	165	178	179	180	181	194	195	196	201	211	212	213	214	227	228	229	243	244	333	#
442	2385794	11	12	13	24	25	26	27	28	29	41	42	43	44	45	58	59	60	61	64	65	72	74	75	76	89	90	91	92	101	102	103	119	120	182	183	198	253	333	#
443	2349239	8	9	10	11	12	13	24	25	26	27	28	29	42	43	44	45	46	58	59	60	74	75	76	77	89	90	91	140	141	142	157	171	172	173	174	180	188	333	#
444	24451	161	#
445	150776	5	6	334	#
446	223672	6	22	334	#
447	1257379	101	102	103	117	118	119	120	125	133	134	135	136	149	150	151	152	165	166	167	168	182	198	335	#
448	1598137	85	101	116	117	132	133	149	150	168	169	170	171	172	183	184	200	201	208	216	217	224	254	335	#
449	1524463	33	112	113	150	154	166	167	168	169	170	171	172	173	182	183	184	185	186	188	200	201	202	335	#
450	1513753	71	84	85	86	87	88	90	91	92	101	102	103	104	117	118	119	120	134	135	136	139	155	335	#
451	1460598	85	86	87	101	102	103	104	118	119	120	121	122	135	136	137	138	151	154	167	168	169	170	335	#
452	1418007	34	35	62	76	77	78	93	103	104	108	109	110	120	124	125	126	136	141	142	155	156	157	335	#
453	1153163	87	125	126	139	140	141	142	143	158	159	174	175	189	190	191	206	207	230	245	246	247	336	#
454	1575889	15	66	82	83	98	121	122	123	124	137	138	139	140	141	154	155	157	169	170	238	255	336	#
455	1397424	121	141	142	158	159	174	179	189	190	191	195	204	205	206	207	221	222	223	237	238	253	336	#
456	1357992	27	28	29	42	43	44	60	188	189	191	204	205	206	207	221	222	223	237	238	239	253	336	#
457	1339731	193	196	210	211	212	213	214	225	226	227	228	229	230	231	232	242	243	244	245	246	247	336	#
458	1315146	20	36	147	163	173	174	189	190	192	202	203	204	205	206	208	209	219	224	225	240	241	336	#
459	661765	149	150	151	165	166	167	180	181	182	183	184	199	337	#
460	880441	151	152	153	154	167	168	169	170	184	185	200	201	337	#
461	820990	118	133	134	136	149	150	151	152	166	167	168	169	337	#
462	797763	70	136	151	152	167	168	183	184	199	200	234	235	337	#
463	775296	65	133	136	148	149	150	151	165	178	179	180	181	337	#
464	734626	133	136	149	150	151	152	165	166	167	168	181	225	337	#
465	761718	75	84	112	113	128	129	130	144	146	147	164	180	338	#
466	920978	115	116	117	130	131	132	133	145	146	147	148	150	338	#
467	805042	37	38	39	52	53	54	55	68	69	70	84	110	338	#
468	797811	116	128	129	130	131	132	144	145	146	147	161	162	338	#
469	742730	112	113	128	129	130	131	144	146	147	148	160	176	338	#
470	736962	29	42	43	45	58	59	60	74	75	76	90	91	338	#
471	61679	23	24	#
472	2087327	18	36	37	51	52	53	68	69	70	129	130	132	133	145	146	147	148	149	150	151	161	162	163	164	165	167	176	177	178	179	192	193	194	209	235	339	#
473	2337008	6	20	21	34	35	36	37	38	39	40	50	51	52	53	54	55	56	65	66	67	68	69	70	81	82	84	85	86	101	102	116	117	118	119	183	339	#
474	2277534	37	38	39	40	41	49	50	51	52	53	54	55	56	57	65	66	67	68	69	70	71	72	73	74	75	82	83	84	85	88	89	90	101	105	121	339	#
475	2256756	9	10	11	12	27	28	43	44	60	76	112	113	128	129	130	144	145	146	160	161	162	176	177	178	179	192	193	194	208	209	210	224	226	240	242	339	#
476	2243188	144	147	160	161	163	164	176	177	178	179	180	181	192	193	194	196	197	208	209	210	211	212	213	214	224	225	226	227	228	229	240	241	242	243	244	339	#
477	2221504	113	128	129	130	131	133	144	145	146	147	148	149	150	151	160	161	162	163	164	166	167	176	177	178	180	192	193	194	210	211	212	213	227	228	229	339	#
478	288267	177	178	194	195	340	#
479	357392	179	180	195	196	340	#
480	321519	176	177	178	179	340	#
481	276339	177	193	194	210	340	#
482	566783	0	1	2	3	16	17	18	19	20	32	35	48	49	68	341	#
483	821069	0	1	16	17	26	27	28	32	33	44	45	48	49	64	341	#
484	817190	1	2	3	19	34	35	36	50	52	182	183	196	197	198	341	#
485	744144	0	1	2	3	4	5	18	19	20	32	33	34	35	51	341	#
486	736478	0	1	2	3	4	16	17	18	19	20	36	50	51	52	341	#
487	708697	66	67	68	82	83	84	85	86	87	98	100	103	104	120	341	#
488	199014	12	#
489	99479	53	69	70	342	#
490	143433	69	70	102	342	#
491	131379	52	68	69	342	#
492	202162	217	218	233	234	249	343	#
493	268756	218	234	235	251	252	343	#
494	237982	201	216	217	218	233	343	#
495	219723	218	219	234	235	251	343	#
496	1647189	0	1	2	3	16	17	18	19	32	33	34	48	49	64	65	66	80	81	82	96	98	344	#
497	1760744	17	49	50	64	65	66	67	82	108	116	118	124	125	131	132	133	134	210	225	226	241	344	#
498	1694165	33	49	65	66	67	80	81	82	83	84	85	93	94	95	96	97	98	100	101	114	116	344	#
499	1693484	0	1	2	3	16	17	18	19	32	33	34	35	48	49	50	51	64	66	82	111	127	344	#
500	1685624	65	66	67	69	70	82	83	84	85	86	96	97	98	99	100	102	114	116	131	132	148	344	#
501	1668614	49	50	64	65	66	80	81	82	93	96	98	99	108	109	123	124	125	140	141	251	252	344	#
502	215197	144	145	345	#
503	153915	128	144	345	#
504	289715	126	142	143	158	346	#
505	336890	158	174	175	190	346	#
506	296805	143	157	158	159	346	#
507	160609	109	125	126	142	346	#
508	362842	5	6	20	21	22	37	38	55	347	#
509	419324	5	6	13	14	15	21	22	31	347	#
510	376859	5	7	20	21	22	23	38	154	347	#
511	353534	23	24	37	38	39	55	56	208	347	#
512	320324	6	7	8	21	22	37	38	90	347	#
513	314932	22	36	37	38	51	52	53	55	347	#
514	679666	200	202	216	217	218	232	233	234	247	248	249	348	#
515	799492	185	200	201	202	203	216	217	230	231	232	248	348	#
516	752139	216	217	230	231	232	233	246	247	248	249	250	348	#
517	735743	183	184	200	216	230	231	232	246	247	248	249	348	#
518	732029	112	201	216	217	231	232	233	247	248	249	250	348	#
519	720433	200	213	216	217	229	230	231	232	233	247	249	348	#
520	73163	155	156	349	#
521	68764	139	155	349	#
522	2413512	31	44	45	46	47	56	59	61	62	63	71	72	74	75	76	77	78	79	88	89	90	91	92	93	94	95	105	109	110	111	124	125	126	127	143	247	248	350	#
523	2640465	41	58	74	75	77	78	79	91	92	93	94	95	108	109	110	111	124	125	126	127	151	181	196	197	198	213	214	229	230	231	232	233	245	246	247	248	249	350	#
524	2624598	20	25	40	41	58	59	72	73	74	78	79	88	89	90	91	92	93	94	95	106	107	108	109	110	111	122	123	124	125	126	127	139	140	141	155	156	157	350	#
525	2463668	47	62	63	71	74	78	79	87	88	89	90	91	92	93	94	95	103	104	105	106	107	108	109	110	119	120	121	122	123	124	125	126	139	140	141	154	155	350	#
526	2459600	12	13	27	28	29	31	42	43	44	45	46	47	58	59	60	61	62	63	64	74	75	76	77	78	79	80	91	93	94	95	108	109	110	126	196	197	232	350	#
527	2406732	28	29	44	45	59	60	62	72	74	75	76	77	78	88	89	90	91	92	93	94	95	106	107	108	109	110	111	124	125	126	127	142	143	157	158	159	175	350	#
528	42303	57	#
529	239574	238	239	254	255	351	#
530	293402	108	125	238	239	351	#
531	250350	222	237	238	239	351	#
532	247478	238	253	254	255	351	#
533	236537	237	238	254	255	351	#
534	1346955	39	55	56	70	71	72	73	74	86	87	88	89	103	104	105	119	120	121	135	136	137	150	151	152	167	168	352	#
535	1806348	84	85	86	89	90	98	99	100	101	102	103	104	105	115	116	117	118	119	120	133	134	135	136	151	238	255	352	#
536	1759057	68	84	85	86	87	100	101	102	103	116	117	118	119	120	121	133	134	135	136	149	151	152	166	167	168	178	352	#
537	1692237	86	87	88	89	90	96	102	103	104	105	117	118	119	120	121	123	134	135	136	150	151	152	166	167	168	253	352	#
538	1666965	38	39	40	54	55	56	69	70	71	84	85	86	87	88	102	103	104	105	119	120	121	122	219	220	235	236	352	#
539	1651920	86	102	103	119	120	121	136	151	152	153	165	166	167	168	169	184	192	193	194	200	201	209	210	211	215	217	352	#
540	481053	189	190	191	206	207	210	222	223	226	238	239	353	#
541	681869	207	209	225	226	227	228	229	240	241	242	243	353	#
542	661332	174	190	191	207	222	223	236	237	238	239	255	353	#
543	634389	194	195	196	210	211	212	227	228	243	244	245	353	#
544	622664	189	205	206	207	221	222	223	237	238	239	255	353	#
545	600309	190	205	206	207	222	223	238	239	252	253	254	353	#
546	556464	25	26	27	28	29	44	45	59	60	61	354	#
547	734933	12	28	43	44	203	208	209	210	224	227	354	#
548	587097	47	61	62	63	77	78	79	93	94	95	354	#
549	586641	11	12	13	14	27	28	29	43	44	188	354	#
550	559140	26	27	28	29	42	43	44	58	59	75	354	#
551	533074	9	25	27	41	42	43	57	58	59	73	354	#
552	232996	121	137	152	153	355	#
553	307918	151	152	168	169	355	#
554	236069	12	153	154	169	355	#
555	204281	102	120	121	138	355	#
556	139499	137	138	153	154	355	#
557	354960	79	90	106	123	124	356	#
558	327488	90	91	106	107	122	356	#
559	256788	46	47	63	79	95	356	#
560	240256	121	122	123	124	139	356	#
561	204276	26	90	106	122	123	356	#
562	193037	108	109	124	125	140	356	#
563	231431	33	34	357	#
564	236002	34	50	357	#
565	1674230	165	166	180	181	182	195	196	197	198	210	211	212	213	214	225	227	228	229	230	231	232	240	241	242	243	244	245	246	247	248	358	#
566	2174292	144	145	160	161	162	163	176	177	178	179	192	193	194	196	208	209	210	211	212	225	226	227	228	229	230	231	242	243	244	245	358	#
567	2052266	74	90	131	132	148	164	165	176	178	179	180	181	182	192	193	194	195	196	197	208	209	210	211	223	226	227	241	242	243	244	358	#
568	2009101	117	118	133	134	149	150	166	177	178	179	193	194	195	196	209	210	211	227	228	229	230	231	232	242	243	244	245	246	247	248	358	#
569	1999590	144	160	161	176	177	178	179	180	192	193	194	195	196	197	209	210	211	212	213	225	226	227	228	229	230	231	241	243	244	245	358	#
570	1970096	100	101	103	105	115	116	117	119	120	121	131	132	133	134	135	136	148	149	150	152	165	166	180	181	196	197	198	211	212	213	358	#
571	1365067	97	132	133	134	135	136	137	148	149	150	151	152	153	165	166	167	168	169	182	197	198	359	#
572	1742742	86	87	102	103	104	118	119	120	132	133	134	135	136	148	150	151	152	153	167	169	185	359	#
573	1627920	87	101	103	104	116	117	118	119	120	133	134	135	136	137	149	150	151	152	165	166	167	359	#
574	1601362	71	72	86	87	88	103	120	133	135	136	137	138	148	149	150	151	165	166	167	182	183	359	#
575	1600861	17	99	112	113	115	116	117	130	132	133	146	147	148	149	150	151	162	163	165	166	182	359	#
576	1570431	20	99	100	115	116	117	128	130	132	133	144	147	148	149	150	164	165	166	167	182	249	359	#
577	29624	40	#
578	325009	6	7	21	22	23	38	39	54	360	#
579	415453	22	38	52	53	54	55	68	71	360	#
580	371457	6	7	8	9	22	38	39	54	360	#
581	321952	7	22	23	39	40	41	56	57	360	#
582	316987	37	53	54	69	70	133	134	149	360	#
583	292820	5	6	7	21	22	23	24	38	360	#
584	13474	16	#
585	316267	9	10	11	27	28	43	361	#
586	405395	11	27	28	43	58	59	361	#
587	351981	11	12	28	29	44	45	361	#
588	334056	9	10	25	26	27	41	361	#
589	329597	10	11	26	27	42	43	361	#
590	300855	8	9	24	25	27	42	361	#
591	894573	110	111	124	125	126	127	140	141	142	143	157	158	159	362	#
592	879176	17	32	48	93	109	110	124	125	126	127	140	142	175	362	#
593	831075	108	109	124	125	140	141	157	158	184	200	201	202	215	362	#
594	824748	93	109	110	111	125	126	141	142	143	157	158	159	174	362	#
595	764005	126	141	142	157	158	159	174	189	204	205	206	210	211	362	#
596	736023	45	61	77	78	79	93	109	111	126	127	142	143	157	362	#
597	2049812	9	10	11	12	13	14	15	26	27	28	29	30	31	42	43	44	45	46	47	59	60	61	62	63	75	76	77	78	79	91	92	93	94	108	109	110	363	#
598	2395143	17	18	28	34	43	44	45	49	50	58	60	61	62	63	64	65	66	74	75	76	77	78	82	90	91	92	93	94	95	98	107	108	110	111	124	125	363	#
599	2369019	18	19	21	34	35	36	37	49	50	51	52	53	66	80	81	82	92	93	94	108	109	110	111	125	126	127	141	142	143	157	158	173	174	175	190	227	363	#
600	2352954	13	14	15	30	31	47	49	50	51	62	63	64	65	66	81	83	84	85	86	97	98	99	100	101	102	114	115	116	117	118	119	131	132	133	134	135	363	#
601	2299365	10	11	12	13	26	27	28	29	31	35	36	37	41	43	44	45	46	47	50	51	52	58	59	60	62	63	74	75	76	77	78	79	89	90	91	93	363	#
602	2270914	6	7	8	9	10	11	12	13	19	21	22	24	27	28	29	32	35	38	43	44	45	48	49	58	59	60	61	62	64	76	77	80	93	100	101	109	363	#
603	529623	75	91	92	93	94	109	364	#
604	528253	92	93	109	110	111	188	364	#
605	493898	59	75	90	91	92	161	364	#
606	469182	77	78	93	94	109	110	364	#
607	464921	50	51	93	109	126	127	364	#
608	453259	58	74	90	91	106	122	364	#
609	1082011	161	163	176	177	178	179	192	193	194	195	196	208	209	210	211	213	214	225	226	229	365	#
610	1258786	103	161	177	178	192	193	194	195	208	210	211	212	213	226	227	228	229	242	243	244	365	#
611	1254264	177	193	194	196	197	208	209	210	212	213	227	228	229	230	231	242	243	245	246	247	365	#
612	1226463	133	146	147	148	149	163	178	179	193	194	195	196	210	211	212	225	226	240	241	242	365	#
613	1210908	116	131	132	143	147	148	160	161	162	163	164	176	177	178	179	193	194	195	210	211	365	#
614	1202433	160	176	177	178	192	193	194	195	196	208	209	210	211	212	225	226	227	228	242	243	365	#
615	1880147	24	153	167	168	169	184	199	200	201	202	203	204	216	217	218	219	220	221	231	232	233	234	235	236	247	249	251	252	253	366	#
616	1963091	171	187	188	189	201	202	203	204	216	217	218	219	220	221	232	233	234	235	236	237	238	239	247	248	249	251	252	253	255	366	#
617	1961652	74	77	90	91	92	93	94	106	107	108	109	110	122	123	124	125	138	172	173	188	203	204	219	221	233	234	235	237	251	366	#
618	1954795	84	99	100	116	131	132	144	145	146	147	163	194	198	210	213	214	225	226	229	230	231	232	240	241	242	243	246	247	248	366	#
619	1888169	86	102	187	188	201	202	203	204	217	218	219	220	229	230	231	232	233	234	235	236	241	245	246	247	248	249	250	251	252	366	#
620	1873748	102	103	118	119	120	189	190	201	206	207	217	219	220	222	223	232	233	234	235	236	237	238	239	249	251	252	253	254	255	366	#
621	83949	106	123	124	125	#
622	802558	2	3	4	6	18	19	20	21	35	36	37	38	51	155	156	367	#
623	977311	19	21	34	35	36	37	38	50	51	52	53	54	66	68	74	367	#
624	886446	1	2	3	4	16	17	18	19	32	33	34	35	36	49	50	367	#
625	880774	108	109	110	123	124	125	138	139	140	155	156	171	172	173	189	367	#
626	876001	3	4	5	6	21	22	35	37	38	51	52	53	54	230	231	367	#
627	850652	106	107	120	121	122	136	137	138	139	151	154	155	156	170	172	367	#
628	72060	123	124	#
629	680965	187	202	203	204	205	219	220	221	234	235	251	368	#
630	747927	193	203	210	219	220	226	234	235	236	241	242	368	#
631	699614	171	185	187	201	202	203	204	205	217	220	221	368	#
632	653858	205	220	221	233	234	235	236	237	251	252	253	368	#
633	623899	203	204	205	219	220	221	234	235	236	237	251	368	#
634	592741	186	202	203	205	219	220	221	234	235	236	251	368	#
635	59718	238	254	369	#
636	79174	238	239	369	#
637	166019	72	73	74	88	89	370	#
638	222466	89	105	131	146	147	370	#
639	186193	42	57	58	73	89	370	#
640	455082	148	149	165	166	179	180	181	182	198	199	371	#
641	546934	161	177	178	179	181	182	193	194	195	197	371	#
642	530875	117	133	136	148	149	150	151	164	167	180	371	#
643	518271	133	149	154	165	166	167	168	169	170	182	371	#
644	463102	155	163	164	171	179	180	181	182	196	197	371	#
645	439195	130	147	148	149	164	165	179	180	181	197	371	#
646	1606417	129	130	144	145	146	160	161	162	163	176	177	178	179	180	192	193	195	196	208	209	210	211	212	224	225	226	234	240	251	372	#
647	1828473	176	177	178	179	180	181	193	194	195	196	197	203	204	205	210	211	212	213	214	218	219	228	229	230	234	235	236	251	252	372	#
648	1826102	6	21	36	37	52	96	131	203	204	216	217	218	219	220	221	231	232	233	234	235	236	237	247	248	249	251	252	253	254	372	#
649	1806689	128	132	133	144	145	146	148	149	161	162	163	164	165	166	167	168	178	179	180	181	182	183	194	195	196	198	199	210	211	372	#
650	1783714	132	133	148	149	164	166	179	180	181	182	183	195	196	199	200	210	211	212	213	214	215	228	229	230	243	244	245	246	247	372	#
651	1773470	202	203	204	208	209	216	217	218	219	220	221	224	231	232	233	234	235	236	237	240	247	248	249	250	251	252	253	254	255	372	#
652	751065	66	67	82	98	99	100	101	114	115	116	117	132	373	#
653	817819	82	83	84	85	86	98	99	100	101	102	114	119	373	#
654	765547	50	51	64	65	66	67	80	81	82	98	99	100	373	#
655	760476	22	34	50	66	82	98	99	100	101	115	116	117	373	#
656	755619	85	99	100	101	117	160	161	176	177	178	193	194	373	#
657	731471	81	82	84	85	98	99	114	115	116	131	132	148	373	#
658	220007	212	228	244	374	#
659	281917	212	227	228	374	#
660	146000	212	213	229	374	#
661	263443	14	15	30	31	45	46	375	#
662	338956	13	14	29	30	45	46	375	#
663	324109	11	27	28	44	45	60	375	#
664	315178	15	30	31	46	47	63	375	#
665	275719	43	44	45	46	47	61	375	#
666	229563	13	14	15	30	31	47	375	#
667	602516	29	42	43	44	45	46	47	58	59	60	61	62	376	#
668	781954	59	61	62	73	74	75	76	77	90	91	93	106	376	#
669	779161	14	15	30	46	47	62	63	79	94	95	96	111	376	#
670	763350	26	27	42	43	44	59	60	75	76	95	111	242	376	#
671	739330	45	46	47	59	60	61	62	63	76	77	93	100	376	#
672	733762	11	12	27	28	42	43	44	45	46	58	59	62	376	#
673	240143	8	9	23	24	25	96	377	#
674	267221	7	22	23	24	39	55	377	#
675	245635	7	8	9	25	42	228	377	#
676	237560	11	25	26	27	42	239	377	#
677	137872	7	8	9	23	24	192	377	#
678	791843	61	62	77	78	79	93	109	110	178	179	180	193	194	378	#
679	906021	93	94	95	107	108	109	110	126	141	142	143	158	159	378	#
680	859279	78	79	93	94	95	108	109	110	111	125	126	127	143	378	#
681	857724	103	180	181	182	194	195	198	213	214	215	229	230	246	378	#
682	828146	46	62	63	77	79	92	93	94	95	107	108	109	125	378	#
683	780633	45	61	62	76	77	78	79	92	93	94	108	109	110	378	#
684	46407	112	128	379	#
685	39029	128	129	379	#
686	2050122	103	104	105	121	122	123	124	138	154	181	182	183	185	195	196	198	199	200	213	214	215	216	228	229	230	231	232	233	234	245	246	248	380	#
687	2286724	116	117	132	133	134	149	150	188	189	203	204	205	216	217	218	219	220	221	231	232	233	234	235	236	237	238	248	249	251	252	253	254	380	#
688	2239578	55	56	62	63	70	71	72	73	78	84	85	87	88	89	100	101	102	103	104	105	118	119	120	132	133	134	135	150	151	166	167	181	380	#
689	2238510	59	75	90	91	92	107	108	121	122	123	124	125	133	136	140	141	148	149	150	151	152	153	165	166	167	168	181	182	183	184	198	199	380	#
690	2212095	15	31	46	47	61	62	77	78	121	122	124	125	138	139	140	141	142	143	151	152	153	154	155	156	157	158	169	170	171	172	173	174	380	#
691	2198325	12	13	28	29	77	78	90	92	93	105	106	107	108	109	121	122	123	124	125	126	138	139	142	155	156	158	172	220	221	235	236	237	380	#
692	72376	196	213	381	#
693	106803	195	196	381	#
694	66314	213	229	381	#
695	301487	32	33	48	49	64	65	80	382	#
696	415905	64	65	66	80	81	82	96	382	#
697	397371	48	49	50	51	65	66	82	382	#
698	346104	32	33	48	49	50	64	65	382	#
699	302200	13	29	48	64	80	81	100	382	#
700	295515	48	49	64	80	101	177	178	382	#
701	1164009	77	93	94	95	107	108	109	110	111	122	123	124	125	126	127	142	143	383	#
702	1509966	17	18	19	33	34	35	95	109	110	111	125	126	127	141	142	143	144	383	#
703	1267340	59	60	61	62	63	75	76	77	78	79	94	95	108	109	110	111	127	383	#
704	1239365	45	59	60	61	74	75	76	77	90	91	92	93	94	109	126	127	191	383	#
705	1185653	29	45	59	60	61	77	92	93	94	108	109	110	201	217	218	233	234	383	#
706	1181367	92	93	94	95	106	107	108	109	110	111	123	124	125	126	127	141	142	383	#
707	608147	148	177	179	181	192	193	195	196	197	210	211	212	213	226	384	#
708	879797	163	164	165	177	178	179	180	181	193	194	195	196	210	211	384	#
709	837330	177	178	180	181	192	193	194	196	197	210	211	212	213	229	384	#
710	829492	133	135	147	148	149	150	151	152	163	164	165	166	167	168	384	#
711	790280	132	133	148	163	164	179	180	181	194	195	196	197	213	229	384	#
712	776663	165	181	182	183	196	197	198	199	213	214	215	228	229	230	384	#
713	72348	170	#
714	418844	192	193	208	209	224	240	385	#
715	419213	107	108	124	208	224	240	385	#
716	411110	176	177	192	193	208	224	385	#
717	408430	177	192	193	194	208	209	385	#
718	364260	176	177	192	193	194	209	385	#
719	343924	106	123	124	208	224	240	385	#
720	352781	107	108	109	124	125	386	#
721	451927	91	92	93	108	125	386	#
722	431457	109	110	124	125	140	386	#
723	335875	92	93	108	109	126	386	#
724	328585	110	124	125	126	142	386	#
725	289234	29	106	107	123	124	386	#
726	448524	61	77	92	93	108	125	387	#
727	478096	76	77	78	92	93	109	387	#
728	439401	74	90	91	92	106	108	387	#
729	431920	61	62	77	78	92	93	387	#
730	410244	107	108	109	123	124	125	387	#
731	394451	38	110	111	125	126	127	387	#
732	180025	184	200	216	232	233	388	#
733	265951	216	217	232	233	248	388	#
734	249702	185	200	201	214	215	388	#
735	111521	184	199	200	215	216	388	#
736	1414197	24	25	27	39	40	41	42	53	54	55	56	57	58	59	64	69	70	71	73	74	75	80	81	89	90	184	217	233	250	389	#
737	2060855	1	2	17	18	34	64	65	66	80	81	169	185	200	201	202	203	216	217	218	219	220	232	233	234	235	236	249	250	251	389	#
738	1920125	167	168	169	170	171	183	184	185	186	187	200	201	202	203	204	215	216	217	218	219	220	232	233	234	235	236	248	249	250	389	#
739	1917031	34	48	49	50	64	65	66	67	68	80	81	82	83	84	85	86	96	97	98	100	101	115	116	117	118	131	132	232	233	389	#
740	1805146	18	32	34	48	49	50	54	55	64	65	66	67	80	81	96	97	98	114	129	130	131	133	134	145	146	147	148	149	163	389	#
741	1791515	2	3	4	5	6	7	8	19	21	22	23	37	38	39	50	51	52	53	68	69	70	84	85	99	100	101	115	117	202	389	#
742	38076	225	#
743	484931	213	214	229	230	231	245	246	390	#
744	619842	200	201	216	217	231	232	247	390	#
745	590090	214	229	230	231	232	245	246	390	#
746	545750	214	228	229	230	231	246	247	390	#
747	442123	210	214	227	228	229	244	245	390	#
748	400145	195	196	211	214	229	230	245	390	#
749	1046327	27	42	169	184	185	200	201	202	203	216	217	218	219	234	236	251	252	391	#
750	1276535	187	188	190	202	203	204	205	206	207	218	219	220	221	222	234	235	238	391	#
751	1240212	202	217	218	219	220	221	233	234	235	236	237	248	249	250	251	252	253	391	#
752	1199223	174	189	190	202	203	204	205	206	216	217	218	219	220	221	222	237	238	391	#
753	1183694	205	207	218	219	220	221	222	223	233	234	235	236	237	251	252	253	254	391	#
754	1163701	25	153	169	185	186	187	188	189	201	202	203	204	205	218	219	220	221	391	#
755	58447	80	#
756	699243	10	11	25	26	27	41	42	43	44	57	58	60	392	#
757	937837	28	29	43	44	45	59	60	142	157	158	173	174	392	#
758	904930	9	11	12	25	26	27	28	42	43	58	59	127	392	#
759	861828	10	11	25	26	27	28	40	41	42	43	58	59	392	#
760	819561	25	40	41	42	43	45	56	57	58	59	60	74	392	#
761	815872	9	10	11	12	24	25	26	27	42	43	58	59	392	#
762	196923	116	132	393	#
763	132697	116	117	393	#
764	238269	253	254	255	394	#
765	210613	237	253	254	394	#
766	188715	238	253	254	394	#
767	181501	238	254	255	394	#
768	158877	9	24	25	395	#
769	231824	9	10	25	395	#
770	160944	8	9	24	395	#
771	129591	24	25	41	395	#
772	434068	59	60	75	76	77	123	124	125	396	#
773	550356	57	58	59	74	75	132	133	148	396	#
774	505006	94	107	108	109	110	125	244	245	396	#
775	498631	45	58	59	60	74	75	76	91	396	#
776	490792	61	62	63	77	79	93	94	95	396	#
777	469433	24	25	40	41	60	75	76	77	396	#
778	193884	122	123	139	397	#
779	231732	121	122	123	397	#
780	230168	121	122	139	397	#
781	138582	122	138	139	397	#
782	117970	42	43	44	58	106	122	398	#
783	161325	7	8	9	25	26	42	398	#
784	720537	2	3	18	19	20	21	34	35	36	37	38	399	#
785	887902	18	19	33	34	35	50	51	52	68	69	70	399	#
786	874396	0	1	2	3	16	17	18	19	34	35	51	399	#
787	794869	3	19	20	21	35	51	204	220	221	237	255	399	#
788	708841	2	3	4	17	18	19	20	34	35	36	51	399	#
789	706483	33	34	35	36	37	38	48	49	50	51	52	399	#
790	308979	25	40	41	57	58	400	#
791	336679	6	22	25	41	57	400	#
792	277643	9	25	40	41	57	400	#
793	275110	41	58	59	74	75	400	#
794	255657	8	9	25	26	27	400	#
795	228290	39	40	56	57	73	400	#
796	261730	109	110	125	126	401	#
797	361663	93	94	109	110	401	#
798	253177	93	109	214	215	401	#
799	237224	109	125	126	127	401	#
800	929756	11	12	13	14	15	28	29	31	43	44	45	46	62	99	115	116	402	#
801	1276396	84	85	86	99	100	101	102	103	115	116	117	118	119	120	133	134	402	#
802	1092216	12	13	14	27	28	29	43	44	45	61	103	117	118	119	134	135	402	#
803	1085492	85	86	99	101	102	115	116	117	118	131	132	133	134	146	147	148	402	#
804	1024540	11	12	13	14	15	28	30	31	119	120	135	136	151	152	167	168	402	#
805	1007245	10	11	12	13	14	25	26	27	28	29	30	41	43	44	45	57	402	#
806	473628	2	18	19	20	21	35	36	51	52	403	#
807	643852	2	18	19	20	34	35	36	37	38	403	#
808	637454	2	17	18	19	33	34	35	50	51	403	#
809	594520	0	3	4	16	17	18	19	34	35	403	#
810	580454	3	4	18	19	20	35	36	37	38	403	#
811	537080	2	3	4	18	19	20	21	36	37	403	#
812	116977	73	74	404	#
813	81905	74	75	404	#
814	23452	57	73	404	#
815	293268	34	50	51	405	#
816	288919	18	19	34	405	#
817	191369	50	51	52	405	#
818	203054	9	10	26	42	406	#
819	289038	11	12	27	42	406	#
820	259047	8	9	25	198	406	#
821	223535	10	25	26	42	406	#
822	203824	25	26	27	42	406	#
823	126091	194	#
824	427169	91	92	108	160	161	213	214	215	229	407	#
825	598055	151	152	153	167	168	183	184	199	215	407	#
826	555628	91	185	201	202	217	218	219	235	251	407	#
827	542263	106	107	108	109	110	125	126	141	142	407	#
828	516017	62	77	78	91	92	93	94	107	108	407	#
829	489558	144	145	160	161	176	177	193	194	209	407	#
830	219643	31	47	76	408	#
831	249485	31	47	63	408	#
832	197891	44	60	76	408	#
833	115895	15	30	31	408	#
834	70075	84	#
835	749428	163	164	165	166	179	180	181	195	196	197	212	213	214	227	228	230	236	237	238	243	409	#
836	954412	176	193	196	197	208	209	210	212	213	214	224	225	226	227	228	240	241	242	243	244	409	#
837	951532	100	101	102	114	116	117	128	129	130	131	132	145	146	147	148	161	162	163	164	177	409	#
838	948579	173	199	204	205	207	220	221	222	223	233	234	235	236	237	238	239	252	253	254	255	409	#
839	917989	175	191	198	199	200	201	212	213	214	215	216	217	227	228	229	230	243	245	246	247	409	#
840	893340	59	60	180	182	195	196	197	198	199	200	210	211	212	213	214	215	227	228	230	236	409	#
841	93737	7	23	24	39	#
842	76193	62	77	78	410	#
843	103929	75	77	78	410	#
844	275091	40	41	56	58	72	411	#
845	371333	40	41	57	58	73	411	#
846	262161	25	40	41	42	56	411	#
847	188180	57	72	73	88	89	411	#
848	153477	38	39	40	56	71	411	#
849	148140	38	39	40	54	56	411	#
850	114476	95	#
851	407100	14	15	30	31	46	47	61	62	63	79	129	130	412	#
852	604800	13	14	27	28	29	30	31	43	44	45	46	59	412	#
853	540247	5	6	14	30	31	44	45	46	47	60	62	63	412	#
854	537931	14	15	29	30	31	44	45	46	47	60	61	63	412	#
855	516533	12	13	14	15	28	29	30	31	45	46	47	61	412	#
856	511210	30	45	46	47	61	62	63	77	78	79	93	95	412	#
857	277429	28	44	199	215	225	226	413	#
858	376395	210	225	226	227	242	243	413	#
859	327072	11	12	13	28	29	44	413	#
860	263474	199	200	214	215	216	230	413	#
861	236547	197	198	199	200	201	217	413	#
862	152920	44	45	46	60	61	62	413	#
863	520856	166	182	195	196	197	211	212	213	228	414	#
864	560837	117	132	133	148	149	150	165	166	181	414	#
865	556377	149	166	182	183	210	211	226	227	242	414	#
866	547377	182	192	193	196	197	198	210	211	212	414	#
867	509003	179	180	181	196	197	212	213	227	243	414	#
868	492601	182	192	193	194	195	208	209	210	211	414	#
869	368786	148	163	164	179	180	181	195	196	197	198	415	#
870	523225	181	196	197	198	199	208	209	214	215	229	415	#
871	484040	130	144	145	146	148	160	161	162	163	164	415	#
872	438190	165	181	184	196	197	198	199	200	213	215	415	#
873	421811	147	148	149	150	163	164	179	180	195	196	415	#
874	413192	178	179	194	195	196	210	211	212	213	227	415	#
875	884088	40	41	56	190	206	207	221	222	231	237	238	245	246	247	252	253	254	255	416	#
876	1310402	186	201	202	207	218	222	223	233	234	235	236	237	238	239	251	252	253	254	416	#
877	1305391	5	6	188	204	205	218	219	221	232	233	234	235	236	237	248	251	252	253	416	#
878	1264281	196	208	209	210	211	220	221	224	225	226	236	237	238	239	240	241	253	254	416	#
879	1221263	37	210	222	223	227	228	233	234	235	236	237	238	239	251	252	253	254	255	416	#
880	1194449	203	204	205	219	220	221	222	223	234	235	236	237	238	239	251	252	253	254	416	#
881	808362	130	132	133	144	145	146	147	148	149	160	161	162	163	176	177	417	#
882	1063931	98	99	113	114	117	128	129	130	133	144	145	147	148	161	163	417	#
883	1010755	102	115	116	117	118	130	131	132	133	134	145	146	147	148	149	417	#
884	932896	144	145	160	161	162	163	176	177	192	193	208	209	210	225	227	417	#
885	930323	100	129	131	132	133	134	144	145	146	147	148	149	150	165	166	417	#
886	886273	99	115	116	131	144	145	146	147	160	161	162	163	176	179	193	417	#
887	581212	15	30	31	45	46	47	62	63	78	79	418	#
888	713961	26	27	43	44	45	46	47	59	75	76	418	#
889	572544	29	30	44	45	46	47	62	63	77	78	418	#
890	545651	13	14	15	30	31	46	47	62	63	78	418	#
891	545566	31	47	61	62	63	77	78	79	95	111	418	#
892	542647	61	62	77	78	79	93	94	95	110	111	418	#
893	687085	183	199	214	215	230	231	232	246	247	248	419	#
894	801291	214	216	228	229	230	231	232	245	247	248	419	#
895	744353	21	37	228	229	230	231	232	245	246	247	419	#
896	631015	41	57	58	59	228	244	245	246	247	248	419	#
897	624527	0	16	17	216	232	236	247	248	249	250	419	#
898	623137	182	183	199	200	201	215	216	217	231	232	419	#
899	311739	230	244	245	246	247	248	249	420	#
900	454400	217	231	232	233	247	248	249	420	#
901	435238	200	216	217	232	233	249	250	420	#
902	424098	147	183	184	200	201	232	248	420	#
903	417101	134	228	229	230	244	245	246	420	#
904	403465	204	221	229	230	245	246	247	420	#
905	1100394	49	50	66	81	82	189	190	205	206	222	223	237	238	239	249	254	255	421	#
906	1137329	188	203	204	205	219	220	223	235	236	237	238	239	251	252	253	254	255	421	#
907	1125551	173	174	188	189	190	191	204	205	206	207	220	221	222	223	237	238	255	421	#
908	1120534	156	157	170	171	172	173	174	187	188	189	190	204	205	206	220	221	237	421	#
909	1069486	27	28	82	112	113	143	156	157	158	159	172	173	174	175	189	190	191	421	#
910	1061586	173	189	190	191	205	206	207	221	222	223	237	238	239	252	253	254	255	421	#
911	2112515	1	14	30	46	47	61	62	77	78	79	91	92	93	94	106	107	108	109	110	122	123	124	125	126	127	139	140	155	160	176	192	422	#
912	2349917	13	14	15	29	30	31	44	45	46	47	60	61	62	63	74	75	76	77	78	79	86	87	88	102	103	104	105	119	120	136	151	422	#
913	2203413	29	30	31	43	44	45	46	47	59	60	61	62	63	76	77	78	79	93	94	95	108	109	110	111	122	123	124	125	126	127	140	422	#
914	2191832	28	29	43	44	45	59	60	63	78	79	91	92	93	94	95	106	108	109	110	111	122	123	124	125	126	140	141	142	143	156	157	422	#
915	2189091	74	89	90	91	92	95	106	107	108	110	111	121	122	123	124	125	126	138	139	140	141	142	143	154	155	157	158	159	170	173	189	422	#
916	2166822	90	91	103	105	106	119	120	121	122	123	135	136	137	138	139	140	141	151	152	153	154	155	156	157	169	170	171	172	173	185	187	422	#
917	134222	145	#
918	72072	58	#
919	381297	200	201	216	217	218	233	423	#
920	378126	216	230	231	232	247	248	423	#
921	372476	91	200	201	217	233	234	423	#
922	332470	202	203	217	218	219	234	423	#
923	328204	33	185	199	200	201	202	423	#
924	297558	219	233	234	235	236	249	423	#
925	606711	203	204	221	222	237	238	253	254	255	424	#
926	644506	9	10	11	12	204	205	220	221	237	424	#
927	627126	222	237	238	242	243	244	253	254	255	424	#
928	615816	190	203	204	205	206	218	219	220	221	424	#
929	574942	221	234	235	236	237	251	252	253	254	424	#
930	528526	195	203	211	212	217	218	219	235	236	424	#
931	566950	117	118	132	133	148	149	150	151	425	#
932	678859	131	132	133	134	147	148	163	164	425	#
933	573526	148	149	150	165	166	167	169	182	425	#
934	536700	117	132	133	134	148	149	150	166	425	#
935	527671	135	151	152	166	167	168	169	182	425	#
936	502052	147	148	149	150	163	164	165	166	425	#
937	239594	142	158	174	175	191	426	#
938	351153	156	172	173	174	190	426	#
939	270428	142	156	157	158	174	426	#
940	230317	174	175	189	190	191	426	#
941	197751	175	190	191	207	222	426	#
942	193480	126	142	143	157	158	426	#
943	231296	79	93	94	95	427	#
944	301472	91	92	93	104	427	#
945	290146	46	62	78	79	427	#
946	278145	78	79	95	111	427	#
947	256926	92	93	94	110	427	#
948	207338	204	221	237	238	428	#
949	297729	222	223	238	239	428	#
950	236856	220	221	236	237	428	#
951	201172	205	206	220	221	428	#
952	176350	189	204	205	220	428	#
953	138156	115	116	117	132	429	#
954	199570	116	131	132	148	429	#
955	189762	98	99	115	116	429	#
956	124265	99	115	116	132	429	#
957	22390	109	#
958	68578	190	#
959	195916	44	60	430	#
960	182499	45	60	430	#
961	19384	186	246	#
962	133014	147	148	431	#
963	176158	132	148	431	#
964	129967	147	163	431	#
965	732064	11	12	13	14	15	27	28	29	30	31	43	44	45	46	61	432	#
966	1005339	11	12	13	25	27	28	29	42	43	44	58	59	74	75	153	432	#
967	1001393	13	28	29	43	44	45	59	61	75	76	77	78	91	92	93	432	#
968	925559	9	10	11	12	13	25	26	27	28	29	42	43	44	194	210	432	#
969	842235	12	13	14	15	27	28	29	30	31	44	45	46	47	60	61	432	#
970	833867	10	11	12	13	26	27	28	29	41	42	43	44	58	59	60	432	#
971	446311	173	189	190	203	206	207	222	433	#
972	563824	173	188	189	204	205	206	221	433	#
973	510995	172	173	188	189	190	205	206	433	#
974	470675	171	172	173	174	175	188	189	433	#
975	458218	8	172	173	189	206	222	223	433	#
976	415847	186	201	202	203	217	218	219	433	#
977	167108	14	15	30	31	434	#
978	198299	15	30	31	46	434	#
979	198156	12	13	14	15	434	#
980	137771	30	31	46	47	434	#
981	130432	30	31	47	175	434	#
982	729234	3	4	5	6	19	21	22	37	52	53	435	#
983	862514	3	17	18	19	20	33	34	36	37	50	435	#
984	844811	3	5	6	7	18	19	20	21	22	37	435	#
985	741084	6	21	22	37	53	176	193	194	209	210	435	#
986	737877	3	4	5	6	18	19	20	21	22	35	435	#
987	700370	5	19	21	22	35	36	37	51	53	54	435	#
988	659422	169	170	171	172	173	174	175	185	187	188	203	204	436	#
989	863137	171	187	188	202	203	204	205	218	219	220	221	235	436	#
990	809185	171	180	181	187	188	203	204	218	219	220	221	237	436	#
991	735852	171	172	187	188	203	204	205	219	220	221	237	238	436	#
992	725908	139	140	154	155	156	157	171	172	187	188	203	204	436	#
993	642665	139	154	155	156	157	171	172	173	187	188	203	204	436	#
994	335167	62	63	78	165	166	181	182	183	184	197	199	215	437	#
995	420893	149	165	166	180	181	195	196	197	198	199	212	213	437	#
996	260474	149	166	168	182	183	184	198	216	217	233	249	250	437	#
997	1373868	1	2	3	4	5	6	7	16	17	18	19	20	21	22	34	35	36	37	38	39	50	51	53	54	66	67	438	#
998	1788154	50	65	66	67	81	82	83	84	85	86	98	99	100	101	102	114	115	116	117	132	209	225	226	241	242	243	438	#
999	1730059	8	9	22	23	24	38	39	43	54	55	56	57	58	59	70	71	72	73	75	87	88	89	90	103	119	213	438	#
1000	1585188	3	4	5	6	7	8	9	19	20	21	22	23	24	25	26	37	38	39	41	42	52	55	58	92	147	227	438	#
1001	1570037	6	13	21	22	29	35	36	37	38	53	55	56	69	71	103	104	117	118	119	120	134	135	142	143	158	159	438	#
1002	1560641	0	1	2	3	4	5	6	16	17	18	19	20	21	34	35	36	37	47	52	68	84	85	100	101	140	189	438	#
