%% File generated by CATS v.2.1Wed Jun 19 19:17:17 2013

%% The CATS webpage is http://robotics.stanford.edu/CATS

%% PARAMETER SETTINGS:
% Goods: 256; Bids: 1000; Distribution: regions; Runs: 50; Seed: 1371664596
% Regions Distribution Parameters:
% Max Substitutable Bids = 5
% Removing HV Neighbor   = 0.1
% Adding DIAG Neighbor   = 0.2
% Additional Location    = 0.9
% Jump Probability       = 0.05
% Additivity             = 0.2
% Budget Factor          = 1.5
% Resale Factor          = 0.5
% Normal Private Value:
%   Mean                 = 0
%   Standard Deviation   = 30



goods 256
bids 1000
dummy 189

0	3951585	106	120	122	123	124	135	136	137	138	139	140	152	153	154	155	156	168	169	170	172	182	183	184	185	186	187	188	189	198	199	200	201	202	203	204	205	213	214	215	216	217	218	219	220	221	228	229	230	231	232	233	234	235	236	237	238	239	245	250	253	256	#
1	4056992	5	6	22	38	112	113	119	120	128	129	135	136	144	150	151	152	154	166	167	168	169	170	182	183	184	185	186	198	199	200	201	202	203	213	214	215	216	217	218	219	221	230	231	232	233	234	235	236	237	238	239	246	247	248	249	250	251	253	254	255	256	#
2	3884474	0	1	16	32	33	49	80	81	96	104	105	106	107	112	119	120	121	122	123	124	128	136	138	165	180	187	197	199	200	202	203	204	211	213	214	215	216	217	218	219	226	227	228	229	230	231	232	233	234	235	236	243	244	245	246	247	248	249	250	251	256	#
3	3862332	16	27	32	33	48	49	50	64	65	66	72	78	80	81	87	88	96	102	103	104	105	112	119	120	134	135	136	137	138	144	145	150	151	152	153	154	164	165	166	167	168	169	170	174	175	179	180	182	183	184	185	186	187	198	199	200	215	216	231	252	256	#
4	3839088	53	56	68	69	70	71	74	81	84	85	90	93	94	105	106	107	108	109	120	121	122	123	124	125	134	135	136	137	138	139	140	141	142	148	149	150	151	152	153	154	155	156	157	158	159	162	165	166	167	168	169	175	184	185	203	204	205	219	220	234	256	#
5	3808383	87	106	122	123	124	125	137	138	139	140	141	149	150	155	164	165	166	167	168	169	179	180	181	182	183	184	185	196	197	198	199	200	201	202	203	212	213	214	215	216	217	218	219	227	228	229	230	231	232	233	234	235	236	243	244	245	246	247	249	250	256	#
6	243122	40	41	55	148	257	#
7	347075	41	57	58	163	257	#
8	196258	147	148	149	166	257	#
9	168161	24	40	41	42	257	#
10	121233	37	40	54	55	257	#
11	67601	204	205	258	#
12	63843	188	204	258	#
13	871622	26	27	28	29	42	106	107	108	109	122	123	124	139	140	259	#
14	1215499	51	53	54	68	69	92	93	107	108	109	124	125	140	156	259	#
15	1206312	81	82	96	97	109	123	124	125	139	140	141	156	172	173	259	#
16	1129922	11	13	27	28	29	35	44	51	59	60	67	125	141	253	259	#
17	1129657	77	93	106	107	108	109	122	123	124	125	126	135	151	152	259	#
18	1094430	58	73	74	75	90	106	107	108	122	124	125	140	141	156	259	#
19	41816	226	#
20	685137	28	44	60	76	77	91	92	227	228	243	244	260	#
21	821693	60	75	76	77	78	93	94	107	108	123	124	260	#
22	711287	179	180	195	196	210	211	212	225	226	227	228	260	#
23	689946	75	76	77	91	92	93	94	108	109	110	125	260	#
24	663947	26	28	42	43	44	59	60	61	166	182	183	260	#
25	637580	195	196	211	212	227	228	229	230	243	244	245	260	#
26	652900	141	142	157	168	180	183	184	197	198	199	261	#
27	788073	93	108	109	125	126	140	141	142	156	158	261	#
28	739343	181	182	196	197	198	199	200	211	212	213	261	#
29	613791	150	165	180	181	182	196	197	198	213	214	261	#
30	605973	108	124	125	140	141	156	157	172	173	189	261	#
31	594585	168	182	183	184	198	200	214	216	230	231	261	#
32	227564	84	85	100	166	167	168	169	262	#
33	328468	35	51	67	68	84	85	100	262	#
34	327768	149	150	151	165	166	167	168	262	#
35	282922	168	169	182	183	184	200	201	262	#
36	216652	53	67	68	69	84	85	86	262	#
37	45013	173	#
38	263346	196	212	213	227	263	#
39	284460	211	227	228	243	263	#
40	256274	196	197	212	213	263	#
41	78253	197	213	214	229	263	#
42	37260	132	#
43	482459	162	163	178	179	180	193	194	195	209	210	264	#
44	711437	130	131	146	147	160	161	162	163	176	177	264	#
45	635720	162	163	178	179	180	181	182	196	197	213	264	#
46	496792	128	144	145	160	176	177	192	193	194	208	264	#
47	492771	178	193	194	195	196	209	210	211	212	226	264	#
48	490527	131	147	161	162	163	178	179	194	195	210	264	#
49	691662	133	134	135	150	163	164	165	166	167	182	198	214	265	#
50	892326	124	151	165	166	180	181	182	196	197	198	199	214	265	#
51	866217	149	150	151	165	166	181	182	198	199	214	215	232	265	#
52	823083	65	180	196	198	199	213	214	215	229	230	231	247	265	#
53	812808	103	119	120	134	135	136	149	150	151	152	153	165	265	#
54	796978	134	150	151	165	166	167	181	182	183	198	214	230	265	#
55	509979	85	99	100	101	116	117	131	132	148	266	#
56	575633	134	148	149	150	151	164	166	167	236	266	#
57	518569	65	81	82	98	99	114	115	116	131	266	#
58	484868	98	99	100	114	115	116	131	132	133	266	#
59	474904	115	116	117	132	133	148	149	163	164	266	#
60	405951	67	83	99	100	115	116	117	132	133	266	#
61	929440	43	185	186	201	202	216	217	218	219	220	231	232	233	234	235	236	267	#
62	1172197	186	201	202	203	204	216	217	218	219	220	221	232	233	234	251	252	267	#
63	1170023	200	201	202	216	217	218	219	231	233	234	235	236	237	238	251	252	267	#
64	1166280	189	204	205	206	218	219	221	222	234	235	236	237	251	252	253	254	267	#
65	1155832	136	137	152	153	154	155	169	170	171	185	186	187	190	203	235	251	267	#
66	1117720	175	187	188	189	190	191	203	204	205	206	218	219	220	221	234	237	267	#
67	1313053	1	2	3	4	5	6	7	8	18	19	20	21	22	23	24	36	37	38	39	40	41	42	52	53	54	55	57	69	84	85	86	268	#
68	1720736	4	5	6	7	20	21	22	23	34	35	36	37	38	50	51	52	53	54	55	65	66	67	68	70	71	77	91	92	196	212	213	268	#
69	1695807	2	3	4	5	6	7	8	9	10	11	18	20	21	22	23	24	37	38	39	40	53	54	55	56	57	58	135	136	137	151	152	268	#
70	1693597	5	6	7	8	19	21	22	23	24	34	35	38	39	40	50	51	53	54	55	56	68	69	70	71	86	131	132	145	146	147	161	268	#
71	1622263	18	19	32	33	34	35	42	48	49	50	51	57	58	65	67	74	75	90	91	92	93	154	203	204	205	206	207	222	223	238	239	268	#
72	1593660	2	3	4	5	13	14	15	17	18	19	20	21	22	29	30	31	33	34	35	36	47	48	49	50	51	54	55	65	66	67	68	268	#
73	598266	106	107	120	121	122	123	251	269	#
74	535386	202	218	219	220	234	235	251	269	#
75	533294	119	120	121	122	136	137	224	269	#
76	526698	122	123	124	125	139	155	156	269	#
77	447731	105	106	107	121	122	123	139	269	#
78	414938	106	107	123	137	138	139	140	269	#
79	870959	178	179	195	201	217	218	219	230	231	232	233	234	248	249	250	270	#
80	1073758	42	56	57	67	72	73	83	84	89	201	217	218	234	249	250	270	#
81	1019882	195	196	210	211	212	213	214	227	228	229	230	231	241	242	243	270	#
82	996016	199	200	202	213	214	215	216	217	218	230	231	232	233	234	247	270	#
83	987186	187	188	189	203	204	218	219	220	233	234	235	249	250	251	252	270	#
84	943373	169	185	200	201	202	203	215	216	217	218	232	233	234	243	249	270	#
85	58366	86	102	271	#
86	48029	102	103	271	#
87	45461	105	122	#
88	115264	10	26	272	#
89	133895	26	118	272	#
90	100089	10	252	272	#
91	354420	152	153	168	169	185	201	273	#
92	448456	137	138	151	152	153	169	273	#
93	405031	153	169	185	186	201	202	273	#
94	385634	153	169	185	186	187	201	273	#
95	374462	136	137	152	153	168	169	273	#
96	327851	182	183	184	185	200	201	273	#
97	1091211	0	1	2	16	17	18	32	33	34	35	48	49	50	51	64	65	67	82	83	88	89	99	274	#
98	1515122	73	74	88	89	90	94	105	106	107	109	110	111	120	123	144	145	160	177	192	193	209	210	274	#
99	1451243	0	1	2	3	16	17	19	32	33	34	48	49	51	66	67	68	82	126	142	160	176	177	274	#
100	1329389	33	49	50	51	64	65	66	67	68	80	81	82	83	194	210	211	224	225	226	227	240	241	274	#
101	1296122	0	1	2	16	17	18	32	33	34	49	50	64	66	80	201	216	217	219	220	221	235	236	274	#
102	1290480	0	1	3	16	17	18	19	32	33	34	35	36	48	49	50	51	64	65	66	67	82	98	274	#
103	867278	123	124	140	156	199	200	214	215	216	230	231	232	275	#
104	885517	123	124	139	140	142	143	156	157	159	173	174	175	275	#
105	882957	31	34	49	50	77	92	93	108	123	124	125	140	275	#
106	814249	110	111	123	124	139	140	156	172	173	185	187	188	275	#
107	784036	105	106	107	120	121	122	123	124	137	138	139	152	275	#
108	727361	83	150	165	167	168	182	183	184	197	198	199	214	275	#
109	91486	170	186	187	276	#
110	95808	187	188	203	276	#
111	48530	185	186	201	276	#
112	71945	153	169	#
113	89917	43	183	200	277	#
114	66516	184	200	215	277	#
115	112106	64	65	#
116	159724	9	25	41	278	#
117	179469	9	10	26	278	#
118	153312	25	41	250	278	#
119	140972	9	10	25	278	#
120	366422	210	211	226	241	242	243	279	#
121	458845	209	224	225	240	241	242	279	#
122	426080	227	228	241	242	243	244	279	#
123	357119	225	226	227	241	242	243	279	#
124	346404	194	209	210	211	224	226	279	#
125	333456	209	210	211	225	226	227	279	#
126	677721	28	42	43	44	45	46	59	60	74	75	76	280	#
127	876626	9	24	25	26	41	42	56	57	58	73	89	280	#
128	842456	28	29	44	45	159	201	202	203	217	219	235	280	#
129	839035	12	13	28	29	30	31	43	44	45	47	59	280	#
130	768817	27	28	29	44	45	46	62	76	77	78	92	280	#
131	761045	12	27	28	29	41	42	43	44	59	60	76	280	#
132	2697095	32	34	48	49	50	51	52	64	65	66	67	80	81	82	83	84	96	97	98	99	100	115	116	117	132	133	169	170	185	186	187	201	202	203	217	218	219	220	233	234	235	281	#
133	2874313	26	27	28	43	44	73	79	89	95	169	185	188	189	190	191	201	202	203	204	205	216	217	218	219	220	221	222	223	231	232	233	234	235	236	237	238	239	251	252	253	254	281	#
134	2786378	0	1	2	3	4	16	17	18	19	20	32	33	34	35	48	49	50	51	52	64	65	66	67	81	82	83	97	98	99	115	182	183	199	200	201	215	216	217	231	232	247	281	#
135	2692356	16	17	32	33	34	48	49	50	51	64	65	66	67	80	81	82	83	96	97	98	99	113	134	135	136	137	151	152	153	154	168	169	173	183	184	185	189	199	200	201	250	281	#
136	2672711	95	170	172	185	186	187	188	189	190	199	200	201	202	203	204	205	206	214	215	216	217	218	219	220	221	229	230	231	232	233	234	235	236	237	248	249	250	251	252	253	254	281	#
137	2671759	48	49	50	51	53	54	55	64	65	66	67	69	70	81	82	83	84	85	86	98	99	100	117	169	170	171	185	186	187	189	199	200	201	202	203	204	218	219	233	234	235	281	#
138	46643	91	#
139	820062	6	7	23	100	116	117	133	134	135	148	149	150	166	167	182	183	196	282	#
140	1166742	37	49	50	53	116	117	132	133	134	135	136	148	149	150	151	152	165	282	#
141	1113231	4	5	6	7	22	23	37	38	39	53	54	55	56	71	72	122	123	282	#
142	1112838	5	21	37	38	39	53	54	55	70	71	87	182	183	184	199	200	216	282	#
143	1095354	55	70	71	86	87	101	102	103	116	117	118	131	132	133	134	148	149	282	#
144	1042325	68	84	85	86	99	100	101	116	117	132	133	134	149	208	209	224	225	282	#
145	451772	119	121	135	136	137	153	283	#
146	470324	137	153	154	168	169	185	283	#
147	416620	86	87	103	119	120	135	283	#
148	365608	120	136	137	138	139	152	283	#
149	326707	103	104	118	119	135	136	283	#
150	300657	121	136	137	152	153	168	283	#
151	400035	14	15	30	31	46	47	62	63	284	#
152	504549	14	15	30	31	141	220	235	236	284	#
153	499420	14	15	30	31	46	230	231	232	284	#
154	459839	30	46	47	61	62	63	78	116	284	#
155	441588	31	44	45	46	47	61	62	63	284	#
156	433243	29	30	46	47	61	62	78	94	284	#
157	319211	138	139	154	155	156	285	#
158	371751	43	44	60	61	139	285	#
159	320905	138	139	154	155	171	285	#
160	319142	67	83	139	140	156	285	#
161	307086	136	137	138	153	154	285	#
162	275235	154	155	170	171	187	285	#
163	74494	152	#
164	1265435	134	136	137	148	149	150	165	166	167	180	181	182	195	196	197	198	199	213	286	#
165	1232989	134	150	151	152	153	165	166	167	168	169	181	182	183	197	199	200	215	216	286	#
166	1214360	2	3	180	181	182	183	196	197	198	199	214	215	216	217	230	231	232	247	286	#
167	1152889	53	69	132	133	134	149	150	151	164	165	166	167	180	181	182	183	184	199	286	#
168	1149506	80	81	96	97	113	114	115	130	131	134	149	150	151	152	153	165	166	167	286	#
169	1136519	120	121	134	135	136	137	148	149	150	151	152	153	154	167	168	169	184	185	286	#
170	133198	192	193	209	287	#
171	197498	209	225	240	287	#
172	163182	176	177	192	287	#
173	202012	177	179	193	194	195	288	#
174	293915	33	144	160	177	178	288	#
175	238879	179	194	195	196	211	288	#
176	177408	177	194	195	210	226	288	#
177	151648	94	110	163	164	179	288	#
178	95033	242	243	289	#
179	119308	224	242	289	#
180	55064	227	243	289	#
181	134694	212	226	227	290	#
182	190531	212	227	228	290	#
183	123672	225	226	227	290	#
184	52657	227	243	#
185	431845	219	221	234	235	236	237	238	291	#
186	448776	218	233	234	235	236	250	251	291	#
187	429516	37	219	220	236	237	238	252	291	#
188	383436	186	202	218	219	234	235	236	291	#
189	349409	220	235	236	237	238	253	254	291	#
190	334007	186	202	218	219	234	235	250	291	#
191	271742	27	28	43	59	292	#
192	347184	28	42	43	44	292	#
193	297898	11	27	28	44	292	#
194	149352	10	11	27	43	292	#
195	428892	177	179	180	181	193	194	293	#
196	608978	179	180	181	197	198	213	293	#
197	462014	153	160	176	177	192	193	293	#
198	435097	165	166	181	182	183	199	293	#
199	339444	164	177	179	180	194	210	293	#
200	286887	145	146	161	178	179	194	293	#
201	312202	188	189	205	234	235	294	#
202	452584	217	218	233	234	251	294	#
203	395882	235	236	237	238	254	294	#
204	326021	173	186	187	188	189	294	#
205	225398	174	189	190	191	206	294	#
206	215364	205	206	207	221	222	294	#
207	1204557	78	93	107	108	109	110	123	188	189	205	221	237	238	253	254	255	295	#
208	1294142	31	105	107	121	122	123	124	136	137	138	139	140	153	154	156	203	295	#
209	1162774	105	106	107	108	109	110	123	124	125	126	141	142	156	157	158	240	295	#
210	1158216	105	107	108	109	110	122	123	124	125	126	139	140	141	155	156	223	295	#
211	1120920	93	94	95	107	108	109	110	111	125	127	140	141	143	156	157	159	295	#
212	1107232	101	158	174	175	189	190	204	205	206	220	221	222	223	237	238	254	295	#
213	1306983	84	85	100	101	102	103	116	139	140	141	142	156	157	158	172	173	174	175	189	190	191	206	251	296	#
214	1731089	104	107	120	121	123	136	137	138	139	152	153	154	155	156	167	168	172	173	180	187	188	196	197	296	#
215	1668693	30	47	125	126	127	141	142	143	157	158	159	172	173	174	175	187	188	189	190	191	204	205	222	296	#
216	1577751	90	93	105	106	107	108	109	120	122	123	124	125	126	140	141	142	143	157	158	174	175	182	190	296	#
217	1556251	123	124	139	140	141	156	157	171	172	173	174	175	188	189	190	191	204	205	206	220	221	222	223	296	#
218	1543527	124	125	127	139	140	141	142	143	155	156	157	158	159	172	173	174	175	188	189	190	191	205	206	296	#
219	956538	14	15	30	31	45	46	59	61	73	74	75	76	77	88	89	90	91	92	105	229	230	297	#
220	1357567	0	1	2	3	14	15	16	17	18	19	30	31	34	45	46	47	50	51	62	63	68	297	#
221	1343701	0	1	57	72	73	74	75	76	77	90	91	93	105	106	107	108	109	121	122	124	216	297	#
222	1326786	11	12	13	14	15	28	29	30	31	45	46	61	62	74	77	126	142	145	146	158	159	297	#
223	1278594	14	15	28	29	30	31	45	46	47	61	62	63	177	193	209	226	227	228	242	243	244	297	#
224	1269341	58	72	73	74	75	76	77	90	91	92	93	105	106	107	108	121	122	123	124	138	154	297	#
225	416598	219	220	236	237	252	253	298	#
226	449990	219	234	236	250	251	252	298	#
227	418900	203	204	220	236	237	253	298	#
228	389333	234	249	250	251	252	253	298	#
229	278028	119	219	220	221	236	237	298	#
230	190570	219	220	233	234	235	236	298	#
231	1845603	2	3	4	5	6	7	18	19	20	21	22	23	24	34	36	37	38	39	40	41	50	51	52	53	54	55	56	70	71	86	299	#
232	2293478	3	4	14	15	18	19	20	30	31	35	36	37	38	44	45	46	47	52	53	54	60	61	62	63	78	79	94	98	110	111	299	#
233	2147816	3	4	5	6	7	20	21	22	23	34	35	36	37	38	39	53	54	107	108	109	122	123	125	138	141	156	157	238	253	254	299	#
234	2126919	6	14	15	22	23	24	30	31	37	38	39	40	41	42	47	53	54	55	56	57	70	71	72	73	85	86	87	159	176	177	299	#
235	2054891	20	21	24	37	39	40	41	42	43	44	53	54	55	56	57	58	59	71	72	73	87	88	106	122	137	138	139	154	155	156	299	#
236	2041502	2	3	4	11	17	18	19	20	21	27	28	29	34	35	36	41	42	44	45	57	58	72	73	74	90	216	217	231	247	248	299	#
237	237167	160	177	179	193	194	209	226	300	#
238	338981	179	193	194	195	210	211	227	300	#
239	269037	176	177	178	193	194	208	209	300	#
240	413915	193	195	196	209	210	211	225	226	227	301	#
241	565655	211	224	225	226	227	240	241	242	243	301	#
242	516855	8	24	25	179	195	196	211	212	228	301	#
243	508692	83	163	164	179	180	195	196	211	212	301	#
244	487236	11	105	179	195	196	211	212	227	228	301	#
245	483421	169	177	185	186	192	193	194	201	208	301	#
246	216211	237	252	253	254	302	#
247	322288	237	238	239	253	302	#
248	299732	237	238	252	253	302	#
249	216637	237	238	253	254	302	#
250	168908	205	221	238	254	302	#
251	29683	99	100	303	#
252	41927	98	99	303	#
253	920053	93	107	108	109	110	111	124	125	126	127	140	141	143	156	172	304	#
254	1127320	28	43	44	45	46	47	61	62	77	78	79	92	93	94	95	304	#
255	1076797	63	77	78	93	94	95	107	108	109	110	111	123	124	125	126	304	#
256	1068615	20	63	79	94	95	108	109	110	111	123	124	125	126	140	142	304	#
257	1061303	107	108	109	110	111	123	124	125	126	127	139	140	141	142	156	304	#
258	1060198	123	124	125	140	141	142	155	156	157	158	159	172	173	174	190	304	#
259	235109	69	70	71	85	86	102	305	#
260	240981	2	3	70	85	86	102	305	#
261	229250	33	63	86	102	118	119	305	#
262	176709	67	68	69	85	100	101	305	#
263	162787	85	101	102	117	133	149	305	#
264	107797	69	70	85	86	149	150	305	#
265	1049268	156	171	172	173	175	188	189	190	191	203	204	205	206	207	220	221	222	236	252	306	#
266	1256336	110	125	126	141	142	156	157	158	159	172	174	175	188	189	190	191	205	206	207	306	#
267	1219451	147	148	150	163	164	165	180	181	205	221	222	234	235	236	237	250	251	252	253	306	#
268	1175056	122	137	138	142	153	154	156	157	158	159	169	170	171	172	173	174	175	185	187	306	#
269	1142324	113	129	130	145	146	158	160	161	162	173	174	177	178	189	190	205	206	222	238	306	#
270	990763	157	173	174	189	190	191	196	205	206	207	212	213	214	221	222	228	229	230	244	306	#
271	1127580	77	93	94	109	110	111	125	126	127	143	157	158	159	173	174	175	190	307	#
272	1172633	46	62	77	78	92	93	94	107	108	109	123	124	125	126	140	141	142	307	#
273	1138512	39	93	94	108	109	110	124	125	126	127	140	141	143	156	157	158	175	307	#
274	1117738	30	127	140	141	142	143	157	158	159	173	174	175	179	180	189	190	191	307	#
275	1097999	109	110	111	125	176	177	178	179	192	193	194	195	196	208	209	210	211	307	#
276	1088944	123	124	138	139	140	141	142	154	155	156	157	158	159	172	173	174	175	307	#
277	417811	85	98	101	114	115	116	117	131	308	#
278	473478	116	133	134	145	146	151	161	162	308	#
279	452143	100	101	115	116	131	147	148	149	308	#
280	425674	83	99	114	115	116	117	131	147	308	#
281	413077	65	81	82	98	113	114	115	129	308	#
282	383595	82	98	114	115	116	128	129	143	308	#
283	95638	131	#
284	213538	231	232	247	309	#
285	255862	215	216	232	309	#
286	65638	215	230	231	309	#
287	774842	186	199	200	202	214	215	216	217	218	219	220	231	310	#
288	942309	86	105	120	136	152	153	168	169	170	185	186	255	310	#
289	929665	178	179	180	181	182	183	198	199	214	215	216	232	310	#
290	916735	111	182	183	199	200	211	215	216	217	231	232	233	310	#
291	874522	189	202	203	204	205	206	218	219	220	234	250	251	310	#
292	851971	140	141	156	157	173	201	202	216	217	218	247	248	310	#
293	204091	141	157	173	311	#
294	262584	125	141	157	311	#
295	156657	84	173	174	311	#
296	114414	141	157	158	311	#
297	1456101	40	41	55	158	163	164	171	172	173	174	178	179	180	181	187	188	189	194	195	196	197	198	209	211	212	213	214	228	229	230	244	245	312	#
298	1948132	123	139	140	141	142	143	154	155	156	157	158	159	172	173	174	175	188	189	190	191	206	207	219	220	221	222	223	236	237	238	239	255	312	#
299	1906728	105	120	121	122	124	126	137	138	139	140	141	142	154	156	157	171	172	173	186	187	188	189	190	202	203	204	205	206	221	222	237	253	312	#
300	1901543	46	61	62	63	76	77	78	94	163	164	165	166	180	181	182	183	195	196	197	198	212	213	214	215	216	217	228	230	231	232	245	246	312	#
301	1859158	0	2	16	17	18	32	33	34	35	36	49	51	66	67	125	126	127	140	141	142	143	156	157	158	159	172	173	175	189	190	191	206	312	#
302	1851613	133	147	148	149	163	164	165	180	181	182	183	195	196	197	198	211	212	213	214	215	216	217	218	228	229	230	231	232	233	245	246	247	312	#
303	480004	22	23	100	116	132	133	134	150	165	181	313	#
304	715620	116	131	132	133	134	135	148	149	165	166	313	#
305	643485	116	132	133	134	148	149	165	166	167	182	313	#
306	593304	133	135	149	150	151	158	165	167	168	169	313	#
307	592583	116	132	133	134	148	149	150	151	164	165	313	#
308	549417	149	150	164	165	167	180	181	196	197	198	313	#
309	32509	210	#
310	772181	15	31	47	81	96	97	113	114	129	314	#
311	797172	15	30	31	45	46	47	62	63	206	314	#
312	632149	81	96	97	98	113	114	128	129	145	314	#
313	632022	80	81	96	97	98	99	112	113	129	314	#
314	628314	14	15	30	31	46	47	62	63	79	314	#
315	627894	80	81	96	97	98	112	113	128	129	314	#
316	1283774	21	181	182	198	199	200	201	202	214	215	216	217	218	219	231	232	233	234	235	248	249	250	315	#
317	1583353	132	133	135	136	137	148	149	151	152	164	165	166	167	168	180	181	182	196	197	198	199	214	315	#
318	1577181	125	126	134	149	150	164	165	180	181	182	184	196	197	198	199	200	214	215	216	217	230	246	315	#
319	1549561	55	98	132	133	134	135	149	150	165	166	167	180	181	182	183	196	197	198	199	200	201	203	315	#
320	1516441	111	165	169	181	182	185	196	197	198	199	200	201	202	214	215	216	217	218	230	231	232	246	315	#
321	1425428	38	39	54	77	180	182	185	196	197	198	199	200	201	202	213	214	215	216	229	230	232	246	315	#
322	175084	188	189	190	205	253	254	316	#
323	208463	189	190	191	203	204	205	316	#
324	196110	171	172	186	187	188	204	316	#
325	186582	174	175	317	#
326	184227	173	174	317	#
327	115059	158	175	317	#
328	400422	52	54	55	69	70	71	85	86	87	126	127	318	#
329	534104	23	24	39	40	41	55	56	71	87	103	104	318	#
330	532405	68	69	70	71	83	84	85	86	87	100	102	318	#
331	531008	6	7	22	23	39	40	55	70	71	87	88	318	#
332	501738	49	50	66	67	68	69	70	83	84	85	86	318	#
333	501573	35	36	37	39	51	52	53	54	55	69	70	318	#
334	196812	95	111	319	#
335	114062	79	95	319	#
336	110713	110	111	319	#
337	519554	179	194	195	196	208	209	210	211	212	213	224	226	228	229	320	#
338	765697	23	130	149	150	165	166	178	181	194	209	225	226	241	242	320	#
339	751718	6	7	179	195	209	210	211	213	226	228	229	230	242	244	320	#
340	750071	147	162	163	178	179	194	195	210	211	226	227	228	229	244	320	#
341	685344	177	192	193	194	195	196	208	209	211	224	225	226	241	242	320	#
342	681758	179	194	195	209	211	224	225	226	227	240	241	242	243	244	320	#
343	146949	143	159	#
344	285834	6	7	8	21	22	23	24	321	#
345	404536	5	6	22	23	24	38	54	321	#
346	397638	4	5	6	21	22	23	38	321	#
347	359165	4	5	6	20	21	22	23	321	#
348	354143	7	8	9	23	24	39	55	321	#
349	270122	5	6	7	8	23	24	39	321	#
350	364351	30	46	47	63	79	198	322	#
351	418543	63	77	78	79	93	95	322	#
352	413273	7	8	9	95	111	198	322	#
353	349479	14	15	30	31	46	47	322	#
354	327782	30	31	47	62	63	79	322	#
355	311016	13	29	30	31	47	63	322	#
356	443383	218	219	234	235	236	251	323	#
357	469847	203	219	234	235	236	251	323	#
358	410492	201	216	217	218	233	249	323	#
359	393914	219	220	234	235	236	251	323	#
360	390379	218	233	234	235	251	252	323	#
361	313161	157	158	219	235	251	252	323	#
362	78239	101	#
363	217376	175	190	191	206	207	223	239	358	#
364	1485086	37	38	39	40	42	55	56	57	58	59	72	73	74	75	76	77	88	89	90	91	92	105	106	122	123	325	#
365	1639992	56	57	62	71	72	73	74	77	78	87	88	89	90	91	92	93	103	104	105	109	119	120	121	135	136	325	#
366	1604007	87	89	90	103	105	107	119	120	121	122	123	136	137	139	152	155	189	190	191	205	206	207	222	237	238	325	#
367	1522901	4	5	6	20	21	22	23	24	25	37	38	39	40	41	54	55	56	57	71	73	87	88	89	90	103	325	#
368	1521023	5	6	8	21	22	24	37	38	40	42	54	55	56	57	65	69	70	72	73	82	83	85	86	100	101	325	#
369	1488461	28	41	42	43	44	55	56	57	58	59	71	72	73	74	75	85	86	87	88	89	90	91	92	105	180	325	#
370	465636	18	34	50	51	67	194	209	326	#
371	416142	18	19	32	33	34	50	67	326	#
372	394145	48	49	50	66	67	68	84	326	#
373	393690	192	193	208	209	210	211	225	326	#
374	382737	34	50	51	66	82	211	227	326	#
375	365737	20	21	67	83	84	100	101	326	#
376	175491	85	100	101	117	327	#
377	235901	85	100	101	116	327	#
378	211738	117	132	133	148	327	#
379	201681	84	85	101	117	327	#
380	173507	68	84	100	117	327	#
381	246400	37	52	53	54	328	#
382	286933	40	54	55	70	328	#
383	282411	36	52	53	54	328	#
384	253680	37	53	54	105	328	#
385	245465	52	53	54	68	328	#
386	172721	233	234	235	329	#
387	221121	218	233	234	329	#
388	217787	235	251	252	329	#
389	171620	219	233	234	329	#
390	657909	8	9	25	26	27	28	41	42	43	173	174	330	#
391	932715	125	141	156	157	172	173	174	190	191	206	222	330	#
392	732321	25	26	27	28	41	42	43	93	108	109	124	330	#
393	720084	24	25	26	27	28	29	42	57	58	73	89	330	#
394	689828	12	13	26	27	28	29	42	43	44	45	61	330	#
395	687814	12	13	26	27	28	29	43	45	46	47	61	330	#
396	405222	134	135	151	152	167	168	331	#
397	382028	134	135	136	151	152	153	331	#
398	376014	121	135	136	137	138	152	331	#
399	371326	119	120	136	152	167	168	331	#
400	262510	134	149	150	164	165	166	331	#
401	233654	117	132	133	134	149	151	331	#
402	158626	68	83	84	99	100	332	#
403	188014	84	99	100	117	132	332	#
404	143634	9	25	51	68	84	332	#
405	782231	32	48	49	50	51	65	66	67	68	82	83	98	99	120	136	333	#
406	1060489	103	104	105	118	119	120	121	135	136	137	153	200	215	231	232	333	#
407	957806	13	27	28	29	30	31	36	42	43	50	51	52	67	68	157	333	#
408	848458	3	4	5	19	20	21	22	35	36	37	51	52	67	68	243	333	#
409	848033	49	65	66	81	82	96	97	98	112	113	114	115	116	128	129	333	#
410	825385	65	66	67	68	81	82	83	84	97	98	99	112	113	114	115	333	#
411	234512	9	10	26	334	#
412	195134	10	11	26	334	#
413	194359	9	10	25	334	#
414	108492	7	8	9	334	#
415	555035	4	20	36	127	142	143	158	159	335	#
416	655272	126	141	142	143	155	156	158	174	335	#
417	626146	95	110	111	125	126	127	141	142	335	#
418	541157	6	20	21	22	36	38	39	54	335	#
419	508851	105	121	122	126	127	141	142	143	335	#
420	468664	20	36	49	52	65	66	68	69	335	#
421	1294581	30	44	45	46	59	60	61	62	63	75	76	78	79	91	92	93	108	109	125	126	127	141	142	156	336	#
422	1759846	109	125	136	137	138	139	140	141	152	153	154	155	156	157	159	168	169	170	171	172	173	174	175	190	336	#
423	1603135	38	39	40	55	70	94	103	108	110	118	120	123	124	125	126	127	135	136	139	140	141	142	143	159	336	#
424	1556333	73	74	90	93	94	105	106	107	108	109	110	111	123	124	125	126	139	140	141	142	156	157	158	175	336	#
425	1545470	94	95	108	109	110	111	124	125	126	127	138	139	140	141	142	143	155	156	157	170	171	172	173	186	336	#
426	1530943	44	50	60	61	62	63	66	75	76	78	79	82	84	85	97	98	99	100	115	116	117	131	132	133	336	#
427	810420	35	36	48	49	50	51	64	67	68	69	84	85	337	#
428	899814	34	35	36	49	50	51	52	53	67	95	110	111	337	#
429	765016	17	32	33	34	49	50	51	67	68	84	179	180	337	#
430	758134	61	67	68	84	85	98	99	100	101	115	117	192	337	#
431	736764	48	49	50	51	52	53	65	66	82	83	98	99	337	#
432	729407	1	17	18	33	34	48	49	50	51	64	65	66	337	#
433	146539	51	68	168	184	338	#
434	95881	169	183	184	185	338	#
435	189846	104	120	121	339	#
436	184410	103	119	120	339	#
437	176027	77	93	104	339	#
438	86712	105	106	121	339	#
439	275556	127	142	143	159	340	#
440	291765	126	127	142	143	340	#
441	261946	126	127	146	147	340	#
442	201952	95	142	158	174	340	#
443	143383	127	143	158	159	340	#
444	1189052	22	44	59	195	196	210	211	212	213	214	215	218	226	227	228	229	230	232	233	243	244	245	341	#
445	1509394	173	189	190	194	196	205	208	209	210	211	212	224	225	226	227	228	229	230	240	241	244	245	341	#
446	1376732	133	134	147	148	149	150	151	164	165	166	167	210	211	224	225	226	227	228	241	242	243	244	341	#
447	1372283	8	47	63	199	201	202	203	215	216	217	218	219	220	231	232	233	234	235	236	249	250	251	341	#
448	1331581	177	193	194	196	197	208	209	210	211	212	213	221	225	226	227	228	229	230	236	237	242	243	341	#
449	1328459	183	184	188	189	199	200	203	204	215	216	218	219	220	231	232	233	234	235	236	247	250	251	341	#
450	298345	108	109	110	125	201	342	#
451	443685	110	124	125	126	141	342	#
452	415381	107	108	109	124	125	342	#
453	301561	94	109	110	111	126	342	#
454	262087	183	200	201	216	232	342	#
455	184082	150	165	166	167	343	#
456	221350	133	148	149	150	343	#
457	153981	166	167	183	199	343	#
458	120321	117	133	149	166	343	#
459	91271	149	150	165	166	343	#
460	4258	108	#
461	204575	154	170	171	186	344	#
462	294864	137	153	154	170	344	#
463	229138	74	169	170	171	344	#
464	227840	155	170	171	185	344	#
465	118351	68	89	185	186	344	#
466	1383109	123	124	125	126	137	138	139	140	153	154	155	156	157	158	171	172	173	175	187	188	204	345	#
467	1581767	73	92	93	103	107	108	109	118	119	123	124	125	135	138	139	140	141	149	155	156	157	345	#
468	1535440	121	122	123	136	137	138	139	140	141	152	153	154	155	156	157	169	170	172	186	198	199	345	#
469	1529103	88	155	157	158	159	171	172	173	174	175	187	189	190	203	204	205	206	220	221	236	237	345	#
470	1510358	13	18	34	51	66	67	83	107	108	109	123	124	125	126	127	139	140	141	142	143	156	345	#
471	1486474	94	95	110	111	126	127	140	141	142	143	157	158	159	172	173	174	175	189	190	191	204	345	#
472	644140	183	198	199	200	215	216	231	232	247	346	#
473	764142	200	213	214	215	216	217	230	231	232	346	#
474	725024	198	199	200	214	215	216	217	230	231	346	#
475	699424	1	2	184	200	215	216	219	231	232	346	#
476	612064	185	186	200	201	202	215	216	219	231	346	#
477	602963	182	183	199	200	201	202	215	216	232	346	#
478	362315	35	157	158	163	174	175	191	206	347	#
479	532687	155	158	173	174	175	189	190	191	347	#
480	497639	142	158	159	173	174	175	190	191	347	#
481	459850	27	28	175	191	205	206	207	222	347	#
482	449514	3	19	34	35	36	40	50	51	347	#
483	336395	144	160	163	177	178	179	194	195	347	#
484	1772743	132	133	134	136	141	148	151	152	156	157	166	167	173	186	187	189	201	202	203	204	205	217	219	220	221	233	238	348	#
485	1905193	134	135	151	170	171	173	174	187	188	189	190	203	204	216	217	218	219	230	231	232	233	234	235	236	249	250	251	348	#
486	1856848	135	136	137	151	152	153	154	164	165	167	168	169	170	180	181	182	183	198	199	200	214	215	216	229	230	231	232	348	#
487	1796292	134	135	144	149	150	151	152	165	166	167	168	181	182	183	184	196	197	198	199	200	212	213	215	216	230	231	232	348	#
488	1741031	155	171	173	174	181	186	187	189	197	198	199	200	201	202	203	204	215	216	217	218	219	231	232	233	234	249	250	348	#
489	1740546	170	186	196	198	199	200	201	202	203	204	213	214	215	216	217	218	219	220	230	231	232	233	234	235	249	250	251	348	#
490	1915943	5	14	20	21	22	23	29	30	31	37	45	46	127	139	140	141	142	143	156	157	158	159	170	171	172	173	174	175	188	189	190	191	204	206	207	349	#
491	2465677	32	33	79	94	95	110	111	125	126	127	137	138	139	140	141	142	143	153	154	155	156	157	158	159	170	171	172	174	175	188	189	190	191	205	206	349	#
492	2330698	107	110	111	123	125	126	130	139	140	142	143	146	154	155	156	157	158	159	169	170	171	172	173	174	175	185	186	188	189	190	191	206	207	222	223	349	#
493	2289312	62	63	77	78	79	94	95	111	126	127	142	143	156	157	158	159	170	171	172	173	174	175	188	189	190	191	205	206	207	221	222	231	237	238	239	349	#
494	2274066	93	94	95	107	108	109	110	111	124	125	126	127	139	140	141	142	143	156	157	158	159	173	174	175	190	191	195	207	210	211	212	223	226	227	228	349	#
495	2242609	14	31	46	47	62	63	75	76	77	78	79	90	91	92	93	94	95	101	107	108	109	110	111	122	123	124	125	126	127	139	140	141	156	157	173	349	#
496	156012	219	220	350	#
497	180687	219	234	350	#
498	111137	220	236	350	#
499	1769	254	#
500	2587389	144	145	149	150	160	161	162	163	165	166	176	177	178	179	180	181	182	183	192	193	194	195	196	197	198	200	208	209	210	211	212	213	216	224	225	226	227	228	229	240	241	242	243	244	245	351	#
501	2833186	94	108	110	124	125	126	139	140	141	142	144	145	146	157	158	160	161	162	163	164	165	174	176	177	178	179	180	181	182	190	192	193	194	195	208	209	210	211	224	225	226	227	240	241	251	351	#
502	2717990	1	16	17	32	33	34	48	49	51	64	65	66	67	80	82	104	105	139	140	141	153	154	155	156	169	170	171	193	194	195	197	198	208	209	210	211	212	213	214	224	226	227	229	230	240	351	#
503	2703291	0	28	44	61	77	78	93	94	95	108	109	110	124	180	182	183	184	194	195	196	197	200	208	209	210	211	212	213	215	216	224	226	227	228	229	230	231	232	242	243	244	245	246	247	248	351	#
504	2645332	98	115	116	117	133	134	135	136	144	145	146	147	148	149	152	160	161	162	163	164	177	178	179	180	181	192	193	194	195	196	197	208	209	210	211	212	213	224	225	226	227	228	229	230	240	351	#
505	2635309	76	77	78	92	93	94	107	108	109	110	124	125	130	144	145	146	160	176	177	178	179	180	181	192	193	194	195	196	197	198	208	209	210	211	212	213	224	225	226	228	229	240	241	242	243	351	#
506	202486	126	127	143	159	352	#
507	291026	111	126	127	142	352	#
508	192814	62	95	111	127	352	#
509	161047	143	158	159	175	352	#
510	104612	127	142	143	158	352	#
511	126756	148	164	353	#
512	145372	164	180	353	#
513	426691	141	157	158	159	175	190	191	354	#
514	597920	127	142	143	159	175	191	206	354	#
515	565888	141	142	155	156	157	158	173	354	#
516	553777	174	175	189	190	191	205	206	354	#
517	535169	68	84	142	158	173	174	175	354	#
518	525948	172	173	175	189	190	191	206	354	#
519	539699	7	8	23	24	25	38	39	40	41	54	55	56	355	#
520	745125	13	27	38	39	40	41	52	53	54	55	71	87	355	#
521	739531	53	54	55	56	70	71	72	73	76	86	87	92	355	#
522	679361	9	24	25	39	40	41	53	54	55	56	57	72	355	#
523	556724	7	8	9	10	11	24	25	26	41	42	58	74	355	#
524	531558	6	7	8	9	10	22	23	24	25	39	41	42	355	#
525	127858	66	82	83	356	#
526	159493	49	65	66	356	#
527	158228	82	83	99	356	#
528	95452	82	99	100	356	#
529	151541	2	3	4	357	#
530	202277	3	18	19	357	#
531	195353	3	4	21	357	#
532	300128	207	222	223	239	253	254	255	358	#
533	408678	238	239	251	252	253	254	255	358	#
534	389774	207	221	222	223	237	239	255	358	#
535	388153	219	221	235	237	251	252	253	358	#
536	348173	220	221	222	237	238	239	253	358	#
537	578850	200	215	216	217	224	231	232	240	359	#
538	454484	183	198	199	200	214	215	216	231	359	#
539	447989	130	146	208	209	224	225	240	241	359	#
540	445152	201	202	203	217	218	219	233	235	359	#
541	437301	28	44	60	76	114	115	129	224	359	#
542	428929	184	185	200	215	216	231	232	244	359	#
543	1611777	97	112	113	128	129	130	145	146	147	158	159	160	161	162	163	173	174	175	176	177	178	192	193	194	196	216	217	360	#
544	1810783	161	163	164	176	177	178	179	180	182	192	193	194	195	196	197	198	199	208	209	210	212	224	225	226	240	241	242	360	#
545	1783833	111	125	127	141	142	143	157	158	159	172	173	174	175	186	188	189	190	191	202	203	204	206	207	217	220	223	236	360	#
546	1778408	106	107	108	111	124	125	150	166	167	169	183	184	185	199	200	201	202	203	215	216	217	218	219	220	233	234	250	360	#
547	1753777	9	10	24	25	26	27	40	41	55	71	144	160	161	176	177	192	193	194	195	208	209	210	211	224	225	226	240	360	#
548	1735993	80	81	82	96	97	98	99	112	113	114	128	129	130	131	144	145	146	147	148	160	161	163	164	176	177	180	193	360	#
549	536930	188	204	220	221	234	235	236	238	251	252	361	#
550	700301	159	217	218	219	232	233	234	235	249	251	361	#
551	665032	145	146	218	219	233	234	235	236	250	251	361	#
552	658804	189	190	191	205	206	207	221	222	223	238	361	#
553	611739	109	125	202	218	219	220	233	234	235	249	361	#
554	574405	171	187	188	189	203	204	205	206	221	222	361	#
555	228867	137	152	167	168	183	362	#
556	320671	183	199	200	214	215	362	#
557	271677	137	138	154	170	253	362	#
558	232601	167	168	169	183	184	362	#
559	211548	150	165	166	167	223	362	#
560	159234	48	49	66	363	#
561	164301	32	48	49	363	#
562	143139	33	49	50	363	#
563	133899	222	#
564	804813	32	48	49	50	65	66	153	169	170	189	364	#
565	758909	49	50	66	67	82	93	108	109	123	124	364	#
566	747159	0	1	16	17	32	48	49	65	66	82	364	#
567	709169	0	16	17	32	33	48	49	50	66	67	364	#
568	677675	32	33	48	49	50	64	65	66	80	218	364	#
569	642144	33	34	35	48	49	50	66	67	83	84	364	#
570	1207363	72	73	88	89	136	137	145	161	162	175	178	191	205	206	207	213	222	223	229	230	239	245	246	255	365	#
571	1570187	56	71	72	73	87	88	89	103	104	105	120	121	200	201	215	216	217	231	232	233	234	235	249	251	365	#
572	1476273	106	122	138	157	173	174	175	189	190	191	200	205	206	207	215	216	217	221	222	231	232	237	241	247	365	#
573	1470257	39	40	41	42	55	56	57	58	71	72	73	87	88	89	90	91	104	105	106	120	219	234	251	252	365	#
574	1425855	126	142	152	153	154	157	158	159	168	169	170	173	174	175	190	191	205	206	207	221	222	223	237	239	365	#
575	1407499	103	104	105	106	118	119	120	121	122	133	134	135	136	137	139	150	151	152	153	154	165	170	186	187	365	#
576	23482	137	#
577	2061000	146	149	150	162	163	164	165	177	178	179	180	181	182	183	194	195	196	197	198	199	200	201	202	209	210	211	212	213	214	215	216	225	226	227	228	229	231	232	242	243	244	245	246	247	366	#
578	2544735	97	100	116	117	131	132	133	134	135	147	148	149	150	151	152	153	162	163	164	165	166	167	168	169	178	179	180	181	182	183	195	196	197	198	199	211	212	213	214	215	216	217	231	232	366	#
579	2526886	0	1	16	17	114	116	117	130	131	132	133	134	135	137	138	145	146	147	148	149	150	151	152	153	162	163	164	165	166	167	168	180	181	182	183	196	197	198	199	211	212	213	215	227	366	#
580	2410276	5	21	84	90	91	100	101	104	105	116	117	118	119	120	131	132	133	134	135	136	137	147	149	150	151	152	153	154	163	164	165	166	167	168	169	181	182	183	185	198	199	200	215	216	366	#
581	2409192	9	10	11	12	13	25	26	37	41	42	134	150	164	165	166	167	177	179	180	181	182	194	195	196	197	198	209	210	211	212	213	214	227	228	229	230	231	232	243	244	245	246	247	252	366	#
582	2382217	120	121	136	137	138	150	151	152	153	167	168	169	182	183	184	185	186	198	200	201	202	203	215	216	217	218	219	221	231	232	233	234	235	236	237	238	246	247	249	250	251	252	253	254	366	#
583	311632	224	225	240	241	367	#
584	216488	210	224	225	226	367	#
585	176150	27	209	224	226	367	#
586	472218	26	40	41	42	55	56	57	73	74	75	89	368	#
587	647779	58	72	73	74	89	90	91	105	106	122	138	368	#
588	607543	39	40	41	42	43	53	54	55	57	58	71	368	#
589	605691	58	72	73	74	75	89	90	104	105	106	226	368	#
590	589457	8	9	22	24	25	38	39	40	53	54	55	368	#
591	589437	9	10	11	24	25	26	27	28	42	43	58	368	#
592	258497	198	212	213	214	215	229	230	369	#
593	338891	14	31	212	213	214	228	230	369	#
594	283285	37	38	213	229	230	231	246	369	#
595	239810	182	183	198	199	214	229	230	369	#
596	147886	32	213	214	229	230	245	246	369	#
597	188697	110	111	370	#
598	154959	95	111	370	#
599	305672	24	40	55	56	57	71	72	371	#
600	422148	54	55	56	71	72	87	88	371	#
601	414419	6	22	23	24	38	39	55	371	#
602	396741	23	39	40	55	56	57	58	371	#
603	341809	55	70	71	87	103	204	220	371	#
604	318328	23	24	39	40	41	54	55	371	#
605	1671430	73	88	89	90	104	105	106	120	121	122	123	137	138	139	154	155	156	170	171	172	173	185	186	187	188	189	201	202	204	218	219	372	#
606	2179997	105	107	109	120	121	122	123	124	125	137	138	139	140	141	154	155	156	170	171	172	173	174	180	189	190	204	205	206	217	218	222	372	#
607	2141818	21	37	87	88	89	90	91	102	103	104	105	106	107	119	120	121	122	123	124	125	128	134	135	136	139	140	141	144	151	155	156	372	#
608	2064993	81	96	97	107	108	109	121	123	124	125	126	127	131	137	138	139	140	141	142	143	154	155	156	157	158	159	171	172	173	174	175	372	#
609	2038924	107	109	121	122	123	124	125	136	139	140	141	142	143	153	154	155	156	157	158	159	168	169	170	171	172	173	174	175	187	190	191	372	#
610	1966572	57	73	87	88	89	90	98	103	104	105	106	107	114	115	121	122	135	136	137	138	139	152	153	154	155	156	169	170	171	186	222	372	#
611	101355	194	195	209	210	373	#
612	92346	194	195	196	209	373	#
613	90430	171	194	209	210	373	#
614	26456	192	208	209	226	373	#
615	911712	13	14	15	28	29	30	31	43	44	45	46	47	59	60	61	62	63	79	374	#
616	1315020	28	43	44	45	59	60	61	101	190	191	196	205	206	221	222	238	239	255	374	#
617	1201885	12	13	15	28	29	30	31	43	44	45	46	47	60	61	62	63	77	78	374	#
618	1181854	14	30	31	44	45	46	47	60	61	62	63	76	77	78	79	94	110	199	374	#
619	1071699	11	12	27	28	43	44	45	59	60	61	76	77	121	136	137	152	178	179	374	#
620	1026426	62	63	76	77	78	79	92	93	94	95	107	108	109	110	111	124	127	143	374	#
621	196234	122	138	139	154	375	#
622	271123	123	138	139	140	375	#
623	225444	152	153	154	170	375	#
624	154379	106	122	138	139	375	#
625	240865	205	220	221	222	376	#
626	341920	189	205	222	239	376	#
627	306800	205	221	222	223	376	#
628	293292	205	221	222	237	376	#
629	213809	44	204	220	236	376	#
630	611141	27	28	29	43	44	45	59	60	61	74	75	166	167	206	207	377	#
631	914201	7	8	9	10	11	12	13	23	24	25	26	27	28	42	43	377	#
632	906868	12	13	14	27	28	29	30	31	45	46	47	63	95	111	127	377	#
633	894863	10	12	13	25	26	27	28	29	30	40	41	42	43	46	47	377	#
634	879997	149	150	164	165	166	167	168	180	182	183	184	185	186	198	214	377	#
635	814000	42	55	56	57	158	173	174	189	190	204	205	206	207	222	223	377	#
636	959252	101	102	103	104	108	118	119	120	121	135	148	164	177	178	193	194	197	209	210	378	#
637	1317860	78	93	94	107	108	109	110	123	124	125	139	140	154	155	156	157	170	171	172	378	#
638	1264184	30	31	47	107	108	109	125	126	140	141	156	157	171	172	179	192	193	194	195	378	#
639	1248672	28	29	45	46	61	85	101	102	116	117	118	133	134	135	136	152	179	180	194	378	#
640	1229645	69	70	71	85	86	87	88	100	101	102	103	104	115	116	117	130	131	132	133	378	#
641	1197757	90	106	146	160	162	176	177	178	192	193	194	195	209	210	211	225	226	240	241	378	#
642	119801	45	46	62	379	#
643	118313	45	46	72	379	#
644	72777	24	45	46	379	#
645	239593	222	239	255	380	#
646	184152	205	222	239	380	#
647	134964	239	254	255	380	#
648	27539	92	#
649	203860	225	241	242	381	#
650	251056	225	240	241	381	#
651	196008	241	242	243	381	#
652	1091639	44	61	62	63	76	78	79	92	93	94	95	108	109	110	111	125	126	127	382	#
653	1169974	77	93	94	107	108	109	110	111	123	124	125	126	156	237	238	253	254	255	382	#
654	1126855	78	93	104	105	106	107	108	109	121	122	123	124	125	126	138	140	141	157	382	#
655	1124721	14	15	30	31	43	44	45	46	47	59	60	61	62	63	77	78	79	227	382	#
656	1109734	63	79	92	93	94	95	107	108	109	110	111	123	124	125	126	127	142	143	382	#
657	1099462	15	29	31	44	45	46	47	59	60	61	62	63	76	77	78	79	93	95	382	#
658	230475	175	191	206	207	383	#
659	338620	189	190	204	206	383	#
660	275943	189	190	191	207	383	#
661	208738	143	159	175	191	383	#
662	204443	190	191	207	223	383	#
663	288445	9	10	24	25	26	384	#
664	431500	24	25	26	49	65	384	#
665	303023	9	10	11	25	26	384	#
666	193751	8	9	10	25	26	384	#
667	174753	24	209	224	225	226	384	#
668	172631	10	22	23	24	25	384	#
669	158282	32	33	34	86	385	#
670	179718	44	86	87	102	385	#
671	149103	33	34	35	49	385	#
672	123390	16	32	48	49	385	#
673	89228	2	17	18	19	386	#
674	116962	17	18	33	34	386	#
675	160336	10	23	24	25	26	40	41	387	#
676	240040	10	22	23	24	25	26	39	387	#
677	441945	208	209	224	225	240	241	242	388	#
678	508946	193	209	210	211	224	225	226	388	#
679	489269	192	208	209	210	224	225	226	388	#
680	483056	194	209	224	225	226	240	241	388	#
681	478431	177	209	224	225	226	240	241	388	#
682	451123	194	209	226	240	241	242	243	388	#
683	940853	45	46	62	63	78	93	101	117	132	133	148	149	150	165	166	181	207	389	#
684	1180722	51	67	68	84	85	86	100	101	102	116	117	118	133	134	135	151	152	389	#
685	1132504	99	100	101	102	116	117	118	119	132	133	139	141	148	156	164	172	180	389	#
686	1076939	44	45	60	61	100	101	102	103	104	105	115	116	117	118	133	143	159	389	#
687	1035091	76	77	78	92	93	108	142	143	156	157	158	159	172	173	174	175	189	389	#
688	989541	116	133	149	150	151	165	166	167	168	181	182	183	189	198	199	204	205	389	#
689	29288	43	#
690	167730	31	47	#
691	601036	5	6	7	8	9	10	21	22	25	229	243	244	245	246	390	#
692	874741	6	7	20	21	22	37	38	53	54	69	70	71	85	86	390	#
693	869054	196	197	212	213	214	215	216	227	228	229	230	231	232	244	390	#
694	854981	6	7	8	9	23	24	39	78	79	93	94	110	111	145	390	#
695	769196	4	5	6	7	8	9	22	24	40	55	56	57	110	111	390	#
696	766298	104	120	195	211	226	228	229	230	241	242	243	244	245	246	390	#
697	851474	52	53	174	189	190	191	204	205	206	207	221	222	223	239	391	#
698	1108857	189	190	191	203	204	205	206	207	221	222	237	238	249	253	391	#
699	1050615	107	108	123	131	139	174	190	191	205	206	207	222	223	238	391	#
700	1046580	158	159	175	189	190	191	205	206	207	220	221	222	236	237	391	#
701	959480	159	175	191	204	205	206	207	220	221	222	223	237	238	239	391	#
702	931259	189	190	191	205	206	207	221	222	223	237	238	239	254	255	391	#
703	550912	96	98	112	113	114	115	128	129	144	392	#
704	583314	64	80	96	97	98	113	203	204	220	392	#
705	564604	112	113	128	129	144	160	177	179	194	392	#
706	534463	81	97	98	99	112	113	114	128	129	392	#
707	490158	82	96	97	98	99	100	112	113	115	392	#
708	490005	66	82	96	98	112	113	114	129	130	392	#
709	154345	209	224	225	241	393	#
710	175304	209	225	241	242	393	#
711	157036	225	226	240	242	393	#
712	119400	192	208	224	225	393	#
713	54553	209	225	226	227	393	#
714	232531	43	44	59	251	252	394	#
715	330946	234	236	251	252	253	394	#
716	267609	28	43	44	59	60	394	#
717	229116	106	122	234	250	251	394	#
718	225317	44	59	60	61	76	394	#
719	680606	11	12	13	27	28	43	44	59	61	62	78	169	170	186	395	#
720	914648	91	151	152	153	169	170	184	185	186	199	200	216	231	232	395	#
721	845709	62	77	78	79	93	94	95	107	108	109	110	125	126	127	395	#
722	805536	136	152	153	154	168	169	170	171	184	185	186	200	201	215	395	#
723	709121	45	46	60	61	62	75	76	77	78	92	93	94	109	110	395	#
724	671207	13	166	167	180	181	182	183	197	198	199	200	201	214	215	395	#
725	810141	28	42	43	58	59	73	74	75	87	88	89	90	91	104	105	396	#
726	1012532	54	70	71	86	87	102	103	104	105	120	121	125	126	127	142	396	#
727	956701	57	72	73	74	88	89	90	104	105	106	120	121	144	160	176	396	#
728	956601	9	10	25	26	27	28	29	41	42	43	56	57	58	73	90	396	#
729	933638	12	13	27	28	29	41	42	43	44	45	57	58	59	61	199	396	#
730	888435	10	88	101	102	103	104	105	116	117	118	120	121	132	133	136	396	#
731	2404325	114	130	144	145	146	147	148	160	161	162	163	164	176	177	178	179	180	181	192	193	194	195	196	197	198	208	209	210	211	212	213	214	224	225	226	227	228	230	240	241	242	243	244	245	397	#
732	2943945	62	78	79	80	81	82	84	93	94	95	96	97	98	99	100	111	112	113	114	115	116	117	128	129	130	131	132	134	144	145	146	147	148	149	159	160	161	162	163	176	177	178	193	194	397	#
733	2803845	48	50	82	98	99	105	106	107	108	114	115	117	122	123	124	125	129	130	131	132	133	138	139	140	141	144	145	146	147	148	149	152	153	154	155	156	157	162	163	169	170	171	172	185	397	#
734	2723360	103	104	116	117	131	133	136	137	147	148	149	152	162	163	164	165	166	167	168	180	181	182	183	195	196	197	198	199	200	214	215	218	219	228	229	230	231	232	233	234	246	249	250	251	397	#
735	2709711	80	81	96	112	128	130	144	145	146	147	148	160	161	162	163	164	176	177	178	179	180	181	182	192	193	194	195	196	197	198	208	209	210	211	212	213	224	226	228	229	230	241	242	244	397	#
736	2704532	81	82	97	98	101	102	115	116	117	118	131	132	133	134	136	137	145	146	147	148	149	150	151	152	161	162	163	164	165	166	167	180	181	182	183	196	197	211	212	226	227	228	243	244	397	#
737	337336	159	175	191	207	223	398	#
738	347947	189	205	207	222	223	398	#
739	342647	78	158	159	175	191	398	#
740	327403	18	34	50	51	159	398	#
741	282321	190	191	205	206	207	398	#
742	164635	158	172	175	194	195	398	#
743	390892	136	137	151	152	399	#
744	418666	136	152	153	169	399	#
745	342959	85	121	136	137	399	#
746	342225	134	135	136	151	399	#
747	237537	151	152	167	168	399	#
748	242648	30	31	400	#
749	183070	15	31	400	#
750	54978	11	#
751	852087	1	3	17	18	19	33	34	35	49	50	51	65	66	67	68	81	82	83	84	98	99	115	401	#
752	1219151	12	13	28	43	44	49	50	51	52	53	60	61	62	64	65	66	67	68	69	81	82	85	401	#
753	1215792	0	1	2	3	4	18	19	20	21	59	61	73	75	76	77	78	90	91	92	93	94	169	401	#
754	1209610	1	2	12	16	17	18	28	34	43	50	51	59	66	67	68	134	151	162	177	178	194	195	401	#
755	1193545	0	1	2	3	4	14	18	19	26	31	33	34	35	42	50	51	57	58	67	68	105	106	401	#
756	1159256	5	21	22	23	34	38	50	51	67	68	69	83	84	85	99	107	108	129	172	173	188	204	401	#
757	402374	114	115	129	131	132	147	402	#
758	490057	65	81	97	98	114	130	402	#
759	406507	98	115	131	147	148	164	402	#
760	404471	132	133	148	149	150	165	402	#
761	369737	82	97	98	114	115	131	402	#
762	349946	131	132	147	148	149	163	402	#
763	1427711	128	130	144	145	146	147	148	149	160	162	163	164	177	178	179	180	181	193	195	196	197	198	199	213	214	215	229	403	#
764	1886298	13	14	27	28	29	30	31	71	78	128	129	144	146	160	161	162	163	176	177	178	192	193	194	209	210	224	226	403	#
765	1846708	36	52	53	67	68	69	80	81	97	98	99	112	113	114	115	116	117	128	129	130	131	132	144	145	146	147	148	403	#
766	1749496	81	98	114	115	129	130	131	144	145	146	147	148	149	160	161	162	163	164	178	179	180	181	182	194	197	243	244	403	#
767	1706783	50	66	82	96	98	112	127	143	176	180	181	182	196	197	198	199	200	201	213	214	215	228	229	230	231	232	245	403	#
768	1703707	16	32	49	50	64	65	66	68	80	81	82	83	84	96	97	98	99	112	113	114	115	128	129	130	144	145	146	403	#
769	594653	202	203	219	222	235	236	238	251	254	255	404	#
770	707690	187	188	202	203	204	216	217	218	219	235	404	#
771	684049	204	205	222	236	238	239	252	253	254	255	404	#
772	633329	219	220	221	234	235	236	250	251	252	253	404	#
773	600324	203	204	205	220	221	222	236	237	238	239	404	#
774	592129	200	201	202	203	215	216	217	218	219	234	404	#
775	207497	121	150	165	405	#
776	232712	121	122	123	405	#
777	195173	149	165	166	405	#
778	1563932	48	49	50	64	65	66	80	81	82	96	97	98	99	114	115	128	129	130	131	132	145	147	161	240	406	#
779	1805676	64	65	80	81	82	96	97	98	99	105	106	107	115	123	124	125	131	138	139	140	141	142	154	156	406	#
780	1509724	12	13	27	28	29	30	114	115	130	131	132	133	134	145	146	147	149	150	151	152	160	161	162	177	406	#
781	1484640	114	116	117	118	129	130	131	132	133	134	145	146	147	148	149	150	151	161	162	163	165	166	167	179	406	#
782	1475763	48	49	64	65	73	80	81	82	89	90	96	97	98	106	112	113	114	128	129	144	209	224	225	240	406	#
783	1457260	65	66	68	81	82	83	84	96	97	98	99	113	114	115	116	117	130	131	132	140	145	146	161	162	406	#
784	1905622	81	82	98	113	114	115	128	129	130	131	133	135	136	144	145	146	147	148	149	150	151	161	162	163	164	165	166	167	178	179	181	182	183	195	407	#
785	2476890	23	39	55	62	78	93	94	108	109	115	116	125	131	132	133	134	135	136	147	148	149	164	165	166	167	168	180	181	182	183	197	198	213	234	407	#
786	2271354	1	2	77	81	96	97	98	112	113	114	115	128	129	130	131	142	143	146	147	156	157	158	159	160	161	174	175	190	191	193	194	195	207	211	407	#
787	2239823	81	96	97	98	99	112	113	114	148	149	164	165	166	167	168	180	181	182	183	184	185	196	197	198	199	200	201	211	212	217	218	219	232	233	407	#
788	2181142	18	32	33	34	49	50	51	65	66	67	68	69	80	81	82	83	97	98	99	100	112	113	114	115	116	128	129	130	131	132	144	145	146	148	407	#
789	2176380	32	33	48	49	50	51	64	65	66	67	68	80	81	82	83	96	97	98	99	112	113	114	115	116	128	129	130	131	144	145	146	147	160	161	407	#
790	213139	86	100	101	102	118	408	#
791	254714	102	103	104	119	120	408	#
792	230923	86	87	102	103	118	408	#
793	193379	85	86	101	102	103	408	#
794	177812	100	116	117	131	132	408	#
795	424833	147	162	163	178	179	195	409	#
796	568763	146	147	148	161	162	178	409	#
797	491081	146	160	161	162	163	178	409	#
798	460625	131	147	148	163	164	179	409	#
799	397050	146	162	163	164	178	179	409	#
800	388152	130	144	145	146	161	162	409	#
801	194400	74	75	76	77	410	#
802	245584	73	74	75	90	410	#
803	225785	75	76	77	78	410	#
804	224302	60	76	111	210	410	#
805	142017	66	75	91	92	410	#
806	273564	9	10	11	25	26	27	411	#
807	387724	27	28	43	44	59	121	411	#
808	362750	10	11	27	43	59	98	411	#
809	359552	9	10	24	25	26	27	411	#
810	224582	9	10	24	25	40	41	411	#
811	73488	25	#
812	3080234	87	97	101	102	103	107	108	109	120	121	123	124	125	135	136	137	138	139	140	141	151	152	153	154	155	156	157	167	168	169	170	171	172	173	188	189	216	217	232	412	#
813	2779062	61	95	106	111	122	123	124	125	126	127	136	138	139	140	141	142	143	152	153	154	155	156	157	158	159	168	169	170	172	173	174	175	181	188	189	190	191	203	204	412	#
814	2724365	30	45	46	47	61	62	63	77	78	91	92	93	94	108	109	123	124	125	126	127	138	139	140	141	142	143	152	153	154	155	156	157	168	169	170	171	172	173	186	412	#
815	2694975	106	107	108	109	110	115	119	120	121	123	124	125	126	131	134	135	136	137	138	139	140	141	147	151	152	153	154	155	156	157	158	159	168	169	170	171	172	173	187	412	#
816	2659450	3	4	5	18	19	20	35	36	52	72	90	97	103	105	106	119	120	121	122	123	124	135	136	137	138	140	143	151	152	153	154	155	159	167	168	169	170	171	184	412	#
817	2620313	8	28	30	44	45	46	61	72	73	77	78	91	92	93	94	95	108	109	110	111	124	125	126	127	139	140	141	142	143	156	157	158	172	173	175	182	188	189	205	412	#
818	577260	4	5	6	7	8	21	22	23	24	37	40	413	#
819	782008	5	7	22	23	24	37	38	53	54	70	198	413	#
820	752919	36	37	52	53	210	211	212	213	227	228	229	413	#
821	724404	20	21	22	37	38	39	53	54	55	69	70	413	#
822	717598	5	7	20	21	23	37	38	39	40	41	55	413	#
823	697663	6	7	8	9	22	23	24	25	26	40	55	413	#
824	386835	55	70	71	84	85	86	87	100	101	414	#
825	491209	40	41	42	47	55	56	63	71	79	414	#
826	439832	30	100	101	115	116	117	132	133	148	414	#
827	397358	67	68	81	83	84	98	99	100	117	414	#
828	378624	51	65	66	68	69	82	83	84	85	414	#
829	370545	70	71	85	86	87	88	101	102	103	414	#
830	349271	1	2	3	4	5	17	18	20	33	415	#
831	509018	0	1	2	17	132	148	220	221	222	415	#
832	444564	16	17	18	32	33	48	49	65	81	415	#
833	432379	3	4	5	6	19	20	21	35	36	415	#
834	379126	0	1	2	16	17	18	19	33	34	415	#
835	374851	5	6	20	21	22	36	37	38	54	415	#
836	93770	172	173	416	#
837	125668	156	172	416	#
838	1011466	37	53	64	65	69	80	81	82	85	96	97	98	99	100	112	113	114	115	129	145	146	154	417	#
839	1380109	65	81	82	96	97	98	99	112	113	114	115	116	128	129	130	131	144	146	160	161	177	193	417	#
840	1317609	37	53	54	65	66	81	82	96	97	98	99	112	113	114	115	128	129	144	219	235	246	251	417	#
841	1290854	21	24	25	26	37	38	39	40	42	53	54	55	56	57	68	69	70	71	85	86	201	217	417	#
842	1250721	107	122	123	129	130	137	138	139	145	146	154	155	156	157	161	170	171	172	173	186	187	188	417	#
843	1224397	1	12	21	24	28	37	38	39	40	41	53	54	55	57	68	69	70	71	84	85	86	172	417	#
844	469631	11	12	13	27	28	29	41	42	43	45	61	62	418	#
845	695237	10	11	12	25	26	27	28	29	43	44	45	60	418	#
846	668182	29	30	46	47	60	61	62	63	78	128	149	165	418	#
847	655786	11	12	28	29	43	44	45	46	59	60	61	76	418	#
848	654602	10	11	12	25	26	28	29	42	43	44	45	59	418	#
849	641462	8	9	10	23	24	25	26	28	41	42	43	57	418	#
850	1037982	22	28	29	34	36	37	38	40	51	52	53	54	55	56	67	70	71	86	102	118	419	#
851	1505692	22	23	24	25	38	39	40	55	56	62	70	71	72	78	79	88	94	95	113	114	419	#
852	1362358	3	4	6	7	19	20	21	22	23	24	25	36	37	38	39	41	53	54	55	71	419	#
853	1310331	6	7	19	20	21	22	23	34	35	36	37	51	52	54	68	107	121	122	123	124	419	#
854	1268583	5	6	8	10	21	22	23	24	25	26	39	40	54	55	70	112	113	128	129	182	419	#
855	1176446	4	5	6	7	8	9	21	22	23	24	25	37	38	39	40	41	54	55	70	71	419	#
856	75150	80	#
857	858060	180	181	194	197	198	209	211	213	224	225	226	227	228	241	242	243	420	#
858	1076149	28	44	60	61	76	180	181	182	196	197	198	211	213	228	229	230	420	#
859	993549	103	119	140	141	157	173	194	209	210	211	212	213	224	226	229	238	420	#
860	988050	151	163	164	165	166	167	180	181	182	196	197	198	212	213	214	230	420	#
861	889146	145	146	147	148	161	162	163	164	165	178	179	180	181	182	183	197	420	#
862	849381	77	177	178	179	180	181	182	183	184	193	197	198	199	200	215	216	420	#
863	353142	107	122	123	124	421	#
864	308840	106	107	122	123	421	#
865	304067	107	122	123	138	421	#
866	159042	108	109	124	125	421	#
867	1318711	56	57	73	88	101	102	103	104	118	119	124	155	156	157	171	172	173	189	190	205	206	422	#
868	1600146	81	97	98	100	101	114	115	116	117	118	119	120	121	131	132	133	134	135	136	152	157	422	#
869	1455851	88	103	104	105	106	120	121	122	136	137	138	139	140	152	153	155	156	170	171	172	173	422	#
870	1433476	140	141	142	143	155	156	157	158	159	171	172	173	174	175	187	188	189	190	191	205	206	422	#
871	1402764	22	122	138	139	140	141	154	155	156	157	158	171	172	173	174	175	186	187	188	189	190	422	#
872	1400891	100	108	109	124	125	126	127	139	140	141	142	143	155	156	157	158	159	171	173	175	211	422	#
873	761431	177	178	192	193	194	208	209	210	224	225	226	240	241	242	423	#
874	1113731	160	173	177	189	190	192	193	194	204	205	210	221	237	253	423	#
875	1009399	44	176	177	178	192	194	209	222	224	225	238	240	241	242	423	#
876	928847	140	156	160	162	163	176	177	178	179	193	194	195	210	211	423	#
877	912938	141	142	155	156	158	177	193	194	197	210	211	226	227	242	423	#
878	756960	37	146	160	161	176	177	178	179	192	193	194	210	225	226	423	#
879	94629	152	168	424	#
880	42489	168	169	424	#
881	544302	160	161	162	176	177	178	192	208	425	#
882	592993	49	65	66	67	160	161	176	192	425	#
883	499763	130	131	146	147	162	163	164	178	425	#
884	491838	128	130	144	145	160	176	177	193	425	#
885	440564	145	161	162	163	176	177	178	193	425	#
886	410351	176	177	178	192	193	194	209	210	425	#
887	354891	125	126	127	141	142	143	426	#
888	483334	109	111	125	126	127	143	426	#
889	422006	88	89	108	123	124	125	426	#
890	406570	58	72	126	141	142	143	426	#
891	243207	110	111	126	127	142	143	426	#
892	239357	18	19	142	143	158	174	426	#
893	610343	192	193	194	195	208	209	210	224	225	226	240	241	427	#
894	867838	128	129	144	146	147	160	161	176	177	192	246	247	427	#
895	860772	95	111	194	195	196	210	211	212	226	227	228	244	427	#
896	858496	177	194	195	196	209	210	211	213	225	226	230	240	427	#
897	815073	177	178	179	193	194	195	196	209	210	211	225	226	427	#
898	744962	64	80	161	177	178	179	193	194	195	209	210	226	427	#
899	351835	98	100	114	115	116	117	155	171	187	428	#
900	498056	155	156	170	171	186	187	210	211	226	428	#
901	492349	98	99	114	115	131	146	147	184	185	428	#
902	477230	98	113	114	115	116	128	129	130	131	428	#
903	467060	122	138	154	155	169	170	171	187	203	428	#
904	352521	155	171	187	188	189	203	204	205	220	428	#
905	898826	169	170	171	185	186	187	201	202	203	218	219	220	233	234	236	249	429	#
906	1346504	200	201	202	203	216	217	218	219	230	231	232	233	234	250	251	255	429	#
907	1205425	170	184	185	186	199	200	201	202	203	204	216	217	218	231	232	233	429	#
908	1177539	169	170	186	201	202	203	204	217	218	219	233	234	235	236	249	250	429	#
909	1157808	171	183	187	199	200	203	204	216	218	219	232	233	234	235	250	251	429	#
910	1142198	198	200	201	202	214	215	216	217	230	231	232	233	234	246	247	249	429	#
911	796451	52	126	138	139	140	141	142	143	156	157	158	159	173	175	430	#
912	1031949	110	112	113	124	125	126	127	128	129	141	144	145	160	176	430	#
913	1005181	109	125	140	141	142	156	157	172	173	188	203	204	205	221	430	#
914	1003327	125	141	142	143	156	157	158	159	173	174	175	189	190	191	430	#
915	1003235	141	143	157	158	159	173	174	175	188	189	190	191	203	204	430	#
916	989741	124	125	126	140	141	154	155	156	157	180	181	196	197	226	430	#
917	362241	12	13	200	215	216	231	247	431	#
918	437556	11	12	13	26	28	42	43	431	#
919	404131	183	199	200	215	216	217	232	431	#
920	398824	201	202	216	217	231	232	247	431	#
921	379903	200	213	214	215	216	231	232	431	#
922	376453	12	13	28	29	167	168	169	431	#
923	570155	14	15	30	31	46	47	62	63	432	#
924	647622	46	62	63	78	93	107	108	109	432	#
925	584141	20	46	47	62	63	78	79	95	432	#
926	550080	14	15	27	28	29	30	31	46	432	#
927	544758	29	30	45	46	47	62	63	79	432	#
928	538576	14	15	29	30	31	46	61	62	432	#
929	766717	78	93	107	108	110	123	124	125	126	139	433	#
930	841189	76	92	93	94	97	109	113	124	125	141	433	#
931	786748	77	92	93	107	108	109	123	124	125	139	433	#
932	713422	106	107	108	109	122	123	124	125	138	141	433	#
933	711926	41	92	105	106	107	108	109	123	124	125	433	#
934	710239	93	94	95	109	110	111	124	125	126	127	433	#
935	127423	178	194	195	210	434	#
936	185914	162	178	194	195	434	#
937	174092	209	210	226	227	434	#
938	162585	177	193	194	210	434	#
939	148857	194	195	209	211	434	#
940	1168250	21	59	60	181	182	183	184	196	197	198	199	200	211	212	213	214	215	226	435	#
941	1266303	132	136	147	148	162	163	164	165	179	180	181	197	198	199	200	213	214	215	435	#
942	1257209	38	181	182	183	185	198	199	200	201	202	214	215	216	217	218	219	231	233	435	#
943	1143742	133	164	179	180	181	182	183	184	197	198	199	200	215	216	231	237	252	253	435	#
944	1118107	179	180	194	195	196	197	198	200	211	212	213	214	215	226	230	231	232	246	435	#
945	1108048	150	165	179	180	181	196	197	198	199	211	212	213	214	215	229	230	231	232	435	#
946	759947	196	198	213	214	215	216	227	228	229	230	231	246	247	248	436	#
947	1017845	180	181	182	198	199	200	201	214	215	216	217	230	231	246	436	#
948	977311	184	198	199	200	201	214	215	231	232	246	247	248	249	250	436	#
949	895390	196	200	201	211	212	213	215	216	230	231	246	247	248	249	436	#
950	866856	140	141	199	214	215	216	217	219	220	231	234	245	246	247	436	#
951	853667	200	202	214	215	216	217	218	219	231	234	246	247	248	249	436	#
952	939610	172	188	189	190	191	202	203	204	205	206	207	218	219	221	222	437	#
953	1135580	11	12	26	27	42	43	59	158	174	175	190	191	206	207	223	437	#
954	994695	188	189	190	191	203	204	205	206	207	221	222	223	238	239	255	437	#
955	979167	174	188	189	190	191	204	205	206	207	221	222	223	237	238	239	437	#
956	971090	135	158	159	175	190	191	205	206	207	221	222	223	237	238	239	437	#
957	958892	183	199	200	201	202	203	204	215	216	217	221	222	231	238	247	437	#
958	63698	84	#
959	202100	33	253	254	255	438	#
960	296869	237	238	254	255	438	#
961	268796	222	238	239	255	438	#
962	120253	32	33	34	50	438	#
963	20742	52	175	#
964	833412	176	192	193	208	209	211	224	225	226	227	240	242	255	439	#
965	1105659	12	27	28	29	30	44	93	108	109	224	225	240	241	439	#
966	1041260	14	29	30	129	196	209	210	211	212	225	226	240	241	439	#
967	984939	57	58	73	74	193	194	195	209	210	224	225	226	240	439	#
968	929041	134	135	150	151	194	210	211	212	226	227	228	242	243	439	#
969	882338	160	176	177	192	193	194	208	209	211	224	225	226	240	439	#
970	640609	182	183	184	200	201	214	216	217	230	231	232	233	234	235	440	#
971	930911	179	180	182	183	184	194	196	197	198	199	200	213	214	216	440	#
972	924445	0	1	2	16	17	18	218	233	234	236	249	250	251	252	440	#
973	810900	181	183	196	197	198	200	213	214	215	216	229	230	231	232	440	#
974	789950	112	128	129	201	202	217	218	219	233	234	235	249	250	251	440	#
975	781608	118	119	133	134	135	137	151	152	153	158	168	169	184	200	440	#
976	1512882	13	28	30	31	44	45	46	47	60	61	62	63	76	77	78	79	94	95	205	206	207	221	222	241	441	#
977	1577247	1	17	18	32	33	48	49	50	65	66	67	84	203	204	205	220	221	222	237	238	239	252	253	254	441	#
978	1540997	100	101	102	103	116	117	118	131	132	133	134	135	149	166	167	173	174	190	191	206	207	221	222	238	441	#
979	1495418	10	26	42	156	160	177	178	179	193	194	208	209	210	211	224	225	226	227	228	238	240	241	242	254	441	#
980	1465507	30	34	46	49	50	51	62	66	72	76	77	78	79	91	92	93	94	95	108	110	125	165	166	181	441	#
981	1443496	13	14	15	28	29	30	31	42	43	44	45	46	47	58	60	61	62	63	74	77	78	79	95	111	441	#
982	704495	5	6	7	8	22	23	24	37	38	39	40	53	54	55	56	442	#
983	1012290	10	25	26	39	40	41	42	55	56	57	58	71	72	87	88	442	#
984	998026	27	28	29	40	42	43	45	55	56	57	58	72	88	92	93	442	#
985	902956	5	6	21	22	23	24	37	38	53	54	55	56	69	70	72	442	#
986	855971	2	3	16	17	18	19	34	36	37	38	51	52	53	54	67	442	#
987	806156	6	7	8	22	23	24	38	39	40	41	53	54	55	57	71	442	#
988	481553	13	28	29	30	44	45	59	443	#
989	526159	13	28	29	30	44	47	59	443	#
990	478104	12	13	28	29	43	44	45	443	#
991	456053	29	44	45	46	57	60	61	443	#
992	439263	13	28	29	96	97	112	128	443	#
993	421712	13	29	44	45	46	59	61	443	#
994	626580	14	30	31	45	46	60	61	62	63	78	79	444	#
995	710999	62	63	77	78	79	92	94	95	110	111	211	444	#
996	678430	13	14	28	29	30	31	45	46	47	62	63	444	#
997	675931	21	22	37	38	39	43	44	54	59	60	61	444	#
998	671035	14	30	31	46	47	61	62	63	78	79	205	444	#
999	670527	14	15	28	29	30	31	43	44	47	177	193	444	#
