%% File generated by CATS v.2.1Wed Jun 19 19:17:22 2013

%% The CATS webpage is http://robotics.stanford.edu/CATS

%% PARAMETER SETTINGS:
% Goods: 256; Bids: 1000; Distribution: regions; Runs: 50; Seed: 1371664596
% Regions Distribution Parameters:
% Max Substitutable Bids = 5
% Removing HV Neighbor   = 0.1
% Adding DIAG Neighbor   = 0.2
% Additional Location    = 0.9
% Jump Probability       = 0.05
% Additivity             = 0.2
% Budget Factor          = 1.5
% Resale Factor          = 0.5
% Normal Private Value:
%   Mean                 = 0
%   Standard Deviation   = 30



goods 256
bids 1001
dummy 184

0	58434	140	#
1	1506862	4	5	6	7	8	9	10	11	21	22	23	24	25	26	27	37	38	39	40	41	43	256	#
2	1654200	2	3	4	5	6	18	19	20	21	22	33	34	36	37	38	39	53	69	138	139	155	256	#
3	1632187	6	7	18	19	20	21	22	23	34	35	36	37	38	39	51	52	68	201	217	218	249	256	#
4	1540722	20	21	22	23	36	37	38	39	53	54	55	122	135	136	137	138	151	153	154	170	171	256	#
5	1533098	6	7	9	10	11	12	13	22	23	24	25	26	27	28	41	44	157	171	172	173	243	256	#
6	1483695	7	9	10	11	12	13	14	23	24	25	26	27	28	29	30	40	41	42	46	58	213	256	#
7	426568	28	214	215	235	236	244	257	#
8	484343	182	195	196	197	198	214	257	#
9	432721	205	220	221	222	236	237	257	#
10	415556	198	199	203	214	215	231	257	#
11	407307	212	228	229	243	244	245	257	#
12	399887	9	12	13	26	27	28	257	#
13	342520	40	41	42	52	57	68	258	#
14	406367	12	50	53	67	68	69	258	#
15	405149	36	52	108	109	124	125	258	#
16	369303	25	26	41	56	57	58	258	#
17	282534	9	25	26	42	58	59	258	#
18	268344	24	25	39	40	41	57	258	#
19	596166	32	33	48	64	65	80	81	82	96	97	98	259	#
20	729665	32	33	35	48	49	50	51	64	65	80	96	259	#
21	727950	16	17	18	32	33	34	35	48	49	64	65	259	#
22	691160	64	80	81	97	98	112	113	114	115	128	131	259	#
23	647458	32	33	48	49	64	65	81	97	113	180	181	259	#
24	632196	32	33	35	36	48	49	50	51	64	65	66	259	#
25	227440	208	209	224	225	260	#
26	303985	193	208	209	210	260	#
27	217490	156	209	225	235	260	#
28	213261	192	208	209	210	260	#
29	187524	208	209	224	240	260	#
30	95171	135	#
31	25952	150	151	167	#
32	283023	173	188	189	190	206	278	#
33	30701	141	#
34	458475	93	94	95	110	111	125	126	127	142	262	#
35	583514	47	60	61	62	63	79	94	95	111	262	#
36	550261	78	94	109	110	111	126	127	143	159	262	#
37	513362	62	76	77	78	93	94	95	109	111	262	#
38	496554	78	79	94	95	110	111	126	142	143	262	#
39	474536	78	93	94	95	109	110	111	126	127	262	#
40	703581	35	36	51	52	53	68	69	84	85	101	102	118	263	#
41	920412	37	38	39	52	53	54	55	56	67	68	69	70	263	#
42	858946	5	21	37	51	52	53	54	67	68	69	83	85	263	#
43	852445	5	21	22	36	37	51	52	53	68	69	84	85	263	#
44	789318	52	53	54	68	69	70	84	100	101	102	120	121	263	#
45	773072	33	34	35	36	50	51	52	53	66	67	68	69	263	#
46	1600200	181	193	194	195	197	198	199	209	210	211	212	214	215	225	226	227	228	229	230	231	242	243	244	245	264	#
47	1732309	74	75	90	106	107	108	109	122	123	124	125	139	140	141	197	212	215	228	229	230	231	243	245	246	264	#
48	1724910	5	21	36	37	38	39	52	53	54	55	67	68	71	192	193	209	210	225	226	228	241	242	243	244	264	#
49	1622211	1	17	18	92	108	197	210	211	212	213	214	215	226	227	228	229	230	231	242	243	244	245	246	247	264	#
50	1598861	152	166	167	168	169	171	172	181	182	183	184	185	186	197	198	199	200	201	202	217	218	233	234	250	264	#
51	1562832	149	150	160	165	176	179	192	193	194	196	209	210	212	225	226	227	228	229	241	243	244	245	246	247	264	#
52	1705034	88	89	90	91	92	93	104	105	106	107	108	109	110	121	122	126	137	138	139	153	154	155	156	170	171	265	#
53	1759323	4	60	61	76	77	91	92	93	94	107	108	122	123	203	221	222	235	236	237	238	251	252	253	254	255	265	#
54	1742408	89	90	91	105	106	107	108	121	122	123	137	138	139	152	153	154	155	156	157	170	171	172	173	174	186	265	#
55	1682854	86	87	89	101	102	103	104	105	106	107	116	117	118	119	120	122	132	133	136	138	139	147	148	149	154	265	#
56	1675897	58	73	74	87	89	90	91	103	104	105	106	107	121	122	136	137	152	153	154	168	169	170	171	187	188	265	#
57	1671950	74	75	87	88	89	90	101	102	103	104	105	106	120	121	136	137	138	139	151	152	153	154	155	169	170	265	#
58	633334	114	129	130	145	146	160	161	176	177	266	#
59	688193	96	97	113	115	129	130	131	145	146	266	#
60	640328	160	161	176	177	192	193	195	208	209	266	#
61	607024	160	161	176	177	178	192	193	209	210	266	#
62	580946	100	113	114	115	129	130	131	145	146	266	#
63	482112	97	98	112	113	114	128	129	130	145	266	#
64	598956	98	99	112	113	114	115	128	130	218	219	220	267	#
65	751153	124	128	139	140	144	155	156	157	171	172	173	267	#
66	675863	115	116	117	122	141	143	157	158	159	219	235	267	#
67	648902	113	114	115	116	128	129	130	144	145	146	161	267	#
68	638383	97	113	114	128	129	130	131	144	146	160	161	267	#
69	615739	112	113	114	115	128	129	131	132	144	148	164	267	#
70	27635	179	#
71	93813	183	199	268	#
72	40630	199	200	268	#
73	314809	7	22	23	39	40	41	269	#
74	446028	22	23	38	39	206	207	269	#
75	430858	23	39	40	55	71	87	269	#
76	408458	7	8	23	39	40	55	269	#
77	320276	10	26	40	41	42	58	269	#
78	613865	26	27	28	43	44	59	60	270	#
79	577336	9	24	25	26	27	42	43	270	#
80	574766	11	12	27	28	42	43	44	270	#
81	527902	41	42	43	58	59	74	75	270	#
82	523540	10	11	12	27	28	43	44	270	#
83	519582	42	43	59	60	130	146	162	270	#
84	514917	121	137	138	152	153	154	170	171	271	#
85	655003	10	152	154	168	169	170	185	186	271	#
86	581940	7	23	39	122	138	154	170	171	271	#
87	551429	57	71	72	73	89	105	106	121	271	#
88	545127	156	169	170	171	172	184	185	186	271	#
89	527486	136	137	138	152	153	154	168	169	271	#
90	304682	197	198	213	214	229	230	272	#
91	423712	180	195	196	197	212	228	272	#
92	313547	181	182	197	198	214	230	272	#
93	310370	196	198	212	213	214	215	272	#
94	295091	121	136	137	214	229	230	272	#
95	275960	197	198	199	213	214	215	272	#
96	1283406	5	21	34	35	36	37	50	51	67	144	145	160	161	162	176	177	178	192	193	194	208	210	226	227	273	#
97	1848550	2	3	4	16	17	18	20	21	33	34	35	49	50	51	66	67	83	99	203	219	220	221	235	236	273	#
98	1822154	0	1	2	3	4	5	18	19	20	21	22	23	34	35	36	39	40	41	55	196	197	212	213	228	273	#
99	1730654	42	43	44	45	59	60	81	96	97	98	112	113	114	128	129	130	131	144	145	146	160	161	176	192	273	#
100	1685243	2	16	17	18	19	34	35	48	49	50	51	52	65	66	67	68	81	82	83	97	98	114	144	183	273	#
101	1650986	1	2	3	4	16	17	18	19	20	21	32	33	34	35	36	37	49	50	51	65	66	67	82	98	273	#
102	70616	67	68	84	100	116	132	#
103	889387	95	109	110	111	125	126	127	142	179	180	195	196	212	213	274	#
104	1180793	93	94	95	109	110	111	125	127	144	145	160	161	176	177	274	#
105	1055655	148	164	165	166	179	180	181	182	196	197	211	212	213	227	274	#
106	1029874	43	177	178	179	180	194	195	196	197	210	211	212	227	228	274	#
107	993509	24	25	164	180	181	182	196	197	211	212	227	228	229	243	274	#
108	968026	189	196	197	198	199	205	206	212	213	215	221	222	229	230	274	#
109	475570	35	36	37	52	53	69	70	275	#
110	618452	34	35	50	51	52	90	106	275	#
111	580999	34	35	36	37	50	52	68	275	#
112	547459	50	52	67	68	69	83	96	275	#
113	368451	19	20	21	22	36	37	38	275	#
114	341380	51	52	68	69	84	85	101	275	#
115	373156	87	103	118	119	276	#
116	358400	117	118	119	133	276	#
117	320887	85	86	87	88	276	#
118	312793	103	119	120	135	276	#
119	231268	119	134	135	150	276	#
120	27698	233	#
121	2239426	133	134	145	147	148	149	160	161	162	163	164	165	176	177	178	179	180	181	182	183	193	194	195	197	198	199	200	201	202	208	210	211	212	213	214	215	216	224	225	226	227	228	230	231	240	241	242	243	277	#
122	3240694	10	138	152	153	154	167	168	169	170	171	183	184	185	186	187	189	190	199	200	201	202	203	205	206	207	216	217	218	219	220	221	223	227	232	233	234	235	236	237	241	242	243	247	248	249	250	251	252	277	#
123	3184554	74	90	91	92	106	107	122	123	138	139	148	164	167	168	169	179	180	183	184	185	186	187	190	196	199	200	201	202	203	205	206	207	216	217	218	219	220	221	222	232	233	234	235	237	248	249	250	251	277	#
124	3066362	86	90	91	92	101	102	103	104	105	106	107	108	114	115	122	123	131	138	139	140	144	145	146	155	156	157	160	161	162	172	173	176	178	179	180	181	182	187	188	192	193	194	195	196	198	209	210	211	277	#
125	2997958	142	143	152	153	157	158	159	165	166	167	168	169	181	182	183	184	185	186	195	196	197	198	199	200	201	202	205	211	212	213	214	215	216	217	221	227	229	230	232	233	236	237	238	243	244	245	252	253	277	#
126	2970011	99	100	115	116	120	136	137	138	152	153	165	166	167	168	169	179	180	181	182	183	184	185	195	196	197	198	199	200	201	202	203	211	212	213	214	215	216	218	219	220	229	230	231	233	235	244	245	246	277	#
127	391480	173	188	189	205	221	278	#
128	480662	173	189	205	221	236	278	#
129	373784	171	173	187	188	189	278	#
130	285076	188	189	205	206	221	278	#
131	283148	173	174	188	189	190	278	#
132	921483	66	70	71	84	85	86	87	100	101	102	116	118	178	179	191	194	207	279	#
133	1069978	32	34	35	36	37	48	49	50	51	52	66	67	82	98	175	226	227	279	#
134	1068288	161	162	163	177	178	179	193	194	195	209	210	211	225	232	248	249	250	279	#
135	1050128	190	191	202	203	204	205	206	207	220	221	223	236	237	238	239	254	255	279	#
136	1032174	50	51	52	54	55	56	66	67	68	69	70	71	84	85	86	87	100	279	#
137	1014658	148	161	163	164	176	177	178	179	180	193	194	209	210	211	226	227	242	279	#
138	928317	203	204	218	219	220	221	233	234	235	236	237	250	252	280	#
139	970107	201	202	203	217	218	219	233	234	235	236	250	251	252	280	#
140	965254	66	203	217	219	220	234	235	236	237	249	250	251	252	280	#
141	936470	189	202	203	204	205	206	207	219	234	235	250	251	252	280	#
142	917091	203	204	219	220	235	236	237	238	239	251	252	254	255	280	#
143	908725	89	90	142	202	203	204	218	219	220	235	236	250	251	280	#
144	1039848	30	45	46	47	60	61	62	63	76	78	79	93	94	95	111	281	#
145	1280364	31	46	47	62	63	78	79	89	90	105	106	119	120	121	137	281	#
146	1128783	73	76	77	89	90	91	92	93	105	106	107	108	121	122	123	281	#
147	1022701	46	60	61	62	76	78	79	92	93	94	95	108	110	111	127	281	#
148	965805	11	12	26	27	43	44	45	59	60	61	62	63	76	78	79	281	#
149	947438	27	28	29	43	44	45	46	47	60	61	62	63	77	79	134	281	#
150	402033	54	70	85	86	195	196	211	212	282	#
151	522397	84	85	100	101	115	116	117	133	282	#
152	491789	52	53	54	55	68	69	70	71	282	#
153	484401	196	212	213	214	228	229	244	245	282	#
154	347605	29	39	44	45	53	54	55	56	282	#
155	320514	70	84	85	86	87	101	102	103	282	#
156	81882	62	#
157	99804	100	114	115	283	#
158	140736	100	115	116	283	#
159	139227	98	114	115	283	#
160	1195026	11	13	14	15	27	28	29	30	31	43	44	45	46	47	59	60	61	62	63	76	77	78	79	93	94	242	284	#
161	1558536	43	59	60	62	71	75	76	77	78	79	87	91	92	93	94	103	105	106	107	108	109	110	111	119	120	123	284	#
162	1506394	50	65	66	76	77	78	79	81	82	93	94	95	97	107	108	109	110	111	125	126	127	143	215	216	230	231	284	#
163	1470289	30	31	45	46	47	62	63	77	78	79	94	95	205	219	220	221	222	223	235	236	237	238	251	252	253	254	284	#
164	1384429	27	42	43	44	45	46	47	57	58	59	60	61	62	63	75	76	77	78	79	93	94	95	111	126	127	143	284	#
165	1368425	27	28	29	30	31	43	44	45	46	47	59	60	61	62	63	77	78	79	93	94	109	110	111	125	126	127	284	#
166	691115	222	225	226	237	238	240	241	254	285	#
167	654759	119	120	135	192	221	222	238	254	285	#
168	635173	190	205	206	222	237	238	254	255	285	#
169	632239	220	221	236	237	238	239	252	253	285	#
170	585435	224	225	226	228	240	241	242	243	285	#
171	535227	205	206	221	222	223	238	239	255	285	#
172	1306698	64	65	81	130	131	145	146	160	161	162	176	177	178	193	194	208	209	210	286	#
173	1376327	130	144	145	146	160	161	162	176	177	178	179	180	193	194	209	235	250	251	286	#
174	1357455	7	8	22	23	24	115	129	130	131	132	144	145	146	147	160	161	162	163	286	#
175	1342845	89	104	105	121	137	152	153	154	208	209	210	224	225	226	227	241	242	243	286	#
176	1332420	98	112	113	114	115	128	129	130	131	144	145	146	160	161	176	177	178	193	286	#
177	1299152	99	100	115	116	131	144	145	146	147	148	160	161	162	163	176	177	178	194	286	#
178	1124982	141	157	172	173	189	190	191	205	207	219	220	221	222	223	236	237	238	239	254	255	287	#
179	1384541	140	156	157	171	172	173	187	188	189	203	205	219	220	221	235	236	237	251	252	253	287	#
180	1370726	182	184	185	201	202	203	206	207	217	218	219	220	221	222	233	235	236	250	251	252	287	#
181	1326666	8	9	10	24	25	26	39	40	41	42	57	219	222	223	235	236	237	238	239	255	287	#
182	1305220	185	186	201	202	203	205	217	218	219	220	221	233	234	235	236	237	249	250	251	252	287	#
183	1288059	32	33	47	125	139	140	141	154	155	156	157	158	170	171	172	173	174	188	237	249	287	#
184	1437192	83	97	99	100	112	113	114	115	128	129	130	131	144	145	146	160	161	162	176	177	178	179	193	194	208	209	210	211	288	#
185	1973741	6	7	8	21	22	24	38	72	88	89	90	105	106	144	145	160	161	176	177	192	193	208	209	217	224	225	240	241	288	#
186	1788498	6	7	21	22	23	37	38	39	97	112	113	114	128	129	130	144	145	160	161	162	176	177	178	192	193	209	225	241	288	#
187	1753372	157	171	172	173	174	175	178	179	180	183	188	189	190	194	195	196	205	209	210	211	212	225	226	227	228	241	243	244	288	#
188	1745032	89	90	103	104	105	106	128	129	130	144	145	160	161	163	164	176	177	178	179	192	193	194	195	207	209	210	211	225	288	#
189	1744150	4	5	18	19	20	21	34	112	113	128	129	130	145	146	158	159	161	175	176	177	178	182	192	193	194	198	214	215	288	#
190	688475	6	142	158	174	189	190	206	207	221	222	238	289	#
191	722155	203	206	218	219	220	221	222	223	236	237	238	289	#
192	692609	191	206	207	221	222	223	237	238	239	254	255	289	#
193	666946	33	34	142	153	154	158	159	170	174	190	206	289	#
194	627121	156	170	171	172	173	186	187	188	189	190	205	289	#
195	618382	84	85	101	173	174	189	190	191	205	206	221	289	#
196	366966	197	198	213	228	229	290	#
197	422364	229	230	231	245	246	290	#
198	373859	197	212	213	228	244	290	#
199	349448	182	198	213	228	229	290	#
200	325287	197	198	199	213	229	290	#
201	292287	181	182	197	213	229	290	#
202	858192	41	56	57	71	72	73	74	87	89	103	104	105	166	167	183	291	#
203	1082848	89	90	91	92	104	105	106	107	108	119	120	121	122	124	136	291	#
204	996326	57	71	72	73	74	75	86	87	88	89	90	105	106	107	122	291	#
205	968329	70	71	72	87	88	89	90	91	92	103	104	105	106	120	121	291	#
206	954278	37	52	53	56	67	68	69	70	71	72	73	86	87	88	104	291	#
207	910807	55	56	57	71	72	73	74	75	87	88	89	90	91	104	105	291	#
208	764750	183	198	199	200	201	214	215	216	232	235	236	237	252	292	#
209	994835	203	218	219	220	235	236	237	238	239	250	251	252	253	292	#
210	936471	203	219	220	221	223	235	236	237	238	239	251	252	253	292	#
211	911171	203	204	205	219	220	221	235	236	237	238	251	252	253	292	#
212	859633	72	73	88	89	105	181	182	196	197	198	199	214	215	292	#
213	835878	180	181	182	183	196	197	198	199	213	214	215	229	230	292	#
214	1081922	10	11	12	26	27	40	41	42	43	56	57	58	59	73	74	119	186	293	#
215	1250541	6	7	21	22	23	37	38	39	40	41	42	57	58	74	89	105	206	293	#
216	1194645	7	22	23	37	39	40	53	54	55	56	70	71	86	87	88	89	104	293	#
217	1095147	41	42	57	58	59	72	73	74	75	88	89	105	143	159	173	174	175	293	#
218	1081851	9	10	11	12	26	27	28	29	40	41	42	43	44	57	58	80	96	293	#
219	1053670	9	11	12	26	27	28	41	42	44	57	58	59	72	73	74	75	130	293	#
220	292871	2	3	18	34	148	164	180	294	#
221	405518	16	17	18	32	33	34	50	294	#
222	348221	131	133	147	148	149	164	165	294	#
223	325246	148	163	164	165	179	180	196	294	#
224	285875	18	19	20	34	50	51	66	294	#
225	239703	1	2	3	4	5	17	20	294	#
226	210577	116	117	133	295	#
227	253102	115	116	131	295	#
228	187018	117	133	149	295	#
229	1814298	12	13	29	122	137	138	152	153	154	166	167	168	169	170	171	177	178	184	186	187	192	193	194	199	200	202	214	215	216	218	230	245	246	296	#
230	2442987	162	177	178	179	180	181	182	192	193	195	196	197	198	199	200	208	209	210	211	212	213	214	215	225	226	228	229	230	231	243	244	245	246	296	#
231	2323947	2	3	152	168	169	179	180	182	184	195	196	197	198	199	200	211	212	214	215	216	229	230	231	232	233	235	244	245	246	247	248	249	250	296	#
232	2257573	9	10	11	12	13	14	15	25	27	28	29	30	31	35	45	46	47	58	61	62	63	180	183	196	197	198	199	212	213	214	228	229	243	296	#
233	2163499	19	73	74	89	105	106	117	118	120	121	122	123	134	135	136	137	138	139	149	150	151	152	153	154	165	167	168	169	170	183	184	185	200	296	#
234	2139945	88	104	126	143	167	168	178	179	183	184	194	195	196	197	199	200	210	211	212	213	214	215	216	226	227	228	229	230	243	244	245	246	247	296	#
235	211761	7	240	241	297	#
236	291188	225	240	241	297	#
237	192593	6	7	8	297	#
238	1188407	23	134	147	148	149	150	164	165	166	167	168	180	181	183	196	197	198	213	214	298	#
239	1656043	73	74	89	90	105	106	107	121	180	182	195	196	197	198	212	213	214	230	231	298	#
240	1461030	113	114	181	182	196	197	198	199	213	214	215	216	228	229	230	231	232	245	246	298	#
241	1395377	148	164	165	180	181	182	193	195	196	197	198	199	210	211	212	213	214	228	229	298	#
242	1379825	161	162	177	182	183	196	197	198	199	212	213	214	215	228	229	230	244	245	246	298	#
243	1249003	133	134	147	148	149	150	165	166	167	168	183	190	197	198	199	213	214	215	230	298	#
244	180481	66	67	80	81	299	#
245	66854	65	66	81	82	299	#
246	849726	112	124	126	127	128	129	140	141	142	143	157	158	171	172	173	179	187	188	189	300	#
247	1271358	96	97	112	113	128	129	130	144	145	146	160	161	162	176	177	178	192	193	210	300	#
248	1258259	60	76	91	92	107	108	109	122	123	124	125	139	140	141	221	222	237	238	254	300	#
249	1252157	56	113	114	124	128	129	138	139	140	144	155	156	157	158	171	172	173	187	188	300	#
250	1189606	124	140	142	156	157	158	159	172	173	188	189	190	191	205	206	221	222	237	238	300	#
251	1147605	79	94	95	109	110	111	126	127	140	141	142	157	158	159	172	173	174	175	190	300	#
252	534552	104	120	121	134	136	137	138	152	153	154	170	171	301	#
253	778317	116	117	133	134	135	148	164	180	181	182	198	199	301	#
254	734629	104	105	119	120	136	137	138	152	153	169	201	202	301	#
255	678740	140	141	142	156	157	158	171	172	173	174	187	188	301	#
256	663632	119	122	135	136	137	138	152	153	154	167	168	169	301	#
257	643943	120	121	134	135	136	137	138	150	151	152	153	168	301	#
258	1016542	3	4	5	18	19	20	33	34	35	36	37	38	49	51	67	302	#
259	1198746	1	2	3	16	17	18	19	20	34	35	36	37	51	52	67	302	#
260	1189891	1	2	3	16	17	18	19	20	33	34	35	36	50	52	68	302	#
261	1178694	17	18	19	20	33	34	35	36	37	51	52	53	67	82	83	302	#
262	1178118	1	2	3	4	16	17	18	19	20	21	34	35	36	52	234	302	#
263	1128358	4	5	6	7	8	20	21	22	23	24	35	36	37	39	52	302	#
264	780307	103	119	120	121	131	135	136	137	138	146	154	233	234	250	303	#
265	1047588	71	73	74	87	89	90	103	104	105	118	119	120	134	135	303	#
266	940972	190	191	218	219	220	221	233	234	235	236	249	250	251	252	303	#
267	938121	40	98	99	100	114	115	116	130	131	145	146	160	161	162	303	#
268	894243	76	91	92	105	106	107	108	122	123	137	138	153	154	169	303	#
269	860238	90	105	106	107	122	123	137	138	139	152	154	155	156	170	303	#
270	512051	137	151	152	166	167	168	169	183	304	#
271	585229	137	138	139	140	141	153	155	169	304	#
272	523918	137	138	152	153	154	168	169	170	304	#
273	504400	153	154	166	167	168	169	170	183	304	#
274	482682	59	75	167	168	183	184	185	199	304	#
275	454771	121	137	152	153	168	169	233	249	304	#
276	1226072	5	6	7	8	20	21	22	23	37	38	39	40	52	53	54	55	56	72	305	#
277	1450687	4	20	21	26	34	35	36	37	38	41	42	50	51	52	53	58	66	69	305	#
278	1436136	5	6	7	21	22	23	34	35	36	37	38	39	40	41	42	50	55	56	305	#
279	1374182	5	6	7	20	21	22	23	36	37	38	39	40	41	53	54	55	56	69	305	#
280	1268322	3	4	5	6	18	19	20	21	22	34	35	36	37	38	39	52	53	54	305	#
281	1249740	1	2	3	4	5	6	7	18	19	20	21	22	23	34	36	37	38	211	305	#
282	557532	20	22	36	37	38	53	306	#
283	525917	20	21	35	36	37	53	306	#
284	519219	5	6	21	22	38	39	306	#
285	382134	7	23	37	38	39	40	306	#
286	362943	36	37	52	53	69	70	306	#
287	346517	53	54	69	70	85	101	306	#
288	472974	217	233	234	250	251	307	#
289	432766	217	218	233	234	250	307	#
290	383390	155	235	236	251	252	307	#
291	367541	202	218	219	234	249	307	#
292	283657	152	168	184	201	217	307	#
293	625449	56	68	69	70	71	72	87	181	197	198	308	#
294	748233	35	36	50	52	53	68	69	70	85	86	308	#
295	713779	72	73	74	87	88	89	90	102	103	118	308	#
296	702702	71	72	73	74	86	87	88	89	104	105	308	#
297	657716	54	55	56	69	70	71	72	85	86	87	308	#
298	632868	52	53	54	67	68	69	70	85	86	102	308	#
299	1135079	98	100	112	113	114	115	116	128	129	130	131	132	144	145	146	160	161	162	176	178	309	#
300	1169243	97	98	113	114	115	116	128	129	130	131	144	145	146	147	160	161	163	176	177	178	309	#
301	1152264	100	101	102	115	116	117	118	131	132	133	134	147	148	163	164	180	187	195	196	197	309	#
302	1129318	98	112	113	114	128	129	130	131	132	144	145	146	160	161	162	176	177	178	193	210	309	#
303	1102776	98	114	128	129	130	131	132	144	145	146	147	148	160	162	165	176	177	178	193	194	309	#
304	1098550	97	98	100	113	114	115	128	129	130	131	144	145	146	160	161	162	176	177	193	194	309	#
305	186140	155	156	172	310	#
306	250904	170	171	172	310	#
307	229940	139	155	156	310	#
308	185980	155	156	157	310	#
309	179060	115	131	132	311	#
310	191997	99	115	116	311	#
311	113853	130	131	132	311	#
312	728246	161	162	176	177	178	179	180	195	196	197	210	211	212	213	227	312	#
313	921204	117	177	192	193	208	209	210	224	225	226	227	240	241	242	243	312	#
314	877473	163	164	179	180	195	196	210	211	212	213	228	229	230	243	244	312	#
315	869657	59	75	170	179	185	186	195	202	211	212	213	227	228	243	244	312	#
316	839224	129	131	144	145	146	160	161	162	176	177	178	192	193	208	209	312	#
317	810017	183	196	197	198	199	212	213	214	215	228	229	230	231	243	246	312	#
318	118307	68	84	313	#
319	50716	84	85	313	#
320	431197	29	30	43	44	45	46	314	#
321	491474	30	43	44	45	46	47	314	#
322	454050	26	42	43	44	45	60	314	#
323	372542	30	31	46	47	63	79	314	#
324	354764	12	13	28	43	44	59	314	#
325	335984	12	13	28	29	44	45	314	#
326	1568294	100	115	116	117	129	130	131	132	133	145	146	147	148	149	161	162	163	164	165	178	179	180	181	193	194	195	196	197	210	212	315	#
327	2161685	17	21	33	34	35	36	37	49	50	51	52	53	67	68	69	82	83	84	85	98	99	100	101	115	116	117	118	119	132	167	315	#
328	2046533	4	6	19	20	21	22	36	37	51	52	53	69	179	192	193	194	195	208	210	211	212	224	226	227	228	240	241	242	243	244	315	#
329	1930414	89	90	106	107	122	123	129	130	145	146	160	161	163	176	177	178	179	182	192	193	194	208	209	210	211	224	226	241	242	243	315	#
330	1891621	98	114	115	116	117	129	130	131	132	144	145	146	147	148	163	178	179	180	194	195	196	208	209	210	211	225	226	227	241	242	315	#
331	1792817	84	86	87	88	89	90	99	100	101	115	116	117	118	131	132	133	134	147	148	149	150	163	164	165	166	167	168	179	180	181	315	#
332	536550	203	204	219	220	236	237	316	#
333	477993	219	220	221	236	237	252	316	#
334	458449	115	131	203	219	220	221	316	#
335	436332	220	221	236	237	238	254	316	#
336	421402	221	236	237	250	251	252	316	#
337	403533	203	204	205	206	218	219	316	#
338	3400495	16	17	32	33	70	71	72	73	85	86	87	88	89	90	91	102	103	104	105	106	107	119	120	121	122	123	124	133	134	135	136	137	138	139	140	141	149	150	151	152	153	154	165	166	167	168	169	170	171	172	174	183	184	186	187	190	200	201	202	217	239	254	255	317	#
339	4196747	1	2	18	19	74	76	77	90	91	92	93	94	95	97	98	105	106	107	110	111	121	122	123	126	136	137	138	139	152	153	154	156	157	168	169	170	172	173	186	187	188	189	196	202	203	205	206	207	212	220	221	222	223	235	236	237	238	239	251	252	253	254	255	317	#
340	3931157	13	14	26	27	28	29	30	36	37	38	42	44	45	46	47	61	62	63	78	94	134	135	136	137	151	152	153	154	165	166	167	168	169	170	181	182	183	184	185	186	197	198	199	200	201	202	203	213	214	215	216	217	218	219	220	232	233	234	248	249	250	251	252	317	#
341	3848210	45	61	76	77	91	92	93	100	107	108	109	116	126	131	147	148	163	164	165	168	169	170	171	173	180	183	184	185	186	187	188	197	198	200	201	202	203	205	213	214	215	216	217	218	219	220	221	225	228	229	230	231	232	233	234	236	237	241	243	244	245	246	248	317	#
342	3810801	6	7	8	14	15	21	22	24	30	31	39	44	46	54	55	57	62	70	71	72	73	74	79	87	88	89	91	95	103	104	105	106	107	108	109	110	111	119	120	122	123	125	126	127	137	138	139	140	141	142	143	154	156	157	159	209	213	215	225	229	230	241	242	317	#
343	3722297	7	14	30	87	91	92	103	106	107	108	109	119	121	123	124	125	135	136	137	138	139	140	141	151	152	153	154	156	157	166	167	168	169	170	171	172	173	174	183	186	187	188	189	190	191	202	203	204	205	206	207	218	219	220	221	222	233	234	235	236	249	250	251	317	#
344	171008	42	59	318	#
345	155107	41	42	318	#
346	131512	62	63	319	#
347	53792	63	79	319	#
348	322047	123	139	140	155	156	320	#
349	360656	91	107	123	139	148	320	#
350	338194	124	125	139	140	141	320	#
351	307755	138	139	140	141	155	320	#
352	272190	22	38	156	232	248	320	#
353	223153	104	140	141	156	190	320	#
354	94453	123	139	321	#
355	126428	122	123	321	#
356	913366	4	7	8	20	21	22	23	24	35	36	37	38	50	51	52	68	206	322	#
357	1181900	189	190	204	205	206	207	221	222	223	236	237	238	239	251	252	253	254	322	#
358	1060723	13	14	28	29	30	38	45	97	113	114	129	130	131	132	145	146	206	322	#
359	956260	6	7	8	10	22	23	24	25	26	27	42	43	58	72	87	88	103	322	#
360	955883	1	2	3	4	5	16	17	18	19	20	21	22	32	33	34	49	89	322	#
361	938500	4	6	7	20	21	22	23	38	39	203	205	206	220	221	222	223	237	322	#
362	328727	60	61	76	77	78	79	92	323	#
363	453286	11	27	28	42	43	59	60	323	#
364	445796	76	78	90	91	92	94	95	323	#
365	429805	30	46	47	62	63	78	79	323	#
366	363249	60	76	92	93	108	109	126	323	#
367	336230	76	77	78	79	95	110	111	323	#
368	777477	37	53	97	112	113	137	138	139	152	153	154	324	#
369	889019	88	89	104	105	121	137	138	152	153	154	170	324	#
370	872334	106	107	122	123	137	138	139	152	154	168	170	324	#
371	835153	35	50	51	112	113	128	129	130	131	146	210	324	#
372	755551	107	122	138	139	140	141	154	155	156	157	172	324	#
373	735651	5	20	21	35	36	37	50	51	52	53	66	324	#
374	635024	112	128	129	144	160	161	176	192	325	#
375	659634	160	161	176	192	193	210	226	227	325	#
376	618882	144	146	160	161	162	176	192	193	325	#
377	550544	128	129	144	145	160	161	176	177	325	#
378	516042	128	130	144	146	160	161	162	176	325	#
379	497285	144	146	160	161	162	176	177	178	325	#
380	820599	180	181	182	197	198	213	214	228	229	230	246	326	#
381	880446	210	211	226	228	229	240	241	242	243	244	245	326	#
382	878331	197	198	213	214	215	228	229	230	231	243	244	326	#
383	865303	102	182	198	213	214	228	229	230	244	245	246	326	#
384	788861	182	195	197	198	211	212	213	214	229	230	245	326	#
385	776340	149	164	165	166	180	181	196	197	198	213	214	326	#
386	245637	207	223	239	255	327	#
387	260310	238	239	254	255	327	#
388	245065	206	207	222	223	327	#
389	238960	222	223	239	255	327	#
390	161017	190	191	207	223	327	#
391	625733	22	23	37	38	39	53	55	143	159	328	#
392	778125	21	36	37	38	39	52	53	55	68	328	#
393	755575	22	36	37	38	39	53	54	68	69	328	#
394	747532	7	21	22	23	37	38	39	55	71	328	#
395	720928	36	37	39	53	54	55	56	70	71	328	#
396	651340	21	35	36	37	51	52	53	69	216	328	#
397	585022	132	133	148	164	165	180	181	197	198	211	212	213	247	251	252	329	#
398	829480	147	163	164	165	166	167	168	180	181	183	184	196	197	199	200	329	#
399	779391	132	133	149	164	165	166	180	181	195	196	197	212	213	214	215	329	#
400	749923	182	197	198	199	200	213	214	215	216	230	231	232	246	247	248	329	#
401	747754	66	81	82	98	113	114	115	116	117	130	131	132	133	145	147	329	#
402	731282	34	44	48	49	50	64	65	66	198	212	213	229	230	231	245	329	#
403	642900	77	78	93	94	108	109	110	111	127	140	330	#
404	770248	94	95	111	125	126	127	141	142	143	159	330	#
405	756610	93	94	95	109	110	111	126	127	142	143	330	#
406	748358	62	78	79	94	95	110	111	126	127	143	330	#
407	743881	62	79	93	94	95	109	110	111	126	127	330	#
408	643233	91	92	93	94	106	107	108	109	125	213	330	#
409	548281	224	225	227	240	241	242	243	331	#
410	642743	210	225	226	240	241	242	243	331	#
411	576458	210	224	225	226	227	240	241	331	#
412	502189	224	225	226	240	241	242	243	331	#
413	501130	194	195	210	211	227	242	243	331	#
414	443526	179	195	210	211	226	227	243	331	#
415	1795619	168	184	185	189	190	191	201	202	203	204	205	206	207	217	219	220	222	223	235	236	237	238	239	250	251	252	253	254	255	332	#
416	2072211	189	190	191	205	206	207	211	220	221	222	223	225	226	227	229	235	236	237	238	239	241	242	243	244	245	252	253	254	255	332	#
417	2018650	94	95	111	127	141	142	143	157	158	159	172	173	174	188	189	190	205	206	207	220	221	222	223	236	237	238	239	254	255	332	#
418	1937684	97	98	112	113	114	128	129	130	131	144	145	160	218	219	220	221	222	233	234	235	236	237	238	248	249	250	251	252	253	332	#
419	1902968	156	157	158	172	188	189	190	202	203	204	205	206	207	219	220	221	222	223	235	236	237	238	239	250	251	252	253	254	255	332	#
420	1891189	87	88	103	104	105	118	119	120	136	149	152	153	154	165	166	167	168	169	170	171	183	184	185	186	187	188	200	201	202	332	#
421	387636	0	1	2	18	19	34	35	333	#
422	524063	1	2	16	17	18	32	33	333	#
423	465510	0	1	17	33	49	50	65	333	#
424	454467	1	2	3	16	17	18	19	333	#
425	415289	1	2	3	17	19	181	197	333	#
426	409081	2	3	17	18	19	32	33	333	#
427	843661	53	54	68	69	70	84	85	86	99	100	102	103	116	173	174	175	189	190	334	#
428	1167970	141	156	157	158	159	173	174	175	188	189	190	191	206	207	221	222	223	237	334	#
429	1142840	106	156	157	171	172	173	174	187	188	189	190	205	206	207	221	223	237	239	334	#
430	1094751	110	122	123	125	126	127	142	143	156	158	159	171	172	173	174	175	187	188	334	#
431	1037738	0	1	16	17	32	33	48	49	65	66	81	82	156	157	172	173	188	189	334	#
432	1037215	68	84	100	116	118	129	130	131	132	133	134	143	146	149	184	200	235	248	334	#
433	152358	208	209	225	335	#
434	198885	176	192	208	335	#
435	125195	208	224	225	335	#
436	219374	168	183	184	336	#
437	232384	183	184	199	336	#
438	207908	184	185	186	336	#
439	162356	168	169	184	336	#
440	199712	160	176	177	337	#
441	169009	128	144	160	337	#
442	111042	176	177	192	337	#
443	97887	161	176	177	337	#
444	104671	58	74	#
445	54504	16	#
446	1657724	1	2	3	4	10	17	18	19	20	21	22	34	35	36	37	50	52	53	54	68	69	133	148	149	150	151	165	166	167	183	338	#
447	1989717	0	1	2	16	17	18	32	33	34	51	192	193	208	209	210	224	225	226	227	228	229	240	241	242	243	244	245	246	247	248	338	#
448	1981577	4	5	6	7	8	21	22	23	24	38	39	40	41	42	53	54	55	56	57	58	70	71	72	73	74	87	88	89	90	104	338	#
449	1965484	0	1	2	3	4	5	6	16	17	18	19	20	21	22	34	38	39	109	124	125	140	161	180	181	182	190	191	197	198	206	338	#
450	1953800	6	7	8	20	21	22	23	36	37	38	39	52	53	54	55	69	70	71	84	85	86	87	101	102	103	104	105	106	107	122	338	#
451	1953104	0	1	2	9	10	11	16	17	18	26	27	32	34	35	49	50	51	52	66	67	87	88	170	185	186	187	188	189	202	203	338	#
452	635535	9	10	11	24	25	26	42	44	151	167	183	339	#
453	779849	9	10	11	12	13	25	26	27	28	208	209	339	#
454	772076	8	9	10	12	13	14	24	25	26	27	28	339	#
455	770309	9	10	11	25	26	27	42	58	59	73	74	339	#
456	762906	9	10	11	12	13	24	25	26	27	28	41	339	#
457	732671	6	7	8	9	10	11	24	25	26	27	43	339	#
458	849954	76	79	91	92	93	94	95	109	110	111	124	125	126	127	141	142	143	157	158	173	340	#
459	1223036	124	125	140	141	142	143	156	157	158	159	170	171	172	173	174	188	189	205	221	237	340	#
460	1188605	17	18	33	34	35	36	37	46	47	50	51	52	53	62	63	68	78	79	84	94	340	#
461	1156390	108	124	125	140	141	142	157	158	173	174	175	188	189	190	191	206	207	222	223	238	340	#
462	1155380	67	68	69	76	79	83	93	94	95	99	110	111	126	211	212	226	227	228	243	244	340	#
463	1131826	43	44	45	59	60	61	74	76	77	89	90	91	92	93	94	108	109	110	111	125	340	#
464	2048579	9	26	27	41	42	43	55	56	57	58	59	73	74	75	86	87	88	89	90	91	92	104	105	106	107	108	119	120	122	123	136	139	230	245	246	247	341	#
465	2332215	54	55	56	57	71	72	73	74	75	85	86	87	88	89	94	104	105	106	110	118	119	120	121	122	136	137	152	168	219	234	235	248	249	250	251	252	341	#
466	2255905	44	45	46	52	53	54	55	69	70	71	85	86	87	102	103	104	105	116	117	118	119	120	121	122	134	135	136	137	138	139	151	152	153	155	232	248	341	#
467	2223775	9	10	19	24	25	26	39	40	41	42	43	54	55	57	58	59	71	73	74	75	89	90	91	105	106	181	197	212	213	227	228	229	242	243	245	246	341	#
468	2173129	22	38	39	40	41	42	43	44	45	54	55	57	59	60	61	71	73	74	75	76	87	88	89	102	103	104	105	116	117	118	120	121	136	178	238	254	341	#
469	2156461	5	6	18	19	20	21	22	34	35	36	37	39	50	51	52	53	54	55	66	67	68	69	70	71	84	85	86	87	88	89	99	100	101	116	117	132	341	#
470	1484994	59	73	74	75	89	90	91	106	107	122	136	137	138	139	154	169	170	186	342	#
471	1471365	10	11	26	27	42	43	58	59	72	73	74	75	89	90	91	92	105	106	342	#
472	1373057	38	41	57	58	70	71	72	73	74	75	87	88	89	90	91	92	106	122	342	#
473	1371536	56	72	73	74	75	86	87	88	89	90	103	104	105	106	107	120	122	138	342	#
474	1369324	74	75	137	138	139	152	153	154	155	168	169	170	185	186	201	202	218	219	342	#
475	1334822	56	57	72	73	74	75	76	89	90	91	92	105	106	107	122	123	138	139	342	#
476	635991	101	102	103	117	118	132	133	134	148	149	150	151	165	166	167	343	#
477	938707	104	120	121	136	137	138	151	152	166	167	168	184	200	201	217	343	#
478	935833	6	70	71	85	86	87	88	102	103	104	117	118	119	120	121	343	#
479	907028	84	85	99	100	101	114	115	117	133	205	221	222	223	236	237	343	#
480	888704	10	11	100	116	117	132	133	134	148	149	172	184	185	200	201	343	#
481	849191	53	54	70	84	86	87	88	100	101	102	103	104	117	118	119	343	#
482	311408	140	156	172	173	188	344	#
483	388441	172	173	174	188	189	344	#
484	353272	99	115	116	172	188	344	#
485	325017	157	158	171	172	173	344	#
486	292921	108	124	140	141	157	344	#
487	271031	139	140	141	155	156	344	#
488	333361	115	130	131	132	146	345	#
489	411540	101	115	116	117	133	345	#
490	368696	128	129	130	145	146	345	#
491	316476	99	115	131	146	147	345	#
492	172042	131	132	146	147	148	345	#
493	158127	11	12	114	130	145	345	#
494	2741806	114	115	116	117	118	130	131	132	133	134	135	145	146	148	149	150	163	164	165	166	178	179	180	181	182	194	195	196	197	198	210	211	212	213	214	220	229	230	235	236	237	238	239	251	252	253	346	#
495	3151191	10	17	18	33	34	35	50	51	157	158	172	173	174	187	188	189	190	191	196	198	204	205	206	207	211	212	213	214	220	221	222	223	227	228	229	230	235	236	237	238	239	244	251	252	253	255	346	#
496	2999427	97	112	113	128	129	130	144	145	160	161	162	170	176	185	186	195	202	203	205	206	210	211	215	217	218	220	221	222	227	228	232	233	234	235	236	237	238	243	246	247	248	249	250	251	252	253	346	#
497	2907313	0	1	9	10	11	12	25	26	27	28	29	30	37	42	43	44	45	46	59	60	85	86	185	201	203	204	205	206	207	217	218	219	220	221	222	223	233	235	236	237	238	239	251	252	253	254	346	#
498	2905081	116	139	140	142	155	156	157	158	159	172	173	174	175	190	191	201	202	203	204	205	206	207	217	218	219	220	221	222	223	232	233	234	235	236	237	238	239	247	248	249	250	251	252	253	254	255	346	#
499	2885982	1	17	18	23	34	35	36	37	38	39	50	51	52	53	65	66	67	69	121	139	153	155	156	157	173	188	189	190	191	204	205	206	207	220	221	222	223	236	237	238	239	250	251	252	253	254	346	#
500	180272	90	91	347	#
501	238878	89	90	347	#
502	184213	91	107	347	#
503	1140104	74	75	139	140	156	157	158	169	170	171	172	173	174	185	186	187	188	189	202	252	348	#
504	1527330	1	91	92	108	124	139	140	141	142	143	157	158	159	160	172	174	176	177	178	179	348	#
505	1465696	73	76	89	90	91	92	105	106	107	108	122	123	137	138	139	153	154	169	170	186	348	#
506	1432729	126	127	139	140	141	142	143	154	155	156	157	158	170	171	172	173	174	175	187	188	348	#
507	1406481	127	138	141	142	143	154	157	159	169	170	171	172	174	175	185	186	188	202	203	204	348	#
508	1392225	138	139	140	141	142	143	154	156	157	158	159	170	171	172	185	186	187	188	202	203	348	#
509	775855	93	94	110	111	203	218	219	220	235	237	250	251	252	253	349	#
510	994208	34	50	51	65	66	218	219	220	221	233	235	236	237	252	349	#
511	969735	171	185	186	187	201	202	203	219	220	221	235	236	237	252	349	#
512	954761	42	43	47	59	60	62	63	75	79	94	95	110	126	142	349	#
513	950070	107	108	205	206	221	222	235	236	237	238	239	251	252	253	349	#
514	917458	218	221	233	234	235	236	237	238	248	249	250	251	252	253	349	#
515	63416	122	#
516	115915	164	187	#
517	348334	209	210	224	225	226	350	#
518	516283	225	226	241	242	243	350	#
519	475874	193	195	209	210	211	350	#
520	445692	24	218	225	226	241	350	#
521	373841	193	194	209	210	211	350	#
522	338414	192	193	209	224	225	350	#
523	295985	32	132	185	201	202	203	217	351	#
524	316323	130	131	132	133	146	162	178	351	#
525	266852	125	126	141	142	157	173	185	351	#
526	250313	184	185	201	217	233	248	249	351	#
527	208985	198	199	200	201	202	217	233	351	#
528	190981	16	32	48	65	66	82	83	351	#
529	456824	179	180	181	195	196	197	210	211	213	352	#
530	584697	195	210	211	212	213	214	228	229	243	352	#
531	581931	164	165	166	180	181	196	197	213	214	352	#
532	550361	180	181	182	196	197	213	229	230	231	352	#
533	443779	163	164	179	180	193	194	195	196	197	352	#
534	443690	147	163	179	180	193	194	195	210	211	352	#
535	1214428	182	183	184	186	198	199	200	201	202	203	213	214	216	217	218	219	232	233	234	249	353	#
536	1296834	168	170	184	185	186	187	188	200	201	202	203	217	218	219	233	234	248	249	250	251	353	#
537	1288312	185	186	202	203	204	209	210	211	217	218	219	220	221	224	225	233	236	237	241	253	353	#
538	1267599	201	202	203	204	216	217	218	219	220	230	231	232	233	234	245	246	247	248	249	250	353	#
539	1236461	167	183	184	185	186	199	200	201	202	203	204	205	206	215	218	219	221	234	249	250	353	#
540	1235127	152	168	183	184	185	186	187	198	199	200	201	214	215	217	224	225	230	240	241	242	353	#
541	1067998	195	196	208	209	210	211	212	213	224	225	226	227	228	229	241	242	243	354	#
542	1434597	182	196	197	198	199	212	213	214	215	227	228	229	230	242	243	244	246	354	#
543	1205076	149	164	165	180	181	195	196	197	198	211	212	213	227	228	229	243	244	354	#
544	1203924	181	182	195	196	197	198	211	212	213	214	226	227	228	229	230	243	244	354	#
545	1196174	110	126	143	181	182	196	197	198	212	213	214	215	228	229	230	245	246	354	#
546	1163845	164	180	193	194	195	196	197	198	199	208	209	210	211	212	213	214	227	354	#
547	72266	40	144	#
548	422253	109	110	111	126	127	141	142	143	157	158	159	174	175	355	#
549	627774	140	141	157	158	171	172	173	186	187	188	189	202	205	355	#
550	588059	94	108	109	110	124	125	126	139	140	141	142	143	158	355	#
551	588036	125	127	140	141	142	143	157	158	159	172	173	175	188	355	#
552	582133	44	45	60	61	77	93	94	108	109	111	125	126	127	355	#
553	537347	62	63	79	95	111	125	126	127	140	141	142	143	159	355	#
554	323560	160	176	177	178	193	356	#
555	311478	145	146	162	177	178	356	#
556	278628	160	161	162	176	177	356	#
557	249675	160	161	176	177	178	356	#
558	201793	177	178	193	194	209	356	#
559	352805	148	164	165	180	181	197	198	213	357	#
560	372714	148	164	165	211	212	213	229	230	357	#
561	371290	181	183	184	197	198	199	201	214	357	#
562	287547	118	133	134	147	148	149	164	165	357	#
563	271713	148	164	165	179	180	181	195	197	357	#
564	260928	131	134	147	148	149	164	165	181	357	#
565	156799	106	107	108	358	#
566	202769	91	106	107	358	#
567	149339	92	108	124	358	#
568	120597	107	122	123	358	#
569	598261	99	100	114	115	116	117	130	131	132	133	147	148	163	164	165	180	359	#
570	854279	54	70	84	85	99	100	112	113	114	115	128	129	130	144	145	146	359	#
571	847794	163	176	177	178	179	180	181	182	194	195	196	197	198	199	211	212	359	#
572	838735	61	145	148	161	163	164	177	179	180	181	193	194	210	235	236	251	359	#
573	825327	99	100	114	115	129	130	131	133	134	144	145	146	147	148	149	162	359	#
574	810104	116	131	132	133	147	148	149	157	158	164	172	173	180	188	189	190	359	#
575	208623	99	100	101	116	360	#
576	266132	99	160	161	176	360	#
577	175065	84	100	101	117	360	#
578	1165212	99	112	113	114	115	128	129	130	131	132	144	145	146	148	149	160	164	165	176	361	#
579	1309249	103	114	115	116	118	119	120	128	129	130	131	132	133	134	135	145	146	149	151	361	#
580	1254443	5	6	21	22	36	37	97	98	112	113	114	128	129	130	144	145	146	160	162	361	#
581	1251173	96	97	112	113	114	115	128	129	130	131	132	133	144	145	146	160	161	162	176	361	#
582	1235340	80	96	97	98	113	114	115	128	129	130	131	144	145	146	147	160	161	162	176	361	#
583	1209679	67	82	83	98	114	115	129	130	131	132	133	145	146	147	148	149	162	165	166	361	#
584	734176	113	129	144	145	160	161	162	176	362	#
585	847584	131	144	145	146	160	161	162	176	362	#
586	633225	144	160	161	162	176	209	235	236	362	#
587	624519	128	129	130	144	145	146	161	162	362	#
588	582988	128	129	130	144	145	146	162	178	362	#
589	582461	129	130	131	132	145	146	161	162	362	#
590	444166	2	3	4	20	21	37	38	39	363	#
591	619713	1	2	3	17	18	19	34	50	363	#
592	601233	6	21	22	36	37	38	39	52	363	#
593	565902	22	23	37	38	39	53	55	95	363	#
594	563136	7	8	22	23	24	38	39	40	363	#
595	524252	1	2	3	4	17	19	20	33	363	#
596	81123	175	#
597	380746	139	155	156	157	172	173	364	#
598	522951	158	172	173	174	188	189	364	#
599	380899	157	171	173	174	187	188	364	#
600	366608	156	157	158	172	173	174	364	#
601	320190	155	156	172	189	204	205	364	#
602	269839	123	124	138	139	140	155	364	#
603	714076	4	5	6	7	8	9	20	21	22	24	25	38	39	365	#
604	938345	5	6	7	8	21	22	24	37	38	39	233	234	250	365	#
605	894113	5	6	7	8	21	22	24	37	38	39	82	83	98	365	#
606	840283	5	6	7	21	22	37	38	39	53	55	70	71	86	365	#
607	809253	39	40	41	54	55	56	71	72	73	86	87	88	89	365	#
608	799730	5	6	7	8	9	23	24	25	37	38	39	41	42	365	#
609	405824	125	126	141	157	158	172	366	#
610	406654	156	157	158	172	173	188	366	#
611	346901	95	108	109	124	125	140	366	#
612	322032	126	142	157	158	159	174	366	#
613	319433	125	140	141	142	157	173	366	#
614	293150	131	132	141	156	157	173	366	#
615	953057	0	1	2	3	4	16	17	18	19	20	32	33	34	48	49	64	65	81	367	#
616	1320228	0	1	2	16	17	18	19	20	21	22	32	33	34	35	39	51	67	83	367	#
617	1309636	1	2	16	17	18	19	20	21	32	33	34	35	36	48	49	50	51	52	367	#
618	1236981	2	3	18	19	20	21	22	34	35	36	37	38	39	50	51	52	67	193	367	#
619	1179371	3	4	5	6	17	18	19	20	21	22	34	36	37	38	39	51	52	53	367	#
620	1098171	0	1	2	3	4	9	10	12	17	18	19	26	27	28	33	43	49	140	367	#
621	720104	203	219	220	221	222	235	236	251	252	368	#
622	671738	233	235	236	248	249	250	251	252	253	368	#
623	653027	203	204	219	220	236	237	250	251	252	368	#
624	624099	41	186	201	202	203	204	218	233	249	368	#
625	616993	203	218	219	233	234	235	249	250	251	368	#
626	609487	220	221	222	235	236	237	238	251	254	368	#
627	234233	109	126	127	369	#
628	221801	111	126	127	369	#
629	186128	109	125	126	369	#
630	175686	109	110	126	369	#
631	230753	93	94	108	109	370	#
632	320703	92	107	108	124	370	#
633	313170	94	95	109	110	370	#
634	202382	76	92	93	184	370	#
635	172867	243	244	371	#
636	181343	242	243	371	#
637	202429	151	166	167	372	#
638	175648	135	151	167	372	#
639	131789	149	150	166	372	#
640	108324	135	150	151	372	#
641	1293916	71	72	73	182	195	198	211	212	213	214	215	227	228	229	243	244	245	246	247	373	#
642	1403479	74	75	90	91	106	122	179	195	211	212	213	225	226	227	228	229	242	243	244	373	#
643	1371514	196	209	210	212	217	218	219	225	226	227	228	229	233	234	242	243	244	245	249	373	#
644	1247789	192	195	196	208	209	211	212	213	225	226	227	228	229	241	242	243	244	245	246	373	#
645	1196833	189	198	199	211	212	213	214	227	228	229	230	243	244	245	246	247	248	249	250	373	#
646	1189969	179	180	193	194	195	196	197	210	211	212	213	214	227	228	229	243	245	246	247	373	#
647	668820	202	218	219	220	233	234	248	249	250	374	#
648	752894	189	205	219	220	221	235	236	237	238	374	#
649	746760	203	218	219	220	221	222	235	236	252	374	#
650	709708	202	218	219	220	221	233	234	249	250	374	#
651	688490	202	218	232	233	234	247	248	249	250	374	#
652	580489	216	232	233	247	248	249	250	251	252	374	#
653	551766	35	36	50	51	52	67	68	375	#
654	559645	34	35	36	50	51	52	68	375	#
655	550792	18	20	34	35	36	50	51	375	#
656	542234	36	37	51	52	53	67	154	375	#
657	525817	20	36	50	51	52	67	68	375	#
658	499780	50	51	52	67	68	83	99	375	#
659	285214	163	178	179	194	209	210	376	#
660	403260	178	179	180	195	196	197	376	#
661	394688	194	209	210	211	225	241	376	#
662	368478	178	194	210	211	226	227	376	#
663	178449	177	178	179	194	195	196	376	#
664	133129	131	132	133	147	148	163	376	#
665	744904	30	31	46	47	61	62	63	78	79	94	95	110	111	127	377	#
666	808506	13	14	26	27	28	29	30	44	46	47	60	61	62	78	377	#
667	764143	43	44	60	61	62	78	79	94	95	108	109	110	111	126	377	#
668	735126	28	30	31	44	45	46	47	61	62	63	78	79	94	95	377	#
669	678127	62	77	78	94	95	109	110	111	125	126	127	141	143	157	377	#
670	667918	30	31	43	45	46	47	59	60	61	62	77	78	200	216	377	#
671	41261	192	#
672	907202	2	3	4	5	18	19	20	21	22	23	36	37	39	40	51	52	55	378	#
673	1174747	9	10	25	26	27	28	40	41	42	58	74	75	161	193	194	210	226	378	#
674	1156991	5	21	22	36	37	50	51	52	53	67	68	117	133	134	148	149	165	378	#
675	1068680	3	4	5	6	7	8	20	21	22	23	24	25	26	37	38	39	92	378	#
676	1058725	3	4	5	19	20	21	22	23	36	37	38	39	40	51	52	53	55	378	#
677	1026178	1	2	3	18	19	20	21	33	34	35	36	37	38	48	49	50	66	378	#
678	1298978	10	11	12	13	14	26	27	28	29	30	31	42	43	44	45	46	60	61	62	255	379	#
679	1443887	10	12	13	14	26	27	28	29	42	43	44	45	59	60	61	74	75	76	77	92	379	#
680	1396958	9	11	12	25	26	27	28	41	42	43	44	58	59	60	61	74	75	77	89	246	379	#
681	1378976	10	11	12	13	26	28	29	30	43	44	45	46	47	59	60	61	62	77	78	94	379	#
682	1372776	11	27	28	30	31	43	44	45	46	47	59	60	61	62	63	75	76	77	78	79	379	#
683	1339586	10	11	12	13	25	26	27	28	41	42	43	44	60	61	74	76	87	90	91	92	379	#
684	551626	66	82	98	112	113	114	128	144	160	380	#
685	605078	112	128	144	160	161	176	177	178	193	380	#
686	575760	34	35	50	51	67	68	112	128	144	380	#
687	562499	58	73	74	89	98	113	114	115	116	380	#
688	558162	66	67	68	69	71	82	85	87	98	380	#
689	526192	144	145	160	161	176	177	178	192	208	380	#
690	778811	60	77	78	79	94	95	109	110	111	126	142	143	159	381	#
691	955013	28	43	44	45	59	60	77	78	93	94	95	109	110	381	#
692	945110	28	42	43	44	45	59	60	61	62	74	75	77	78	381	#
693	873024	108	109	124	125	126	140	141	142	156	157	158	159	172	381	#
694	854021	93	109	126	127	140	141	142	143	156	157	158	159	172	381	#
695	769508	94	95	108	109	110	111	124	125	126	127	141	143	157	381	#
696	1513656	79	135	136	137	151	153	163	166	167	168	169	178	179	180	181	183	184	195	196	197	198	199	200	201	210	211	212	213	228	229	382	#
697	2056780	131	145	146	161	162	163	176	177	178	179	180	192	193	194	195	196	197	208	209	210	211	213	224	225	226	227	240	241	242	243	382	#
698	1974033	23	39	55	92	144	145	146	160	161	162	176	177	178	179	180	181	192	194	195	196	197	198	208	210	211	225	226	227	242	243	382	#
699	1932045	129	130	131	144	145	146	161	162	163	165	176	177	178	179	180	181	192	193	194	195	196	197	208	209	210	211	224	225	226	227	382	#
700	1923011	64	89	90	105	106	120	121	134	135	136	137	151	180	181	182	195	196	197	199	211	212	213	214	215	228	229	230	231	245	246	382	#
701	1894403	0	1	2	16	17	18	119	135	136	151	167	168	182	183	184	185	198	199	200	201	213	214	215	216	217	230	231	233	234	252	382	#
702	131151	77	129	383	#
703	136924	129	145	383	#
704	1221365	183	184	198	199	200	201	212	213	214	215	216	217	228	229	230	232	246	247	248	249	250	384	#
705	1521333	2	94	110	111	126	127	197	198	212	213	214	215	227	228	229	230	231	242	243	244	245	384	#
706	1497059	163	180	181	182	183	197	198	199	200	213	214	215	216	227	228	229	230	232	243	244	245	384	#
707	1467181	126	142	143	159	179	180	195	196	198	211	212	213	214	227	228	229	230	243	244	245	246	384	#
708	1452414	214	215	216	225	226	227	228	229	230	231	232	233	234	243	244	245	246	247	248	249	250	384	#
709	1425594	181	182	196	197	198	199	200	212	213	214	215	216	228	229	230	231	232	244	245	246	248	384	#
710	178137	0	16	385	#
711	199361	0	1	385	#
712	144637	16	32	385	#
713	661846	11	12	13	14	26	27	104	105	386	#
714	702667	72	88	89	90	104	105	106	121	386	#
715	665220	71	87	88	89	102	103	104	119	386	#
716	589849	9	10	11	12	24	25	26	27	386	#
717	574929	11	12	13	24	25	26	27	28	386	#
718	566790	10	11	12	27	28	42	43	50	386	#
719	1541102	25	26	40	41	42	57	71	72	73	198	199	210	215	225	226	227	228	229	230	242	243	244	245	246	247	387	#
720	1684148	60	76	77	78	94	95	109	110	111	126	127	196	197	213	226	227	228	229	230	231	242	243	244	245	246	387	#
721	1677067	22	23	25	35	36	37	38	39	40	41	54	55	69	70	204	205	206	220	221	222	223	238	239	254	255	387	#
722	1611098	4	20	166	167	183	184	196	198	199	200	212	213	214	215	216	228	229	230	231	232	242	243	244	245	246	387	#
723	1585008	99	109	110	124	125	140	141	155	156	167	168	172	183	184	199	200	214	215	216	230	232	246	247	248	249	387	#
724	1550407	6	22	38	39	40	63	75	167	181	182	183	198	199	200	213	214	215	216	230	231	232	246	247	248	249	387	#
725	614903	157	158	159	172	173	174	187	188	190	191	206	251	252	388	#
726	856214	152	154	156	157	158	168	169	170	171	172	173	188	189	388	#
727	852354	189	190	191	205	206	207	220	221	222	223	237	238	239	388	#
728	802963	69	189	190	205	220	221	234	235	236	249	250	251	252	388	#
729	755243	156	157	158	172	173	184	198	199	200	201	216	232	248	388	#
730	688663	140	141	156	157	158	172	173	174	188	189	190	205	206	388	#
731	245385	11	12	28	44	45	61	389	#
732	322724	46	61	62	76	77	78	389	#
733	298982	13	29	30	45	60	61	389	#
734	291880	29	43	44	45	59	61	389	#
735	281569	10	11	12	27	28	43	389	#
736	146168	10	11	12	93	94	110	389	#
737	305446	37	38	53	69	390	#
738	328456	37	53	68	69	390	#
739	261083	5	21	36	37	390	#
740	258495	53	54	69	85	390	#
741	243648	22	23	38	39	390	#
742	368101	22	37	38	39	40	391	#
743	480858	20	36	37	52	53	391	#
744	350861	39	40	55	106	107	391	#
745	348914	21	22	23	39	55	391	#
746	300118	22	23	38	39	40	391	#
747	274440	23	38	39	251	252	391	#
748	474079	113	129	206	221	222	223	237	238	239	255	392	#
749	624323	198	220	221	222	236	237	238	252	253	254	392	#
750	589237	203	219	220	221	222	223	233	238	249	250	392	#
751	586471	128	129	130	144	145	146	160	161	162	178	392	#
752	562160	205	221	222	223	237	238	239	253	254	255	392	#
753	557266	65	160	161	176	206	222	223	237	238	239	392	#
754	557514	78	79	94	95	109	110	111	124	125	126	127	141	143	393	#
755	760568	58	73	74	89	90	94	106	109	110	111	125	126	127	393	#
756	748091	98	108	124	125	126	139	140	141	142	143	156	158	159	393	#
757	714561	0	78	94	95	110	111	125	126	127	141	142	143	158	393	#
758	713193	79	94	95	109	110	111	125	126	127	142	143	158	159	393	#
759	706569	95	109	110	111	125	126	127	140	141	142	143	158	159	393	#
760	327550	21	36	37	38	394	#
761	249743	22	37	38	39	394	#
762	211929	19	20	21	36	394	#
763	374748	24	151	152	167	168	183	184	200	201	216	395	#
764	549690	120	135	136	137	138	152	153	154	168	169	395	#
765	489124	151	166	167	168	183	184	185	199	200	201	395	#
766	471784	183	184	185	186	199	200	201	217	218	233	395	#
767	468021	91	148	149	151	165	166	167	181	183	199	395	#
768	459596	5	6	7	8	9	22	23	24	25	38	395	#
769	128379	254	#
770	171910	233	247	248	249	396	#
771	201922	187	234	249	250	396	#
772	189228	232	246	247	248	396	#
773	141774	232	247	248	249	396	#
774	460564	133	149	164	165	171	181	186	187	202	203	397	#
775	596311	154	170	171	172	173	185	186	187	188	189	397	#
776	550862	165	180	181	196	197	198	199	214	215	231	397	#
777	543689	145	161	184	200	201	202	203	217	218	219	397	#
778	530891	170	184	185	186	201	202	203	204	217	218	397	#
779	457520	54	70	186	187	201	202	203	218	233	249	397	#
780	88609	0	1	#
781	106629	110	126	142	398	#
782	115878	126	142	158	398	#
783	88787	55	56	57	399	#
784	123364	55	56	72	399	#
785	183194	120	135	136	142	151	400	#
786	230885	135	136	137	151	152	400	#
787	211944	135	136	150	151	167	400	#
788	400126	109	124	125	140	141	142	156	157	158	401	#
789	550023	124	140	141	142	156	157	158	171	172	401	#
790	539350	15	155	156	157	158	171	172	173	188	401	#
791	502999	109	125	141	142	143	157	158	171	172	401	#
792	489380	108	109	124	125	138	139	140	156	172	401	#
793	479746	140	141	155	156	157	171	172	173	188	401	#
794	97490	136	137	151	152	402	#
795	131964	135	136	137	151	402	#
796	70035	135	149	150	151	402	#
797	266662	18	34	50	51	67	403	#
798	364517	1	2	18	33	34	403	#
799	265840	34	50	51	66	81	403	#
800	176202	50	51	66	67	97	403	#
801	125385	50	65	66	67	83	403	#
802	142040	89	#
803	305723	2	3	4	18	20	404	#
804	355251	1	2	3	17	18	404	#
805	344147	0	1	2	3	17	404	#
806	234912	2	17	18	19	20	404	#
807	168082	3	4	19	20	48	404	#
808	105971	3	4	5	18	19	404	#
809	1133916	193	196	208	209	210	211	212	224	225	226	227	240	241	242	243	405	#
810	1153282	196	197	198	211	212	213	225	226	227	228	229	241	242	243	244	405	#
811	1090507	56	84	100	101	129	134	211	212	224	225	226	227	240	241	242	405	#
812	1087461	157	172	173	174	175	185	186	187	188	201	210	211	212	227	243	405	#
813	1079257	208	209	211	212	224	225	226	227	228	240	241	242	243	244	245	405	#
814	1053589	0	173	196	212	226	228	229	230	242	243	244	245	246	247	248	405	#
815	136173	92	108	406	#
816	182361	107	108	406	#
817	338406	62	78	94	110	111	126	142	407	#
818	470476	78	94	95	110	111	126	127	407	#
819	468363	94	95	108	109	111	125	126	407	#
820	381353	86	94	110	111	126	130	140	407	#
821	380631	93	94	108	109	110	111	126	407	#
822	348993	62	78	93	94	95	110	111	407	#
823	1534727	11	12	27	28	103	105	106	107	108	119	120	121	122	123	135	136	137	138	139	151	167	408	#
824	1656466	74	88	89	90	91	92	105	106	107	108	122	123	124	137	138	139	153	154	155	156	172	408	#
825	1604419	55	56	57	58	73	74	86	87	88	89	90	91	105	106	107	122	123	138	139	154	155	408	#
826	1514551	61	76	77	90	91	92	93	105	106	107	108	122	123	124	137	138	139	152	153	154	169	408	#
827	1497505	89	104	105	106	107	119	120	122	135	136	137	138	139	151	152	153	154	165	166	167	169	408	#
828	1474363	77	91	93	103	106	107	108	109	119	120	122	123	137	138	139	140	152	153	154	168	169	408	#
829	992523	125	126	127	141	142	143	155	156	157	158	159	172	173	188	189	190	409	#
830	1170067	143	158	159	172	173	174	175	188	189	190	191	206	207	221	222	223	409	#
831	1131941	141	156	157	158	170	171	172	173	174	187	188	189	190	197	205	206	409	#
832	1078312	5	6	21	120	121	122	123	137	138	139	153	154	155	156	157	172	409	#
833	1059231	88	89	157	158	159	171	172	173	174	188	189	190	191	204	205	206	409	#
834	1049002	140	141	156	157	172	173	187	188	189	190	204	205	206	207	221	237	409	#
835	778130	125	140	141	154	156	157	170	171	172	173	174	175	187	188	189	410	#
836	1040242	153	154	169	170	171	172	173	186	187	188	189	202	218	233	249	410	#
837	999192	141	155	156	157	158	159	172	173	174	175	182	187	188	189	190	410	#
838	966570	27	28	44	45	121	122	137	138	139	140	152	153	154	169	170	410	#
839	947796	157	172	173	185	186	187	188	189	190	191	202	205	207	223	239	410	#
840	937125	141	155	156	157	171	172	173	174	175	187	188	189	204	205	221	410	#
841	241698	140	245	246	247	411	#
842	361742	232	246	247	248	411	#
843	325583	139	140	155	156	411	#
844	193004	70	245	246	247	411	#
845	162927	228	229	244	245	411	#
846	62593	214	#
847	104340	162	177	178	#
848	448402	126	127	141	142	143	157	158	412	#
849	570937	109	126	142	143	158	159	175	412	#
850	478922	95	109	111	125	126	127	143	412	#
851	471703	109	110	126	127	142	143	158	412	#
852	459479	110	126	142	157	158	173	189	412	#
853	443992	142	157	158	159	174	175	177	412	#
854	1455203	149	165	179	180	181	182	195	197	198	213	214	215	226	229	230	242	243	244	245	246	413	#
855	1617952	118	181	182	196	197	198	212	213	214	215	216	228	229	230	231	232	243	244	246	248	413	#
856	1579337	195	196	211	212	213	214	225	226	227	228	229	230	240	241	242	243	244	245	246	247	413	#
857	1526889	181	197	212	213	214	215	224	225	228	229	230	231	241	242	243	244	245	246	247	248	413	#
858	1509453	164	165	180	181	196	197	198	212	213	214	215	228	229	230	231	243	244	245	246	247	413	#
859	1505819	10	102	103	104	117	118	134	180	196	211	212	227	228	229	230	243	244	245	246	247	413	#
860	65347	128	129	#
861	291436	117	132	133	147	148	165	414	#
862	424241	117	118	119	133	134	214	414	#
863	368513	129	130	131	132	146	147	414	#
864	308639	131	132	133	148	149	238	414	#
865	294769	132	133	134	148	164	165	414	#
866	291799	134	148	149	163	164	165	414	#
867	303313	223	238	239	254	255	415	#
868	377732	221	222	238	239	255	415	#
869	349463	205	206	207	222	223	415	#
870	330127	222	238	239	254	255	415	#
871	318484	37	38	75	237	238	415	#
872	285636	237	238	253	254	255	415	#
873	330628	54	70	71	86	87	416	#
874	328231	54	70	85	86	87	416	#
875	327054	70	71	85	86	87	416	#
876	269295	69	70	71	85	86	416	#
877	259226	86	87	103	104	142	416	#
878	208334	54	55	70	84	85	416	#
879	358821	90	91	106	107	122	123	417	#
880	443396	58	74	88	89	90	106	417	#
881	429980	90	91	92	105	106	107	417	#
882	369391	106	122	123	138	154	170	417	#
883	363251	90	91	106	122	123	138	417	#
884	359776	91	106	107	122	123	139	417	#
885	802243	102	103	104	118	119	120	121	133	134	135	136	149	151	418	#
886	1126044	53	54	55	69	70	88	89	103	104	105	118	119	120	418	#
887	886358	72	88	103	104	105	120	121	122	123	135	136	137	138	418	#
888	876670	86	88	102	103	104	118	119	120	134	135	136	151	167	418	#
889	866686	20	36	51	52	68	84	100	101	102	116	117	118	119	418	#
890	849676	88	101	102	103	104	117	118	119	120	133	134	135	150	418	#
891	228351	18	19	20	21	419	#
892	304891	20	21	36	37	419	#
893	290747	2	3	19	20	419	#
894	258395	1	2	18	19	419	#
895	159779	18	19	20	36	419	#
896	131015	230	231	420	#
897	115297	229	230	420	#
898	1284611	11	12	13	14	27	28	29	30	43	44	45	46	47	59	60	61	62	63	76	77	78	79	93	94	95	109	110	111	421	#
899	1853696	9	10	11	26	27	28	29	30	31	41	42	43	44	45	46	56	57	58	59	60	61	72	74	75	76	77	89	90	421	#
900	1795636	9	10	11	12	16	17	25	26	27	28	30	32	41	42	43	44	45	46	47	48	57	58	59	61	74	75	83	99	421	#
901	1738936	8	9	10	24	26	27	28	40	41	42	43	44	56	57	58	59	60	61	72	73	74	75	77	88	89	90	93	106	421	#
902	1730583	5	12	20	21	22	23	28	29	30	31	36	37	39	42	43	44	45	46	47	53	54	55	58	60	61	62	63	79	421	#
903	1724651	27	28	41	42	43	44	56	57	58	59	60	74	76	77	78	79	89	92	93	94	95	108	110	111	181	182	197	213	421	#
904	493254	186	202	203	204	217	218	219	233	235	422	#
905	652290	219	221	222	235	236	237	250	251	252	422	#
906	591678	188	189	190	203	204	205	219	221	235	422	#
907	561780	184	185	201	207	217	218	233	234	250	422	#
908	558384	122	123	138	153	154	170	185	186	202	422	#
909	545844	218	219	220	221	235	236	250	251	252	422	#
910	1915252	27	109	126	142	161	176	177	192	193	194	196	197	208	209	210	211	212	213	224	225	226	227	228	240	241	242	243	244	245	423	#
911	2103600	50	132	148	165	181	182	197	198	199	200	201	210	211	212	213	214	215	216	224	225	226	227	228	229	230	242	243	244	246	423	#
912	2080590	180	192	193	194	196	197	198	199	208	209	210	211	212	213	214	215	224	225	226	227	228	230	241	242	243	244	245	246	247	423	#
913	2077899	27	42	43	44	59	141	157	173	179	180	189	193	195	196	197	198	208	209	210	211	212	224	225	226	227	228	241	242	243	423	#
914	1985114	131	146	147	163	164	176	177	179	180	192	193	195	196	197	208	209	210	211	212	224	225	226	227	228	240	241	242	243	244	423	#
915	1982529	36	37	43	53	54	59	60	75	76	77	93	130	131	132	144	146	160	161	162	176	177	178	191	192	208	209	210	225	241	423	#
916	928682	203	219	220	221	235	236	237	238	251	252	253	424	#
917	1006694	203	220	221	222	223	236	237	238	252	253	254	424	#
918	947581	175	220	221	222	235	236	237	238	251	252	253	424	#
919	923247	9	10	11	26	27	219	221	235	236	237	251	424	#
920	919939	1	5	21	22	202	203	204	219	235	236	251	424	#
921	844814	220	221	235	236	237	238	239	251	252	253	255	424	#
922	773087	28	32	33	42	43	44	45	60	61	62	76	77	78	79	179	425	#
923	1035548	10	11	26	27	41	42	43	44	45	55	56	57	58	59	60	425	#
924	1023317	29	44	45	46	47	60	61	62	77	78	94	203	220	221	222	425	#
925	947993	11	12	13	14	15	27	28	29	30	31	43	44	46	47	63	425	#
926	918741	15	31	45	46	47	60	61	62	76	77	78	79	94	95	110	425	#
927	886702	0	1	2	3	16	17	18	19	32	33	34	35	49	51	221	425	#
928	394664	173	174	188	189	190	206	426	#
929	498684	172	173	188	189	190	206	426	#
930	486273	158	173	174	175	189	190	426	#
931	453241	206	207	222	223	238	254	426	#
932	435321	157	172	173	174	188	189	426	#
933	383253	142	158	173	174	175	190	426	#
934	387090	156	157	158	171	172	173	188	427	#
935	437654	157	171	172	173	187	188	189	427	#
936	417276	156	157	158	172	173	174	188	427	#
937	402845	140	156	157	172	173	187	188	427	#
938	386712	140	141	156	157	172	173	188	427	#
939	377834	140	156	157	172	186	187	188	427	#
940	1830667	5	28	29	30	64	117	128	129	130	131	133	144	145	146	147	148	160	161	163	164	178	179	194	195	220	221	235	236	237	251	252	253	428	#
941	2184498	89	99	101	102	115	117	118	129	131	132	133	134	135	136	144	145	146	147	148	149	151	164	165	189	190	191	206	212	215	228	229	244	428	#
942	2129942	14	15	26	27	28	29	30	31	43	44	45	46	47	59	60	61	62	63	77	78	79	90	91	92	94	95	106	107	108	111	127	222	428	#
943	2103896	152	169	170	171	186	187	189	190	202	203	206	217	218	219	220	221	222	223	233	234	235	236	237	238	239	247	248	249	250	251	252	253	428	#
944	2041493	49	156	157	158	171	172	173	174	175	187	188	189	190	191	205	206	207	220	221	222	223	234	235	236	237	238	239	250	251	252	253	254	428	#
945	1998740	157	158	173	174	175	188	189	190	191	203	204	205	206	218	219	220	221	222	233	234	235	236	237	238	239	249	250	251	252	253	254	255	428	#
946	46029	29	45	429	#
947	53668	29	30	429	#
948	1371069	53	54	71	87	103	104	172	188	189	190	191	205	206	220	221	224	225	236	237	240	253	430	#
949	1659536	169	171	172	174	175	188	189	190	205	206	207	221	222	223	236	237	238	239	253	254	255	430	#
950	1635211	159	172	174	175	187	188	189	190	204	205	219	220	221	222	235	236	237	238	251	252	253	430	#
951	1623281	105	184	201	202	217	218	219	220	221	222	223	235	236	237	238	239	251	252	253	254	255	430	#
952	1519786	179	180	181	195	196	211	212	221	226	228	235	236	237	238	239	242	243	244	245	252	253	430	#
953	1463481	54	55	93	109	125	126	201	217	218	219	220	221	222	223	234	235	236	238	250	251	252	430	#
954	1230941	0	1	2	16	17	18	19	33	34	35	36	48	49	50	65	169	170	171	172	431	#
955	1226062	138	152	154	157	158	168	169	170	171	172	173	184	185	186	187	202	203	218	219	431	#
956	1222601	0	1	2	3	4	16	17	18	19	33	34	35	36	49	50	51	67	207	223	431	#
957	1206271	156	157	158	159	169	170	171	172	173	174	175	186	187	188	189	200	201	202	216	431	#
958	1163831	0	1	3	4	16	17	18	19	32	33	34	48	49	50	51	64	65	67	207	431	#
959	1121886	0	1	2	3	4	16	17	18	19	20	32	33	34	35	36	50	51	86	102	431	#
960	421633	31	156	172	173	174	187	188	432	#
961	601561	159	172	173	174	175	189	190	432	#
962	560101	39	172	173	189	190	191	205	432	#
963	521476	157	172	173	174	188	189	205	432	#
964	439031	156	157	172	173	174	190	251	432	#
965	438147	156	157	172	173	174	188	190	432	#
966	186300	178	179	194	433	#
967	209335	178	193	194	433	#
968	162522	177	178	179	433	#
969	161807	179	180	194	433	#
970	229265	200	215	216	230	232	434	#
971	207841	200	215	216	232	248	434	#
972	160559	199	200	215	216	232	434	#
973	111531	200	201	202	217	253	434	#
974	472153	56	57	58	73	74	89	435	#
975	512631	74	89	105	106	121	137	435	#
976	503675	73	74	90	91	105	106	435	#
977	491178	58	73	74	89	90	106	435	#
978	419520	42	43	58	196	212	213	435	#
979	405891	56	57	72	73	88	104	435	#
980	713061	116	132	147	148	164	165	172	173	180	188	195	196	436	#
981	930922	140	156	157	170	171	172	173	174	187	188	189	190	436	#
982	847074	140	141	157	158	171	172	173	174	187	188	189	190	436	#
983	834109	128	129	130	131	132	133	144	145	146	147	148	160	436	#
984	821968	125	139	140	141	155	156	157	171	172	187	188	189	436	#
985	721478	100	101	115	130	131	133	134	147	148	150	165	166	436	#
986	134942	213	214	215	437	#
987	178887	215	230	231	437	#
988	121784	212	213	214	437	#
989	1109988	180	196	211	212	213	224	226	227	228	229	240	241	242	243	244	245	246	438	#
990	1192914	124	182	197	198	210	211	212	213	214	215	228	229	230	243	244	245	246	438	#
991	1192318	148	149	150	164	165	166	180	181	182	196	197	198	212	213	228	229	243	438	#
992	1166865	112	115	116	132	163	179	180	181	182	196	197	198	212	213	228	229	245	438	#
993	1165907	181	182	198	212	213	214	226	227	228	229	230	231	242	243	244	245	246	438	#
994	1149198	180	195	196	197	198	211	212	213	214	224	225	227	228	241	242	243	244	438	#
995	1360001	197	198	202	214	215	218	226	227	228	229	230	231	232	233	234	243	244	245	246	247	248	249	439	#
996	1633825	186	202	203	217	218	219	220	221	222	232	233	234	235	236	237	246	247	248	249	250	251	252	439	#
997	1485469	173	189	201	202	203	204	205	217	218	219	220	221	233	234	235	236	247	248	249	250	251	252	439	#
998	1445008	153	154	167	168	170	183	184	185	186	187	199	201	202	203	217	218	219	233	234	235	248	249	439	#
999	1427579	181	182	183	196	197	198	199	200	212	213	214	216	228	229	230	232	243	244	245	246	247	248	439	#
1000	1418610	177	193	195	196	197	198	199	209	210	211	212	213	214	226	227	228	229	230	243	244	245	246	439	#
