%% File generated by CATS v.2.1Wed Jun 19 19:17:27 2013

%% The CATS webpage is http://robotics.stanford.edu/CATS

%% PARAMETER SETTINGS:
% Goods: 256; Bids: 1000; Distribution: regions; Runs: 50; Seed: 1371664596
% Regions Distribution Parameters:
% Max Substitutable Bids = 5
% Removing HV Neighbor   = 0.1
% Adding DIAG Neighbor   = 0.2
% Additional Location    = 0.9
% Jump Probability       = 0.05
% Additivity             = 0.2
% Budget Factor          = 1.5
% Resale Factor          = 0.5
% Uniform Private Value:
%   Deviation            = 0.5
%   Max Good Value       = 100



goods 256
bids 1003
dummy 181

0	1106256	7	22	23	38	54	94	95	192	208	209	210	224	225	226	240	241	242	256	#
1	1338488	77	78	79	146	161	162	177	178	192	193	194	208	209	210	224	225	240	256	#
2	1285646	35	161	162	177	178	192	193	194	195	208	209	210	224	225	226	240	242	256	#
3	1247275	193	195	197	208	209	210	211	212	213	224	225	226	227	240	241	242	243	256	#
4	1230710	192	193	194	195	208	209	210	211	212	224	225	226	227	240	241	242	243	256	#
5	1213566	111	209	210	211	212	213	214	224	225	226	227	228	229	240	242	243	244	256	#
6	1641721	0	1	2	3	16	17	18	19	20	21	22	32	33	34	35	36	38	48	49	50	51	64	65	67	68	69	80	82	83	84	98	99	257	#
7	1993289	10	26	66	67	82	83	84	85	97	98	99	100	114	115	131	173	187	188	189	203	204	205	206	207	219	220	221	222	223	237	253	254	257	#
8	1986336	6	7	8	19	20	21	22	23	24	33	34	35	36	37	38	39	40	49	50	51	53	54	67	83	99	157	158	159	173	175	189	190	257	#
9	1938733	67	68	69	70	83	84	85	86	87	100	101	119	120	152	153	168	169	170	183	184	185	186	187	199	200	201	203	216	217	231	233	249	257	#
10	1877550	0	1	2	19	31	32	33	34	35	36	37	47	48	49	50	51	52	53	63	65	66	67	68	69	70	78	79	95	130	146	162	178	257	#
11	1871682	2	3	4	6	7	8	19	20	21	22	23	24	34	35	36	37	39	40	41	42	49	50	51	52	53	54	69	78	79	95	111	127	257	#
12	224830	23	98	99	115	258	#
13	284829	115	131	132	147	258	#
14	212944	8	22	23	24	258	#
15	151491	82	98	99	115	258	#
16	130176	82	98	99	129	258	#
17	1068785	101	102	115	116	117	118	119	120	131	132	133	134	149	150	165	166	182	255	259	#
18	1343219	116	117	132	133	134	148	149	164	165	166	179	180	181	182	221	222	237	238	259	#
19	1225934	66	82	98	99	115	117	131	132	133	134	147	148	149	150	164	165	166	167	259	#
20	1208588	100	101	102	114	115	116	117	118	131	132	133	134	147	148	149	165	177	178	259	#
21	1188998	101	102	116	117	118	132	133	134	148	149	150	164	165	166	181	182	198	199	259	#
22	1187299	84	100	101	116	117	118	132	133	134	143	148	149	150	165	166	181	182	218	259	#
23	583844	214	229	230	231	232	233	246	247	248	249	260	#
24	761222	233	234	235	236	237	249	250	251	252	253	260	#
25	577974	200	214	216	230	231	232	233	246	247	248	260	#
26	554971	75	92	214	229	230	231	232	246	247	248	260	#
27	549598	181	197	213	214	229	230	231	246	247	248	260	#
28	534129	229	230	231	232	233	244	246	247	248	249	260	#
29	376590	119	120	134	135	149	150	261	#
30	465714	134	135	136	149	150	165	261	#
31	375951	134	135	149	150	166	182	261	#
32	339613	103	119	120	134	135	136	261	#
33	311674	19	20	120	121	163	179	261	#
34	288950	71	132	148	149	165	166	261	#
35	432923	100	116	117	131	132	133	147	262	#
36	583297	131	146	147	162	163	164	165	262	#
37	536469	102	116	117	118	119	132	133	262	#
38	522235	116	118	131	132	133	146	147	262	#
39	497355	100	116	117	118	131	132	133	262	#
40	491807	100	116	117	131	132	148	164	262	#
41	94499	120	121	136	263	#
42	101493	120	121	122	263	#
43	62405	136	214	230	263	#
44	399262	6	22	23	24	38	39	40	264	#
45	480360	7	23	24	38	39	40	41	264	#
46	432829	24	25	26	38	39	40	41	264	#
47	422324	5	6	22	23	24	38	39	264	#
48	415669	6	22	38	152	153	168	169	264	#
49	401891	7	8	24	25	39	40	41	264	#
50	102829	152	169	265	#
51	118386	169	170	265	#
52	58731	136	152	265	#
53	642154	114	130	167	183	184	185	199	200	214	215	231	247	248	266	#
54	824664	88	89	104	199	215	231	232	233	234	247	248	249	250	266	#
55	733764	166	182	199	215	229	230	231	232	233	247	248	249	250	266	#
56	725098	40	56	57	72	73	88	165	166	167	168	182	183	199	266	#
57	600271	201	214	215	217	229	230	231	232	233	244	246	247	248	266	#
58	597401	166	182	184	199	200	214	215	230	231	232	233	247	248	266	#
59	773854	148	163	164	179	180	181	195	196	212	213	214	215	228	229	267	#
60	1022443	163	178	179	180	188	192	193	195	208	209	210	224	225	240	267	#
61	1002408	148	163	164	179	180	185	201	202	217	218	219	232	233	248	267	#
62	966895	61	76	77	89	90	131	132	146	147	148	163	179	195	211	267	#
63	958486	195	196	211	212	213	221	227	229	230	237	238	244	245	246	267	#
64	895552	0	16	32	159	163	164	174	175	179	195	210	211	212	228	267	#
65	272999	10	25	26	27	42	57	268	#
66	405017	7	8	9	10	25	26	268	#
67	379322	27	28	44	45	59	60	268	#
68	359299	8	9	10	25	26	42	268	#
69	323690	8	9	10	26	42	46	268	#
70	264805	41	42	56	57	73	89	268	#
71	1103560	30	68	69	84	85	100	101	102	117	118	133	134	149	165	269	#
72	1140905	84	100	102	116	117	118	133	134	149	150	151	152	167	168	269	#
73	1073248	68	69	70	86	87	102	103	118	133	134	135	149	150	243	269	#
74	1069857	100	117	118	133	134	147	148	149	150	163	164	165	166	181	269	#
75	1056027	20	35	36	51	52	68	69	70	84	85	86	87	100	101	269	#
76	1003625	84	85	100	116	117	118	131	132	133	134	148	149	150	166	269	#
77	478739	100	116	117	118	132	133	134	270	#
78	590373	131	132	146	147	148	162	163	270	#
79	561197	87	103	117	118	119	134	135	270	#
80	531786	103	104	117	118	119	120	134	270	#
81	531418	100	102	117	118	133	134	149	270	#
82	456354	83	84	99	100	101	116	117	270	#
83	85787	114	#
84	511304	43	59	61	75	76	77	91	92	93	271	#
85	627890	24	41	56	57	58	59	73	90	236	271	#
86	626412	28	29	44	45	59	60	61	77	78	271	#
87	596441	76	77	89	90	91	92	93	108	124	271	#
88	595136	28	29	44	45	59	61	92	93	109	271	#
89	530316	13	27	28	29	44	45	59	60	61	271	#
90	467158	190	205	206	207	221	222	223	237	239	272	#
91	694676	100	116	117	118	119	133	149	150	221	272	#
92	573907	186	187	188	189	190	203	204	205	221	272	#
93	545945	190	205	206	207	221	236	237	238	254	272	#
94	526525	174	190	204	205	206	221	222	223	239	272	#
95	526420	158	173	174	189	190	205	206	207	223	272	#
96	964325	10	11	12	13	14	15	27	29	30	31	46	47	62	63	70	77	78	86	147	273	#
97	1360492	14	15	29	30	31	46	47	63	78	79	95	111	131	146	147	163	164	179	195	273	#
98	1133057	31	47	57	58	59	63	73	74	75	76	77	78	79	90	91	93	94	95	109	273	#
99	1117931	12	13	14	15	29	30	31	45	46	47	60	61	62	63	75	76	77	78	94	273	#
100	1117654	12	13	14	15	29	30	31	44	45	46	47	62	63	76	77	78	79	93	94	273	#
101	1116103	13	14	15	29	30	31	45	46	47	60	61	62	63	77	78	79	93	94	149	273	#
102	826906	85	100	101	102	118	133	134	135	148	149	150	151	274	#
103	878139	131	132	145	146	147	148	149	150	162	163	164	179	274	#
104	874931	85	100	101	102	118	119	134	135	136	150	151	152	274	#
105	827431	2	3	134	135	136	137	148	149	150	151	164	166	274	#
106	819427	118	119	134	135	136	150	151	152	154	166	168	169	274	#
107	818330	134	135	136	149	150	151	152	162	163	169	170	171	274	#
108	699820	19	96	97	98	99	113	114	115	129	130	131	146	147	275	#
109	1016763	50	65	66	82	99	113	114	115	128	129	130	131	144	275	#
110	949618	66	67	68	82	83	99	113	114	115	128	129	130	131	275	#
111	908813	19	20	35	37	51	53	66	67	68	82	83	84	99	275	#
112	893207	31	47	129	130	144	145	146	147	162	163	179	195	211	275	#
113	873543	83	99	112	113	114	115	128	129	130	131	147	163	164	275	#
114	1022787	117	118	131	132	133	134	135	147	150	151	166	167	237	238	276	#
115	1197766	102	116	117	118	134	150	151	152	153	154	158	166	167	168	276	#
116	1153059	185	186	199	200	204	220	221	222	236	237	238	252	253	254	276	#
117	1114115	188	204	220	221	235	236	237	238	249	250	251	252	253	254	276	#
118	1095009	84	100	102	116	117	118	131	132	133	134	143	147	149	163	276	#
119	936021	11	83	97	98	99	115	116	130	131	132	146	147	148	162	276	#
120	791221	120	121	122	123	138	153	154	168	169	183	184	185	186	202	277	#
121	1128629	0	1	16	17	185	186	201	202	218	234	236	237	238	254	277	#
122	1050047	153	154	167	168	169	170	185	186	201	202	218	219	220	234	277	#
123	962228	119	120	122	134	135	136	137	138	149	150	153	154	165	169	277	#
124	958435	100	101	102	117	118	119	120	121	133	134	135	136	149	150	277	#
125	904085	73	90	106	120	121	122	136	138	139	154	155	156	168	169	277	#
126	86974	77	#
127	1194813	89	91	92	102	103	105	107	117	118	119	120	121	122	123	137	138	139	153	154	278	#
128	1303661	135	136	137	149	150	151	152	153	154	165	167	168	181	182	183	184	185	197	200	278	#
129	1169394	55	56	71	72	86	87	88	89	102	104	105	119	120	136	137	152	153	154	168	278	#
130	1165982	68	85	87	100	101	102	103	104	105	116	117	118	119	120	121	131	132	133	167	278	#
131	1137586	23	24	41	42	57	58	68	73	84	85	100	101	102	116	117	132	133	149	227	278	#
132	1108145	60	106	121	122	123	135	137	138	139	150	151	152	153	154	155	156	166	172	221	278	#
133	489727	167	168	183	249	250	279	#
134	523063	218	233	234	249	250	279	#
135	380014	167	168	183	199	200	279	#
136	336715	166	167	168	169	183	279	#
137	336365	5	167	168	169	183	279	#
138	115245	173	189	280	#
139	80442	188	189	280	#
140	626358	73	87	88	89	103	104	105	106	107	123	281	#
141	724796	73	87	88	89	104	120	136	137	152	153	281	#
142	705095	104	117	118	119	120	121	135	136	137	138	281	#
143	701557	73	74	75	89	90	92	104	105	106	147	281	#
144	656835	87	103	104	117	118	119	120	121	133	135	281	#
145	631935	42	58	59	73	74	75	89	90	91	92	281	#
146	548228	156	157	158	159	172	173	174	282	#
147	519203	143	157	158	159	174	175	191	282	#
148	500695	140	141	143	157	158	159	174	282	#
149	482561	12	13	14	157	158	159	174	282	#
150	445901	18	157	158	172	173	188	189	282	#
151	407317	155	156	170	171	172	187	203	282	#
152	222985	35	37	52	54	283	#
153	332986	18	19	20	35	283	#
154	200339	20	36	37	52	283	#
155	142210	37	53	54	55	283	#
156	119835	37	51	52	68	283	#
157	75846	106	#
158	1397679	178	179	181	192	193	194	196	197	209	210	211	212	213	214	225	226	228	229	230	244	245	246	284	#
159	1732302	147	163	164	165	178	179	180	181	192	193	194	196	197	208	209	210	211	224	225	226	240	241	284	#
160	1732145	148	163	164	165	179	180	181	194	195	196	197	208	209	210	211	224	225	226	240	241	242	243	284	#
161	1631243	139	161	177	178	179	180	192	193	194	195	208	209	210	211	212	224	225	226	240	241	242	243	284	#
162	1611423	90	91	92	105	106	107	108	120	121	122	124	194	195	210	211	212	224	225	226	240	241	243	284	#
163	1591470	0	16	32	45	179	192	193	194	195	196	208	209	210	211	212	224	225	226	240	241	242	243	284	#
164	76501	80	#
165	1790052	10	11	12	33	34	35	102	118	128	129	130	133	134	145	146	149	150	160	161	162	163	164	165	166	177	178	179	181	193	194	225	285	#
166	2253135	11	27	103	104	105	118	119	120	134	144	145	146	160	161	162	163	164	165	176	177	178	192	193	194	195	211	212	225	226	227	228	285	#
167	2195972	80	81	96	145	146	156	161	162	163	164	165	172	177	178	192	193	194	195	208	209	210	212	224	225	226	227	228	229	243	245	246	285	#
168	2191735	144	145	149	150	152	154	160	161	162	163	164	165	166	167	168	169	176	177	178	179	182	192	193	194	195	198	199	210	211	212	214	285	#
169	2156091	100	101	104	116	117	118	119	120	131	132	133	134	135	136	137	138	148	149	150	152	154	162	163	164	165	166	167	168	169	178	179	285	#
170	2116512	96	97	112	114	128	129	130	144	145	146	160	161	162	163	164	165	166	167	177	178	179	182	183	192	193	194	195	221	237	254	255	285	#
171	367287	197	212	213	214	228	229	286	#
172	510797	87	212	227	228	229	243	286	#
173	396098	148	196	197	212	227	228	286	#
174	380695	200	228	229	244	245	246	286	#
175	306235	196	197	212	213	229	230	286	#
176	265772	180	181	197	198	214	215	286	#
177	364106	115	116	117	131	132	287	#
178	384319	116	131	132	133	140	287	#
179	356023	99	104	114	115	131	287	#
180	329011	100	101	116	117	132	287	#
181	247327	68	84	100	101	117	287	#
182	180733	82	98	99	114	115	287	#
183	904997	1	2	3	4	6	7	20	21	22	23	35	36	38	51	217	233	288	#
184	966259	201	202	217	218	219	231	232	233	234	235	248	249	250	251	252	253	288	#
185	952142	16	32	34	35	36	37	48	49	50	51	52	54	64	67	68	83	288	#
186	931873	7	19	20	21	22	23	34	35	36	37	38	39	51	52	53	54	288	#
187	906473	180	185	201	202	214	215	216	217	218	231	232	233	234	248	250	251	288	#
188	853832	5	6	9	11	21	22	23	24	25	26	27	39	40	41	42	57	288	#
189	430344	16	17	32	48	64	65	289	#
190	449449	0	1	16	17	32	48	289	#
191	432679	47	48	63	64	80	222	289	#
192	392332	0	1	2	17	18	19	289	#
193	344782	32	33	48	49	64	65	289	#
194	333825	48	49	64	65	80	81	289	#
195	1824699	118	134	135	150	151	165	166	167	168	181	182	183	184	196	197	198	199	200	214	215	216	217	218	229	230	231	232	233	244	246	247	248	290	#
196	2305183	35	50	51	66	67	134	149	150	151	165	166	167	168	173	181	182	183	188	196	197	198	199	200	216	217	229	231	232	233	246	247	248	290	#
197	2211775	10	177	178	179	192	193	194	195	198	199	200	201	202	203	208	209	210	215	216	217	218	219	220	224	225	226	231	232	233	234	248	249	290	#
198	2198212	99	133	134	142	146	149	150	162	165	166	167	168	179	180	181	182	183	193	194	195	196	198	209	210	211	212	223	225	226	228	239	240	290	#
199	2161335	165	181	182	183	185	196	197	198	199	200	201	202	203	204	216	217	218	219	220	221	222	223	231	232	233	234	235	236	239	248	251	252	290	#
200	2144330	96	97	98	149	165	166	167	168	169	170	181	182	185	198	199	200	201	202	203	215	216	217	218	219	220	221	230	231	232	233	236	248	290	#
201	355684	13	27	28	29	30	291	#
202	450104	7	23	27	28	39	291	#
203	304681	13	28	29	44	60	291	#
204	302718	13	28	29	30	41	291	#
205	266503	10	11	26	27	28	291	#
206	203507	28	29	30	44	254	291	#
207	565282	214	215	231	232	233	248	249	250	292	#
208	682935	217	231	232	233	248	249	250	251	292	#
209	665499	217	218	219	234	249	250	251	252	292	#
210	641280	217	231	232	233	249	250	251	252	292	#
211	590992	201	217	218	219	231	232	233	248	292	#
212	476314	99	198	199	214	215	231	232	248	292	#
213	508837	114	128	129	144	145	160	161	162	293	#
214	495804	144	145	146	160	161	162	163	179	293	#
215	484278	83	99	113	114	115	128	129	144	293	#
216	467388	128	144	145	160	161	162	163	176	293	#
217	460375	93	114	128	129	144	145	160	176	293	#
218	454485	32	33	144	145	146	147	148	160	293	#
219	178566	209	210	224	294	#
220	213742	209	224	240	294	#
221	173687	193	209	225	294	#
222	123398	210	224	225	294	#
223	434555	7	8	9	24	25	40	41	295	#
224	547706	7	8	23	24	169	170	186	295	#
225	533842	7	8	9	23	24	40	41	295	#
226	496934	7	8	9	23	24	25	40	295	#
227	478498	8	9	23	24	40	56	57	295	#
228	325040	8	9	25	41	97	98	114	295	#
229	99773	4	70	86	296	#
230	83494	70	71	88	296	#
231	75965	70	71	86	296	#
232	44944	4	44	60	296	#
233	1599436	75	91	92	93	106	107	108	109	119	120	122	123	133	134	135	137	138	139	151	152	153	154	155	156	168	169	184	185	297	#
234	2031336	134	135	136	151	152	153	154	167	168	170	171	184	185	186	187	193	201	209	210	217	218	224	225	230	240	246	247	248	297	#
235	2027644	92	107	108	109	156	170	171	173	185	186	187	188	189	190	201	202	203	204	205	206	207	217	218	219	220	233	235	236	297	#
236	1931931	13	14	15	28	29	30	31	45	46	47	62	63	75	76	78	79	91	92	93	95	107	108	109	110	124	125	139	140	297	#
237	1887230	100	102	116	117	118	119	131	132	133	134	135	137	138	139	148	149	151	152	153	154	164	165	166	167	168	180	181	184	297	#
238	1884107	119	120	135	136	152	166	167	168	170	171	184	185	186	187	188	200	201	203	204	205	217	218	219	234	235	236	250	251	297	#
239	1212470	49	65	66	80	81	82	83	84	96	99	100	101	112	113	131	132	146	147	163	179	180	195	298	#
240	1556691	62	146	147	162	163	164	179	180	192	193	194	195	196	209	210	211	212	226	227	241	242	243	298	#
241	1488263	7	8	23	83	84	85	98	99	100	101	102	114	115	117	118	119	129	131	132	147	163	203	298	#
242	1389690	102	103	116	118	119	120	130	131	132	133	134	135	136	145	146	147	149	150	151	164	165	181	298	#
243	1385297	34	50	53	113	114	129	130	131	132	133	146	147	163	164	179	180	195	196	203	219	220	235	298	#
244	1375881	131	147	161	162	163	164	165	178	179	180	181	182	183	192	193	195	197	198	199	210	211	212	298	#
245	1990731	95	108	109	110	111	124	125	126	127	140	165	181	182	183	185	186	189	197	198	199	201	202	204	213	215	216	217	218	219	232	233	234	299	#
246	2468072	58	73	75	76	77	90	91	92	185	186	187	194	201	202	203	208	209	210	215	216	217	218	219	224	225	226	232	233	234	235	240	241	299	#
247	2343577	156	168	169	170	171	172	185	186	187	193	194	195	196	202	203	209	210	211	212	213	224	225	226	227	229	230	240	241	243	244	246	247	299	#
248	2328415	72	98	113	114	115	130	144	146	147	160	161	162	163	178	179	180	181	193	194	195	196	197	208	209	210	211	212	213	224	225	240	241	299	#
249	2299068	70	71	72	88	170	171	185	186	187	188	201	202	203	204	205	207	209	216	217	218	220	221	222	223	224	232	233	236	237	238	252	254	299	#
250	2279924	48	49	51	65	66	67	83	149	150	151	152	156	168	169	170	171	172	185	186	187	201	202	203	216	217	218	219	220	232	233	234	235	299	#
251	113249	150	166	300	#
252	156770	165	166	300	#
253	85893	150	151	300	#
254	1130458	15	30	31	204	205	218	219	220	232	233	234	235	236	249	250	251	252	301	#
255	1481106	187	188	203	217	218	219	220	221	222	223	233	236	237	238	249	254	255	301	#
256	1431595	187	188	200	202	203	216	217	218	219	220	221	233	234	235	249	250	251	301	#
257	1335904	58	73	74	90	104	105	106	121	202	203	218	219	233	235	249	250	251	301	#
258	1312481	185	200	201	202	203	204	218	219	220	221	222	234	236	249	250	251	252	301	#
259	1283473	157	158	172	173	174	187	188	189	190	203	204	205	206	218	219	220	221	301	#
260	142465	94	110	302	#
261	92864	78	94	302	#
262	133614	168	#
263	403205	9	26	27	49	50	51	65	303	#
264	522893	9	26	27	31	47	51	142	303	#
265	518017	51	64	65	66	67	68	69	303	#
266	513243	9	26	35	49	50	51	66	303	#
267	473901	19	34	35	50	51	65	66	303	#
268	414154	23	34	35	50	51	66	67	303	#
269	481463	180	201	217	218	226	227	228	243	304	#
270	646004	201	217	218	233	234	235	236	251	304	#
271	598105	201	216	217	218	219	231	233	234	304	#
272	586953	200	201	215	216	217	218	219	234	304	#
273	515732	210	225	226	227	240	241	242	243	304	#
274	515616	210	225	226	227	228	241	242	243	304	#
275	134528	9	26	305	#
276	78979	9	183	305	#
277	1322811	125	132	133	137	138	139	140	146	147	148	149	150	155	164	165	166	179	180	182	183	184	195	196	306	#
278	1612734	183	184	185	186	187	201	202	203	204	216	217	218	219	220	233	234	235	236	249	250	251	252	253	306	#
279	1609695	20	35	36	37	52	53	118	132	133	146	147	148	149	163	164	165	176	177	178	179	180	193	196	306	#
280	1559196	7	8	9	23	24	25	26	41	102	118	119	134	135	136	149	150	151	152	153	164	165	166	168	306	#
281	1531743	64	81	82	98	99	112	113	114	115	116	118	131	132	133	134	135	147	148	149	150	164	165	236	306	#
282	1529178	24	40	41	42	57	66	82	83	99	114	115	130	131	132	134	146	147	148	149	150	164	165	166	306	#
283	2255480	10	11	13	14	27	28	29	30	43	44	45	46	47	59	60	61	62	63	74	76	77	78	92	112	114	128	129	130	144	145	210	212	226	227	228	307	#
284	2556909	98	112	113	114	115	118	128	129	134	144	145	146	147	160	161	162	176	177	178	179	180	181	193	194	195	209	210	211	212	224	226	227	228	229	242	307	#
285	2364900	47	62	63	76	77	78	79	92	94	95	97	98	107	108	110	111	113	114	115	121	122	123	124	125	126	127	128	129	140	144	160	193	194	195	211	307	#
286	2332929	16	32	128	131	144	145	146	147	148	160	161	162	177	178	179	180	192	193	194	195	196	209	210	211	212	224	225	226	227	228	229	240	241	242	243	307	#
287	2325507	7	8	9	10	11	23	24	25	26	27	28	29	33	34	38	39	40	41	42	43	44	46	47	54	57	58	60	61	62	63	76	77	92	137	138	307	#
288	2305387	27	28	43	44	46	47	60	61	62	63	76	77	78	79	92	94	95	108	110	111	122	123	124	125	138	140	167	168	180	181	182	183	184	199	215	307	#
289	867125	13	14	15	29	45	60	61	76	77	78	231	248	308	#
290	873058	61	62	63	73	74	75	76	77	78	89	92	177	308	#
291	808731	45	46	61	62	63	75	76	77	78	231	232	248	308	#
292	804683	44	45	60	61	75	76	77	78	93	94	110	111	308	#
293	760342	12	13	14	15	30	31	46	47	62	63	78	79	308	#
294	735817	46	59	62	63	75	76	77	78	79	92	94	108	308	#
295	1205984	5	20	21	22	29	37	38	39	40	44	45	46	60	61	62	74	75	76	77	78	91	92	107	127	309	#
296	1648056	7	44	45	46	47	60	61	62	78	79	94	95	111	168	184	185	186	187	188	200	201	202	248	255	309	#
297	1395727	14	31	44	45	46	47	60	61	62	63	76	78	79	92	94	95	110	111	125	127	170	186	187	202	309	#
298	1361033	13	29	44	45	46	47	58	59	60	61	73	74	75	76	77	89	90	91	92	106	107	108	123	124	309	#
299	1358737	5	6	8	9	19	20	21	22	23	24	37	38	39	40	53	68	69	70	210	225	226	241	242	243	309	#
300	1327400	29	44	45	58	59	60	61	73	74	75	76	88	89	90	91	92	105	106	107	108	123	135	136	151	309	#
301	1377704	7	8	9	10	11	13	14	15	23	25	26	27	28	29	30	31	43	45	46	47	59	62	63	74	310	#
302	1727139	14	15	30	31	45	46	47	61	62	63	77	78	94	162	178	192	193	194	208	209	210	211	225	240	310	#
303	1642470	26	43	58	59	75	76	91	199	203	219	220	221	222	223	228	229	235	236	237	238	244	245	251	252	310	#
304	1627726	11	27	28	68	69	84	85	100	101	102	117	118	133	134	149	152	154	167	168	169	170	171	186	202	310	#
305	1577832	14	15	30	31	45	46	47	59	61	62	63	75	76	77	78	92	93	94	95	107	108	110	111	127	310	#
306	1563113	13	14	15	29	30	31	45	46	47	60	61	62	63	76	77	78	90	91	92	93	94	107	108	109	310	#
307	572768	8	9	10	25	26	27	28	42	43	58	311	#
308	706847	8	9	23	24	25	26	38	39	41	43	311	#
309	692410	9	10	26	41	42	43	57	123	139	155	311	#
310	640930	8	9	10	25	26	41	42	43	57	58	311	#
311	633393	58	123	124	138	139	140	141	142	155	222	311	#
312	600715	7	8	9	10	25	26	27	42	43	58	311	#
313	561304	73	90	91	107	108	123	124	140	141	312	#
314	834823	75	89	90	91	92	104	105	107	121	312	#
315	752391	59	74	75	89	90	91	104	105	107	312	#
316	706700	57	73	74	89	90	91	105	107	108	312	#
317	679509	73	90	91	106	107	121	122	123	138	312	#
318	667969	57	73	74	90	91	106	122	138	236	312	#
319	707870	103	104	105	106	119	120	121	122	137	138	313	#
320	798945	57	73	89	104	105	119	120	121	158	174	313	#
321	744825	87	102	103	104	118	119	120	121	135	151	313	#
322	717141	87	88	89	103	104	105	118	119	120	121	313	#
323	662866	87	88	89	103	104	105	106	119	120	121	313	#
324	632413	87	103	104	105	106	120	229	230	244	245	313	#
325	443606	32	33	34	35	50	51	66	67	208	314	#
326	664713	192	194	208	209	210	225	226	241	243	314	#
327	636476	19	34	35	36	50	51	66	67	68	314	#
328	618378	19	34	35	36	50	52	53	68	168	314	#
329	608471	35	50	51	66	67	68	83	99	251	314	#
330	583315	19	34	35	50	51	52	66	67	68	314	#
331	676521	11	12	13	14	28	29	31	44	45	47	61	62	77	315	#
332	715594	46	59	62	75	76	77	78	79	92	93	94	95	110	315	#
333	688296	12	13	14	31	46	47	62	63	78	79	93	94	95	315	#
334	686766	11	12	13	14	15	29	31	46	47	63	77	78	79	315	#
335	632631	74	75	76	77	78	93	94	95	110	125	201	204	217	315	#
336	582605	10	11	12	13	14	26	27	28	29	31	43	45	47	315	#
337	1288947	14	31	45	46	47	60	61	62	63	74	75	76	77	78	79	89	90	92	93	316	#
338	1391777	30	31	45	46	47	59	61	62	63	74	75	76	77	78	79	90	95	110	126	316	#
339	1368824	14	15	30	31	45	46	47	60	61	62	63	77	78	234	235	236	251	252	253	316	#
340	1351870	45	61	73	74	75	76	77	89	90	92	108	115	123	124	131	132	214	226	227	316	#
341	1348549	43	58	59	61	62	73	74	75	76	77	89	90	92	93	105	108	109	233	249	316	#
342	1298130	14	31	45	47	60	61	62	63	74	75	76	77	78	79	92	221	222	223	239	316	#
343	3632487	68	72	83	84	100	101	103	116	117	118	119	131	132	133	134	135	146	147	149	150	151	152	160	161	162	163	164	165	166	167	176	177	178	179	180	181	182	183	184	193	196	197	198	199	200	201	202	212	213	214	215	216	217	229	232	233	249	317	#
344	3860847	30	46	62	78	79	94	95	100	111	116	117	118	119	133	134	135	136	146	147	149	150	151	152	153	154	161	162	163	164	165	166	167	169	176	177	178	179	180	181	182	183	192	193	196	197	198	199	208	209	210	212	213	214	215	224	225	226	317	#
345	3840490	8	19	25	35	36	48	49	50	51	52	53	82	98	112	113	114	115	116	129	130	131	132	145	146	147	149	150	160	161	162	163	164	165	166	176	177	178	179	180	192	193	194	195	196	208	209	210	211	224	225	226	227	236	241	242	243	252	317	#
346	3806335	48	118	119	120	121	130	131	134	135	136	138	139	140	141	142	145	146	147	150	151	152	153	154	156	160	161	162	163	164	165	166	170	171	172	176	178	179	180	181	186	187	188	197	201	202	203	215	216	217	218	219	220	232	233	234	235	249	317	#
347	3804338	52	68	69	87	88	89	103	115	116	117	118	119	120	130	131	132	133	134	135	145	146	147	149	150	151	161	162	163	164	165	166	167	176	177	178	179	180	181	182	183	192	193	194	196	197	198	199	208	209	210	212	213	225	226	227	241	243	317	#
348	3783793	2	9	18	19	20	21	33	34	35	36	37	38	48	49	50	51	52	53	54	61	67	68	69	70	71	77	78	79	84	85	86	87	88	89	93	94	95	100	102	103	110	111	117	118	119	125	133	145	146	149	157	160	161	162	176	177	179	317	#
349	124645	251	#
350	372506	69	83	84	85	86	101	102	318	#
351	413628	100	101	116	117	118	132	133	318	#
352	379396	86	101	102	118	133	134	149	318	#
353	374557	20	36	37	38	53	54	69	318	#
354	367654	85	86	101	102	118	119	133	318	#
355	352287	83	84	85	99	100	116	117	318	#
356	980225	180	182	185	196	197	198	199	200	212	213	214	215	216	228	229	230	231	232	233	244	319	#
357	1291509	179	180	196	197	209	210	211	212	224	225	226	227	228	229	231	232	241	246	247	248	319	#
358	1229141	4	6	20	21	22	36	37	180	196	197	198	211	212	213	214	228	229	230	236	246	319	#
359	1195872	180	181	182	196	197	198	210	211	212	213	226	227	228	229	230	231	241	242	243	246	319	#
360	1195017	196	197	198	199	210	211	212	213	214	224	225	226	227	228	229	230	242	244	246	247	319	#
361	1192097	180	182	185	196	197	198	199	200	201	202	211	212	214	215	216	218	219	231	232	233	319	#
362	680955	170	184	185	186	202	217	218	320	#
363	683182	152	154	168	169	170	186	202	320	#
364	679599	185	186	187	188	201	202	218	320	#
365	665089	186	202	218	219	234	235	251	320	#
366	550082	201	202	216	217	218	219	220	320	#
367	515746	94	185	186	201	218	234	235	320	#
368	331533	64	65	66	81	321	#
369	357556	65	66	82	141	321	#
370	241720	49	64	65	81	321	#
371	178949	8	24	64	81	321	#
372	178802	49	65	80	81	321	#
373	2021938	25	26	27	42	43	58	59	73	74	75	76	90	92	93	94	95	105	106	107	108	109	110	111	121	122	123	124	125	126	139	140	155	156	171	322	#
374	2503964	75	76	78	92	93	94	95	108	109	110	111	124	125	126	130	140	146	160	161	162	163	177	178	179	194	209	210	211	224	225	226	227	242	243	322	#
375	2372997	58	59	75	76	91	92	93	94	95	108	109	110	111	123	124	125	126	127	138	139	140	154	155	156	169	170	171	172	173	174	186	188	202	204	322	#
376	2300493	7	8	24	25	39	64	65	75	76	80	92	93	94	95	96	97	98	108	109	110	111	112	113	124	125	171	173	187	188	203	219	220	235	251	322	#
377	2291621	43	57	58	59	73	74	75	76	92	93	94	95	108	109	110	124	125	126	139	140	141	142	155	156	157	158	159	170	171	172	173	174	190	205	322	#
378	2212577	22	38	54	107	108	124	139	140	153	154	155	156	157	169	170	171	172	173	174	185	186	187	188	190	200	201	203	204	205	215	216	220	232	233	322	#
379	61657	12	#
380	414732	11	19	20	37	51	52	53	69	323	#
381	438345	19	20	21	37	51	52	53	67	323	#
382	437367	20	35	37	50	51	52	53	67	323	#
383	432633	18	19	20	21	37	51	52	53	323	#
384	428363	18	19	20	35	37	38	52	53	323	#
385	348873	18	19	34	35	50	51	52	53	323	#
386	1811098	23	35	37	38	39	48	49	50	52	54	55	64	65	68	80	81	82	83	84	98	108	109	114	115	128	129	130	131	144	146	147	324	#
387	2108028	33	49	50	51	61	65	67	68	69	75	76	77	82	83	84	85	86	92	93	94	97	98	100	101	102	115	116	117	118	119	162	324	#
388	2076743	14	15	30	31	35	47	75	92	93	94	95	106	107	108	109	110	111	122	123	124	125	126	138	139	140	141	142	154	155	157	177	324	#
389	2072254	43	44	45	59	61	75	76	92	93	108	115	118	119	131	134	135	137	138	146	147	148	149	150	151	162	163	164	165	166	167	183	324	#
390	2031659	81	82	97	98	107	108	114	115	129	130	131	144	145	146	147	148	160	161	162	163	164	177	178	194	210	224	225	226	227	240	241	324	#
391	2024694	14	15	31	32	33	34	35	37	48	49	50	51	52	64	65	66	67	80	81	82	83	84	98	114	220	221	236	237	238	253	254	324	#
392	153158	83	84	325	#
393	134412	68	84	325	#
394	69271	67	83	325	#
395	115894	36	67	326	#
396	134235	67	83	326	#
397	1192034	130	131	146	147	148	149	163	164	165	178	179	180	181	193	194	195	196	208	209	210	327	#
398	1472456	60	61	76	161	177	178	179	193	194	195	208	209	210	224	225	226	227	240	241	242	327	#
399	1399347	84	100	101	102	116	117	118	133	134	147	148	149	150	161	162	163	164	165	181	238	327	#
400	1399097	58	59	73	74	90	106	193	194	195	208	209	210	211	224	225	226	227	240	241	242	327	#
401	1329810	178	179	180	181	182	193	194	208	209	210	211	224	225	226	227	228	240	241	242	243	327	#
402	1280543	193	194	195	208	209	210	211	212	224	225	226	227	228	229	240	241	242	243	244	245	327	#
403	621750	72	86	87	88	102	103	104	119	328	#
404	588597	70	72	86	87	88	104	105	109	328	#
405	586208	56	72	86	87	88	101	102	104	328	#
406	579516	86	87	88	102	103	104	105	119	328	#
407	574845	72	73	88	89	90	104	105	120	328	#
408	520189	84	85	86	100	101	102	230	246	328	#
409	917784	219	220	235	236	237	238	252	253	254	255	329	#
410	1146013	186	202	203	218	219	220	221	237	238	254	329	#
411	902440	99	115	220	221	236	237	238	253	254	255	329	#
412	900308	86	134	203	219	220	235	236	237	238	252	329	#
413	892969	219	220	235	236	237	250	251	252	253	254	329	#
414	889256	203	219	220	221	222	235	236	237	241	242	329	#
415	461100	80	82	96	97	98	99	112	113	114	115	330	#
416	565310	64	80	81	82	97	98	99	112	113	115	330	#
417	556237	81	82	97	98	99	113	114	115	129	130	330	#
418	549285	97	98	99	112	113	114	115	129	130	131	330	#
419	547928	50	66	67	82	96	97	98	99	114	115	330	#
420	531068	81	82	97	98	99	112	113	114	115	205	330	#
421	12124	190	#
422	128308	13	14	331	#
423	88277	14	31	331	#
424	236094	27	28	29	30	45	332	#
425	305335	10	11	26	27	28	332	#
426	284572	13	28	29	45	61	332	#
427	253393	27	28	29	30	46	332	#
428	405123	95	109	110	111	125	127	333	#
429	378872	127	143	158	159	174	175	333	#
430	374382	78	94	95	110	111	127	333	#
431	328192	107	108	109	170	186	187	333	#
432	284845	79	93	94	95	110	111	333	#
433	263052	92	93	108	109	125	140	333	#
434	278129	116	171	186	187	334	#
435	302855	41	185	186	200	334	#
436	299366	169	170	171	187	334	#
437	257908	184	185	186	187	334	#
438	167934	116	117	118	119	334	#
439	1249882	157	158	173	174	189	190	204	205	206	220	221	222	236	237	238	239	253	254	255	335	#
440	1781065	203	205	218	219	220	221	222	233	234	235	236	237	238	249	250	251	252	254	255	335	#
441	1584742	146	162	178	179	190	194	195	203	204	205	206	219	221	222	236	237	238	254	255	335	#
442	1516053	116	117	187	188	203	204	219	220	221	222	235	236	237	238	251	252	253	254	255	335	#
443	1490734	174	187	188	189	190	203	204	205	206	219	220	221	222	235	236	237	238	251	252	335	#
444	1466472	187	188	190	201	203	204	205	206	218	219	220	221	235	236	237	238	252	253	254	335	#
445	350744	78	93	94	95	109	125	336	#
446	470448	77	78	94	95	110	114	336	#
447	431926	109	125	126	140	141	142	336	#
448	376253	93	94	95	109	111	125	336	#
449	368457	93	94	95	110	125	126	336	#
450	324544	93	108	109	125	140	142	336	#
451	182637	145	161	162	337	#
452	244046	145	146	162	337	#
453	166097	43	93	145	337	#
454	269903	26	27	28	29	44	45	338	#
455	354271	9	26	27	28	42	43	338	#
456	349052	43	44	45	60	61	76	338	#
457	321434	12	13	28	29	50	66	338	#
458	314731	9	25	26	27	42	43	338	#
459	277701	27	28	29	30	44	45	338	#
460	843978	23	24	25	35	36	37	38	39	41	51	52	53	54	55	56	57	67	72	339	#
461	1176717	2	3	4	5	6	7	8	22	23	38	54	156	170	171	234	235	250	251	339	#
462	1158277	35	36	37	51	52	68	83	84	85	101	102	118	134	156	170	171	198	199	339	#
463	968188	4	5	7	21	22	23	24	35	36	37	38	39	51	54	113	144	160	161	339	#
464	929112	7	20	21	22	23	24	35	36	37	38	39	51	52	53	54	67	68	84	339	#
465	881434	0	1	2	3	4	20	22	34	35	36	37	38	50	51	52	67	68	84	339	#
466	627717	128	129	144	145	160	161	162	176	177	178	340	#
467	770132	112	113	128	129	144	145	160	161	162	163	340	#
468	683261	98	103	112	113	114	128	129	144	145	160	340	#
469	663850	1	144	145	160	161	162	163	164	176	177	340	#
470	654786	112	113	128	129	144	145	160	161	162	176	340	#
471	620362	23	24	112	128	144	145	160	161	176	177	340	#
472	355889	68	85	101	116	117	341	#
473	423205	101	102	117	133	149	341	#
474	357656	116	131	132	147	148	341	#
475	311897	85	101	117	132	133	341	#
476	267772	52	68	69	85	101	341	#
477	176181	37	52	54	68	69	341	#
478	318461	7	8	24	41	342	#
479	279184	8	24	39	41	342	#
480	231088	8	24	25	41	342	#
481	222707	7	23	179	180	342	#
482	161440	24	39	55	155	342	#
483	208146	86	101	102	343	#
484	193176	101	102	118	343	#
485	191748	101	102	117	343	#
486	278074	98	112	113	114	115	344	#
487	386592	114	130	146	147	162	344	#
488	289812	97	98	113	114	115	344	#
489	255152	97	98	112	113	115	344	#
490	118290	66	81	82	83	98	344	#
491	254715	83	140	141	157	345	#
492	319495	141	157	158	175	345	#
493	238875	125	140	141	157	345	#
494	224868	66	67	82	83	345	#
495	886978	23	24	40	41	56	57	72	78	79	109	125	126	140	141	142	346	#
496	1188186	9	45	60	61	62	77	78	93	94	95	111	203	220	221	237	346	#
497	1018260	75	76	91	92	93	94	95	109	110	111	125	126	136	140	141	346	#
498	1000489	7	8	24	25	26	40	41	42	56	57	73	88	89	105	121	346	#
499	989960	40	55	56	57	71	72	73	80	88	89	96	103	104	105	112	346	#
500	938100	9	23	24	25	26	28	40	41	42	43	44	56	57	60	73	346	#
501	222499	103	118	119	120	133	347	#
502	325591	102	118	132	133	134	347	#
503	311091	87	103	104	119	120	347	#
504	304779	117	118	119	131	132	347	#
505	272891	120	134	135	136	219	347	#
506	1240727	0	1	2	16	17	18	19	32	34	35	36	48	49	50	51	52	64	65	66	348	#
507	1410209	30	31	37	46	48	49	50	51	52	65	66	67	68	158	173	174	190	205	206	348	#
508	1403864	0	1	2	3	16	17	18	19	32	33	48	64	65	66	67	221	237	253	254	348	#
509	1348871	33	34	48	49	50	51	64	65	66	67	81	82	205	220	221	222	236	237	254	348	#
510	1322786	0	1	2	16	17	18	19	32	35	48	51	52	64	65	66	67	68	82	141	348	#
511	1231999	18	19	35	36	37	38	48	50	51	52	53	54	55	64	65	66	67	68	85	348	#
512	91975	199	215	231	349	#
513	120389	198	214	215	349	#
514	44412	125	#
515	90215	47	#
516	27570	175	#
517	443040	46	47	60	61	62	63	350	#
518	615782	46	47	61	62	76	92	350	#
519	555766	45	46	60	61	62	76	350	#
520	531576	46	47	61	62	75	76	350	#
521	521566	46	60	61	62	76	77	350	#
522	454524	44	45	46	60	61	62	350	#
523	149273	75	141	142	351	#
524	181656	140	141	142	351	#
525	90384	74	75	91	351	#
526	655865	61	77	78	94	95	110	111	126	352	#
527	580208	94	95	110	111	125	126	140	141	352	#
528	533355	94	95	110	111	125	126	139	140	352	#
529	523847	46	47	63	77	78	79	94	95	352	#
530	456765	63	78	79	94	95	110	111	125	352	#
531	456135	78	94	95	110	111	125	126	151	352	#
532	431412	30	46	47	61	62	63	79	353	#
533	516807	30	46	61	62	63	77	78	353	#
534	473260	30	46	47	61	62	63	78	353	#
535	430372	29	30	46	47	61	62	63	353	#
536	429091	63	78	79	95	170	185	186	353	#
537	388952	12	13	14	29	30	31	46	353	#
538	474838	47	145	160	161	162	177	179	180	354	#
539	674702	128	129	144	145	146	162	179	195	354	#
540	649391	129	130	145	146	161	162	177	178	354	#
541	644344	145	160	161	162	177	179	195	211	354	#
542	638670	145	146	160	161	162	177	178	230	354	#
543	595209	144	145	146	160	161	177	178	179	354	#
544	265296	75	91	92	93	107	355	#
545	319588	75	91	92	93	109	355	#
546	262540	43	59	74	75	76	355	#
547	254762	93	108	109	125	140	355	#
548	221060	75	91	92	107	108	355	#
549	205373	75	76	91	107	108	355	#
550	967461	71	72	88	148	149	164	165	180	181	182	196	197	213	214	215	230	231	232	247	356	#
551	1292486	41	42	57	58	73	87	88	89	90	91	92	103	104	105	106	120	121	135	136	356	#
552	1287660	101	102	118	134	135	148	149	150	151	152	164	165	166	167	168	180	181	182	198	356	#
553	1261082	203	213	214	215	217	218	219	220	221	230	231	232	233	246	247	248	249	250	251	356	#
554	1257437	23	39	55	125	126	185	186	200	201	202	215	216	217	230	231	232	233	246	247	356	#
555	1181058	180	181	196	210	211	212	213	214	215	226	228	229	230	231	232	244	246	247	248	356	#
556	253092	165	166	182	183	199	215	357	#
557	343725	165	179	180	181	182	196	357	#
558	322595	166	167	168	182	183	199	357	#
559	294593	166	167	168	182	197	198	357	#
560	248306	182	198	199	214	215	231	357	#
561	233455	166	175	182	198	199	214	357	#
562	111436	210	#
563	595892	149	150	158	165	181	182	196	197	358	#
564	646871	194	195	196	210	211	212	228	244	358	#
565	643060	148	149	150	163	164	165	166	167	358	#
566	633408	143	157	158	159	173	175	189	191	358	#
567	522493	152	166	167	168	181	182	197	213	358	#
568	506949	165	166	181	182	196	197	211	212	358	#
569	201694	82	83	96	97	98	113	115	359	#
570	296901	65	66	82	97	98	99	115	359	#
571	266574	97	98	113	114	171	172	215	359	#
572	244945	80	96	97	98	104	112	113	359	#
573	229588	80	82	96	97	98	112	113	359	#
574	554440	192	193	194	208	224	240	360	#
575	516017	163	192	193	208	224	240	360	#
576	507659	208	224	225	226	240	241	360	#
577	503578	178	192	193	194	195	208	360	#
578	483091	73	208	224	225	226	240	360	#
579	447071	62	63	179	193	194	195	360	#
580	1153323	78	79	93	94	95	107	108	109	110	123	124	125	126	139	140	141	142	157	361	#
581	1319813	38	53	54	55	78	79	93	94	95	110	111	125	127	203	219	220	234	235	361	#
582	1292689	61	63	76	77	78	79	93	94	95	109	110	111	125	127	139	140	141	155	361	#
583	1273763	61	76	77	78	91	92	93	94	107	108	109	110	124	125	126	138	139	140	361	#
584	1273318	61	75	76	79	92	93	94	95	107	108	109	110	122	123	124	139	140	141	361	#
585	1263485	76	92	93	107	108	109	123	124	138	139	140	141	142	207	228	229	244	246	361	#
586	74020	64	#
587	475444	148	149	150	164	165	166	181	362	#
588	580733	134	135	150	151	165	166	167	362	#
589	550209	148	149	164	165	166	167	181	362	#
590	530617	145	146	147	148	162	164	165	362	#
591	506940	53	149	150	165	166	167	168	362	#
592	449780	165	166	181	197	210	225	226	362	#
593	222323	185	201	217	363	#
594	260334	217	218	234	363	#
595	229054	185	201	218	363	#
596	177063	201	216	217	363	#
597	2690	180	#
598	631100	118	119	134	135	136	150	151	152	166	167	168	183	184	364	#
599	927051	102	167	182	183	188	198	199	204	215	216	219	220	236	364	#
600	906687	117	118	131	132	144	145	146	147	148	149	150	161	163	364	#
601	891349	102	103	116	117	118	119	135	137	150	151	152	153	169	364	#
602	836822	115	131	134	147	150	163	164	165	166	167	179	182	199	364	#
603	821950	120	136	138	152	153	154	162	167	168	169	178	183	193	364	#
604	182447	246	247	#
605	2186550	24	41	42	57	58	59	60	61	69	70	71	73	74	75	76	86	87	88	89	90	91	92	93	94	95	103	104	105	106	107	108	109	110	119	120	121	122	123	124	135	138	139	140	365	#
606	2738445	9	26	42	43	44	45	58	59	61	73	74	75	76	77	78	89	90	92	93	94	95	106	108	109	110	111	122	123	124	125	135	140	151	167	186	187	195	201	202	217	218	219	235	365	#
607	2658969	60	61	77	78	79	94	95	99	110	111	115	125	126	127	140	141	142	143	157	159	173	174	175	185	188	189	190	191	201	202	204	205	206	216	217	218	220	221	231	239	246	247	248	365	#
608	2593376	9	10	23	24	26	38	39	41	42	43	57	58	59	71	72	73	74	75	86	87	88	89	90	91	92	103	104	106	108	122	173	174	190	204	205	206	220	221	237	238	253	254	255	365	#
609	2571323	9	25	26	27	28	32	41	42	43	44	48	49	50	57	58	59	64	65	66	71	73	74	75	76	80	81	82	87	88	89	90	91	92	96	97	98	99	106	108	112	113	122	123	365	#
610	2566276	2	3	9	10	18	19	20	26	35	37	41	42	43	44	45	57	59	60	61	73	74	75	76	77	78	79	89	90	91	92	94	106	107	108	122	123	124	138	188	204	224	225	241	365	#
611	40568	207	#
612	921988	4	20	50	53	65	66	67	69	82	83	84	85	98	100	116	132	366	#
613	1141310	84	100	101	102	115	116	131	132	133	134	135	147	148	149	150	166	366	#
614	1058526	71	72	100	115	116	131	132	133	134	180	196	197	234	235	250	251	366	#
615	1030474	83	84	100	101	116	131	132	133	134	135	148	149	150	151	164	165	366	#
616	997063	52	53	54	55	69	70	71	84	85	86	87	100	101	102	171	187	366	#
617	950826	48	49	64	65	66	80	81	82	83	97	98	99	113	114	226	242	366	#
618	2530089	118	134	135	150	151	152	166	167	168	169	177	178	182	183	184	185	186	187	193	199	200	201	202	209	210	215	216	217	218	232	233	248	249	367	#
619	2587115	152	159	167	168	171	178	182	183	184	185	186	187	192	193	194	196	199	200	201	202	209	210	211	212	213	215	224	225	226	227	228	240	241	367	#
620	2587047	152	153	154	157	169	170	171	173	184	185	186	187	188	190	201	202	203	204	206	217	218	219	221	233	234	235	236	237	238	252	253	254	255	367	#
621	2570182	100	101	116	132	145	146	147	161	162	163	177	178	179	192	193	194	195	208	209	210	211	212	213	214	224	225	226	227	228	240	241	242	243	367	#
622	2530401	4	62	77	78	167	168	183	184	185	186	187	188	197	199	200	201	202	203	204	211	212	213	216	217	218	219	229	230	232	233	234	235	246	367	#
623	2492771	101	116	117	133	134	135	150	152	166	167	168	169	170	171	183	184	185	186	187	199	200	201	202	203	216	217	218	219	231	233	234	235	248	367	#
624	517521	0	195	196	211	212	213	214	229	230	368	#
625	671599	9	210	212	227	228	229	246	249	250	368	#
626	638522	146	162	163	164	178	179	180	194	195	368	#
627	522058	181	182	195	196	197	211	212	213	214	368	#
628	511582	180	181	196	197	212	213	228	229	246	368	#
629	462311	154	169	180	196	197	212	213	228	229	368	#
630	557826	26	88	89	105	121	122	138	139	369	#
631	573246	84	88	90	104	105	106	107	121	369	#
632	572876	87	88	89	90	104	105	106	122	369	#
633	497546	89	105	106	121	122	137	138	139	369	#
634	488831	108	122	124	138	139	140	141	142	369	#
635	447835	91	107	108	122	123	137	138	139	369	#
636	165664	211	227	370	#
637	227024	195	211	370	#
638	1233768	4	5	6	7	8	9	19	20	21	22	23	36	37	38	39	53	54	55	71	72	371	#
639	1638681	7	21	22	23	38	39	122	123	137	138	139	153	154	169	188	204	234	249	250	251	371	#
640	1469101	6	7	21	22	23	24	38	39	40	53	54	55	135	151	152	153	154	168	169	184	371	#
641	1409867	7	21	22	23	24	37	38	39	53	54	55	87	88	89	103	104	105	118	119	135	371	#
642	1304979	6	7	19	20	22	23	24	36	37	38	39	41	53	54	55	57	237	238	254	255	371	#
643	1196658	6	20	22	23	24	37	38	39	40	41	54	55	64	128	129	144	145	146	147	234	371	#
644	104587	30	#
645	1375105	0	1	2	16	17	18	184	185	200	201	216	217	218	219	232	233	234	243	249	250	251	372	#
646	1630131	56	72	94	110	118	126	132	133	134	149	150	178	193	194	208	209	210	226	241	242	243	372	#
647	1548144	144	145	146	201	203	205	206	217	218	219	220	221	222	234	235	236	237	238	251	253	254	372	#
648	1468837	133	134	135	137	149	150	151	152	153	154	156	167	168	169	170	171	183	184	186	187	200	372	#
649	1411078	156	185	201	202	204	216	217	218	219	220	229	230	231	232	233	234	235	245	246	247	248	372	#
650	1369625	102	141	149	150	152	153	157	163	164	165	167	168	180	181	182	183	184	185	196	200	227	372	#
651	274893	94	110	126	373	#
652	295704	110	125	126	373	#
653	256207	94	110	185	373	#
654	237749	95	110	125	373	#
655	40162	189	#
656	70520	213	214	374	#
657	66914	198	214	374	#
658	396911	146	162	163	178	179	180	194	375	#
659	568027	162	163	179	180	194	195	210	375	#
660	526246	192	193	194	209	210	224	225	375	#
661	488247	2	17	18	19	163	179	187	375	#
662	444329	47	63	79	95	110	162	179	375	#
663	439911	162	163	176	177	178	179	194	375	#
664	34865	60	#
665	676212	19	32	33	34	35	48	49	50	51	52	65	66	67	81	376	#
666	1004466	36	37	38	48	50	51	52	53	64	65	66	167	168	183	376	#
667	961172	65	66	81	82	98	99	114	115	129	131	147	163	164	179	376	#
668	834188	34	36	37	50	51	52	53	65	66	67	68	69	84	85	376	#
669	829757	32	33	34	122	123	136	137	138	139	151	152	153	154	155	376	#
670	742540	18	19	20	21	35	36	37	51	52	53	67	68	85	223	376	#
671	407904	119	156	157	171	172	173	377	#
672	446124	139	155	156	171	172	173	377	#
673	394057	123	139	155	156	170	171	377	#
674	368774	152	154	168	169	170	171	377	#
675	366172	141	142	157	173	190	205	377	#
676	304131	79	103	119	135	136	253	377	#
677	1572251	86	87	100	102	103	105	116	117	118	119	120	121	122	132	133	134	135	137	147	148	151	152	153	164	165	378	#
678	1769527	32	33	34	48	49	50	64	65	66	80	82	131	133	134	147	148	149	163	164	165	166	167	180	181	196	378	#
679	1705053	133	134	147	148	149	162	163	164	165	176	177	178	179	180	181	192	193	194	195	197	209	210	211	225	241	378	#
680	1687416	7	8	9	23	24	40	69	70	71	72	88	147	148	149	151	152	163	164	165	166	167	168	180	181	196	378	#
681	1681246	7	8	23	24	38	39	40	41	55	89	102	103	105	118	119	120	121	122	133	134	135	149	151	152	165	378	#
682	1596611	56	72	84	85	87	88	100	102	103	116	117	118	119	120	133	134	135	148	149	165	166	180	181	197	221	378	#
683	1067120	8	9	24	25	26	27	39	41	42	43	56	57	58	59	72	74	75	92	379	#
684	1312713	7	8	9	24	25	26	38	39	41	42	55	57	58	73	74	90	105	106	379	#
685	1291304	9	24	25	39	40	41	42	43	55	56	57	58	59	72	73	74	89	105	379	#
686	1243384	8	9	10	11	12	13	26	27	28	42	46	47	62	63	77	78	79	94	379	#
687	1239782	5	6	7	8	9	11	22	23	24	25	26	27	38	39	40	41	56	72	379	#
688	1179507	8	9	24	25	26	41	42	43	44	57	58	86	102	116	118	131	132	133	379	#
689	1719359	43	44	45	60	98	112	113	114	115	128	129	130	131	144	145	146	147	161	162	163	164	165	177	178	179	180	181	193	194	196	380	#
690	2031448	97	98	113	114	115	129	130	146	148	149	161	162	163	164	165	177	178	179	180	181	192	193	194	195	202	209	210	217	218	219	380	#
691	1993732	83	84	100	102	117	118	119	120	128	132	133	134	135	136	144	145	146	147	148	149	150	151	152	162	163	164	165	178	179	181	380	#
692	1928896	97	98	113	114	128	129	130	132	144	145	146	147	148	149	162	163	164	165	178	179	181	182	193	194	197	210	237	238	253	254	380	#
693	1902631	76	77	78	92	94	108	114	130	144	145	146	161	162	163	178	179	180	193	194	195	209	210	224	225	226	228	240	241	242	243	380	#
694	1898896	40	97	113	114	129	130	144	145	146	148	149	161	162	163	164	165	176	177	178	179	180	181	192	193	194	196	210	216	226	242	380	#
695	759906	0	1	2	3	4	5	6	16	17	18	19	21	32	33	381	#
696	859659	0	1	2	3	16	17	18	19	32	33	34	48	65	66	381	#
697	843386	0	1	2	16	17	18	19	32	33	48	49	50	65	66	381	#
698	822638	0	1	2	3	4	5	16	17	18	32	33	48	112	113	381	#
699	778216	0	1	10	11	16	17	26	27	28	32	41	42	43	57	381	#
700	716878	1	2	3	4	118	134	152	167	168	169	182	183	184	200	381	#
701	506503	200	210	215	216	217	225	230	231	232	247	248	382	#
702	729814	103	201	215	216	217	218	233	234	247	249	250	382	#
703	702778	61	77	105	216	231	232	233	246	247	248	249	382	#
704	698444	168	170	183	184	185	186	199	200	201	202	218	382	#
705	673840	26	28	43	44	74	207	210	211	212	225	226	382	#
706	572235	183	184	193	200	215	216	230	231	246	247	248	382	#
707	1144163	151	152	153	154	166	168	169	170	182	183	184	185	186	187	199	200	202	215	216	383	#
708	1393216	94	122	138	154	168	169	170	171	172	183	185	186	199	200	201	202	216	217	233	383	#
709	1352217	5	6	22	185	199	200	201	202	213	214	215	216	217	218	219	229	232	233	234	383	#
710	1349549	168	170	171	172	183	184	185	186	199	200	201	202	215	216	217	218	232	234	235	383	#
711	1327688	19	35	119	168	183	184	185	186	199	200	202	215	216	217	231	232	233	248	249	383	#
712	1325296	46	156	170	171	172	183	185	186	187	200	201	202	203	204	216	217	219	220	235	383	#
713	3165268	4	5	7	8	9	10	11	13	20	21	25	26	27	28	29	41	42	43	44	45	58	59	60	64	65	74	75	76	77	80	92	93	96	112	128	135	150	178	192	193	194	208	209	210	224	225	240	241	242	384	#
714	3655873	7	8	9	25	26	27	28	43	89	128	129	144	145	146	147	160	161	162	163	165	166	177	178	179	180	181	182	192	193	194	195	197	198	208	209	210	211	212	213	224	225	227	228	229	240	241	242	243	244	384	#
715	3527230	16	32	33	34	35	48	49	50	51	64	67	96	112	128	129	144	145	146	160	161	162	163	164	165	166	167	177	178	179	180	181	182	192	193	194	195	197	208	209	210	211	212	224	225	226	227	228	240	241	384	#
716	3513622	9	25	26	40	41	42	43	44	45	59	75	91	92	93	117	145	146	147	160	161	162	163	165	176	177	178	179	180	181	192	193	194	195	197	198	208	209	210	211	212	213	224	225	227	228	240	241	242	243	384	#
717	3505495	14	15	31	49	64	65	125	140	141	145	146	157	160	161	162	171	172	173	177	178	179	188	189	190	192	193	194	195	197	203	204	205	208	209	210	211	212	213	219	220	224	225	228	235	240	241	242	243	244	384	#
718	3384607	7	8	9	10	23	24	25	26	28	41	42	43	44	45	57	58	59	60	71	74	75	76	89	91	92	93	105	106	107	108	118	122	123	124	139	155	156	172	178	193	194	195	208	209	210	224	225	240	241	384	#
719	205454	173	174	385	#
720	188280	158	174	385	#
721	133286	195	#
722	624604	100	101	116	117	132	133	134	197	198	199	386	#
723	733605	84	100	101	116	117	118	132	133	134	149	386	#
724	717063	84	85	100	101	116	117	118	132	133	134	386	#
725	712498	84	100	101	116	117	118	132	133	134	150	386	#
726	676520	83	84	100	101	116	117	118	132	133	134	386	#
727	615457	85	100	101	115	116	117	118	131	132	133	386	#
728	1348321	16	32	33	34	49	50	52	53	54	64	65	66	67	68	69	70	80	81	82	83	84	85	96	97	98	99	100	112	113	387	#
729	1969794	50	64	65	66	67	80	81	83	84	96	97	98	99	112	113	128	129	144	160	209	210	224	225	226	227	240	241	242	243	387	#
730	1940383	16	32	33	49	50	64	65	80	81	96	97	98	112	113	170	171	177	178	186	187	192	193	194	209	210	224	225	226	240	387	#
731	1888277	33	49	50	64	65	66	80	81	96	97	99	112	113	114	115	129	130	131	146	147	162	163	164	178	179	180	181	195	211	387	#
732	1887550	16	32	33	34	48	49	50	65	66	67	81	129	130	205	218	219	220	221	222	234	235	236	237	238	241	251	252	253	254	387	#
733	1862494	5	19	20	21	36	37	64	65	80	81	108	124	136	137	140	147	151	152	165	168	169	170	181	182	183	184	185	200	223	387	#
734	532131	16	32	33	34	48	50	65	66	111	127	388	#
735	640255	62	63	78	79	94	95	110	111	125	126	388	#
736	571074	16	32	33	50	51	66	67	91	92	107	388	#
737	553875	33	48	49	50	65	66	82	83	98	114	388	#
738	537886	20	32	33	34	35	36	48	49	50	141	388	#
739	530339	79	93	94	95	109	110	111	125	127	143	388	#
740	600707	165	180	181	182	183	184	185	196	197	199	200	213	214	215	389	#
741	787330	80	149	150	165	168	169	181	182	183	184	185	197	198	199	389	#
742	761956	196	197	212	213	214	215	228	229	230	231	232	233	246	247	389	#
743	745063	152	167	168	169	170	181	182	183	184	185	186	198	199	200	389	#
744	718665	19	24	39	40	149	197	213	214	215	216	217	229	230	246	389	#
745	701334	166	181	182	183	196	197	213	214	228	229	230	244	246	247	389	#
746	410758	188	189	190	205	206	221	390	#
747	423869	158	173	174	188	189	190	390	#
748	415037	173	190	204	205	219	220	390	#
749	394018	158	159	174	190	205	244	390	#
750	392172	172	173	188	189	190	205	390	#
751	375520	158	174	175	190	205	206	390	#
752	76261	28	44	391	#
753	51101	44	60	391	#
754	341728	236	237	254	392	#
755	308359	236	237	252	392	#
756	247545	185	200	237	392	#
757	199917	237	254	255	392	#
758	549586	47	63	130	145	146	161	162	176	177	179	393	#
759	816950	161	162	163	164	176	177	178	179	193	195	393	#
760	733396	93	135	136	161	162	177	178	192	193	208	393	#
761	678942	31	47	61	63	75	76	77	78	79	95	393	#
762	638900	161	162	177	178	179	180	192	193	194	209	393	#
763	613437	130	145	146	178	193	194	210	226	227	243	393	#
764	740169	9	25	26	29	41	42	43	44	45	59	60	61	62	75	92	93	394	#
765	1037851	12	13	29	30	31	44	45	46	58	59	60	61	62	73	77	90	394	#
766	1032076	11	12	13	26	29	30	38	39	43	44	45	46	55	60	61	77	394	#
767	967857	13	29	30	31	44	45	46	58	59	60	61	62	73	74	78	90	394	#
768	951380	28	29	30	31	44	45	46	47	60	61	62	63	78	79	95	110	394	#
769	928690	9	13	14	15	26	29	30	31	41	42	43	56	57	58	73	90	394	#
770	201639	233	249	395	#
771	171338	249	250	395	#
772	81107	232	233	395	#
773	96400	111	127	#
774	614264	179	192	193	194	195	208	209	396	#
775	690432	192	193	194	195	210	211	226	396	#
776	669094	145	146	162	179	194	195	211	396	#
777	649850	193	195	208	209	210	211	225	396	#
778	582011	192	193	194	208	209	210	224	396	#
779	570654	70	193	194	195	210	211	225	396	#
780	1755896	12	13	14	24	29	30	32	33	38	39	40	46	48	54	55	56	64	71	72	74	75	76	87	88	103	104	120	136	178	397	#
781	1998576	86	87	88	103	104	128	131	144	145	146	147	148	160	161	162	163	164	165	176	177	178	193	194	195	208	209	211	224	227	397	#
782	1931037	45	61	67	68	73	74	75	76	77	78	79	83	84	85	89	90	91	100	101	105	106	107	108	115	116	117	118	131	132	397	#
783	1912727	19	32	33	35	48	50	51	64	65	66	67	68	69	72	81	82	83	84	85	98	100	101	115	116	117	118	133	134	150	397	#
784	1819602	35	50	51	67	88	103	104	120	123	136	137	138	139	140	152	153	154	155	156	178	193	208	209	210	224	225	226	240	241	397	#
785	1817623	32	33	48	49	50	51	64	65	66	67	68	69	72	81	82	83	84	85	86	87	88	98	99	100	101	102	114	115	118	397	#
786	110416	173	#
787	122026	192	193	#
788	199296	40	56	57	72	88	398	#
789	276557	71	72	88	89	194	398	#
790	240496	39	40	41	42	56	398	#
791	231508	41	42	43	56	57	398	#
792	133977	24	40	41	42	56	398	#
793	334662	203	204	220	236	399	#
794	375957	220	221	236	252	399	#
795	326764	203	204	219	220	399	#
796	155263	189	203	204	205	399	#
797	545691	44	59	75	76	92	93	109	125	126	400	#
798	777420	109	110	111	125	126	127	139	140	141	400	#
799	607146	78	94	95	109	110	111	125	126	127	400	#
800	582815	92	93	94	108	109	110	111	125	126	400	#
801	533834	43	44	59	60	61	75	91	92	107	400	#
802	487729	75	76	92	93	106	107	108	109	124	400	#
803	1027072	9	10	11	25	26	27	28	29	42	43	44	45	56	57	58	73	89	194	401	#
804	1347502	179	192	194	195	208	209	210	224	225	226	227	238	240	241	242	243	254	255	401	#
805	1237155	14	15	26	29	30	31	43	44	45	46	47	61	62	185	209	225	240	241	401	#
806	1119630	11	13	27	28	29	30	31	42	43	44	45	46	47	56	57	58	59	61	401	#
807	1029958	8	9	10	11	25	26	27	28	41	42	43	44	57	61	77	78	79	234	401	#
808	1029373	7	41	56	57	58	70	71	72	73	74	87	88	89	90	91	103	104	107	401	#
809	461414	132	133	148	164	177	178	179	402	#
810	656602	162	179	195	209	210	211	227	402	#
811	544239	132	133	148	149	164	233	249	402	#
812	518042	118	133	134	148	149	150	164	402	#
813	491968	145	146	147	162	177	178	179	402	#
814	442006	145	161	162	177	178	179	190	402	#
815	165301	96	97	112	113	128	129	403	#
816	242112	97	112	113	114	128	129	403	#
817	145002	96	97	98	112	113	128	403	#
818	144587	80	96	97	112	128	176	403	#
819	84692	81	82	97	98	99	113	403	#
820	382527	165	166	167	182	183	184	198	199	200	215	404	#
821	570839	166	170	176	181	182	183	184	185	186	200	404	#
822	531995	88	89	165	166	180	181	182	203	218	219	404	#
823	522587	126	165	166	167	168	169	174	175	182	184	404	#
824	503733	166	181	182	185	198	199	200	215	231	248	404	#
825	455458	53	54	180	181	182	196	197	198	213	214	404	#
826	444342	71	72	87	88	89	405	#
827	441870	71	88	89	92	105	405	#
828	436835	55	71	88	89	105	405	#
829	388080	55	71	72	88	104	405	#
830	373677	55	70	71	72	88	405	#
831	323606	72	86	87	88	103	405	#
832	533554	209	210	226	227	242	243	406	#
833	594659	226	227	240	241	242	243	406	#
834	592450	224	226	240	241	242	243	406	#
835	549506	210	211	226	227	242	243	406	#
836	453120	208	209	210	225	226	242	406	#
837	413491	208	209	210	224	225	241	406	#
838	1010256	210	211	212	213	214	227	228	229	230	231	241	242	243	244	245	407	#
839	1186912	79	95	113	178	193	194	195	210	211	224	227	240	241	242	243	407	#
840	1172926	58	193	194	195	196	210	211	212	213	227	228	229	241	242	243	407	#
841	1143483	165	180	181	182	193	194	195	196	210	211	212	227	228	229	244	407	#
842	1126711	93	94	110	125	126	193	194	210	211	225	227	240	241	242	243	407	#
843	1085981	4	110	125	139	140	141	157	195	210	211	212	213	227	242	243	407	#
844	830157	217	219	220	233	234	235	236	249	250	251	252	408	#
845	959679	95	110	233	236	237	249	250	251	252	253	254	408	#
846	879100	201	202	218	233	234	236	249	250	251	252	253	408	#
847	863194	174	190	204	205	219	220	236	251	252	253	254	408	#
848	856482	204	220	221	236	237	238	239	252	253	254	255	408	#
849	853164	185	201	202	217	218	219	233	234	235	236	250	408	#
850	407081	141	142	157	172	173	409	#
851	411263	155	156	172	173	174	409	#
852	397593	155	156	157	172	173	409	#
853	374248	141	142	157	158	174	409	#
854	366273	141	157	158	173	190	409	#
855	333581	140	141	157	158	173	409	#
856	91193	1	17	18	410	#
857	111751	0	1	2	410	#
858	531258	39	55	71	88	89	104	175	411	#
859	537375	71	72	88	89	103	104	119	411	#
860	510915	23	24	26	39	41	42	55	411	#
861	504395	55	69	70	71	72	88	89	411	#
862	474274	24	38	39	41	55	57	246	411	#
863	470825	157	158	159	174	175	190	191	411	#
864	448334	141	157	158	172	173	187	188	189	204	412	#
865	643813	157	172	173	174	175	188	189	191	205	412	#
866	606988	172	173	188	189	205	206	216	232	233	412	#
867	560106	157	172	173	174	188	189	205	206	221	412	#
868	556442	188	189	204	205	206	220	221	235	236	412	#
869	556171	138	139	140	141	142	154	155	157	169	412	#
870	523796	68	69	85	173	187	188	204	205	206	207	413	#
871	769305	157	158	173	174	187	188	189	190	205	221	413	#
872	737327	173	188	204	205	206	220	221	222	236	237	413	#
873	652516	190	205	206	207	220	221	222	223	236	237	413	#
874	642283	157	173	174	188	189	190	204	205	220	221	413	#
875	605723	171	186	187	188	189	203	204	220	221	222	413	#
876	88514	68	#
877	92123	138	#
878	214878	237	238	414	#
879	201657	238	254	414	#
880	154406	237	254	414	#
881	294762	88	89	104	120	415	#
882	393897	72	88	89	104	415	#
883	296652	71	72	88	89	415	#
884	281412	56	72	88	104	415	#
885	1736172	19	20	33	34	35	36	37	48	49	50	52	53	64	65	66	67	68	69	80	81	82	83	84	85	96	98	99	101	102	112	115	222	416	#
886	2337787	0	16	32	34	48	49	50	53	64	65	66	67	68	69	81	82	83	84	85	98	99	100	101	102	114	115	116	117	118	166	167	186	416	#
887	2119085	5	19	20	21	34	35	36	37	48	49	50	52	53	65	66	67	68	69	81	82	85	86	101	102	117	118	179	180	195	210	211	227	416	#
888	2064363	41	42	44	53	58	59	67	68	69	73	74	75	84	85	90	91	100	101	102	106	116	117	118	132	133	134	149	150	151	166	167	168	416	#
889	2062647	8	16	19	32	33	34	35	36	37	48	49	50	52	53	64	65	66	67	68	69	81	82	85	102	118	119	134	135	148	149	150	166	416	#
890	2054664	0	1	2	16	17	32	33	34	48	49	50	53	64	65	66	69	70	80	81	82	85	96	97	98	99	101	102	114	115	160	161	177	416	#
891	745590	195	210	211	224	225	226	240	241	417	#
892	719256	193	194	195	210	211	212	226	242	417	#
893	709383	192	193	194	195	210	211	225	226	417	#
894	694084	89	90	210	225	226	241	242	243	417	#
895	670966	194	209	210	224	225	226	241	242	417	#
896	664047	209	210	224	225	226	240	241	242	417	#
897	723805	122	137	138	214	216	229	230	231	232	246	247	248	418	#
898	784243	105	106	121	122	123	124	125	138	139	140	141	154	418	#
899	749774	48	64	65	66	82	214	215	216	217	231	247	248	418	#
900	599564	157	172	173	174	196	197	198	212	213	214	215	229	418	#
901	592329	85	214	215	216	228	229	230	231	244	245	246	248	418	#
902	591190	49	128	196	197	198	212	213	228	229	230	231	246	418	#
903	1258584	42	43	44	45	58	59	60	61	74	75	76	77	78	79	91	92	93	94	107	108	123	124	139	183	199	215	216	419	#
904	1738105	30	43	46	47	58	59	61	63	75	76	77	78	79	90	91	92	93	94	95	108	110	125	126	138	154	169	170	419	#
905	1675889	33	34	50	91	107	108	123	134	135	137	138	139	149	150	151	152	154	155	156	168	169	170	184	185	186	187	200	419	#
906	1631760	29	42	43	44	45	57	59	61	73	74	75	76	77	78	79	90	91	92	93	94	95	110	126	194	195	210	211	419	#
907	1627351	67	68	84	85	95	100	101	110	117	149	164	165	166	167	168	169	180	181	182	183	196	197	198	199	216	232	248	419	#
908	1611165	13	29	45	58	59	61	74	75	76	77	78	79	90	91	92	93	94	95	107	108	123	124	139	213	229	230	246	419	#
909	18257	169	#
910	678761	116	118	131	132	133	134	147	148	149	164	420	#
911	806910	102	118	119	133	134	135	148	149	165	181	420	#
912	792597	103	104	115	118	119	131	132	133	134	149	420	#
913	759944	19	102	118	133	134	149	164	165	181	182	420	#
914	710088	116	118	119	131	132	133	146	147	148	149	420	#
915	706084	69	85	116	131	132	133	134	147	149	150	420	#
916	542691	82	83	85	100	101	102	165	166	167	168	421	#
917	792040	138	154	166	167	168	169	170	184	185	200	421	#
918	740962	33	44	146	147	148	149	162	163	164	165	421	#
919	706495	86	87	88	100	101	102	104	116	117	132	421	#
920	705988	100	101	102	116	117	131	132	160	176	177	421	#
921	572368	68	80	85	96	112	128	129	144	160	161	421	#
922	677973	42	57	58	59	73	74	75	143	158	159	174	175	422	#
923	953390	158	159	171	172	173	174	175	189	190	191	229	246	422	#
924	919457	141	142	157	158	159	172	173	174	175	189	190	191	422	#
925	886541	143	156	157	158	159	172	173	174	175	188	189	191	422	#
926	831911	107	122	123	130	138	139	143	158	159	174	175	191	422	#
927	728559	86	94	95	102	111	127	143	158	159	175	191	237	422	#
928	315107	58	74	75	90	92	423	#
929	457918	35	36	92	93	109	423	#
930	336733	59	74	89	90	105	423	#
931	282669	58	59	75	92	224	423	#
932	190935	58	59	74	75	90	423	#
933	766949	158	159	203	204	219	235	236	237	251	252	424	#
934	826845	218	234	235	236	237	249	250	251	252	254	424	#
935	804339	233	235	236	237	249	250	251	252	253	254	424	#
936	791772	203	219	220	235	236	237	238	252	253	254	424	#
937	704270	187	203	204	219	220	235	236	237	238	253	424	#
938	696431	124	140	141	157	158	159	173	174	175	189	424	#
939	626612	213	214	215	228	229	230	244	245	246	247	425	#
940	713656	194	195	211	212	226	227	228	229	243	244	425	#
941	659399	213	214	228	229	230	244	245	246	247	248	425	#
942	642540	196	212	213	214	215	228	229	244	245	246	425	#
943	640534	51	216	229	230	231	232	233	246	247	248	425	#
944	636079	212	213	214	215	228	229	230	244	245	246	425	#
945	494583	117	133	134	135	151	152	168	426	#
946	594110	133	134	148	149	220	221	237	426	#
947	495482	117	119	133	134	135	149	151	426	#
948	451142	70	71	72	88	104	134	135	426	#
949	434215	103	119	120	134	135	136	152	426	#
950	407954	86	87	88	101	102	117	118	426	#
951	230326	90	105	106	427	#
952	297019	89	104	105	427	#
953	221213	105	106	122	427	#
954	179332	90	106	122	427	#
955	72837	129	#
956	1165734	135	140	141	142	150	157	158	159	172	173	174	175	188	189	190	428	#
957	1226238	141	143	157	158	159	173	174	175	185	186	187	188	189	190	205	428	#
958	1222854	107	123	124	140	141	142	143	157	158	159	173	174	194	195	211	428	#
959	1195973	141	157	158	159	173	174	189	190	204	205	217	231	232	233	249	428	#
960	1185373	141	143	156	157	158	159	171	172	173	174	187	188	189	190	204	428	#
961	1171463	23	24	157	158	172	173	174	186	187	188	189	202	204	220	236	428	#
962	38485	253	#
963	889205	123	139	140	155	156	172	173	186	187	188	189	190	203	204	206	207	429	#
964	1185322	170	183	184	185	186	187	200	201	202	203	216	220	221	231	236	237	429	#
965	1146343	74	75	76	91	92	104	105	107	108	121	122	123	124	138	139	140	429	#
966	1114369	139	141	152	155	156	157	169	170	171	172	173	185	186	201	202	218	429	#
967	1105125	116	117	133	173	187	188	189	203	204	220	221	235	236	237	252	253	429	#
968	1104252	145	146	155	156	160	162	171	172	173	176	177	178	188	189	192	193	429	#
969	1602849	34	35	36	50	51	52	53	67	68	69	70	71	83	84	85	86	87	99	100	101	102	116	117	132	147	148	172	173	174	430	#
970	1914576	20	72	100	101	102	116	117	118	131	132	133	134	135	136	137	145	146	147	148	152	153	160	161	163	164	168	169	170	176	430	#
971	1864691	83	84	98	99	100	102	112	114	115	116	118	128	131	132	133	134	135	144	145	146	147	148	150	161	164	165	176	177	178	430	#
972	1784128	37	39	42	43	52	54	55	56	57	58	71	72	73	87	88	89	103	104	105	106	110	111	120	126	127	187	188	189	251	430	#
973	1782665	68	69	70	71	72	83	84	85	86	87	88	89	100	101	102	103	104	105	116	117	118	119	121	131	132	133	135	148	174	430	#
974	1770066	86	87	100	101	102	116	117	118	129	130	131	132	133	146	147	148	164	165	166	167	172	173	181	182	188	189	190	204	205	430	#
975	288445	217	232	233	249	431	#
976	295136	163	179	217	233	431	#
977	187348	1	2	201	217	431	#
978	222737	117	133	149	432	#
979	201582	133	148	149	432	#
980	196443	118	133	134	432	#
981	137802	117	118	133	432	#
982	987311	16	32	33	34	35	36	48	49	50	64	65	66	67	80	81	82	96	433	#
983	1231543	0	16	32	33	48	49	64	80	87	103	104	119	120	173	188	189	204	433	#
984	1137853	33	48	49	55	64	65	66	70	71	80	81	82	83	137	138	153	154	433	#
985	1122815	0	1	2	3	16	17	18	19	20	32	33	34	48	49	64	65	66	433	#
986	1121388	32	33	48	49	50	64	65	66	80	81	82	96	97	237	252	253	254	433	#
987	1083075	32	33	48	49	64	65	66	67	80	81	82	83	96	99	114	115	130	433	#
988	240635	236	237	#
989	561240	14	15	31	47	63	160	161	162	163	434	#
990	704264	147	162	163	164	176	177	178	179	193	434	#
991	598154	145	161	162	163	164	176	177	178	179	434	#
992	595979	15	30	31	46	47	62	63	78	79	434	#
993	586020	14	15	30	31	46	47	63	78	79	434	#
994	560841	145	160	161	162	163	164	177	179	180	434	#
995	42314	120	121	435	#
996	36345	121	122	435	#
997	695743	90	105	106	121	122	123	137	138	139	140	152	153	154	169	436	#
998	1022980	136	138	139	152	153	154	155	156	167	168	169	170	171	172	436	#
999	991604	90	106	122	138	139	154	156	167	168	169	170	171	183	186	436	#
1000	894300	92	105	106	107	108	109	122	123	124	125	138	139	140	141	436	#
1001	887914	122	137	138	151	152	153	154	168	169	170	171	184	185	220	436	#
1002	880275	26	42	57	58	59	73	89	90	105	106	107	122	138	154	436	#
