%% File generated by CATS v.2.1Wed Jun 19 19:17:32 2013

%% The CATS webpage is http://robotics.stanford.edu/CATS

%% PARAMETER SETTINGS:
% Goods: 256; Bids: 1000; Distribution: regions; Runs: 50; Seed: 1371664596
% Regions Distribution Parameters:
% Max Substitutable Bids = 5
% Removing HV Neighbor   = 0.1
% Adding DIAG Neighbor   = 0.2
% Additional Location    = 0.9
% Jump Probability       = 0.05
% Additivity             = 0.2
% Budget Factor          = 1.5
% Resale Factor          = 0.5
% Uniform Private Value:
%   Deviation            = 0.5
%   Max Good Value       = 100



goods 256
bids 1001
dummy 184

0	508385	64	71	80	81	85	86	87	96	102	103	256	#
1	645302	85	86	101	102	117	192	193	209	225	241	256	#
2	618529	55	56	69	70	71	86	87	88	89	102	256	#
3	604007	55	71	72	73	87	88	89	103	105	106	256	#
4	557043	85	86	87	88	101	102	103	104	117	206	256	#
5	496122	48	64	65	66	80	81	82	96	97	114	256	#
6	418568	20	22	36	37	38	53	257	#
7	566880	19	20	36	37	53	69	257	#
8	463344	37	51	52	53	54	69	257	#
9	396855	19	20	21	35	36	37	257	#
10	390083	21	37	53	54	69	236	257	#
11	367784	4	21	22	37	38	53	257	#
12	61271	81	#
13	212835	198	214	215	231	258	#
14	305043	196	197	198	214	258	#
15	206211	199	214	215	231	258	#
16	161605	214	215	231	232	258	#
17	2603249	2	17	18	19	20	21	32	33	34	35	36	37	38	39	49	53	54	55	68	69	70	71	73	74	75	83	84	85	86	87	88	89	90	102	103	118	119	134	135	150	151	166	167	238	254	259	#
18	3156459	11	12	13	14	15	25	26	27	41	42	43	44	54	55	56	57	58	60	61	62	69	71	72	73	74	84	85	86	87	88	89	90	102	103	104	105	110	118	119	121	134	135	136	137	138	259	#
19	3136885	30	73	74	86	87	88	89	90	102	103	104	105	115	116	117	118	119	120	121	122	134	135	136	137	138	139	151	153	167	168	169	170	171	181	182	183	184	185	186	187	198	199	201	202	217	259	#
20	2992793	0	1	2	3	4	5	16	17	18	19	20	21	32	33	34	35	36	37	49	102	103	105	118	119	121	134	135	136	137	138	150	151	153	166	167	182	183	184	185	198	201	214	230	245	246	259	#
21	2985717	71	73	74	85	86	87	88	102	103	104	105	117	118	119	120	121	122	123	133	134	135	136	137	138	139	140	144	151	153	155	156	163	167	180	196	197	198	199	213	214	215	228	229	243	244	259	#
22	2962811	8	9	26	27	39	41	42	43	44	55	58	71	73	74	87	88	89	90	91	102	103	104	105	106	108	109	110	118	120	121	122	123	124	125	126	135	136	137	138	139	140	153	154	189	204	259	#
23	74855	252	253	#
24	220901	141	158	260	#
25	153338	140	141	260	#
26	147443	157	158	260	#
27	266539	154	169	170	171	172	186	261	#
28	326333	169	170	171	172	186	187	261	#
29	323533	18	19	20	34	172	188	261	#
30	304263	137	138	154	155	170	171	261	#
31	242314	76	171	210	211	212	228	261	#
32	290188	93	94	110	111	126	127	143	262	#
33	427566	110	195	211	212	228	243	244	262	#
34	339261	79	95	111	125	126	127	141	262	#
35	276803	93	94	110	111	125	126	127	262	#
36	263185	75	76	77	78	92	93	94	262	#
37	258880	77	79	95	111	125	126	127	262	#
38	302596	77	92	93	94	109	263	#
39	315657	77	92	93	94	110	263	#
40	293427	93	108	109	110	126	263	#
41	293030	57	77	78	93	94	263	#
42	291615	74	75	76	91	92	263	#
43	187967	79	94	95	128	129	263	#
44	118218	249	250	#
45	1223979	6	7	8	76	77	78	92	93	94	95	108	109	110	111	124	125	126	127	143	264	#
46	1436780	61	76	77	78	92	93	107	108	109	110	111	121	122	123	124	125	126	141	158	264	#
47	1381874	93	106	107	108	109	110	111	123	124	125	126	127	139	142	143	158	159	175	191	264	#
48	1326492	78	93	94	107	108	109	110	111	122	123	124	125	126	127	142	143	156	157	158	264	#
49	1311193	18	19	34	35	51	67	85	93	109	111	122	123	124	125	126	139	142	155	164	264	#
50	1296845	46	47	62	77	78	93	94	95	108	109	110	111	124	125	126	127	142	143	159	264	#
51	53894	101	#
52	436610	149	150	166	167	181	182	265	#
53	493509	102	118	133	149	150	165	265	#
54	488908	133	149	150	165	166	167	265	#
55	483813	133	149	150	151	166	167	265	#
56	425813	149	150	151	165	166	182	265	#
57	409071	150	166	181	182	196	197	265	#
58	60719	203	#
59	410456	227	228	229	245	246	266	#
60	429038	213	214	229	245	246	266	#
61	377801	195	211	212	227	228	266	#
62	344874	228	229	244	245	246	266	#
63	322324	212	213	228	229	230	266	#
64	1379038	77	92	93	108	109	121	123	124	125	126	137	138	139	140	141	142	152	153	154	156	157	158	159	169	171	172	175	267	#
65	2007187	90	102	103	104	105	106	107	108	118	119	121	122	123	124	134	135	136	137	138	151	152	153	154	168	169	170	175	267	#
66	1864219	50	51	66	67	79	82	89	91	92	97	98	105	106	107	108	121	123	124	138	139	154	155	169	170	171	172	188	267	#
67	1783822	11	27	28	30	47	63	71	88	89	104	105	121	136	137	138	151	152	153	154	167	168	169	170	171	184	185	186	267	#
68	1767235	73	89	90	103	106	119	121	122	134	135	136	137	138	139	152	153	154	168	169	170	171	172	185	187	237	253	254	267	#
69	1746498	73	88	89	90	91	92	104	105	106	107	108	109	110	121	122	123	124	125	126	135	136	137	138	139	142	154	155	267	#
70	508161	0	16	88	179	193	194	210	211	225	226	268	#
71	673777	36	37	38	161	176	177	178	193	194	245	268	#
72	646165	19	178	179	194	210	211	212	227	228	243	268	#
73	645199	194	195	210	211	226	227	228	241	242	243	268	#
74	643610	0	1	2	3	16	17	19	32	33	49	268	#
75	626274	210	211	225	226	227	228	241	242	243	244	268	#
76	362372	170	186	200	201	202	216	217	218	233	269	#
77	472396	169	170	185	186	187	201	202	217	218	269	#
78	461330	154	170	171	172	185	186	187	188	203	269	#
79	442615	14	15	30	199	200	201	216	217	233	269	#
80	431485	170	171	172	186	187	188	201	202	218	269	#
81	144549	58	59	270	#
82	136093	42	58	270	#
83	1627990	17	18	33	49	50	65	66	67	82	83	97	98	99	112	113	114	115	129	130	144	145	160	161	176	177	271	#
84	1714841	18	20	34	35	36	49	50	51	52	53	65	66	67	68	69	82	83	84	98	99	114	115	116	129	130	271	#
85	1702409	108	109	115	116	125	129	131	132	141	145	147	148	160	161	162	163	164	165	166	176	177	179	180	192	193	271	#
86	1682855	51	52	55	56	67	68	69	70	71	73	82	83	84	86	87	88	89	98	103	104	105	120	136	161	162	271	#
87	1673891	1	2	18	19	20	36	97	98	99	113	114	129	130	144	145	160	161	162	163	176	177	178	179	192	193	271	#
88	1636549	42	43	49	50	51	58	59	60	65	66	82	83	84	97	98	99	112	113	114	115	116	129	130	131	132	271	#
89	2026285	6	7	8	9	10	12	14	15	22	23	24	25	26	27	28	29	30	31	38	40	41	47	49	50	54	55	56	63	66	70	71	72	79	86	87	93	94	95	111	272	#
90	2647315	14	15	28	29	30	47	50	52	53	54	63	66	67	68	79	82	83	93	94	95	108	109	110	111	125	126	142	149	165	166	167	180	181	182	183	196	197	198	214	272	#
91	2592359	6	7	23	24	133	143	147	148	149	159	160	163	164	165	175	176	177	178	179	180	181	191	192	193	194	195	196	197	208	209	210	211	212	213	226	227	242	243	244	272	#
92	2405500	26	38	39	42	53	54	55	56	57	58	59	70	71	72	73	74	86	87	88	89	90	91	101	103	104	106	107	117	118	119	122	134	199	214	215	229	230	246	254	272	#
93	2382290	12	14	15	28	29	30	45	46	47	61	62	63	77	79	93	94	95	109	110	111	126	127	142	143	147	148	149	158	159	165	166	167	174	175	181	182	197	198	214	272	#
94	2361219	38	53	54	70	71	72	73	86	87	88	93	94	97	99	100	103	104	109	113	114	115	116	117	118	119	130	131	132	134	135	146	147	148	163	201	202	217	218	234	272	#
95	437774	0	1	2	16	32	33	34	48	166	273	#
96	580624	1	2	17	18	19	33	34	55	71	273	#
97	539022	0	1	2	3	17	18	19	35	51	273	#
98	533657	16	17	18	19	32	33	34	48	64	273	#
99	531340	150	165	166	167	168	181	182	197	198	273	#
100	500545	16	17	18	19	32	33	34	35	48	273	#
101	284106	167	181	182	183	274	#
102	268834	181	182	183	198	274	#
103	265417	166	167	168	183	274	#
104	241714	167	183	184	200	274	#
105	239844	181	182	198	214	274	#
106	442488	30	101	102	117	118	222	275	#
107	424448	101	102	117	118	254	255	275	#
108	419305	55	116	117	118	119	120	275	#
109	393808	14	29	30	46	60	61	275	#
110	368708	101	102	103	118	248	249	275	#
111	295844	100	101	102	116	117	118	275	#
112	195649	142	143	158	276	#
113	188905	142	143	159	276	#
114	160345	156	157	158	276	#
115	386953	56	57	73	74	90	106	277	#
116	400840	73	74	90	106	107	143	277	#
117	353895	74	76	90	91	92	106	277	#
118	351679	58	74	75	90	91	92	277	#
119	340871	55	56	71	72	88	104	277	#
120	295933	73	74	75	88	89	90	277	#
121	121377	25	26	#
122	1997344	1	16	17	32	33	34	48	49	50	53	54	65	66	68	69	70	71	81	82	83	84	96	97	98	113	129	175	191	225	226	241	242	278	#
123	2417125	17	19	20	33	34	35	36	45	46	47	49	50	51	61	65	66	80	81	83	84	96	140	156	157	173	184	198	199	200	216	217	233	278	#
124	2224202	33	34	49	143	149	157	159	165	166	173	174	175	181	182	183	184	189	190	191	196	197	198	199	200	201	207	217	222	223	233	239	255	278	#
125	2176607	64	65	66	80	81	82	83	96	97	98	112	113	114	115	117	118	128	129	130	131	132	133	134	144	145	146	147	148	149	160	161	162	278	#
126	2052384	58	59	64	66	68	74	75	80	81	82	83	84	96	97	112	114	115	116	128	129	130	131	132	133	145	146	147	148	149	162	165	217	278	#
127	2046958	50	66	68	82	83	84	96	97	98	112	113	115	117	118	123	124	125	128	129	130	131	132	133	134	141	145	146	147	148	149	162	229	278	#
128	50983	169	#
129	1257961	39	42	55	56	57	58	72	73	74	75	88	89	90	93	94	106	108	109	110	279	#
130	1510660	57	58	73	74	75	88	89	90	91	104	105	106	107	119	120	121	122	123	124	279	#
131	1477481	40	41	42	56	57	58	73	74	75	76	88	89	90	92	104	105	106	120	122	279	#
132	1341027	56	57	71	73	74	87	88	89	90	103	104	105	106	119	120	121	122	136	137	279	#
133	1340544	57	58	72	73	74	75	76	87	88	89	90	105	106	149	150	151	158	166	167	279	#
134	1295880	26	27	40	41	42	44	45	56	57	58	60	61	72	73	74	75	76	90	92	279	#
135	315629	150	165	166	167	168	280	#
136	449600	165	166	167	168	184	280	#
137	432972	147	163	164	165	181	280	#
138	302089	152	167	168	169	184	280	#
139	294737	152	167	168	183	184	280	#
140	283301	83	150	165	166	167	280	#
141	909280	82	97	98	99	112	113	114	128	129	130	131	132	144	145	146	148	281	#
142	1167998	17	18	20	35	36	50	51	52	53	103	112	113	128	129	130	146	281	#
143	1115763	35	50	51	66	79	82	83	94	95	97	98	99	114	219	235	236	281	#
144	1097958	102	103	112	114	118	129	130	131	132	133	145	146	148	149	165	184	281	#
145	1048775	20	34	35	36	48	49	50	51	64	66	82	83	97	98	99	114	281	#
146	1038672	40	41	55	56	57	114	117	118	130	131	132	133	147	148	149	150	281	#
147	571721	77	78	130	131	145	146	147	161	162	163	164	179	180	282	#
148	784099	146	147	162	163	164	165	179	180	194	195	196	210	211	282	#
149	782158	81	131	146	147	163	164	165	178	179	180	194	209	210	282	#
150	705179	113	129	130	145	146	147	161	163	164	179	180	193	194	282	#
151	695987	114	130	145	146	161	162	163	177	178	179	180	194	195	282	#
152	681637	130	131	132	145	146	147	148	149	161	162	170	171	186	282	#
153	119005	178	#
154	2845392	96	97	112	113	128	129	130	144	145	146	160	161	176	177	178	179	192	193	194	195	196	199	202	203	204	208	209	210	215	216	219	220	222	224	225	226	230	231	232	236	237	238	240	241	242	246	247	248	252	283	#
155	3368747	50	51	66	67	82	96	97	98	99	100	101	108	109	110	111	112	113	114	115	116	117	125	126	127	128	129	130	131	132	133	141	142	147	148	149	163	164	180	182	184	198	199	200	209	217	224	225	240	241	283	#
156	3219665	46	47	50	51	63	66	71	72	79	82	85	86	87	88	97	102	103	147	148	150	163	166	167	168	181	182	184	185	197	198	199	200	213	214	215	216	217	230	231	232	233	244	245	246	247	248	249	250	251	283	#
157	3157401	7	8	48	64	65	80	81	82	96	97	98	112	113	114	115	116	128	129	130	131	144	145	146	147	148	160	161	164	176	177	178	180	192	193	194	195	208	209	210	224	225	226	240	241	242	243	244	245	246	283	#
158	3121830	135	136	137	149	151	152	153	164	165	166	167	168	176	177	181	182	183	184	185	186	187	188	192	193	197	198	199	200	202	203	208	214	215	216	217	218	219	230	231	232	233	234	244	245	246	247	248	249	250	283	#
159	3101097	65	81	87	88	115	131	147	148	151	160	161	164	165	166	167	176	177	178	179	180	181	182	192	193	194	195	196	197	198	199	208	209	210	211	212	213	224	225	226	228	229	230	231	240	241	242	244	245	246	283	#
160	181852	160	176	192	284	#
161	183933	161	176	177	284	#
162	139936	189	190	192	284	#
163	242904	4	5	6	7	21	37	285	#
164	360285	7	8	9	23	24	40	285	#
165	271072	4	5	21	22	23	37	285	#
166	256844	4	5	20	21	22	36	285	#
167	134103	20	21	22	36	37	63	285	#
168	122786	74	90	286	#
169	181238	73	74	286	#
170	1588316	101	109	110	116	117	123	126	132	141	158	182	183	197	198	199	200	213	214	215	216	229	230	231	232	245	246	247	248	287	#
171	2163397	130	131	132	145	146	147	148	149	150	151	152	161	163	164	165	178	179	180	181	195	196	197	198	211	213	214	227	230	287	#
172	2071626	146	147	163	179	181	182	183	184	185	195	196	197	198	199	200	213	214	215	216	217	229	230	231	232	233	246	247	248	287	#
173	2054105	147	163	164	165	166	179	180	181	182	183	194	195	196	197	198	199	200	211	213	214	215	217	227	229	230	231	233	246	287	#
174	2051109	163	178	179	180	181	184	185	195	196	197	198	199	200	213	214	216	217	218	229	230	231	232	233	246	247	248	249	250	287	#
175	2038934	48	49	50	65	149	151	164	165	166	167	181	182	183	196	197	198	199	200	213	214	215	229	230	231	232	245	246	247	287	#
176	522141	194	195	209	210	225	226	234	241	242	288	#
177	598895	150	151	209	210	224	225	226	241	242	288	#
178	585455	178	192	193	194	195	196	208	209	210	288	#
179	580169	208	209	210	224	225	226	240	241	242	288	#
180	579705	208	209	210	225	226	240	241	242	243	288	#
181	566227	178	193	194	195	196	208	209	224	240	288	#
182	1964936	141	143	155	158	159	171	173	174	175	185	186	187	188	189	190	191	195	202	203	204	205	207	219	220	221	222	223	235	237	289	#
183	2080423	44	45	46	54	60	61	62	77	78	140	141	158	159	173	174	175	189	190	191	204	205	207	221	222	223	237	239	254	255	289	#
184	1976259	79	94	95	105	110	111	121	124	125	126	140	141	155	156	158	159	166	167	174	175	181	182	190	191	194	198	210	214	235	289	#
185	1948621	93	94	107	108	109	110	122	123	124	125	138	139	140	141	142	143	155	156	158	159	171	172	173	174	175	190	191	207	223	289	#
186	1932320	127	143	158	159	173	174	175	186	187	188	189	190	191	203	204	205	206	207	219	220	221	222	223	235	237	239	251	253	254	289	#
187	1919834	11	12	13	14	29	30	141	158	159	171	174	175	186	187	188	189	190	191	201	202	203	204	205	219	221	222	223	237	238	289	#
188	511307	8	9	10	11	12	13	25	26	29	290	#
189	686508	8	9	25	26	27	42	43	58	59	290	#
190	672599	8	9	23	24	25	26	40	42	238	290	#
191	571477	8	9	10	23	24	25	26	27	97	290	#
192	553215	8	9	10	11	23	24	25	26	40	290	#
193	527019	13	29	30	31	44	45	46	47	63	290	#
194	165392	48	64	80	291	#
195	193532	64	80	81	291	#
196	164803	32	33	48	291	#
197	135371	48	49	64	291	#
198	696592	130	131	132	144	145	146	147	149	162	164	165	292	#
199	761972	147	163	164	165	179	180	181	195	196	197	213	292	#
200	739142	115	129	130	131	132	144	145	148	149	165	181	292	#
201	703045	13	29	149	150	165	166	167	181	195	196	197	292	#
202	664311	114	115	130	131	132	144	145	146	147	162	164	292	#
203	631868	79	147	148	149	150	151	152	165	166	167	181	292	#
204	736923	183	204	220	235	236	250	251	252	293	#
205	653987	221	236	237	250	251	252	253	254	293	#
206	648644	166	181	182	183	184	198	199	200	293	#
207	603393	203	219	220	221	234	235	236	252	293	#
208	601580	173	189	204	220	235	236	237	238	293	#
209	601143	219	220	221	235	236	252	253	254	293	#
210	1842975	171	173	174	186	187	188	190	191	199	200	201	202	203	204	206	215	217	218	219	220	221	222	232	233	235	236	237	238	239	249	252	253	254	255	294	#
211	2169861	149	168	169	176	177	183	184	185	186	187	192	193	196	197	199	200	202	203	209	213	214	215	216	217	218	229	231	232	233	245	246	247	248	249	294	#
212	2159900	161	162	177	178	182	183	186	187	193	197	198	199	200	201	202	203	209	213	214	215	216	217	218	219	225	229	230	231	232	233	235	245	246	249	294	#
213	2122680	127	168	184	186	187	199	200	201	202	203	204	213	214	215	216	217	218	219	220	221	222	229	231	232	233	234	235	236	237	238	245	248	249	250	294	#
214	2116824	168	169	182	183	184	186	187	188	197	199	200	201	202	203	204	213	214	215	216	217	218	222	223	229	230	231	232	233	238	245	247	248	249	250	294	#
215	2110952	103	104	105	119	120	121	135	153	165	167	168	169	170	171	181	182	183	184	185	186	187	199	200	201	202	203	216	217	218	219	233	235	248	249	294	#
216	986590	0	1	16	17	18	32	33	34	48	64	65	80	81	96	112	163	180	196	197	295	#
217	1431684	130	131	146	147	148	149	161	162	163	164	165	180	181	196	197	198	214	215	230	295	#
218	1374289	131	146	147	149	150	162	163	164	165	166	167	180	181	183	196	197	213	214	229	295	#
219	1313030	131	147	163	164	165	180	181	195	196	197	198	211	213	214	227	229	230	244	245	295	#
220	1268889	18	26	27	33	34	35	36	42	131	147	162	163	164	165	180	181	195	196	197	295	#
221	1118058	0	6	16	17	18	32	33	34	35	48	49	50	51	64	80	181	196	197	198	295	#
222	457727	11	27	28	29	30	43	296	#
223	488759	13	14	29	30	31	47	296	#
224	430865	27	28	29	42	43	45	296	#
225	329196	27	28	43	44	60	100	296	#
226	328270	9	10	11	27	28	29	296	#
227	304771	11	12	13	27	28	29	296	#
228	53928	153	#
229	94553	181	#
230	32157	35	36	#
231	622475	144	145	146	147	148	160	161	162	177	297	#
232	852346	118	133	134	148	149	164	165	181	182	297	#
233	731002	145	149	150	151	152	161	166	177	178	297	#
234	664140	144	145	160	161	162	176	177	178	241	297	#
235	656911	116	132	133	147	148	149	165	166	167	297	#
236	652911	129	144	145	146	160	161	162	163	180	297	#
237	141971	98	99	298	#
238	179624	98	114	298	#
239	223060	95	110	111	125	126	299	#
240	216874	78	94	95	110	111	299	#
241	204277	111	125	126	127	142	299	#
242	201101	95	109	110	111	126	299	#
243	190002	10	78	94	95	111	299	#
244	62375	65	#
245	491608	7	8	22	23	40	56	72	73	300	#
246	608728	4	5	6	7	22	23	38	40	300	#
247	563852	55	71	72	73	88	89	90	91	300	#
248	526409	6	7	8	22	23	24	38	40	300	#
249	502976	6	7	21	22	23	24	38	40	300	#
250	492193	72	73	87	88	89	90	106	122	300	#
251	491774	1	2	3	4	18	19	20	301	#
252	597351	1	2	3	17	19	35	51	301	#
253	553795	1	2	3	4	17	19	20	301	#
254	526916	2	3	4	5	6	18	19	301	#
255	451416	2	3	18	19	20	34	35	301	#
256	383128	2	17	18	19	20	34	36	301	#
257	725997	183	184	186	200	202	216	217	218	233	248	249	302	#
258	819610	200	216	217	230	231	233	246	247	248	249	250	302	#
259	760470	165	166	167	183	184	186	200	201	202	216	218	302	#
260	704454	23	170	184	186	200	202	203	204	217	218	233	302	#
261	698817	153	154	158	159	169	170	184	185	186	200	216	302	#
262	653466	85	146	147	153	169	170	186	202	203	204	218	302	#
263	526572	53	56	57	69	70	71	72	86	87	88	303	#
264	719865	52	53	54	69	70	82	83	84	243	244	303	#
265	708924	53	54	69	70	71	83	84	87	88	104	303	#
266	701810	85	86	87	88	103	104	118	119	120	135	303	#
267	632027	37	51	52	53	54	69	70	71	85	86	303	#
268	592294	71	72	87	88	102	103	104	118	174	175	303	#
269	732234	147	148	149	163	164	165	166	180	196	304	#
270	770409	195	196	197	213	214	229	230	239	255	304	#
271	662936	146	147	148	162	164	165	180	196	197	304	#
272	624992	164	165	166	180	181	182	197	198	213	304	#
273	588865	118	132	133	134	147	148	149	165	189	304	#
274	579139	130	132	133	146	147	148	149	162	164	304	#
275	175773	12	28	305	#
276	255759	28	29	305	#
277	135667	68	69	84	306	#
278	200306	53	68	69	306	#
279	180573	67	68	69	306	#
280	122849	83	84	198	306	#
281	160354	118	133	#
282	112770	251	#
283	450979	167	168	169	183	184	307	#
284	424583	151	152	168	169	184	307	#
285	411746	134	135	136	151	167	307	#
286	389127	152	168	169	184	185	307	#
287	388253	151	154	167	183	184	307	#
288	284577	153	167	168	169	185	307	#
289	1446105	5	6	20	21	22	189	190	204	205	206	208	217	218	219	220	221	222	223	224	234	235	236	237	238	239	240	251	252	253	254	255	308	#
290	1981078	67	150	151	152	168	170	171	183	184	186	187	188	199	200	201	202	213	214	215	216	217	218	227	228	229	230	231	232	234	235	246	308	#
291	1808064	11	12	14	15	27	28	29	30	31	45	46	47	63	64	80	96	168	184	185	186	201	202	216	217	218	219	232	234	235	236	251	308	#
292	1805947	160	161	163	176	177	178	179	180	192	193	194	195	196	197	208	209	210	213	224	225	226	227	228	229	230	240	241	242	243	244	245	308	#
293	1788253	144	160	176	177	178	179	180	192	193	194	195	196	197	208	209	210	211	212	213	224	225	226	227	228	229	240	241	242	243	244	245	308	#
294	1725533	86	97	98	99	100	101	102	103	118	158	159	165	173	174	181	189	190	204	205	206	220	221	222	234	235	236	237	238	239	253	254	308	#
295	187345	7	8	9	22	23	24	309	#
296	251313	6	21	22	23	24	37	309	#
297	241897	5	6	7	8	23	24	309	#
298	618193	11	12	26	27	28	42	43	59	60	75	76	310	#
299	723576	26	27	41	42	43	58	59	60	74	75	76	310	#
300	657266	29	42	43	45	59	60	61	69	76	77	84	310	#
301	620408	42	46	58	59	60	61	62	74	75	76	91	310	#
302	597497	59	60	75	76	94	110	111	130	144	145	146	310	#
303	586434	8	9	10	11	24	25	26	27	40	41	43	310	#
304	2310538	131	132	147	148	149	162	163	164	165	178	179	180	181	182	195	196	197	198	211	212	213	214	227	228	230	246	252	253	311	#
305	2290516	11	23	27	28	117	129	132	133	145	146	147	148	149	161	162	163	164	165	177	178	179	180	193	196	197	198	250	251	311	#
306	2237437	101	117	133	146	147	148	149	151	162	163	164	165	167	171	178	179	180	181	182	183	195	196	197	198	213	214	221	230	311	#
307	2194182	103	117	118	132	133	146	147	148	149	162	163	164	165	179	180	181	182	193	195	196	197	198	209	210	211	212	213	227	311	#
308	2182972	22	117	131	132	133	146	147	148	149	150	161	162	163	164	177	178	179	180	181	193	194	195	196	197	198	209	213	214	311	#
309	2171364	131	145	146	147	148	161	162	163	164	165	178	179	180	181	195	196	197	198	211	212	214	215	220	228	230	231	244	246	311	#
310	642318	208	209	210	211	212	224	225	227	228	229	243	244	312	#
311	875880	197	198	199	213	227	228	229	230	244	245	246	247	312	#
312	809641	39	55	179	194	195	196	197	198	210	211	213	227	312	#
313	786485	178	192	193	194	209	210	211	212	225	228	240	241	312	#
314	780336	105	121	147	163	178	179	194	195	210	211	212	230	312	#
315	765349	147	163	179	193	194	195	209	210	225	226	241	243	312	#
316	538966	114	154	167	168	169	170	171	185	186	187	313	#
317	797343	149	150	164	165	166	167	168	169	184	185	313	#
318	758781	92	106	121	122	152	169	184	185	186	187	313	#
319	724591	167	168	169	183	184	185	186	199	200	201	313	#
320	626611	152	168	169	184	185	199	200	201	202	217	313	#
321	569741	152	168	169	184	185	186	200	201	202	216	313	#
322	535800	89	105	121	122	136	137	152	169	314	#
323	651241	57	73	88	89	103	104	105	228	314	#
324	639034	85	86	87	103	104	105	121	122	314	#
325	580017	73	89	105	106	121	122	136	137	314	#
326	564457	87	88	89	103	104	105	121	168	314	#
327	416242	45	46	47	61	135	136	138	154	314	#
328	1610207	2	44	46	58	59	60	61	62	75	76	77	78	93	94	95	99	108	109	110	111	124	125	126	173	174	189	205	315	#
329	1971805	0	1	2	16	17	18	19	32	33	34	35	36	49	50	51	52	53	87	102	103	104	118	119	120	121	135	138	315	#
330	1896823	97	99	100	101	102	103	104	113	114	115	116	117	118	119	120	121	129	130	131	132	133	146	148	149	164	165	181	315	#
331	1862243	0	1	2	3	4	17	19	62	77	78	93	94	107	108	109	110	111	123	124	125	126	127	139	202	216	217	233	315	#
332	1823091	11	26	27	41	42	43	46	58	59	60	61	62	75	76	77	78	93	94	95	108	109	110	111	124	125	126	127	315	#
333	1776421	8	9	10	11	23	24	25	26	27	28	29	40	41	42	43	45	56	57	58	59	60	61	72	75	76	77	253	315	#
334	242341	161	162	177	316	#
335	265279	177	178	193	316	#
336	208281	145	161	177	316	#
337	207788	146	162	163	316	#
338	282861	174	175	190	206	222	317	#
339	374971	142	157	158	159	175	317	#
340	328936	55	205	206	222	238	317	#
341	312825	173	174	190	191	206	317	#
342	280318	189	190	191	205	206	317	#
343	267362	174	189	190	206	222	317	#
344	253815	58	59	75	106	318	#
345	307827	27	43	44	59	318	#
346	274400	42	57	58	59	318	#
347	245987	43	59	60	75	318	#
348	201126	90	91	106	122	318	#
349	993770	92	93	121	122	155	168	171	172	184	185	186	187	188	200	201	202	319	#
350	1232387	136	152	165	166	167	168	181	183	184	185	197	198	199	200	201	215	319	#
351	1224844	167	180	183	184	196	197	198	199	200	201	202	214	215	227	231	247	319	#
352	1156388	149	151	152	153	165	166	167	168	169	170	183	184	185	186	201	202	319	#
353	1152513	181	184	185	186	197	198	199	200	201	202	213	214	215	217	230	231	319	#
354	1126740	146	151	166	167	182	183	184	196	197	198	199	200	201	202	209	217	319	#
355	154769	90	147	162	163	320	#
356	174424	146	161	162	177	320	#
357	534611	42	43	44	59	60	73	74	75	76	91	321	#
358	735053	11	27	28	29	30	43	44	45	59	60	321	#
359	644275	59	60	73	74	75	90	91	92	93	106	321	#
360	641378	13	14	27	29	42	43	44	45	59	60	321	#
361	560582	42	43	44	57	59	60	61	73	74	75	321	#
362	546462	11	27	28	42	43	44	59	60	61	76	321	#
363	109963	104	#
364	97232	135	#
365	548100	43	44	59	60	61	77	78	322	#
366	604707	43	59	60	76	198	199	200	322	#
367	562874	43	46	59	60	61	77	78	322	#
368	535385	45	46	61	62	77	78	105	322	#
369	511740	43	44	45	59	60	75	76	322	#
370	508472	43	44	58	59	60	75	76	322	#
371	53659	57	#
372	470468	187	202	203	204	205	221	323	#
373	502439	173	189	203	204	205	221	323	#
374	500866	203	204	205	220	221	222	323	#
375	420911	200	202	203	216	217	233	323	#
376	414075	204	205	206	220	221	222	323	#
377	323061	203	204	205	219	220	236	323	#
378	103235	45	61	324	#
379	106588	45	46	324	#
380	304370	10	11	28	29	325	#
381	379935	11	28	29	30	325	#
382	331488	13	29	30	122	325	#
383	317635	11	27	28	43	325	#
384	214327	10	11	46	62	325	#
385	90575	200	#
386	207043	8	82	98	326	#
387	175719	82	98	114	326	#
388	173976	98	99	115	326	#
389	102200	8	9	10	326	#
390	1167180	185	186	187	199	200	201	202	215	216	217	231	232	233	235	247	248	249	250	251	252	327	#
391	1472543	116	132	133	134	135	136	137	149	150	151	170	184	185	186	187	200	201	202	216	232	327	#
392	1382249	65	80	81	96	110	126	168	181	184	185	197	198	199	200	201	202	215	216	232	248	327	#
393	1377119	120	121	135	136	137	138	151	153	218	219	220	221	234	235	236	237	251	252	253	254	327	#
394	1331357	151	167	168	181	184	185	197	198	199	200	201	209	210	215	216	217	218	232	233	249	327	#
395	1270473	153	163	168	169	171	179	180	184	185	186	187	198	199	200	201	202	215	216	217	231	327	#
396	55314	91	#
397	20095	87	#
398	384879	33	49	50	51	66	328	#
399	430662	2	19	35	50	51	328	#
400	416625	50	66	67	68	83	328	#
401	410422	51	67	83	111	126	328	#
402	321284	33	38	49	50	51	328	#
403	316059	17	18	19	33	49	328	#
404	1183343	50	64	66	67	80	81	82	83	98	177	178	193	194	209	210	225	226	241	329	#
405	1392432	43	44	50	51	52	53	54	66	67	69	82	85	97	98	113	114	130	146	329	#
406	1302849	38	50	51	52	53	54	55	66	67	69	70	82	83	84	85	86	97	113	329	#
407	1280373	2	3	18	19	20	32	33	34	35	36	48	50	51	52	64	67	80	81	329	#
408	1260533	45	62	64	77	78	80	161	177	178	179	193	194	195	209	224	225	249	250	329	#
409	1233766	18	19	35	50	51	52	53	54	55	66	67	69	70	82	83	84	97	98	329	#
410	118219	217	#
411	170903	26	42	43	330	#
412	181189	43	44	60	330	#
413	121911	42	58	59	330	#
414	191149	165	166	167	331	#
415	284270	148	149	165	331	#
416	238846	149	165	166	331	#
417	228500	150	151	167	331	#
418	689781	58	59	60	73	74	75	89	90	91	105	332	#
419	826632	27	28	43	44	58	59	60	74	75	90	332	#
420	825718	27	29	43	44	45	59	60	61	62	75	332	#
421	786052	27	28	42	43	44	45	58	59	60	75	332	#
422	723983	44	58	59	60	61	73	74	75	76	105	332	#
423	701539	75	76	90	91	92	105	106	107	123	180	332	#
424	1201929	117	118	132	133	149	163	164	165	166	178	179	180	194	195	196	211	333	#
425	1261072	12	13	28	29	31	101	102	103	104	117	118	133	149	165	166	233	333	#
426	1169864	149	151	152	163	164	165	166	167	179	180	194	195	196	211	227	228	333	#
427	1132834	4	135	136	137	149	150	151	153	165	166	167	168	169	183	184	185	333	#
428	1088739	101	103	117	118	119	132	133	134	135	141	149	150	151	165	166	167	333	#
429	1038882	71	73	87	88	90	104	163	171	177	178	179	180	192	193	194	195	333	#
430	170788	156	171	172	334	#
431	138790	138	154	171	334	#
432	126624	155	156	172	334	#
433	587360	204	207	220	221	222	223	235	238	239	253	254	255	335	#
434	784067	173	187	189	202	203	204	205	218	220	221	234	235	335	#
435	686741	157	158	174	189	190	204	205	220	221	235	251	252	335	#
436	656940	189	190	191	204	207	220	221	223	238	239	254	255	335	#
437	640687	73	191	207	223	235	238	239	251	252	253	254	255	335	#
438	625948	157	173	174	189	190	204	219	220	234	235	236	252	335	#
439	391171	101	117	118	132	133	134	336	#
440	482078	101	117	118	133	134	149	336	#
441	409719	85	86	87	102	103	118	336	#
442	404414	117	118	222	238	239	255	336	#
443	403033	115	116	131	132	133	149	336	#
444	288054	118	119	132	133	134	205	336	#
445	1493454	147	150	163	164	165	166	167	181	183	184	196	197	198	199	200	214	221	337	#
446	1463239	51	52	163	164	165	180	184	196	197	198	199	200	213	214	215	217	230	337	#
447	1376547	147	148	149	150	163	164	165	166	180	181	196	197	198	199	204	213	214	337	#
448	1329889	147	148	150	162	163	164	165	166	167	176	179	180	181	183	192	193	197	337	#
449	1240823	147	150	163	164	165	166	179	180	181	182	195	196	197	239	253	254	255	337	#
450	1227411	112	129	170	183	184	185	186	187	198	199	200	214	217	218	233	240	249	337	#
451	832043	1	2	5	6	18	19	20	21	22	34	35	36	37	38	74	338	#
452	1214609	2	18	19	20	35	36	49	50	51	220	235	236	250	251	252	338	#
453	1067514	2	3	4	5	6	7	19	21	22	23	24	38	40	55	56	338	#
454	1062797	26	42	43	44	56	57	58	59	60	61	73	74	75	76	77	338	#
455	1003835	2	3	4	6	18	19	20	21	22	34	35	36	37	38	54	338	#
456	998928	6	7	8	9	22	23	24	26	38	54	55	64	70	71	72	338	#
457	197641	45	46	61	77	339	#
458	295356	29	43	44	45	339	#
459	181766	61	62	77	78	339	#
460	119546	40	61	77	101	339	#
461	1100784	175	181	190	191	207	223	236	237	238	239	251	252	253	254	255	340	#
462	1062087	191	207	220	222	223	235	236	237	238	239	251	252	253	254	255	340	#
463	994356	83	84	191	207	220	223	235	236	237	238	239	252	253	254	255	340	#
464	990166	158	159	173	174	175	190	191	205	206	207	222	223	239	254	255	340	#
465	979610	204	219	220	221	232	233	235	236	237	249	250	251	252	253	254	340	#
466	962394	101	218	220	221	222	223	235	236	237	238	239	251	253	254	255	340	#
467	511000	193	194	208	209	210	211	224	225	226	241	341	#
468	706678	161	177	178	179	193	194	195	208	209	225	341	#
469	665154	161	176	177	192	193	208	209	224	225	226	341	#
470	611914	176	177	193	208	209	224	225	226	240	241	341	#
471	603359	164	165	179	180	193	194	210	211	212	226	341	#
472	585942	108	123	124	177	178	194	209	210	211	212	341	#
473	1050076	9	11	12	24	25	26	27	28	40	41	42	43	55	56	57	58	70	71	72	74	88	342	#
474	1531303	55	56	57	71	72	73	85	86	87	88	101	102	103	104	105	106	118	119	121	133	171	342	#
475	1530416	55	56	71	72	86	87	88	89	103	104	105	106	118	119	120	121	137	159	170	174	175	342	#
476	1447713	56	57	70	71	72	73	85	86	87	88	100	101	102	103	104	105	118	119	121	133	134	342	#
477	1443628	55	56	57	58	71	72	73	74	88	104	105	120	121	136	181	182	197	224	225	240	241	342	#
478	1346141	9	26	40	41	55	56	57	71	72	73	74	88	89	90	104	105	106	119	120	121	136	342	#
479	291857	50	52	66	67	343	#
480	327971	52	53	54	67	343	#
481	327818	52	53	66	67	343	#
482	207101	49	50	65	66	343	#
483	202848	66	83	226	241	343	#
484	867155	131	142	143	157	158	159	174	175	191	207	223	238	239	254	255	344	#
485	1070055	110	111	125	126	127	129	141	143	144	145	159	161	174	175	191	344	#
486	1059253	140	141	143	156	157	158	159	171	172	174	175	187	191	207	223	344	#
487	1032217	126	127	140	143	154	156	157	158	159	170	171	172	175	188	191	344	#
488	989300	143	159	174	175	191	207	223	236	237	238	239	252	253	254	255	344	#
489	979580	97	98	112	113	114	115	116	117	129	130	131	132	133	145	149	344	#
490	582093	4	120	121	136	137	138	152	153	154	345	#
491	826234	120	135	136	151	152	168	183	184	200	345	#
492	824623	104	106	120	121	122	135	136	137	151	345	#
493	716386	88	102	103	104	105	106	120	135	136	345	#
494	677970	120	135	136	137	138	151	152	153	154	345	#
495	652609	104	120	121	136	137	138	153	154	239	345	#
496	584654	166	167	182	183	198	199	214	230	346	#
497	586907	165	166	167	181	182	198	213	214	346	#
498	575414	165	181	182	197	198	213	214	229	346	#
499	561893	166	181	182	196	197	198	199	215	346	#
500	541483	181	182	197	198	213	214	215	248	346	#
501	536854	5	166	181	182	198	214	215	230	346	#
502	80557	25	#
503	202822	55	71	72	87	347	#
504	299863	37	53	54	55	347	#
505	168826	72	87	88	89	347	#
506	161549	71	72	88	89	347	#
507	151388	69	70	71	87	347	#
508	139930	113	130	348	#
509	138584	130	131	348	#
510	379663	3	4	5	6	22	349	#
511	371811	2	3	4	5	21	349	#
512	353252	3	4	5	211	227	349	#
513	335155	5	6	21	22	37	349	#
514	320187	5	20	21	22	37	349	#
515	1112725	82	97	98	112	113	114	115	116	117	118	128	129	130	131	145	146	147	148	160	161	162	350	#
516	1361725	2	18	19	35	36	50	51	66	67	82	83	97	98	113	114	115	128	129	130	131	132	350	#
517	1307304	82	97	98	113	114	115	128	129	130	131	147	150	165	166	181	182	183	184	198	199	200	350	#
518	1256432	144	146	147	149	160	161	162	163	164	165	166	176	179	180	181	194	195	196	210	211	212	350	#
519	1239088	54	55	69	71	85	86	87	101	102	105	106	115	116	117	118	119	120	121	122	132	133	350	#
520	1219111	80	82	96	97	98	112	113	114	115	128	129	130	144	145	146	160	161	162	163	176	192	350	#
521	222588	189	205	206	222	351	#
522	294846	190	191	205	206	351	#
523	292385	203	204	205	206	351	#
524	246462	222	223	239	255	351	#
525	188858	189	190	205	206	351	#
526	764782	12	13	14	15	27	28	29	30	31	44	45	61	352	#
527	881512	12	13	26	27	28	29	30	31	46	47	63	92	352	#
528	880218	3	4	5	6	12	13	14	21	28	29	44	45	352	#
529	843256	9	12	13	14	15	26	27	28	29	31	42	43	352	#
530	803580	13	14	29	30	31	42	43	44	45	46	47	60	352	#
531	791541	8	9	10	11	12	13	14	26	27	28	29	45	352	#
532	777916	9	10	11	15	26	27	28	31	40	41	43	353	#
533	949883	7	8	9	25	26	27	28	41	43	59	60	353	#
534	863843	11	26	27	28	41	42	43	44	59	60	75	353	#
535	826751	7	8	9	10	24	25	26	27	28	41	43	353	#
536	804762	11	27	28	42	43	44	46	47	58	60	61	353	#
537	803438	9	25	26	41	42	43	44	59	169	185	201	353	#
538	621140	94	108	110	111	124	125	126	142	143	354	#
539	617137	108	109	111	123	124	125	126	127	143	354	#
540	592627	95	108	110	111	123	124	125	126	127	354	#
541	574418	94	110	124	125	126	127	142	143	159	354	#
542	569718	108	109	110	111	124	125	126	254	255	354	#
543	530164	94	95	109	110	111	126	127	143	159	354	#
544	369872	135	149	150	151	165	166	355	#
545	424317	149	150	165	166	181	197	355	#
546	385573	150	164	165	166	167	181	355	#
547	345136	119	120	135	136	137	152	355	#
548	323902	148	149	150	165	166	182	355	#
549	309870	135	136	150	151	166	182	355	#
550	77511	33	34	49	356	#
551	108381	32	33	34	356	#
552	403511	133	148	149	165	357	#
553	460575	148	149	165	181	357	#
554	378840	163	164	165	181	357	#
555	267664	132	133	147	148	357	#
556	262471	132	133	134	135	357	#
557	933679	106	107	108	109	111	122	123	124	125	126	127	139	140	141	142	156	158	358	#
558	1239484	58	73	74	75	87	88	89	90	91	92	104	105	106	107	120	122	123	358	#
559	1229703	89	90	91	104	105	106	107	108	109	113	122	123	124	128	129	144	145	358	#
560	1227568	69	83	84	85	86	87	88	104	106	107	108	122	123	124	138	139	155	358	#
561	1221011	57	59	73	74	75	88	89	90	91	104	105	106	119	120	122	123	124	358	#
562	1170960	5	6	7	42	56	57	58	73	74	90	91	104	105	106	107	122	123	358	#
563	289262	138	154	170	359	#
564	206182	134	137	138	359	#
565	164750	154	169	170	359	#
566	591972	141	142	143	157	158	159	173	360	#
567	629784	143	157	158	159	175	191	207	360	#
568	612355	141	143	157	158	159	173	189	360	#
569	607667	141	142	143	157	158	159	175	360	#
570	541517	140	141	142	143	158	159	175	360	#
571	516615	126	141	142	143	157	158	159	360	#
572	358093	169	185	186	202	218	361	#
573	413380	186	201	202	203	218	361	#
574	376399	169	185	186	201	202	361	#
575	361524	59	187	202	203	218	361	#
576	286734	168	184	185	186	202	361	#
577	232720	119	120	169	170	171	361	#
578	337050	105	120	136	137	153	362	#
579	398288	49	65	103	104	120	362	#
580	339355	105	118	119	120	136	362	#
581	329268	73	74	89	90	105	362	#
582	324294	136	137	153	154	170	362	#
583	271381	137	153	154	169	170	362	#
584	49965	11	12	#
585	614210	4	5	6	21	22	37	159	175	233	249	250	363	#
586	792811	203	219	220	235	236	237	250	251	252	253	254	363	#
587	764485	2	3	4	5	19	20	21	22	23	35	36	363	#
588	742811	110	111	124	125	126	127	141	142	143	158	159	363	#
589	723311	110	111	125	126	127	140	141	142	158	159	175	363	#
590	699461	4	7	8	9	19	20	21	22	23	24	38	363	#
591	916923	143	157	158	159	165	173	174	175	181	189	190	191	197	364	#
592	1055205	150	164	165	166	179	180	181	182	195	196	197	198	199	364	#
593	1013591	149	150	151	152	164	165	166	168	169	181	182	197	213	364	#
594	975028	164	165	166	181	182	196	197	198	213	229	230	244	245	364	#
595	906057	143	155	156	157	158	159	171	172	173	178	187	188	203	364	#
596	843085	157	173	189	190	191	220	221	222	223	238	239	254	255	364	#
597	56651	99	115	365	#
598	73893	115	131	365	#
599	33805	99	100	365	#
600	227033	94	95	111	126	127	366	#
601	338182	94	109	110	111	127	366	#
602	305490	61	77	78	94	110	366	#
603	294619	78	94	95	111	127	366	#
604	207077	110	111	126	127	142	366	#
605	760387	13	14	15	29	30	43	44	45	46	47	61	62	63	367	#
606	988139	27	28	29	43	44	45	46	47	60	61	62	77	78	367	#
607	956403	14	29	30	43	44	45	46	47	59	61	62	75	77	367	#
608	949988	29	30	43	44	45	46	47	59	60	61	62	77	78	367	#
609	929448	43	44	45	46	47	58	59	60	61	62	75	77	78	367	#
610	862107	13	14	29	30	44	45	46	47	61	62	77	83	84	367	#
611	174243	16	32	33	48	49	64	368	#
612	256007	16	17	32	33	48	64	368	#
613	247141	17	18	19	32	33	34	368	#
614	233067	33	34	48	49	50	65	368	#
615	219637	0	1	2	16	18	19	368	#
616	76273	0	1	16	32	33	48	368	#
617	533474	54	55	70	71	87	103	119	189	190	191	369	#
618	714483	39	55	71	86	87	88	103	104	118	119	369	#
619	703923	35	50	51	53	54	55	69	85	110	126	369	#
620	648360	54	55	71	85	86	87	88	101	103	104	369	#
621	648237	50	66	67	68	82	83	84	174	175	190	369	#
622	643246	71	86	87	88	89	102	103	104	118	119	369	#
623	52612	226	#
624	2520484	4	5	16	17	18	19	20	21	22	23	32	36	37	48	49	50	51	52	53	54	64	66	67	69	70	80	81	82	83	84	96	97	98	112	113	128	130	133	149	170	370	#
625	3007222	2	3	4	5	8	9	17	18	19	20	21	25	26	27	36	37	38	42	43	44	52	53	54	55	56	57	58	59	60	70	71	76	86	87	88	103	117	118	133	217	370	#
626	2872786	2	3	4	17	18	19	20	21	22	37	38	60	61	62	77	78	82	83	93	94	96	97	112	113	129	139	170	180	184	185	186	187	188	196	200	201	202	203	204	218	370	#
627	2815307	2	3	4	5	6	7	8	9	18	19	20	21	22	23	24	25	36	37	38	50	51	52	53	54	55	56	66	67	68	69	72	83	84	85	140	141	142	143	158	159	370	#
628	2785148	3	4	5	19	20	21	22	32	36	37	38	48	49	50	51	52	53	54	55	57	66	67	68	69	70	71	73	82	83	84	85	86	87	88	89	90	96	97	98	105	370	#
629	2774438	2	3	4	5	7	8	9	10	17	18	19	20	21	22	23	24	25	26	35	36	37	38	41	42	51	52	53	67	83	84	103	117	119	120	133	134	135	151	152	169	370	#
630	415297	140	145	156	160	161	172	176	177	188	371	#
631	551030	144	160	161	176	177	178	179	192	193	371	#
632	545480	140	141	142	143	156	157	158	159	172	371	#
633	518740	160	161	176	177	178	179	180	192	194	371	#
634	515614	130	131	144	145	146	147	160	161	176	371	#
635	479194	160	161	176	177	178	179	192	194	210	371	#
636	50718	33	34	372	#
637	62304	34	35	372	#
638	289404	149	165	181	373	#
639	293889	149	164	165	373	#
640	197432	133	149	150	373	#
641	235217	190	191	207	223	239	374	#
642	310962	191	207	222	223	239	374	#
643	281111	191	206	207	222	223	374	#
644	226951	175	189	190	191	204	374	#
645	221398	206	207	222	223	239	374	#
646	161177	223	238	239	254	255	374	#
647	2908374	11	15	26	27	28	42	43	54	56	57	65	71	72	73	79	81	87	88	89	90	95	103	104	105	106	107	117	118	119	120	121	131	132	135	137	138	140	147	148	151	152	153	154	155	163	168	169	170	171	187	375	#
648	3538696	10	11	27	28	29	30	43	44	45	46	59	60	75	89	100	101	102	103	105	116	117	118	119	120	121	131	132	133	135	137	138	148	149	151	152	153	154	155	169	170	171	184	185	186	187	201	202	203	217	218	375	#
649	3375882	14	15	28	29	30	45	46	47	61	73	77	89	101	105	117	118	120	121	132	135	137	138	148	149	150	151	152	153	154	155	156	165	166	167	168	169	170	171	172	182	183	185	186	187	201	202	203	204	205	218	375	#
650	3356313	42	89	92	104	105	119	120	121	135	136	137	138	140	149	150	151	152	153	154	155	156	166	167	168	169	170	171	172	184	185	186	187	200	201	202	203	204	216	217	218	219	220	221	222	233	235	236	238	251	252	375	#
651	3353116	57	72	73	87	89	90	96	103	105	106	112	113	119	120	121	129	135	137	138	145	149	150	151	152	153	154	155	156	160	161	162	163	164	166	167	169	170	171	178	179	180	183	184	185	186	187	196	200	202	218	375	#
652	3346349	35	36	37	38	39	105	106	119	120	121	135	137	138	151	152	153	154	155	156	166	167	168	169	170	171	172	183	184	185	186	187	199	200	201	202	203	204	214	215	216	217	218	219	220	221	230	231	233	235	249	375	#
653	1014098	112	113	115	129	130	131	132	146	147	148	162	164	165	181	182	376	#
654	1187126	133	147	148	149	150	151	152	164	165	166	181	182	197	198	214	376	#
655	1160857	102	103	115	117	118	130	131	132	133	146	147	148	149	150	165	376	#
656	1140732	115	125	129	130	131	132	145	146	147	148	149	163	164	165	181	376	#
657	1118520	97	98	112	113	129	130	146	147	148	149	150	163	164	165	179	376	#
658	1038848	14	99	115	131	132	146	147	148	149	150	164	165	166	180	181	376	#
659	423002	17	97	113	201	202	217	218	377	#
660	534116	1	2	17	18	19	35	51	377	#
661	479629	66	82	83	97	113	128	129	377	#
662	458149	184	185	186	201	202	203	217	377	#
663	377312	97	113	114	115	128	129	130	377	#
664	363097	186	187	188	202	203	204	218	377	#
665	769778	174	175	187	189	190	191	203	204	206	219	220	221	235	378	#
666	934026	141	142	186	187	201	202	203	204	219	220	221	222	236	378	#
667	873973	202	203	204	205	206	217	219	220	221	222	233	235	236	378	#
668	778588	139	155	156	157	171	172	186	187	188	202	203	204	220	378	#
669	773288	156	157	173	174	175	189	190	191	204	205	207	221	223	378	#
670	761142	22	173	189	204	205	219	220	221	235	236	250	251	252	378	#
671	952414	0	16	17	18	19	32	48	155	156	170	171	172	185	186	187	203	204	220	236	379	#
672	1387080	13	29	42	43	44	45	46	47	59	75	173	189	203	204	220	234	235	236	251	379	#
673	1224841	108	109	123	124	125	126	138	139	140	141	147	148	155	156	158	159	171	172	174	379	#
674	1161712	5	21	22	103	118	119	134	135	168	173	189	200	201	202	203	204	216	217	220	379	#
675	1157060	104	105	120	136	151	152	154	169	170	171	184	185	186	199	200	201	202	216	217	379	#
676	1155834	139	151	155	167	170	171	172	183	184	185	186	187	200	201	202	203	204	216	217	379	#
677	1986590	4	5	6	7	8	9	10	11	12	13	21	22	23	25	26	28	29	30	36	37	38	39	41	42	53	54	55	58	74	90	237	238	239	380	#
678	2196386	3	4	5	6	7	21	22	23	26	27	30	36	37	38	42	43	44	46	47	50	51	52	53	58	60	61	62	63	74	75	76	239	255	380	#
679	2142825	9	10	25	26	41	42	43	51	58	132	147	148	163	164	165	168	169	177	178	179	180	181	182	183	184	192	193	194	195	196	197	198	211	380	#
680	2121271	4	5	6	13	14	21	29	30	36	37	38	39	42	43	44	45	46	47	58	60	61	62	63	74	75	76	77	90	91	92	106	107	122	380	#
681	2120326	9	13	14	15	25	26	29	30	31	41	42	45	46	47	58	60	61	62	74	75	76	77	78	82	83	90	94	97	98	99	114	115	179	380	#
682	2075905	13	14	29	30	43	44	45	46	47	58	60	61	62	63	74	75	76	77	78	90	91	94	95	106	107	110	111	122	123	124	125	140	141	380	#
683	398683	178	179	193	194	195	208	209	381	#
684	560449	164	178	179	180	195	211	227	381	#
685	457709	22	195	196	197	198	213	214	381	#
686	408493	177	178	179	180	193	194	195	381	#
687	337868	177	178	179	193	194	209	225	381	#
688	330720	163	177	178	179	194	195	211	381	#
689	98722	7	23	382	#
690	121099	7	8	382	#
691	1088929	26	27	41	43	58	59	60	76	103	104	118	170	186	187	188	202	203	383	#
692	1272838	26	27	28	30	42	43	44	45	46	57	58	59	60	61	62	77	78	383	#
693	1247990	101	102	103	104	105	119	120	121	122	136	163	178	179	180	195	210	211	383	#
694	1209542	11	13	26	27	28	29	39	42	43	45	46	55	56	57	58	59	74	383	#
695	1201670	13	25	26	27	28	29	42	43	44	45	56	57	58	59	60	75	178	383	#
696	1198059	8	23	24	26	27	40	41	42	43	44	54	55	56	57	58	59	229	383	#
697	646351	13	14	15	31	75	76	91	92	106	107	123	384	#
698	797238	57	58	73	89	90	91	105	106	120	122	123	384	#
699	770335	42	43	57	58	59	75	76	90	91	105	106	384	#
700	766656	11	13	14	15	28	29	30	31	45	46	145	384	#
701	765771	9	10	11	13	14	15	28	29	31	45	46	384	#
702	745740	57	72	73	89	90	91	105	106	107	122	123	384	#
703	114943	224	240	#
704	816416	165	181	182	197	213	214	228	229	230	245	385	#
705	838599	33	49	149	164	165	181	197	213	214	215	385	#
706	769979	82	97	197	213	214	215	227	228	229	245	385	#
707	760401	184	197	199	200	213	214	215	228	229	230	385	#
708	738178	30	31	46	47	63	195	196	197	213	236	385	#
709	727694	166	181	182	197	198	199	200	201	214	215	385	#
710	1426302	9	10	11	25	26	27	41	42	43	44	45	57	58	59	72	73	74	88	89	103	104	119	120	386	#
711	1772632	9	20	22	23	26	27	34	35	36	37	40	41	42	43	44	45	53	57	58	59	73	88	89	386	#
712	1609759	20	21	22	26	27	37	38	41	42	43	44	45	46	53	54	57	58	59	60	61	72	73	74	386	#
713	1603044	29	30	42	43	44	45	56	57	58	59	60	61	72	73	74	88	89	90	91	104	106	122	146	386	#
714	1602205	9	22	23	25	26	27	29	40	41	42	43	44	45	57	58	59	60	61	72	73	74	75	89	386	#
715	1589336	4	21	22	39	40	42	43	55	56	57	58	59	60	72	73	74	75	88	90	106	204	220	236	386	#
716	959742	7	8	22	23	24	32	37	38	39	40	48	56	57	64	73	80	96	112	215	387	#
717	1319952	8	9	23	24	25	26	27	40	42	43	56	57	58	59	73	75	90	91	107	387	#
718	1279581	50	56	59	60	66	71	72	73	74	75	82	83	88	89	104	105	106	107	120	387	#
719	1262079	9	10	11	24	25	26	27	40	41	42	56	57	58	73	74	88	104	120	136	387	#
720	1252852	1	2	3	4	7	19	20	21	22	23	24	35	38	40	41	50	51	56	66	387	#
721	1196471	17	18	19	20	21	22	34	35	36	37	51	53	69	213	214	230	231	247	248	387	#
722	501506	118	134	135	151	167	168	183	184	388	#
723	555724	102	104	117	118	119	120	134	135	388	#
724	554156	102	104	105	118	119	120	134	135	388	#
725	546103	119	120	121	135	151	152	217	218	388	#
726	520829	134	135	151	152	166	167	168	184	388	#
727	463457	120	135	136	151	152	166	167	168	388	#
728	422022	77	92	93	108	109	389	#
729	435234	94	109	110	111	126	389	#
730	407347	93	109	110	111	126	389	#
731	394100	76	91	92	93	107	389	#
732	367431	108	109	111	125	126	389	#
733	289108	45	60	61	77	201	389	#
734	177965	32	48	49	64	80	390	#
735	176520	48	49	64	80	96	390	#
736	1760	95	#
737	500129	42	58	59	68	74	75	76	91	391	#
738	572936	42	57	58	59	60	74	75	91	391	#
739	536196	58	59	60	61	74	75	90	91	391	#
740	532111	57	58	59	74	75	76	90	91	391	#
741	531162	56	57	58	59	60	74	75	76	391	#
742	457300	37	53	54	55	68	69	83	84	391	#
743	950539	45	46	61	62	77	78	92	93	94	110	111	162	163	179	180	392	#
744	1146952	12	13	14	29	30	45	46	47	61	62	77	78	92	93	94	392	#
745	1143708	13	14	29	30	37	45	46	61	62	77	78	93	94	110	126	392	#
746	1125534	14	26	29	30	42	45	46	47	58	61	62	77	78	93	94	392	#
747	1085706	132	145	146	147	148	162	163	164	165	178	179	180	195	196	211	392	#
748	1084638	13	29	30	45	46	47	61	65	77	78	92	93	109	125	167	392	#
749	541753	35	36	156	172	187	188	202	203	393	#
750	590794	2	18	19	35	36	37	38	53	393	#
751	565366	172	187	188	203	221	237	252	253	393	#
752	556073	202	203	219	220	235	236	252	253	393	#
753	512222	4	5	21	36	37	38	52	53	393	#
754	489727	2	19	35	51	155	156	157	172	393	#
755	563082	9	11	26	27	28	29	42	394	#
756	611483	11	12	27	28	29	43	59	394	#
757	588103	11	27	28	29	43	44	45	394	#
758	524330	11	12	28	29	30	45	46	394	#
759	510097	9	11	25	26	27	28	43	394	#
760	482809	11	12	26	27	28	42	43	394	#
761	1718832	2	13	14	27	29	30	31	42	43	44	45	46	47	58	59	60	61	74	75	117	118	395	#
762	1618320	42	43	44	45	46	58	59	60	61	62	74	75	88	89	90	91	104	105	106	107	120	395	#
763	1585801	43	44	58	59	60	73	74	75	76	89	90	105	106	107	120	121	122	123	138	154	205	395	#
764	1562279	13	25	26	27	28	29	42	43	44	45	46	58	59	60	61	74	75	76	90	91	107	395	#
765	1542071	25	26	27	41	42	43	44	56	57	58	59	60	72	73	74	75	88	89	91	104	107	395	#
766	1527927	13	14	29	30	31	42	43	44	45	46	47	58	59	60	61	63	74	75	76	91	107	395	#
767	145825	36	94	95	396	#
768	175067	94	110	111	396	#
769	129395	20	35	36	396	#
770	609664	79	95	132	178	179	186	193	194	200	201	202	210	224	225	226	240	397	#
771	898627	161	177	192	193	194	208	209	224	226	230	240	241	242	243	245	246	397	#
772	886150	147	163	164	176	177	180	192	193	194	196	197	208	209	210	213	226	397	#
773	870844	137	152	153	168	169	184	185	186	198	199	200	201	202	216	218	234	397	#
774	839179	129	145	161	162	164	176	177	178	179	180	192	193	194	208	210	224	397	#
775	830121	184	186	187	198	199	200	201	202	203	214	215	216	217	218	231	232	397	#
776	455966	105	119	120	121	136	152	398	#
777	565425	88	104	105	120	121	136	398	#
778	535971	105	119	120	121	122	136	398	#
779	475876	104	105	106	119	120	135	398	#
780	447147	89	105	119	120	121	122	398	#
781	428715	68	84	105	120	121	136	398	#
782	1131907	0	1	2	3	4	5	16	17	18	19	20	21	32	33	34	35	36	37	48	216	232	250	251	252	399	#
783	1588174	165	166	182	198	199	200	212	215	228	229	230	231	232	233	236	245	246	248	249	250	251	252	253	254	399	#
784	1572528	2	3	4	5	18	19	20	21	34	35	37	38	53	54	55	68	69	70	71	181	182	196	197	198	399	#
785	1562452	2	3	4	5	6	18	19	20	21	22	35	36	37	38	50	51	53	66	68	69	70	71	83	84	399	#
786	1526155	23	32	48	49	64	65	80	91	92	104	105	106	107	108	119	120	121	122	123	124	125	140	141	156	399	#
787	1497952	2	3	4	5	6	18	19	20	21	34	35	36	37	38	50	51	53	68	69	70	83	84	85	86	399	#
788	61798	14	#
789	804874	42	55	56	57	58	62	72	73	74	75	89	90	91	400	#
790	1027741	53	54	55	56	57	58	59	60	69	71	72	73	74	400	#
791	906066	0	23	26	40	42	56	57	58	59	71	72	73	74	400	#
792	900336	23	40	54	55	56	69	70	71	72	85	88	89	105	400	#
793	848917	39	40	54	55	56	57	69	70	71	72	73	89	90	400	#
794	842896	45	57	59	60	61	72	73	74	75	77	88	90	91	400	#
795	67795	165	#
796	518635	204	205	207	221	222	223	235	236	238	239	252	253	254	255	401	#
797	686031	57	58	59	185	186	187	202	203	218	219	220	234	235	236	401	#
798	650115	140	156	157	173	189	190	191	205	207	221	223	239	254	255	401	#
799	592752	187	188	189	190	202	203	204	205	218	219	220	234	235	236	401	#
800	579960	190	191	204	205	207	221	222	223	236	238	239	252	253	254	401	#
801	538844	0	1	16	17	32	48	189	204	205	219	220	221	234	235	401	#
802	629053	103	104	105	120	121	136	230	231	232	402	#
803	758524	88	104	120	121	122	138	154	170	171	402	#
804	710281	57	73	83	89	90	106	120	121	122	402	#
805	696153	134	135	198	213	214	229	230	231	246	402	#
806	686795	7	8	74	90	105	106	120	121	122	402	#
807	638312	88	89	90	104	105	106	119	120	121	402	#
808	87742	138	#
809	167798	111	125	126	141	403	#
810	243875	125	126	141	158	403	#
811	177404	94	95	111	126	403	#
812	35260	237	238	404	#
813	8637	238	249	404	#
814	995178	126	127	141	142	157	158	173	174	175	189	190	191	204	205	206	207	220	405	#
815	1152580	54	68	69	83	84	85	86	173	174	175	189	190	191	204	205	206	220	405	#
816	1149728	77	78	93	94	108	109	110	124	125	126	127	140	141	142	143	158	174	405	#
817	1114665	126	127	140	141	142	157	158	173	174	175	189	190	191	204	205	206	222	405	#
818	1102988	77	93	94	108	109	110	111	125	126	127	142	158	173	174	175	239	254	405	#
819	1056087	108	110	124	125	126	127	139	140	141	142	157	158	173	174	175	191	247	405	#
820	61422	174	190	406	#
821	56981	174	175	406	#
822	1547765	108	109	110	121	125	126	127	138	139	140	141	142	143	155	156	157	158	159	172	174	175	407	#
823	1663073	15	30	31	46	108	109	111	123	124	125	126	127	139	141	142	143	158	159	174	175	191	407	#
824	1612345	83	94	108	109	110	111	124	125	126	127	131	132	133	141	142	143	158	159	174	175	191	407	#
825	1576720	15	21	30	31	47	77	92	93	108	109	124	125	140	141	142	143	155	156	158	212	228	407	#
826	1567744	93	108	109	110	111	123	124	125	126	127	139	141	142	143	158	159	173	174	175	191	207	407	#
827	1564060	93	108	109	125	126	127	139	140	141	142	143	155	156	157	158	159	172	173	174	175	191	407	#
828	194791	194	195	210	211	212	408	#
829	289881	179	193	194	195	210	408	#
830	273240	195	211	212	227	228	408	#
831	223602	54	70	211	227	243	408	#
832	205454	163	179	180	194	210	408	#
833	265146	48	49	64	65	80	81	409	#
834	287772	32	48	49	50	65	81	409	#
835	265905	49	65	81	182	198	255	409	#
836	242640	48	49	64	80	96	97	409	#
837	1549668	170	171	178	179	185	186	192	193	194	197	198	199	200	201	202	203	210	218	219	220	221	235	236	410	#
838	1647755	151	152	155	169	170	171	181	184	185	186	187	195	196	197	198	199	200	201	202	203	204	213	214	410	#
839	1505051	176	177	184	185	186	192	193	194	199	200	201	202	203	204	208	209	210	218	222	225	226	241	242	410	#
840	1480106	121	138	152	154	155	156	157	169	170	171	172	184	185	186	187	188	197	198	199	200	201	202	203	410	#
841	1474185	7	149	150	151	152	165	166	167	181	182	183	184	197	198	199	200	213	214	215	229	230	231	246	410	#
842	1466739	154	155	167	170	171	172	184	185	186	189	200	201	202	203	204	207	219	220	221	228	235	236	237	410	#
843	18487	224	#
844	378705	9	25	26	27	41	411	#
845	399750	11	25	26	27	28	411	#
846	363522	1	25	26	27	42	411	#
847	345369	9	25	26	41	42	411	#
848	301700	22	23	40	41	56	411	#
849	279404	10	11	12	27	28	411	#
850	583910	77	78	93	108	109	110	126	412	#
851	629603	108	109	124	125	126	127	141	412	#
852	566541	77	93	108	109	110	125	126	412	#
853	541709	108	109	110	111	125	126	127	412	#
854	509567	85	108	110	111	125	126	127	412	#
855	492352	78	94	109	110	125	126	127	412	#
856	96927	95	111	#
857	269414	169	176	184	185	413	#
858	282326	176	177	178	192	413	#
859	278089	168	169	184	185	413	#
860	240184	185	186	187	202	413	#
861	238824	22	169	170	185	413	#
862	382959	102	103	104	118	414	#
863	313037	103	104	119	120	414	#
864	312851	102	117	118	134	414	#
865	272695	104	105	119	120	414	#
866	223950	190	191	205	206	415	#
867	319544	175	190	191	206	415	#
868	185144	189	190	204	205	415	#
869	169281	189	190	205	206	415	#
870	422349	31	46	47	61	62	63	78	79	95	416	#
871	556064	11	12	13	14	15	28	29	30	31	416	#
872	552390	29	30	31	46	47	60	61	62	78	416	#
873	454077	14	15	30	31	45	46	47	61	62	416	#
874	438851	28	29	30	31	46	47	63	79	95	416	#
875	419299	30	46	61	62	77	78	93	94	109	416	#
876	533978	73	90	103	104	105	106	120	136	137	153	417	#
877	629981	136	137	138	151	153	167	169	182	183	184	417	#
878	629452	89	103	104	105	106	117	118	119	120	133	417	#
879	627723	101	102	103	104	105	106	107	119	120	122	417	#
880	627255	103	104	113	114	117	118	119	128	129	145	417	#
881	601316	86	87	89	102	103	104	105	106	118	120	417	#
882	1414900	14	30	47	56	57	63	72	73	76	79	90	91	92	93	94	95	105	106	120	121	171	185	186	187	418	#
883	1813783	53	54	55	56	57	68	69	84	85	90	91	92	93	105	106	119	120	121	122	134	135	136	137	151	418	#
884	1768421	56	57	73	75	76	90	91	92	93	105	106	107	108	120	121	122	123	124	125	135	136	137	139	141	418	#
885	1688124	49	50	51	59	60	66	67	68	69	73	74	76	82	84	90	91	92	93	106	107	123	124	139	155	418	#
886	1667252	28	29	30	45	60	61	62	75	76	77	78	91	92	93	107	108	109	122	123	124	125	126	142	158	418	#
887	1617374	50	51	57	66	67	73	74	75	76	82	83	86	87	88	89	90	91	92	93	94	97	106	107	109	418	#
888	826792	2	18	19	35	51	67	82	83	84	138	139	140	419	#
889	1013615	2	3	17	18	19	20	35	50	51	52	53	67	419	#
890	875398	56	57	73	88	104	120	121	136	137	138	139	140	419	#
891	857886	1	2	3	18	19	35	173	189	190	204	205	221	419	#
892	833373	52	53	67	69	70	83	84	85	86	138	139	140	419	#
893	793009	19	34	35	36	37	50	51	52	53	67	68	84	419	#
894	1614002	0	1	16	17	18	19	32	33	48	49	133	141	149	150	165	166	167	180	181	182	196	197	224	243	244	420	#
895	1814769	88	100	102	103	104	105	116	117	118	132	133	144	149	150	160	165	166	167	176	181	182	198	199	214	215	420	#
896	1768836	108	109	110	125	126	133	149	150	166	167	168	182	184	185	198	199	200	201	214	215	217	230	231	232	249	420	#
897	1692191	106	107	108	122	123	124	125	139	140	141	142	155	156	157	171	172	207	222	223	230	239	245	246	254	255	420	#
898	1678841	12	13	27	28	29	36	37	38	45	146	147	149	163	165	178	179	180	181	193	194	195	196	197	210	211	420	#
899	1658667	166	179	181	182	194	195	197	198	199	211	212	214	215	224	225	226	228	229	230	231	242	243	244	245	246	420	#
900	1928378	0	1	2	3	4	16	17	21	32	51	135	136	151	152	153	154	167	169	171	176	177	192	193	194	195	208	209	210	211	224	225	226	227	240	241	242	243	244	421	#
901	2481256	56	57	58	71	72	73	74	88	89	90	104	105	106	107	120	121	122	123	136	137	138	139	150	151	152	154	163	164	166	169	170	171	184	185	186	187	201	203	421	#
902	2453794	14	17	30	56	57	58	72	73	89	90	91	104	105	106	107	120	121	122	123	135	136	137	138	139	150	151	152	153	154	155	166	167	169	171	172	185	187	188	421	#
903	2359616	120	121	133	136	137	138	149	150	151	152	153	154	165	166	167	169	170	184	185	186	187	188	199	200	201	214	215	216	217	230	231	232	233	246	247	248	249	250	421	#
904	2338146	56	57	58	73	74	89	90	104	105	184	185	192	193	199	200	201	208	209	210	211	215	216	224	225	226	227	229	230	231	232	241	242	243	244	245	246	247	248	421	#
905	2329600	44	60	76	103	104	105	120	121	124	125	137	138	139	184	185	189	190	191	192	193	194	195	200	201	202	207	208	209	210	211	224	226	227	242	243	244	245	246	421	#
906	278543	4	5	6	21	189	205	422	#
907	365165	85	173	174	189	190	204	422	#
908	307816	4	5	21	22	36	37	422	#
909	305314	6	7	8	22	38	61	422	#
910	298638	173	189	190	204	205	206	422	#
911	298435	4	5	21	22	212	228	422	#
912	33255	110	111	#
913	1569872	48	64	65	80	81	96	97	102	112	118	128	129	130	133	146	147	148	149	163	164	165	423	#
914	1630522	133	134	146	147	148	149	150	163	164	165	179	180	194	195	204	210	211	219	220	221	235	423	#
915	1530576	2	3	4	17	18	19	32	33	34	35	36	37	49	51	52	53	65	67	68	80	81	423	#
916	1453127	102	103	104	105	117	118	119	120	131	132	133	134	135	146	147	148	149	150	164	165	181	423	#
917	1442961	19	20	53	112	113	114	128	129	130	146	147	148	163	164	165	177	179	180	193	194	195	423	#
918	1429134	14	147	148	161	162	163	164	165	177	178	179	180	181	182	193	194	195	197	198	210	211	423	#
919	214553	213	214	229	424	#
920	203231	212	228	229	424	#
921	171835	213	228	229	424	#
922	134548	4	#
923	179381	187	203	#
924	874277	126	141	142	143	156	157	159	172	173	174	175	191	425	#
925	894202	89	104	105	121	122	137	138	139	155	157	173	174	425	#
926	781307	3	123	139	140	156	157	171	172	173	174	187	188	425	#
927	776574	159	173	174	175	189	191	204	205	207	223	239	255	425	#
928	756102	138	139	140	156	157	159	173	174	175	190	191	207	425	#
929	741734	138	139	140	156	157	159	174	175	232	247	248	249	425	#
930	812079	74	90	91	107	197	213	214	228	229	230	246	426	#
931	872274	198	199	200	213	214	215	216	228	229	230	246	426	#
932	851777	197	198	199	213	214	215	229	230	231	232	246	426	#
933	786270	181	197	198	212	213	214	228	229	230	245	246	426	#
934	779831	182	197	198	213	214	215	229	230	231	232	246	426	#
935	763216	86	87	88	89	90	91	105	106	107	121	122	426	#
936	741051	5	6	7	8	21	22	23	24	40	56	224	225	240	247	427	#
937	1053764	197	198	199	200	213	214	215	229	230	231	245	246	247	248	427	#
938	955251	3	4	5	6	7	8	9	23	24	25	26	40	41	107	427	#
939	820453	5	6	7	8	22	23	24	26	39	40	41	55	56	57	427	#
940	807748	4	5	6	7	8	9	21	23	24	26	40	41	55	56	427	#
941	806842	5	6	7	8	9	22	23	24	26	40	41	55	56	71	427	#
942	398973	26	40	41	42	43	428	#
943	389566	26	40	41	42	236	428	#
944	339711	8	24	40	41	129	428	#
945	335752	24	26	40	41	42	428	#
946	293745	42	43	58	59	60	428	#
947	263444	27	43	44	48	59	428	#
948	924178	131	147	149	164	165	166	167	180	181	182	183	184	429	#
949	988692	131	147	148	149	164	165	180	181	197	198	213	214	429	#
950	971404	165	166	167	168	181	182	183	184	196	197	213	214	429	#
951	899295	154	165	171	181	182	183	184	196	197	213	214	230	429	#
952	898810	164	165	166	167	168	182	183	184	198	201	213	214	429	#
953	876053	146	147	148	149	161	162	164	165	180	196	197	198	429	#
954	394717	49	50	51	52	67	68	430	#
955	457995	50	51	66	67	68	83	430	#
956	430878	50	51	52	66	67	83	430	#
957	429829	48	49	50	51	65	66	430	#
958	424720	49	50	51	52	65	67	430	#
959	297111	67	68	69	83	84	198	430	#
960	3300015	8	9	10	11	12	13	14	15	27	28	29	30	31	42	43	44	45	46	47	58	59	60	61	62	75	76	77	78	91	92	106	107	120	122	123	135	136	139	184	186	199	200	201	202	203	214	215	217	219	231	232	246	247	248	249	250	431	#
961	3694620	11	26	27	28	29	43	44	45	46	47	58	59	60	61	62	75	76	77	78	86	91	92	93	95	101	102	103	105	106	107	108	109	110	111	118	119	120	121	122	123	125	126	127	134	135	136	137	138	143	154	184	185	199	215	231	232	431	#
962	3651835	72	73	85	86	88	89	101	102	103	104	105	106	107	118	119	120	121	122	123	124	133	134	135	136	137	138	139	150	151	153	155	166	167	168	182	183	184	185	195	196	197	198	213	214	215	229	230	231	232	235	246	247	248	249	250	251	431	#
963	3592887	127	142	143	150	151	157	158	164	165	166	167	168	170	180	181	182	183	184	185	186	196	197	198	199	200	201	202	203	205	212	213	214	215	217	218	220	221	227	228	229	230	231	232	233	234	235	236	237	244	245	248	249	250	251	253	254	431	#
964	3579269	2	19	20	35	36	38	49	50	51	52	53	54	65	66	67	68	69	71	72	82	83	84	85	86	87	97	98	99	102	103	104	105	106	116	117	118	119	120	122	133	197	198	199	213	214	215	217	230	231	232	235	247	248	249	250	251	431	#
965	3578815	103	119	121	122	135	136	137	138	151	152	153	166	167	168	169	170	179	180	181	182	183	184	185	186	187	195	196	197	198	199	200	201	202	203	211	212	213	214	215	217	218	220	228	229	230	231	232	233	234	235	246	247	248	249	250	251	431	#
966	213730	48	49	64	80	96	432	#
967	318912	48	49	64	65	196	432	#
968	308082	48	49	50	64	80	432	#
969	274363	48	49	64	80	81	432	#
970	194304	82	96	97	112	114	432	#
971	1606094	118	132	133	134	145	146	147	148	149	163	164	165	166	180	181	182	183	197	198	213	234	433	#
972	1720217	133	134	135	148	149	150	151	152	163	165	166	167	169	180	181	182	183	196	197	198	199	433	#
973	1683454	118	121	122	123	134	135	150	151	163	165	166	167	180	182	183	195	196	197	198	199	215	433	#
974	1605343	91	107	121	122	123	137	138	139	154	163	165	166	171	180	181	182	196	197	198	199	213	433	#
975	1587380	31	101	117	118	130	131	132	133	134	148	149	150	165	166	181	182	183	196	197	198	213	433	#
976	1576281	101	102	115	116	117	118	131	132	133	134	135	147	148	149	150	163	166	167	182	197	198	433	#
977	198653	164	180	434	#
978	115231	180	196	434	#
979	541399	93	94	109	110	124	125	141	142	158	435	#
980	722621	45	61	77	92	93	94	110	178	179	435	#
981	577774	44	45	61	76	77	92	93	94	95	435	#
982	576581	77	93	94	108	109	124	125	126	142	435	#
983	566629	77	91	92	93	94	110	111	126	127	435	#
984	564805	77	93	108	109	110	111	124	125	126	435	#
985	17002	79	94	95	436	#
986	19043	89	94	95	436	#
987	231159	79	94	95	110	437	#
988	273343	78	94	110	126	437	#
989	254231	94	95	110	126	437	#
990	217866	31	47	63	79	437	#
991	192962	79	88	95	104	437	#
992	930344	103	104	105	118	119	120	121	135	136	138	139	152	438	#
993	1127820	88	103	104	105	118	120	121	135	136	137	138	151	438	#
994	982538	105	107	120	121	123	124	134	135	136	137	138	139	438	#
995	956556	86	87	88	103	104	105	106	107	112	120	121	122	438	#
996	911889	88	103	104	105	118	119	120	133	135	136	137	151	438	#
997	907360	71	87	103	104	105	117	118	120	121	136	137	190	438	#
998	334458	11	12	28	29	439	#
999	355465	12	28	182	183	439	#
1000	331128	11	12	27	28	439	#
