%% File generated by CATS v.2.1Wed Jun 19 19:17:34 2013

%% The CATS webpage is http://robotics.stanford.edu/CATS

%% PARAMETER SETTINGS:
% Goods: 256; Bids: 1000; Distribution: regions; Runs: 50; Seed: 1371664596
% Regions Distribution Parameters:
% Max Substitutable Bids = 5
% Removing HV Neighbor   = 0.1
% Adding DIAG Neighbor   = 0.2
% Additional Location    = 0.9
% Jump Probability       = 0.05
% Additivity             = 0.2
% Budget Factor          = 1.5
% Resale Factor          = 0.5
% Uniform Private Value:
%   Deviation            = 0.5
%   Max Good Value       = 100



goods 256
bids 1002
dummy 186

0	371353	11	12	27	28	44	45	256	#
1	453870	25	29	43	44	45	61	256	#
2	411452	10	11	27	28	29	45	256	#
3	405731	12	27	28	43	44	45	256	#
4	397988	10	11	27	28	43	59	256	#
5	389883	9	10	11	12	28	151	256	#
6	268514	141	156	157	172	257	#
7	369515	156	172	173	188	257	#
8	334024	141	156	172	209	257	#
9	231541	141	156	157	158	257	#
10	216074	140	141	142	156	257	#
11	1448985	52	53	69	70	71	84	85	86	87	88	89	90	91	100	104	105	107	120	121	135	136	137	138	195	196	258	#
12	1813487	6	17	18	21	22	33	34	35	37	49	50	51	52	53	64	65	66	67	69	70	83	84	85	86	189	258	#
13	1756185	21	34	35	37	50	51	52	53	69	70	81	83	84	85	86	98	99	100	101	114	115	117	133	149	233	258	#
14	1719269	10	11	17	18	21	22	33	34	35	36	37	38	49	51	52	53	54	67	69	70	83	84	85	86	99	258	#
15	1660272	21	22	23	24	25	26	34	35	36	37	38	39	40	41	51	52	53	55	56	69	71	84	85	182	183	258	#
16	1659546	1	2	3	4	19	21	24	36	37	38	39	40	51	52	53	69	83	84	85	86	93	94	100	109	156	258	#
17	1189468	3	4	5	18	19	20	21	22	24	25	34	35	36	38	39	40	41	259	#
18	1461994	7	18	19	20	21	22	32	33	34	35	36	38	39	48	49	50	54	259	#
19	1376405	3	5	7	18	19	20	21	22	32	35	36	38	48	49	54	69	70	259	#
20	1292097	2	3	4	5	18	19	20	21	34	35	36	37	38	48	49	50	51	259	#
21	1287618	1	2	3	5	6	7	18	19	20	21	22	34	35	36	38	50	53	259	#
22	1275133	18	19	20	32	33	34	35	48	49	50	51	64	65	66	81	82	97	259	#
23	245922	6	7	22	23	39	260	#
24	227521	6	7	20	21	22	260	#
25	218585	5	7	21	22	37	260	#
26	213017	5	6	21	22	38	260	#
27	177822	7	23	#
28	490549	118	134	135	136	151	166	167	261	#
29	570420	135	151	152	167	183	184	199	261	#
30	527324	119	120	133	134	135	136	150	261	#
31	524249	15	133	134	135	151	167	183	261	#
32	504446	134	150	151	166	167	183	184	261	#
33	491200	134	135	149	150	151	166	182	261	#
34	528220	213	214	228	229	230	231	244	247	262	#
35	685915	199	214	215	216	230	231	232	233	262	#
36	632448	213	229	230	231	232	233	247	248	262	#
37	586261	200	216	217	218	231	232	247	248	262	#
38	531254	103	165	181	182	198	214	215	216	262	#
39	526118	211	215	227	228	229	230	231	247	262	#
40	744580	64	65	80	81	97	98	107	112	113	114	203	263	#
41	883391	81	82	97	98	112	113	114	129	189	204	205	263	#
42	825114	170	171	184	185	186	187	202	203	217	218	233	263	#
43	763925	96	97	98	112	113	128	129	144	145	160	161	263	#
44	745244	49	50	51	64	65	66	67	80	81	82	97	263	#
45	742347	81	82	96	97	98	99	112	113	128	129	145	263	#
46	153298	55	56	264	#
47	187404	39	55	264	#
48	105832	83	84	265	#
49	114618	84	85	265	#
50	166338	82	83	#
51	116096	251	#
52	1184799	56	71	72	88	104	105	167	180	181	182	183	195	196	197	198	211	212	213	229	266	#
53	1233906	148	165	181	182	183	195	197	198	199	211	212	213	215	216	229	230	232	245	246	266	#
54	1221129	165	166	167	180	181	182	183	195	196	197	198	212	213	229	230	231	232	246	247	266	#
55	1219605	41	54	56	57	69	70	71	72	73	75	85	86	87	88	89	90	104	105	137	266	#
56	1194446	14	15	31	135	149	151	152	165	166	167	180	181	182	195	196	197	198	211	212	266	#
57	1171043	6	22	38	54	61	71	180	182	183	195	196	197	198	211	212	213	229	230	251	266	#
58	1288531	4	5	21	37	38	63	76	78	79	94	95	110	111	119	120	125	136	137	141	155	156	202	218	267	#
59	1610226	4	5	17	18	21	31	34	35	36	37	38	49	50	51	54	66	67	69	98	99	115	130	131	267	#
60	1582033	11	27	28	43	44	46	47	60	61	62	63	76	77	78	79	89	90	91	92	93	94	95	106	267	#
61	1560541	57	73	74	88	89	90	92	104	105	106	108	109	114	119	120	121	125	136	137	140	141	156	172	267	#
62	1509814	3	4	5	18	19	20	21	34	35	37	38	39	40	50	51	54	56	62	115	131	132	148	164	267	#
63	1509469	30	46	60	61	76	77	78	92	93	94	103	108	117	174	175	189	205	206	221	222	231	232	247	267	#
64	132211	207	223	268	#
65	105388	191	207	268	#
66	611167	49	50	51	67	82	83	97	98	99	269	#
67	690743	49	50	51	67	82	83	84	99	100	269	#
68	647778	50	51	67	68	69	83	84	99	100	269	#
69	609586	35	50	51	67	83	98	99	114	115	269	#
70	605424	51	67	68	82	83	84	85	99	100	269	#
71	579851	97	98	99	114	115	116	130	131	255	269	#
72	141617	165	181	182	270	#
73	165838	181	182	183	270	#
74	66664	57	217	232	#
75	100470	52	68	#
76	371857	113	199	200	215	216	271	#
77	463950	214	215	216	217	230	271	#
78	439264	199	200	201	215	216	271	#
79	393153	199	200	201	216	217	271	#
80	293333	97	113	114	115	116	271	#
81	1369901	174	175	188	189	190	191	204	205	206	207	221	222	223	238	239	254	255	272	#
82	1554655	172	175	186	187	188	189	190	191	203	204	205	206	207	221	222	223	238	272	#
83	1547910	172	187	188	189	190	191	202	203	204	205	206	207	221	222	223	238	239	272	#
84	1482875	16	17	32	172	187	188	189	190	191	204	205	221	222	223	237	238	254	272	#
85	1480065	19	35	175	189	190	191	204	205	206	207	221	222	223	238	239	254	255	272	#
86	1406172	174	190	191	199	206	207	214	215	221	222	223	231	238	246	247	254	255	272	#
87	160903	0	16	273	#
88	161111	16	32	273	#
89	912487	27	28	43	44	45	46	59	60	61	62	63	77	274	#
90	987005	28	29	43	44	45	46	61	62	63	77	252	253	274	#
91	931334	11	16	28	29	43	44	45	46	59	60	61	62	274	#
92	898137	43	59	60	61	75	77	78	90	91	92	106	107	274	#
93	893242	27	43	44	45	46	47	59	60	61	62	63	77	274	#
94	890745	44	46	59	60	61	62	63	77	79	94	95	111	274	#
95	702279	63	79	93	94	95	109	110	111	126	127	142	143	159	175	275	#
96	1002687	93	94	97	109	110	124	125	126	127	140	156	172	190	206	275	#
97	950610	47	61	63	77	78	79	93	95	110	111	185	186	201	214	275	#
98	924191	79	93	94	95	109	110	111	189	190	228	229	242	243	244	275	#
99	893047	45	46	47	60	61	62	63	77	78	79	93	95	110	111	275	#
100	876902	1	63	79	93	94	95	110	126	169	170	171	185	186	201	275	#
101	1456086	86	89	92	93	94	101	102	103	104	105	107	108	119	120	121	122	123	137	138	151	152	153	210	276	#
102	1802312	16	32	48	64	68	83	84	85	86	87	99	100	101	102	103	104	116	119	120	121	137	138	153	276	#
103	1716330	18	34	50	53	54	55	56	68	69	70	71	72	84	85	86	87	100	101	102	103	119	135	226	276	#
104	1711751	29	45	47	63	79	94	95	109	125	126	140	141	156	157	172	173	174	175	188	189	190	204	205	276	#
105	1623637	38	51	54	55	67	68	69	70	83	84	85	86	87	90	100	101	102	103	104	118	119	120	135	276	#
106	1615621	39	54	55	56	71	72	73	84	85	87	89	90	100	101	102	103	104	105	118	119	120	121	150	276	#
107	92671	205	#
108	1149283	149	164	165	192	193	194	195	208	209	210	211	212	213	224	225	226	227	240	241	242	277	#
109	1444574	87	104	119	120	132	135	136	148	149	151	177	178	193	194	195	196	210	211	212	227	277	#
110	1385843	130	146	147	162	176	177	178	193	194	195	208	209	210	211	224	225	226	227	242	243	277	#
111	1345321	6	7	22	38	177	178	193	194	195	208	209	210	211	224	225	226	227	240	241	242	277	#
112	1322371	104	163	178	179	195	210	211	212	214	215	216	217	227	230	231	232	233	234	246	247	277	#
113	1319855	180	194	195	196	197	198	211	212	213	214	216	217	227	229	230	231	232	233	246	249	277	#
114	664785	7	23	94	95	109	110	111	126	127	142	278	#
115	800650	92	93	94	95	109	110	111	125	126	142	278	#
116	744596	77	79	92	93	94	95	109	111	127	142	278	#
117	739083	77	93	94	108	109	110	111	125	126	127	278	#
118	685280	60	77	78	79	93	94	95	111	127	142	278	#
119	648566	94	95	109	110	123	126	127	142	158	159	278	#
120	607178	52	54	68	69	84	85	99	100	101	102	279	#
121	740038	99	100	114	115	116	117	129	130	132	145	279	#
122	720504	38	53	54	68	69	70	84	85	100	101	279	#
123	692579	68	69	84	85	99	100	101	116	117	133	279	#
124	682272	52	89	101	102	103	117	199	215	231	232	279	#
125	669123	13	14	15	53	54	68	69	70	84	85	279	#
126	291694	156	162	186	202	280	#
127	280046	146	162	178	179	280	#
128	201927	170	185	186	202	280	#
129	176246	187	202	203	218	280	#
130	63735	68	#
131	144236	43	59	281	#
132	131566	28	43	281	#
133	796566	162	163	175	178	190	191	206	207	221	222	223	282	#
134	897414	39	56	57	72	87	88	103	206	221	222	238	282	#
135	817221	177	178	179	192	193	194	195	196	197	209	225	282	#
136	814179	174	175	189	190	191	205	206	207	221	222	223	282	#
137	812822	175	190	191	204	205	206	207	221	222	223	238	282	#
138	812738	158	174	189	190	191	205	206	207	221	222	223	282	#
139	683411	0	1	2	3	16	17	18	32	34	48	64	65	283	#
140	810252	32	48	49	65	81	96	97	98	99	100	116	176	283	#
141	749668	16	17	32	33	48	64	65	66	80	82	83	99	283	#
142	710435	0	16	17	32	33	34	48	50	51	52	64	66	283	#
143	705271	0	16	17	32	33	48	64	65	66	80	82	98	283	#
144	674337	0	1	2	3	4	16	17	18	32	34	48	64	283	#
145	1039342	92	107	108	109	124	125	200	217	218	233	234	248	249	250	284	#
146	1181169	73	74	90	91	92	105	106	107	108	109	121	123	124	125	284	#
147	1166656	73	89	90	92	105	106	107	108	109	121	122	123	124	125	284	#
148	1094877	12	13	184	185	199	200	202	216	217	218	219	233	234	250	284	#
149	1084306	89	90	91	92	105	106	107	108	121	122	123	124	125	138	284	#
150	1060223	184	186	199	200	201	202	216	217	218	219	233	234	245	246	284	#
151	734049	20	36	37	52	53	67	68	69	84	85	86	285	#
152	907575	52	53	54	55	68	69	84	85	86	87	100	285	#
153	840814	54	55	68	69	84	85	86	87	88	100	101	285	#
154	838771	36	53	55	68	69	70	71	84	85	86	87	285	#
155	797594	4	5	20	36	52	53	54	68	69	84	86	285	#
156	791383	36	37	53	68	69	70	84	85	86	100	101	285	#
157	509356	0	16	17	32	33	48	49	286	#
158	601270	16	17	18	32	33	34	49	286	#
159	569030	0	16	17	32	33	49	171	286	#
160	536885	16	17	32	33	34	48	49	286	#
161	517821	16	32	33	48	49	193	194	286	#
162	465995	16	17	18	33	34	57	58	286	#
163	89832	218	234	287	#
164	117287	202	218	287	#
165	101420	234	250	287	#
166	544298	172	173	186	187	188	203	288	#
167	575134	172	173	187	188	189	190	288	#
168	490707	186	187	188	189	202	203	288	#
169	469345	155	171	172	173	187	188	288	#
170	451759	140	141	157	173	198	214	288	#
171	420692	170	186	202	203	218	219	288	#
172	1241262	86	89	101	102	103	104	105	117	118	119	120	132	133	134	136	147	148	149	150	163	164	289	#
173	1616797	17	33	48	49	65	66	69	70	86	87	102	103	104	118	133	134	175	191	207	239	255	289	#
174	1616584	43	59	72	75	89	90	91	92	103	104	105	106	107	119	120	121	122	123	136	137	153	289	#
175	1602932	85	86	87	101	102	103	104	118	119	121	134	136	137	153	154	168	170	190	191	207	223	289	#
176	1563525	6	22	38	54	69	70	86	91	104	106	107	120	121	122	123	137	153	176	177	178	229	289	#
177	1482252	70	71	72	86	87	88	89	101	102	117	118	132	133	134	144	145	146	147	148	162	163	289	#
178	946423	27	43	64	89	105	106	107	120	134	135	136	151	290	#
179	938168	72	87	88	89	103	104	105	106	107	108	120	125	290	#
180	891671	119	120	121	134	135	136	137	138	139	140	149	150	290	#
181	885570	17	32	33	48	49	64	65	66	80	81	82	97	290	#
182	848945	75	90	92	106	107	108	122	123	138	139	140	155	290	#
183	844637	102	105	106	118	119	120	121	135	136	150	151	153	290	#
184	701098	190	191	205	206	207	222	223	238	291	#
185	812199	172	173	190	191	205	206	207	223	291	#
186	726454	158	174	190	191	205	206	207	223	291	#
187	722266	174	190	191	205	206	207	223	239	291	#
188	708899	190	191	203	204	205	206	207	220	291	#
189	676087	156	172	173	174	190	191	206	207	291	#
190	277890	193	208	209	292	#
191	324974	208	209	224	292	#
192	255248	192	208	224	292	#
193	711427	91	92	93	107	108	123	138	139	140	141	156	293	#
194	854511	59	60	77	91	92	93	107	108	237	252	253	293	#
195	786808	91	92	93	107	108	121	122	123	124	125	141	293	#
196	742812	28	29	30	31	46	121	122	137	138	139	153	293	#
197	738675	71	87	92	103	107	108	121	122	123	138	139	293	#
198	727524	34	50	51	65	66	80	81	82	83	98	139	293	#
199	1848516	153	167	168	183	185	199	200	201	215	216	217	218	219	220	229	230	231	232	233	234	236	247	248	249	250	294	#
200	2080317	53	68	168	169	182	183	184	185	199	200	201	215	216	217	218	230	231	232	233	234	245	246	247	248	249	294	#
201	2000259	149	167	168	182	183	184	185	199	200	201	204	215	216	217	218	219	220	230	231	232	233	234	245	248	249	294	#
202	1961641	169	170	183	185	199	200	201	214	215	216	217	218	229	230	231	232	233	234	245	246	247	248	249	250	251	294	#
203	1955500	135	151	167	182	183	199	200	215	216	217	218	219	228	229	230	231	232	233	234	245	246	247	248	249	250	294	#
204	1933814	169	185	199	200	201	202	203	204	205	215	216	217	218	219	220	231	232	233	234	235	236	248	249	250	251	294	#
205	1028023	180	195	196	197	198	208	209	210	211	212	213	228	236	237	244	245	295	#
206	1067764	195	196	197	209	210	211	212	213	226	228	229	230	231	244	245	246	295	#
207	1027285	180	194	195	196	197	198	210	211	212	213	228	229	230	244	245	246	295	#
208	1021039	82	98	99	115	120	123	124	136	152	194	208	209	210	211	224	225	295	#
209	999622	177	180	192	193	194	195	196	208	209	210	211	212	224	225	227	228	295	#
210	995155	210	212	214	226	227	228	229	230	231	241	242	243	244	245	246	247	295	#
211	323899	112	172	188	204	296	#
212	313175	140	156	172	188	296	#
213	310828	96	97	112	113	296	#
214	307315	188	204	220	236	296	#
215	273862	157	172	173	188	296	#
216	338525	25	42	94	110	297	#
217	303017	94	95	110	111	297	#
218	272056	94	110	126	127	297	#
219	245557	25	26	42	58	297	#
220	830762	101	116	117	118	131	132	133	134	135	149	150	165	166	182	298	#
221	1024765	118	133	134	135	146	147	148	149	151	162	163	164	221	222	298	#
222	940299	101	114	115	116	117	118	130	131	132	133	134	135	148	164	298	#
223	937777	32	48	51	52	67	68	84	85	101	117	118	132	133	134	298	#
224	879541	99	115	116	117	118	119	131	133	134	135	136	137	150	151	298	#
225	876549	101	116	117	118	132	133	134	135	136	147	148	151	164	192	298	#
226	61422	244	#
227	2293677	11	25	26	27	28	29	42	43	44	45	47	58	59	60	61	62	63	74	75	76	77	78	79	90	91	92	93	94	95	109	110	111	125	126	127	141	142	143	176	177	192	193	194	209	210	299	#
228	2928633	11	24	25	26	27	28	29	30	39	40	43	44	45	59	60	61	76	77	140	141	142	143	156	169	172	173	174	179	185	186	190	191	197	204	205	206	221	222	231	236	237	243	251	252	253	299	#
229	2915274	20	32	34	35	36	48	49	50	51	52	53	54	66	68	69	70	81	82	83	84	85	86	93	96	108	109	110	111	121	122	123	124	125	126	127	139	140	141	142	143	155	156	158	159	174	299	#
230	2890972	61	64	65	66	68	77	78	79	80	81	82	83	84	93	94	95	97	98	108	109	110	111	115	124	125	126	127	142	143	158	159	174	206	207	221	222	234	235	236	237	238	251	252	253	254	299	#
231	2819801	1	2	20	26	27	35	36	41	42	43	44	45	52	57	58	59	60	61	62	74	76	77	78	79	93	102	109	110	117	118	119	120	134	135	136	137	152	153	168	169	185	186	214	215	231	299	#
232	2798103	2	3	4	17	19	20	21	33	34	35	36	37	38	49	50	51	53	54	66	68	81	82	90	91	92	93	94	95	98	108	109	110	111	124	125	126	127	141	142	143	158	159	173	174	251	299	#
233	920430	146	161	162	163	176	177	178	192	193	208	209	210	225	226	242	300	#
234	1087391	146	147	161	162	163	176	177	178	192	193	194	208	209	224	225	300	#
235	1079893	161	163	176	177	178	179	192	193	194	195	196	208	209	224	225	300	#
236	1045143	130	146	161	162	177	178	192	193	194	195	196	208	209	224	225	300	#
237	942529	8	80	97	98	115	116	162	176	177	178	192	193	208	209	225	300	#
238	933733	5	162	176	177	178	192	193	194	208	209	210	216	224	225	226	300	#
239	202039	67	68	83	301	#
240	194590	35	51	67	301	#
241	188825	66	67	83	301	#
242	319692	109	110	124	125	126	141	142	155	156	158	302	#
243	473061	111	126	127	141	142	143	156	158	159	172	302	#
244	460304	81	82	98	115	126	127	141	142	155	156	302	#
245	431938	111	126	127	140	141	142	143	155	156	159	302	#
246	414660	110	111	126	127	141	142	143	158	159	175	302	#
247	350106	92	108	110	125	126	140	141	142	143	159	302	#
248	86347	120	#
249	4903	188	#
250	1421174	6	7	20	21	22	36	37	38	39	40	51	52	53	54	55	56	57	68	71	84	87	88	100	303	#
251	1802696	17	18	19	20	21	22	32	33	34	35	36	37	48	49	50	51	52	53	64	68	82	83	84	303	#
252	1745238	17	18	19	33	34	35	36	37	49	50	51	52	53	68	69	83	84	86	100	114	115	134	135	303	#
253	1618159	6	7	19	21	22	34	35	36	37	38	39	46	49	50	51	52	53	54	62	63	176	177	252	303	#
254	1592788	4	5	18	19	20	21	35	36	37	51	52	53	68	69	82	83	84	85	86	99	100	101	102	303	#
255	1570432	18	19	21	34	35	36	37	38	39	52	53	54	55	56	69	71	84	85	86	88	100	101	119	303	#
256	357376	181	182	198	214	230	304	#
257	452378	20	35	36	181	198	304	#
258	438622	198	214	229	230	245	304	#
259	371874	181	182	183	198	214	304	#
260	289738	149	165	166	181	198	304	#
261	235188	53	165	181	182	240	304	#
262	1122382	36	37	51	52	53	67	68	69	82	83	84	85	101	119	122	123	139	305	#
263	1334262	19	35	36	51	52	53	68	69	70	83	84	86	87	98	99	100	115	305	#
264	1326843	20	33	34	36	37	50	51	52	53	67	68	69	83	84	99	100	101	305	#
265	1297205	19	34	35	36	37	38	50	51	52	53	68	69	83	84	85	100	101	305	#
266	1259778	36	50	51	52	53	67	68	69	70	83	84	85	95	98	99	100	101	305	#
267	1252748	18	19	20	21	22	33	36	37	38	49	50	51	52	53	68	120	136	305	#
268	1239367	84	88	89	98	103	104	112	113	114	115	119	120	128	129	130	131	136	145	146	150	151	152	166	167	306	#
269	1725279	56	72	86	87	88	89	91	92	103	104	105	106	107	108	119	120	121	125	134	135	136	150	166	229	306	#
270	1636796	72	88	89	91	103	104	105	106	107	119	120	121	122	134	135	136	151	152	153	154	167	168	170	186	306	#
271	1633386	10	65	81	82	96	97	98	99	112	113	114	115	128	129	130	144	145	146	147	148	160	161	162	164	306	#
272	1625254	65	80	81	82	96	97	98	99	112	113	114	115	128	129	145	160	161	162	176	177	178	192	238	239	306	#
273	1574693	11	27	28	29	43	44	45	72	88	89	103	104	105	118	119	120	136	158	214	224	225	226	242	243	306	#
274	1203238	186	199	202	203	216	217	218	219	232	233	234	247	248	249	250	307	#
275	1185424	199	200	201	215	216	217	218	219	230	231	232	233	246	247	248	307	#
276	1171898	199	200	216	217	232	233	234	244	245	246	247	248	249	250	251	307	#
277	1092334	199	201	214	216	217	218	230	231	232	233	234	235	236	247	248	307	#
278	1066410	146	147	161	162	212	228	229	230	231	233	245	246	247	248	249	307	#
279	1061047	184	186	187	188	200	201	202	216	217	218	219	233	234	249	250	307	#
280	2564445	118	133	134	135	136	137	149	150	151	152	153	154	155	165	166	167	168	169	170	171	183	184	185	186	187	200	201	203	204	215	216	217	218	231	232	233	308	#
281	2668628	77	92	93	109	154	155	169	170	171	185	186	187	194	200	201	202	203	204	210	215	216	217	218	219	220	225	231	232	233	234	235	236	248	249	250	251	308	#
282	2645504	103	119	121	135	136	137	139	151	153	154	155	168	169	170	171	184	185	186	187	188	200	201	202	203	204	215	216	217	218	219	220	232	233	234	248	250	308	#
283	2629810	36	53	150	151	153	165	166	167	168	169	170	181	182	183	184	185	186	198	199	200	201	202	204	216	217	218	219	220	232	233	234	236	248	249	250	251	308	#
284	2562539	18	19	35	36	70	110	126	154	159	165	166	175	180	181	182	183	184	185	186	197	198	200	201	213	214	215	216	217	228	231	232	233	245	246	247	248	308	#
285	2557630	42	43	58	59	75	89	90	153	154	168	169	170	171	182	183	184	185	186	199	200	201	202	214	215	216	217	218	219	230	231	232	233	234	248	249	250	308	#
286	681874	12	13	14	29	221	235	236	237	252	309	#
287	789683	10	11	12	13	14	27	28	29	43	309	#
288	750752	204	220	222	235	236	237	238	239	253	309	#
289	733355	11	12	13	14	15	27	28	29	43	309	#
290	662428	10	11	12	13	14	15	29	30	31	309	#
291	623027	193	221	222	236	237	238	239	253	254	309	#
292	153268	152	153	154	168	310	#
293	229504	137	153	168	183	310	#
294	212835	137	151	152	153	310	#
295	209394	136	153	154	171	310	#
296	136701	152	153	154	170	310	#
297	921985	168	169	170	183	184	185	199	200	201	215	216	231	311	#
298	960031	151	166	167	182	183	199	200	215	216	217	231	233	311	#
299	949721	183	184	199	200	201	202	205	216	217	218	233	234	311	#
300	931472	181	182	183	185	199	200	201	215	216	217	233	234	311	#
301	928908	182	183	184	199	200	201	215	216	217	231	232	233	311	#
302	926090	183	199	205	206	207	215	216	221	222	223	231	247	311	#
303	690286	102	118	119	120	135	136	149	150	151	152	165	166	167	183	312	#
304	933958	54	69	85	86	101	102	103	104	119	135	136	151	173	188	312	#
305	925007	69	71	85	86	87	101	102	103	117	118	119	133	136	152	312	#
306	909487	87	101	102	103	104	117	119	120	121	135	136	137	151	167	312	#
307	867228	103	119	120	121	135	136	150	151	152	166	167	182	183	198	312	#
308	852996	39	55	56	71	72	87	88	103	147	148	149	163	164	165	312	#
309	1162332	11	12	13	28	44	45	60	61	77	93	94	109	124	125	173	313	#
310	1162498	44	45	54	60	61	77	78	93	94	109	124	125	126	140	141	313	#
311	1131332	10	11	12	27	28	44	45	46	50	51	61	62	66	77	78	313	#
312	1128647	10	11	12	13	28	44	45	59	60	61	62	75	77	78	79	313	#
313	1123134	9	10	11	12	13	28	30	44	45	46	59	60	61	62	75	313	#
314	1068160	44	45	60	76	77	78	92	93	94	108	109	110	124	125	126	313	#
315	1289725	0	34	50	66	67	82	98	99	111	115	116	126	127	140	141	142	143	155	156	157	158	159	172	314	#
316	1614285	18	33	34	35	36	48	49	50	52	66	67	91	103	105	106	107	118	119	120	121	122	137	138	314	#
317	1593097	54	69	70	82	83	86	98	99	102	103	115	116	117	118	132	133	134	135	148	149	150	164	165	314	#
318	1573374	34	36	49	50	53	66	67	68	81	82	98	99	116	117	118	132	151	152	167	183	199	215	216	314	#
319	1533417	59	60	74	75	77	78	90	91	92	93	94	95	107	109	110	111	126	127	142	143	158	159	175	314	#
320	1529870	96	111	112	113	126	127	128	141	142	156	157	158	159	171	172	173	185	186	187	188	189	202	203	314	#
321	1110713	205	206	207	219	220	221	222	223	236	237	238	239	251	252	253	254	255	315	#
322	1327634	14	154	155	156	170	171	173	186	187	188	189	206	221	222	223	236	237	315	#
323	1237429	139	155	171	173	178	179	186	187	188	189	190	205	206	207	221	222	223	315	#
324	1214476	91	92	107	108	170	186	190	202	203	204	205	206	218	219	220	221	222	315	#
325	1208472	90	106	204	205	206	207	220	221	222	223	236	237	238	239	253	254	255	315	#
326	1173139	13	14	91	205	206	207	220	221	222	223	236	237	238	239	253	254	255	315	#
327	1850852	11	14	15	19	26	27	28	29	30	43	44	59	60	61	75	76	91	130	131	132	148	164	172	173	174	188	189	190	204	206	316	#
328	2444929	38	39	54	55	56	69	72	156	159	172	174	175	176	186	187	188	189	190	191	202	204	205	206	219	220	221	222	223	236	252	316	#
329	2251128	117	118	140	141	155	156	159	171	172	173	174	175	187	188	189	190	202	204	206	218	219	220	221	222	223	236	237	239	252	255	316	#
330	2219169	154	155	156	171	172	173	174	188	189	190	193	204	205	206	208	209	210	219	220	221	222	223	225	233	234	235	236	237	252	253	316	#
331	2213745	159	172	173	174	175	188	189	190	191	204	205	206	207	218	219	220	221	222	223	234	235	236	237	239	250	251	252	253	254	255	316	#
332	2177377	127	143	158	159	174	175	188	189	190	191	204	205	206	207	220	221	222	223	228	234	235	236	237	238	239	244	245	252	253	255	316	#
333	315833	169	185	201	317	#
334	288174	169	170	186	317	#
335	258408	184	185	201	317	#
336	194115	201	216	217	317	#
337	256266	63	78	79	95	167	318	#
338	341341	63	77	78	79	95	318	#
339	290981	151	152	167	230	231	318	#
340	252823	60	61	77	78	79	318	#
341	204553	129	145	146	147	319	#
342	268238	145	146	147	148	319	#
343	216929	128	129	145	161	319	#
344	205705	44	45	133	320	#
345	165427	44	83	99	320	#
346	138597	133	149	165	320	#
347	131829	45	46	61	320	#
348	531845	86	87	88	151	167	236	237	321	#
349	519221	56	71	72	87	88	103	104	321	#
350	519004	202	204	218	219	220	234	236	321	#
351	480432	133	148	149	150	151	167	183	321	#
352	462093	149	150	151	167	183	184	185	321	#
353	428363	71	87	88	89	103	104	120	321	#
354	519302	59	74	75	76	91	92	106	322	#
355	602040	43	44	59	75	91	92	108	322	#
356	570333	105	106	121	122	123	137	139	322	#
357	499638	42	43	59	60	61	75	76	322	#
358	413209	44	59	60	61	74	75	76	322	#
359	382073	92	93	108	109	110	124	125	322	#
360	103528	93	#
361	348796	53	69	86	87	102	323	#
362	412369	51	52	53	67	68	323	#
363	397884	84	85	86	87	102	323	#
364	325697	85	86	102	103	118	323	#
365	308296	46	61	62	69	84	323	#
366	284015	69	86	87	102	118	323	#
367	360918	0	16	17	32	48	324	#
368	408339	16	17	32	33	48	324	#
369	402161	32	33	48	49	50	324	#
370	379655	16	17	32	33	248	324	#
371	322057	0	16	32	33	48	324	#
372	205677	0	1	16	17	33	324	#
373	331369	22	173	188	189	205	325	#
374	431948	188	189	190	205	206	325	#
375	376853	157	173	187	188	203	325	#
376	331098	189	205	206	221	253	325	#
377	328692	22	24	38	39	40	325	#
378	316912	156	157	172	173	188	325	#
379	311046	133	148	149	150	165	166	326	#
380	444164	133	134	135	149	150	165	326	#
381	389542	118	133	134	148	149	150	326	#
382	373558	132	148	149	150	151	167	326	#
383	333916	116	117	118	132	133	134	326	#
384	284874	0	166	167	182	231	247	326	#
385	945155	201	216	217	218	220	233	234	235	236	237	251	252	253	327	#
386	1138416	173	174	198	201	202	203	206	215	216	217	218	233	234	327	#
387	1084147	78	201	216	217	218	231	232	233	234	235	247	251	252	327	#
388	995001	121	122	189	205	221	222	234	235	236	237	251	252	253	327	#
389	978175	187	188	201	202	203	204	215	216	217	232	233	234	249	327	#
390	944404	202	216	218	219	232	233	234	235	236	237	250	251	253	327	#
391	116305	104	120	328	#
392	148460	103	104	328	#
393	122673	120	121	328	#
394	2139721	49	58	60	61	74	75	76	88	89	90	91	102	103	104	105	106	107	108	120	121	122	123	139	154	194	195	196	197	212	213	214	215	228	229	230	231	243	244	245	329	#
395	2665127	39	40	54	55	56	57	58	69	70	71	72	73	74	75	76	87	88	89	90	91	92	93	103	104	105	106	107	108	118	119	120	121	122	123	124	125	126	136	221	329	#
396	2660481	120	136	148	149	150	151	152	153	154	163	164	165	166	167	168	169	170	179	180	181	182	183	185	186	195	196	197	198	199	200	213	214	215	216	229	231	232	234	245	329	#
397	2659950	7	23	39	53	54	55	56	57	58	69	70	71	85	86	87	88	100	101	102	103	104	117	118	119	120	121	136	184	199	200	201	215	216	217	227	231	232	233	248	329	#
398	2648317	58	73	74	75	76	87	88	89	90	91	92	93	105	106	107	108	109	110	120	121	122	123	124	125	126	137	138	139	140	142	143	153	157	158	173	174	245	246	247	329	#
399	2648197	103	118	119	120	135	136	151	152	153	167	168	181	182	183	184	185	197	198	199	200	201	212	213	214	215	216	217	219	229	230	231	232	233	234	235	245	246	248	252	329	#
400	343544	2	3	4	17	18	19	35	330	#
401	432936	2	3	18	19	34	35	36	330	#
402	396671	2	3	4	5	18	19	21	330	#
403	379395	3	18	19	34	35	36	51	330	#
404	374378	0	1	2	16	17	18	19	330	#
405	356125	3	4	5	18	19	35	36	330	#
406	165043	185	201	208	331	#
407	236012	13	208	209	331	#
408	143255	169	185	201	331	#
409	344196	73	74	75	88	89	332	#
410	442219	74	75	91	107	123	332	#
411	339936	72	88	89	90	91	332	#
412	276938	58	59	64	74	75	332	#
413	219467	72	88	89	104	143	332	#
414	157581	0	1	57	73	74	332	#
415	169975	25	41	42	333	#
416	227515	9	25	41	333	#
417	173094	24	25	40	333	#
418	137892	41	42	58	333	#
419	778279	27	39	40	42	43	44	57	58	74	90	102	105	118	334	#
420	1003105	22	23	24	25	38	39	40	42	43	54	57	58	69	334	#
421	963874	25	40	41	42	43	57	58	74	75	90	99	106	107	334	#
422	962595	36	52	53	54	69	70	84	85	86	87	102	118	134	334	#
423	945916	9	10	11	24	25	38	39	40	41	42	57	58	159	334	#
424	885513	23	24	25	39	40	42	57	58	74	75	76	90	106	334	#
425	297490	190	206	222	335	#
426	277449	222	238	239	335	#
427	233388	206	221	222	335	#
428	1246285	181	198	200	201	212	213	214	216	217	218	219	228	229	230	234	245	246	336	#
429	1260185	50	51	52	66	82	98	200	201	216	217	219	232	233	234	235	248	252	336	#
430	1259675	34	48	49	50	66	82	98	198	214	215	230	231	232	245	246	247	248	336	#
431	1245666	153	154	168	170	184	185	186	187	201	202	203	218	219	220	233	234	235	336	#
432	1234848	106	107	108	122	145	161	168	181	182	183	184	198	214	215	216	229	230	336	#
433	1184766	122	198	210	212	213	214	226	227	228	229	230	240	241	242	244	245	246	336	#
434	799832	37	53	68	83	84	100	101	112	128	129	144	145	160	161	337	#
435	976295	4	20	21	22	37	38	49	50	51	52	53	54	68	84	337	#
436	960676	6	7	21	22	36	37	38	39	40	51	52	53	68	84	337	#
437	909512	99	114	115	116	129	130	144	145	146	147	148	163	164	173	337	#
438	868186	21	35	36	37	50	51	52	53	67	68	83	84	98	99	337	#
439	844454	5	144	145	147	160	161	162	163	164	176	177	178	179	192	337	#
440	1807746	30	31	133	134	135	139	141	149	150	154	155	159	165	170	171	173	174	184	185	186	187	188	189	191	200	202	204	205	206	207	221	237	338	#
441	2161397	7	11	12	139	141	147	148	153	154	155	156	157	162	163	164	165	171	172	173	188	189	191	204	205	206	207	221	223	235	237	251	252	338	#
442	2144948	147	155	156	157	170	171	172	173	174	175	186	188	189	191	202	204	205	206	207	218	219	221	222	223	235	236	237	251	252	253	254	255	338	#
443	2142618	108	123	124	125	139	141	153	154	155	156	157	168	171	172	173	184	188	189	190	191	204	205	206	207	215	216	221	222	229	230	231	246	338	#
444	2126714	23	86	102	118	133	134	135	146	147	148	149	150	151	161	162	163	164	165	177	178	179	181	194	195	196	210	211	212	227	228	243	244	338	#
445	2085561	135	136	137	139	147	148	153	154	155	163	164	165	168	169	170	171	180	181	183	184	185	186	187	188	199	200	202	215	216	217	218	232	338	#
446	233764	147	148	149	164	165	339	#
447	331823	115	116	132	148	164	339	#
448	301925	132	147	148	149	165	339	#
449	270281	131	132	148	149	164	339	#
450	255806	147	148	149	165	166	339	#
451	218469	148	164	165	166	182	339	#
452	170025	232	247	248	340	#
453	200716	216	232	248	340	#
454	106335	248	#
455	304185	50	66	81	82	341	#
456	380988	49	50	66	92	341	#
457	338125	50	65	66	81	341	#
458	219524	66	67	83	99	341	#
459	202547	65	66	67	82	341	#
460	722852	17	33	48	49	50	64	80	243	244	245	342	#
461	960947	36	48	49	50	52	53	68	69	70	84	342	#
462	722592	32	33	48	49	50	177	178	179	193	209	342	#
463	708008	16	32	48	49	50	64	65	66	80	96	342	#
464	701885	16	32	33	34	35	48	49	50	51	52	342	#
465	631476	32	48	49	64	65	66	67	80	82	96	342	#
466	426502	15	30	31	46	61	62	77	343	#
467	551059	12	13	61	62	77	78	79	343	#
468	497524	46	132	147	148	149	163	165	343	#
469	475468	46	61	62	63	77	78	79	343	#
470	429567	12	13	29	30	31	46	61	343	#
471	413227	13	14	15	29	30	31	46	343	#
472	301974	2	3	4	19	20	35	39	344	#
473	446784	0	1	2	17	33	34	49	344	#
474	430963	2	3	19	20	21	35	36	344	#
475	395470	3	4	18	19	34	35	36	344	#
476	336181	4	5	19	20	21	36	149	344	#
477	328574	39	55	56	57	58	73	89	344	#
478	143204	86	#
479	859295	102	118	119	136	137	138	153	167	168	183	212	226	227	228	345	#
480	1164905	54	55	65	71	81	87	96	97	98	113	129	168	169	185	345	#
481	1129445	197	199	213	214	215	227	228	229	230	231	243	245	246	247	345	#
482	1016418	101	102	118	119	136	154	168	169	170	185	186	187	200	201	345	#
483	1009311	151	166	167	168	181	182	183	184	190	191	198	199	214	229	345	#
484	916318	71	87	102	103	116	117	118	119	120	136	153	168	169	184	345	#
485	84839	185	#
486	386955	111	125	126	127	142	159	346	#
487	492784	107	108	122	123	124	125	346	#
488	344160	141	142	143	158	159	189	346	#
489	338603	110	125	126	141	142	158	346	#
490	303552	127	142	143	158	159	174	346	#
491	287453	79	95	110	111	126	142	346	#
492	107009	168	#
493	144867	117	133	347	#
494	193596	117	132	347	#
495	168456	133	134	347	#
496	595295	112	113	128	129	130	144	145	146	160	161	221	348	#
497	769399	89	90	91	92	105	106	112	121	128	129	157	348	#
498	769348	206	219	221	222	234	235	236	237	250	251	252	348	#
499	751097	113	128	129	144	160	161	176	177	192	193	208	348	#
500	744528	128	129	144	145	146	160	161	177	193	194	210	348	#
501	683737	89	105	106	113	121	122	128	129	130	146	162	348	#
502	3585682	0	1	4	5	6	7	16	17	18	19	20	21	22	23	24	25	32	33	34	35	36	37	38	39	42	48	49	50	51	52	53	54	55	56	57	58	59	65	66	67	68	69	71	72	73	74	75	82	83	84	85	87	88	89	90	98	100	101	102	103	104	118	349	#
503	4433559	5	16	17	18	19	21	32	33	34	35	36	37	38	39	41	44	48	49	50	51	52	53	54	55	57	60	65	66	67	68	69	70	71	72	77	80	81	82	83	84	85	86	87	88	98	99	100	101	102	104	114	115	116	120	121	122	123	137	191	207	223	239	349	#
504	4384408	2	3	4	5	16	17	18	19	20	21	33	34	35	36	37	38	39	49	51	52	53	54	55	65	67	68	69	71	72	74	80	81	82	86	87	88	89	90	91	92	98	104	105	108	114	115	118	119	120	121	136	137	138	139	152	153	200	201	217	228	229	244	349	#
505	4377822	5	7	16	17	18	19	20	21	22	23	34	35	36	37	38	39	47	51	52	53	54	55	56	63	67	68	69	71	72	79	82	83	84	86	87	88	94	95	98	100	101	102	104	109	110	111	114	115	120	121	126	127	142	143	159	168	170	184	185	186	202	218	349	#
506	4376280	3	4	5	16	17	18	19	20	21	25	32	34	35	36	37	48	49	50	51	52	53	55	56	65	66	67	68	69	71	72	82	87	88	89	104	105	119	120	121	136	137	138	139	147	148	152	153	163	164	177	178	179	192	193	194	195	208	209	210	224	225	230	349	#
507	4362997	4	17	18	19	20	33	34	35	36	48	49	50	51	52	53	60	61	67	68	77	82	83	85	87	88	100	101	103	104	105	118	119	120	121	134	135	136	137	150	151	152	153	154	166	167	168	170	171	172	182	183	184	186	187	188	189	190	191	197	198	207	212	349	#
508	46225	8	#
509	564444	82	97	98	99	115	116	117	118	131	132	350	#
510	680882	10	99	100	115	116	117	129	130	132	146	350	#
511	654441	117	118	131	132	133	134	135	235	236	237	350	#
512	643434	82	84	98	99	100	115	116	117	118	132	350	#
513	613871	115	116	117	118	131	132	133	200	217	218	350	#
514	584878	66	81	82	83	98	99	100	115	116	132	350	#
515	210689	96	97	113	129	145	351	#
516	278951	99	113	114	115	129	351	#
517	266289	112	113	129	144	145	351	#
518	261295	64	80	96	97	113	351	#
519	205837	81	97	113	128	129	351	#
520	802849	26	27	28	29	30	43	44	45	46	47	59	60	62	63	77	352	#
521	991127	30	31	46	47	62	63	79	87	103	104	118	119	120	136	137	352	#
522	954009	14	28	29	30	33	34	46	47	50	62	63	64	65	66	82	352	#
523	946344	10	11	14	26	27	28	29	30	39	43	44	59	60	76	77	352	#
524	889109	28	44	60	74	75	76	77	90	91	103	104	105	106	243	244	352	#
525	880451	9	10	11	25	26	27	28	41	43	44	58	59	60	75	193	352	#
526	827594	106	122	128	129	137	138	139	144	145	160	161	177	353	#
527	910256	90	104	105	106	107	122	138	191	207	217	223	239	353	#
528	874977	114	130	145	146	147	160	161	162	163	176	177	179	353	#
529	804779	145	146	160	161	162	176	177	178	209	210	224	225	353	#
530	766361	82	98	99	114	115	116	130	144	145	146	147	148	353	#
531	750704	112	113	128	144	160	196	197	210	211	212	213	228	353	#
532	1442928	91	92	93	106	107	109	122	123	124	125	126	138	139	140	141	155	156	157	171	187	203	206	207	354	#
533	1714704	20	36	86	101	102	170	185	186	187	189	200	201	205	206	207	217	221	222	223	237	238	239	254	354	#
534	1692883	120	135	136	137	152	153	154	167	168	169	170	171	183	184	185	186	187	200	201	202	203	213	216	354	#
535	1587735	59	74	75	76	90	91	92	106	107	152	153	154	167	168	170	171	183	184	185	186	200	201	202	354	#
536	1575251	125	139	140	141	155	156	157	169	170	171	173	174	184	185	186	187	188	189	200	203	204	205	220	354	#
537	1565330	109	125	140	141	153	154	155	156	168	169	170	171	185	186	187	188	189	201	202	203	204	205	206	354	#
538	525899	185	201	217	231	232	233	248	249	355	#
539	636028	215	217	218	230	231	232	233	234	355	#
540	605832	168	169	170	185	186	201	202	218	355	#
541	588032	200	216	218	232	233	234	248	249	355	#
542	583732	217	218	231	232	233	234	248	249	355	#
543	499070	215	217	218	231	233	247	248	249	355	#
544	206264	194	195	211	356	#
545	247855	195	211	212	356	#
546	232961	193	194	195	356	#
547	178060	211	227	243	356	#
548	51235	47	#
549	436833	208	209	210	224	225	357	#
550	489569	145	146	162	208	209	357	#
551	456545	192	208	209	224	225	357	#
552	370890	208	209	210	225	226	357	#
553	316537	158	174	194	209	210	357	#
554	79168	56	148	358	#
555	103939	148	149	358	#
556	619672	74	75	90	91	106	107	108	124	359	#
557	617341	74	75	91	105	106	107	108	187	359	#
558	599395	43	59	75	76	90	91	106	107	359	#
559	572827	77	90	91	92	93	107	108	124	359	#
560	528229	58	59	74	75	90	91	107	108	359	#
561	508070	105	106	107	123	124	139	155	179	359	#
562	248921	71	72	88	89	104	360	#
563	291859	72	88	89	104	196	360	#
564	289883	72	89	90	91	105	360	#
565	232681	102	103	104	120	136	360	#
566	206785	56	71	72	73	89	360	#
567	312976	217	233	234	249	361	#
568	402606	219	233	234	235	361	#
569	356129	217	233	234	235	361	#
570	217827	232	233	248	249	361	#
571	174053	178	196	217	233	361	#
572	456269	223	236	238	239	252	253	254	255	362	#
573	598144	207	221	222	223	238	239	253	254	362	#
574	593786	207	222	223	238	239	253	254	255	362	#
575	543834	75	91	222	238	239	253	254	255	362	#
576	527303	206	221	222	223	238	239	253	254	362	#
577	466295	219	220	234	235	236	250	251	252	362	#
578	2172538	6	7	18	19	20	21	22	34	35	37	38	50	51	52	53	67	68	87	88	89	98	102	103	104	105	169	170	185	186	187	363	#
579	2382135	125	141	156	157	158	168	169	170	172	173	174	183	184	185	186	187	188	190	199	200	201	202	204	205	206	215	216	218	219	220	363	#
580	2154336	21	37	38	51	52	53	68	69	125	140	141	142	155	156	157	158	159	170	172	173	174	175	186	187	188	189	190	202	203	204	363	#
581	2129467	85	100	101	102	117	167	168	169	170	182	183	184	185	186	187	188	199	200	201	204	214	215	216	217	220	231	232	246	247	248	363	#
582	2120931	21	37	38	53	97	99	112	113	115	116	129	130	136	144	145	146	147	149	150	152	160	161	162	163	164	165	166	167	180	181	363	#
583	2096145	3	4	7	17	18	19	20	21	23	24	33	34	35	37	38	39	50	52	53	54	68	69	85	86	87	88	185	186	187	202	363	#
584	1130703	2	3	38	71	72	82	83	84	85	86	87	100	102	133	148	149	364	#
585	1307432	36	50	51	53	67	68	82	83	84	85	86	87	99	100	115	131	364	#
586	1262012	48	49	50	51	64	65	66	80	82	92	97	98	107	108	124	217	364	#
587	1203675	1	2	3	4	5	16	17	18	34	35	45	49	50	51	61	62	364	#
588	1151317	35	36	50	51	52	53	68	69	70	84	85	86	100	101	102	118	364	#
589	1122364	102	118	133	134	135	149	150	151	163	164	165	179	180	181	197	198	364	#
590	956811	153	168	169	171	183	184	185	186	187	188	201	202	203	365	#
591	1055484	14	15	28	29	30	43	45	168	169	171	185	186	187	365	#
592	1030104	155	156	169	171	185	186	187	201	202	218	219	220	236	365	#
593	990445	153	168	169	185	186	201	202	203	218	219	234	250	251	365	#
594	936835	10	11	27	28	43	128	137	138	152	153	168	169	183	365	#
595	919616	120	134	168	169	185	186	201	202	218	219	233	234	235	365	#
596	31333	57	58	#
597	901406	4	5	6	19	20	21	22	34	35	36	37	38	52	53	54	67	68	366	#
598	1212930	19	20	21	33	34	35	36	37	38	52	53	68	84	172	173	174	175	366	#
599	1131026	20	21	36	37	51	52	53	67	68	69	83	84	85	86	99	115	116	366	#
600	1110058	4	5	21	36	37	38	39	51	52	53	67	69	83	84	85	86	100	366	#
601	1087268	5	20	21	36	37	38	39	52	53	54	68	69	84	85	86	95	102	366	#
602	1081744	6	7	21	22	37	38	39	40	52	53	54	56	57	68	69	84	85	366	#
603	778394	56	71	72	87	88	103	104	120	135	136	367	#
604	764606	56	71	72	87	88	93	109	110	125	169	367	#
605	747356	71	72	87	88	104	120	121	122	136	137	367	#
606	738578	51	52	53	67	68	71	72	87	88	104	367	#
607	729822	56	71	72	87	88	89	90	103	104	106	367	#
608	675647	69	70	71	72	87	88	103	104	119	120	367	#
609	995458	36	52	54	68	69	70	84	85	86	87	101	102	368	#
610	955515	22	36	37	38	52	53	67	68	69	70	86	222	368	#
611	947700	38	52	53	54	55	68	69	70	84	85	86	87	368	#
612	897426	38	53	54	55	68	69	70	84	85	86	101	102	368	#
613	892413	5	21	22	36	37	38	52	53	67	68	69	86	368	#
614	870963	67	68	69	70	82	83	84	85	86	87	100	101	368	#
615	1040293	102	103	104	118	119	120	121	135	136	137	140	141	142	143	152	153	159	369	#
616	1303757	90	91	92	98	105	106	112	113	114	115	116	121	122	123	130	146	147	369	#
617	1255285	75	90	91	106	107	108	118	119	120	121	122	123	134	136	137	152	153	369	#
618	1228458	102	103	104	115	116	118	119	120	121	132	133	134	137	148	149	150	153	369	#
619	1214587	111	126	127	140	141	142	143	156	157	158	159	172	173	174	188	203	204	369	#
620	1198292	104	106	107	118	119	120	121	122	123	124	125	136	137	140	141	153	156	369	#
621	343262	30	105	120	121	370	#
622	322401	41	105	106	121	370	#
623	310609	120	121	122	137	370	#
624	294023	119	120	121	122	370	#
625	158874	14	30	31	46	370	#
626	1117636	70	118	134	150	165	166	181	182	200	206	222	238	254	255	371	#
627	1070862	36	53	69	70	84	85	86	98	99	100	102	115	118	240	371	#
628	1062387	136	153	168	169	181	182	183	184	185	199	200	201	215	217	371	#
629	1045937	158	174	189	190	191	204	205	206	221	222	237	238	239	254	371	#
630	1027435	90	103	104	105	106	118	134	150	165	166	180	181	182	198	371	#
631	999492	81	97	98	113	167	168	169	181	182	183	198	199	211	215	371	#
632	1693318	87	103	104	119	120	121	136	137	138	144	145	153	154	160	161	168	169	170	182	183	184	185	235	236	372	#
633	1780330	93	96	97	109	110	111	112	113	128	129	138	139	144	145	146	147	148	160	161	163	168	176	183	199	372	#
634	1741478	150	151	166	167	168	169	182	183	184	185	186	187	188	189	198	199	202	203	204	214	215	230	231	232	372	#
635	1736881	89	90	91	92	93	105	106	107	108	110	121	122	123	124	125	126	138	139	140	141	156	157	158	173	372	#
636	1669470	4	5	20	23	24	39	119	120	136	153	154	168	169	170	171	175	185	186	189	190	191	201	202	217	372	#
637	1660022	169	170	171	182	183	184	185	186	187	199	200	201	202	203	214	215	216	217	218	230	232	233	246	249	372	#
638	1180436	184	199	200	201	202	215	216	217	218	230	231	232	234	248	373	#
639	1212313	170	171	186	187	188	189	202	218	219	220	232	233	234	248	373	#
640	1207163	183	199	200	201	202	215	216	217	218	231	232	234	248	250	373	#
641	1173378	118	133	134	200	201	202	217	218	219	220	232	234	236	248	373	#
642	1144359	2	3	169	170	171	186	187	202	217	218	219	220	234	250	373	#
643	1129816	151	165	166	167	182	183	199	200	201	202	217	218	234	250	373	#
644	154982	185	201	374	#
645	123346	200	201	374	#
646	14365	48	#
647	161716	119	175	375	#
648	178138	118	119	375	#
649	172419	174	175	375	#
650	469397	38	50	54	66	67	83	98	99	116	376	#
651	694191	34	35	49	50	51	64	65	66	67	376	#
652	681703	22	38	54	55	56	71	72	87	88	376	#
653	598904	6	7	21	22	36	37	38	54	69	376	#
654	453405	51	65	66	67	68	82	83	98	99	376	#
655	449557	35	51	67	68	83	84	85	99	115	376	#
656	415955	0	1	16	17	18	32	35	377	#
657	505868	3	18	19	20	35	36	53	377	#
658	468845	0	3	4	16	17	18	32	377	#
659	416035	1	2	3	17	18	19	203	377	#
660	399035	16	17	25	32	33	41	48	377	#
661	360689	0	1	3	17	18	68	84	377	#
662	1075244	134	135	136	137	149	150	151	152	153	165	166	167	168	182	183	184	200	201	217	378	#
663	1516290	136	152	153	168	169	170	184	185	186	187	199	200	201	216	229	231	232	245	246	378	#
664	1481132	73	126	142	143	159	169	170	175	182	184	185	186	198	199	200	201	214	215	217	378	#
665	1473166	101	134	135	151	167	168	181	182	183	184	185	199	200	201	214	215	216	231	232	378	#
666	1438026	150	166	182	183	184	185	186	199	200	201	215	216	217	231	232	233	234	247	249	378	#
667	1350125	135	136	137	149	150	151	152	153	167	183	184	199	200	215	216	229	230	231	232	378	#
668	70796	117	#
669	605737	48	49	65	66	67	81	97	156	157	379	#
670	759350	80	81	94	96	97	110	112	128	144	379	#
671	757770	104	105	121	125	141	156	157	172	173	379	#
672	652677	125	141	155	156	157	158	172	173	174	379	#
673	619114	25	32	33	41	48	49	236	251	252	379	#
674	614783	49	50	66	146	162	178	179	194	195	379	#
675	829340	58	59	73	74	75	89	91	92	105	106	107	380	#
676	997865	91	92	93	94	106	107	108	109	110	123	198	380	#
677	963200	75	88	89	91	92	93	104	105	106	107	108	380	#
678	886792	73	89	90	91	104	105	106	107	120	121	123	380	#
679	861013	40	57	58	59	75	76	91	106	107	108	125	380	#
680	825755	71	72	88	89	91	103	104	105	106	107	120	380	#
681	910360	93	109	110	126	169	185	186	201	216	217	218	219	234	381	#
682	918195	168	182	183	184	199	200	201	215	216	217	218	219	231	381	#
683	913011	184	185	199	200	201	215	216	217	218	219	231	232	234	381	#
684	900508	167	170	183	184	185	186	199	200	201	215	216	217	231	381	#
685	866308	146	147	163	178	179	194	195	218	219	234	235	236	252	381	#
686	851336	90	106	107	123	183	184	185	200	201	216	217	218	219	381	#
687	422297	48	49	50	51	382	#
688	401524	34	35	50	51	382	#
689	361215	48	49	65	146	382	#
690	325233	5	33	34	49	382	#
691	274778	35	51	66	67	382	#
692	1260873	137	138	173	174	189	190	191	203	204	205	206	207	221	222	237	238	253	254	383	#
693	1455303	141	157	172	173	186	187	188	189	190	191	202	203	205	207	218	221	222	223	383	#
694	1398022	142	158	159	173	174	175	186	187	188	189	190	202	203	204	205	220	221	222	383	#
695	1374227	158	159	172	173	174	175	187	188	189	190	191	203	205	206	207	221	222	237	383	#
696	1337220	10	69	84	85	100	186	187	188	189	199	200	201	202	203	216	217	218	232	383	#
697	1303090	46	61	62	63	85	86	100	101	102	173	188	189	190	205	206	207	221	222	383	#
698	1400792	19	185	186	201	202	203	216	217	218	219	220	232	233	234	236	237	248	251	252	253	254	384	#
699	1648668	61	77	78	79	92	93	94	95	109	184	185	186	199	200	201	215	216	217	218	232	233	384	#
700	1639467	16	168	183	184	185	186	187	188	201	202	203	216	217	218	219	231	232	233	234	248	249	384	#
701	1586206	152	167	168	183	184	185	186	199	200	201	202	216	217	218	230	231	232	233	246	247	248	384	#
702	1563951	184	185	186	199	200	201	202	216	217	218	219	220	231	232	233	236	248	249	250	252	253	384	#
703	1558254	42	142	168	184	185	186	187	188	189	190	200	201	202	203	217	218	219	234	235	236	252	384	#
704	236030	197	213	229	230	385	#
705	331283	229	230	231	246	385	#
706	279248	213	229	230	246	385	#
707	225967	197	213	229	241	385	#
708	172813	197	212	213	229	385	#
709	362247	63	78	79	95	135	386	#
710	484143	63	77	78	79	93	386	#
711	456559	79	93	94	95	224	386	#
712	378173	62	63	77	78	79	386	#
713	371180	60	63	77	78	79	386	#
714	304479	119	120	135	136	153	386	#
715	506855	40	41	43	56	57	58	59	73	74	90	387	#
716	726486	11	12	27	28	29	43	59	60	189	190	387	#
717	689627	38	54	55	56	69	71	72	86	87	105	387	#
718	597769	42	43	44	58	59	60	61	77	92	93	387	#
719	597495	26	27	28	41	42	43	57	58	59	75	387	#
720	592755	24	38	39	40	41	42	55	56	57	73	387	#
721	185559	11	26	27	43	388	#
722	196373	11	12	27	28	388	#
723	194808	12	27	28	211	388	#
724	181392	27	28	43	167	388	#
725	172544	26	27	53	68	388	#
726	732149	22	23	38	39	55	56	57	71	72	87	88	389	#
727	923434	39	40	55	165	180	181	196	198	214	230	231	389	#
728	862937	9	10	25	39	40	41	55	56	57	71	73	389	#
729	820067	22	38	39	40	54	55	57	69	71	72	87	389	#
730	808227	35	39	40	55	56	57	72	73	88	89	104	389	#
731	801680	6	7	21	22	23	38	39	55	83	84	100	389	#
732	240618	180	181	182	196	390	#
733	266204	180	181	195	196	390	#
734	221673	180	195	196	212	390	#
735	213143	180	181	182	198	390	#
736	189756	152	166	167	182	390	#
737	403465	42	43	44	58	59	60	77	391	#
738	494270	59	60	75	76	90	91	107	391	#
739	402084	28	42	43	58	59	60	221	391	#
740	390443	58	59	60	75	76	90	91	391	#
741	389371	28	29	44	45	58	59	60	391	#
742	377785	6	54	69	77	78	85	86	391	#
743	338492	158	174	175	191	392	#
744	271060	106	157	158	159	392	#
745	227801	142	157	158	174	392	#
746	225077	136	159	175	212	392	#
747	793155	94	110	125	126	141	142	143	154	156	159	169	170	172	393	#
748	996035	147	148	154	161	162	163	164	165	166	169	170	186	187	393	#
749	931166	154	168	169	170	184	186	187	188	189	190	200	203	217	393	#
750	914706	91	92	93	94	95	107	108	109	110	111	125	126	142	393	#
751	899316	94	110	125	126	141	142	143	157	159	174	175	189	190	393	#
752	856213	93	94	110	125	126	142	143	157	158	159	173	175	191	393	#
753	1173433	10	11	12	13	189	205	206	207	221	222	223	236	237	238	253	254	394	#
754	1172312	189	190	205	206	221	222	223	236	237	238	239	251	252	253	254	255	394	#
755	1135998	174	189	190	197	203	204	205	206	207	221	222	223	237	238	239	255	394	#
756	1118501	190	204	205	206	221	222	223	236	237	238	239	251	252	253	254	255	394	#
757	1106947	188	189	190	204	205	206	207	221	222	223	236	237	238	239	253	255	394	#
758	1106672	189	190	205	206	221	222	223	235	236	237	238	251	252	253	254	255	394	#
759	68460	80	96	#
760	974241	184	185	186	200	214	217	228	229	230	231	232	246	247	248	249	250	395	#
761	1152924	10	11	12	13	28	29	44	208	209	210	214	224	228	229	230	244	395	#
762	1069338	139	155	167	168	170	171	183	184	185	186	187	188	200	201	203	246	395	#
763	1067716	169	170	171	184	185	186	187	200	201	202	217	218	233	234	249	250	395	#
764	1023426	59	75	89	90	221	230	231	234	237	247	248	249	250	251	252	253	395	#
765	1005501	170	184	185	186	200	201	217	230	232	233	234	246	247	248	249	250	395	#
766	287758	6	7	23	24	39	55	396	#
767	388885	23	39	55	56	178	179	396	#
768	299724	6	7	23	24	39	56	396	#
769	203570	5	6	7	21	22	37	396	#
770	158057	9	24	25	26	40	41	396	#
771	984625	160	176	192	193	194	195	196	197	208	209	210	211	213	224	225	226	242	397	#
772	1290707	145	160	161	162	163	177	178	194	195	196	197	210	211	212	213	228	245	397	#
773	1158070	11	27	43	44	45	59	60	145	160	161	162	176	177	178	192	193	194	397	#
774	1152881	160	161	162	176	177	178	192	193	194	195	208	210	224	225	226	227	243	397	#
775	1110653	162	178	182	190	194	195	196	197	198	208	210	211	212	213	225	226	228	397	#
776	1097732	160	161	162	176	177	178	192	193	194	195	196	208	210	211	224	226	227	397	#
777	474879	188	202	204	205	221	237	252	253	398	#
778	650977	156	157	172	188	202	203	204	205	398	#
779	648346	139	155	156	172	188	189	190	205	398	#
780	625838	188	189	190	204	205	206	207	223	398	#
781	619287	189	202	203	204	205	218	220	221	398	#
782	498097	94	219	235	250	251	252	253	254	398	#
783	593169	78	79	94	95	109	110	111	126	142	399	#
784	644903	94	110	126	127	141	142	157	158	159	399	#
785	619191	126	127	141	142	156	157	158	159	173	399	#
786	613362	94	110	125	126	127	142	157	158	159	399	#
787	578056	60	61	63	77	78	79	93	94	95	399	#
788	529965	94	109	110	126	127	142	143	150	159	399	#
789	143925	164	165	400	#
790	136866	165	181	400	#
791	120481	148	164	400	#
792	245956	160	161	176	192	401	#
793	316832	144	160	161	176	401	#
794	282684	128	144	160	161	401	#
795	130091	192	207	208	223	401	#
796	246057	36	44	60	402	#
797	257132	43	44	45	402	#
798	233946	36	37	53	402	#
799	221504	43	44	60	402	#
800	490733	80	81	96	97	112	113	114	128	129	403	#
801	667434	128	129	130	144	145	146	160	161	162	403	#
802	659619	112	114	115	128	129	130	145	146	162	403	#
803	587776	4	5	49	64	65	80	81	82	96	403	#
804	560419	17	33	49	64	65	66	80	82	96	403	#
805	560060	65	80	99	114	115	116	130	146	147	403	#
806	327205	14	15	30	31	45	46	404	#
807	466954	12	13	28	29	45	46	404	#
808	438226	29	30	31	44	45	46	404	#
809	372610	29	30	45	46	61	134	404	#
810	352930	15	29	30	31	45	253	404	#
811	276881	15	30	31	45	46	61	404	#
812	380383	11	12	28	29	405	#
813	400254	12	13	29	30	405	#
814	385316	10	11	12	28	405	#
815	364108	28	29	30	45	405	#
816	314785	11	12	28	43	405	#
817	273129	121	122	138	406	#
818	292309	105	120	121	406	#
819	154693	122	138	139	406	#
820	795403	32	34	48	49	50	64	65	66	67	192	193	407	#
821	925251	3	16	17	18	32	33	34	48	49	50	65	407	#
822	841522	12	13	14	16	29	30	32	33	34	35	48	407	#
823	807252	17	18	33	34	48	50	65	66	67	81	82	407	#
824	762300	3	17	18	19	33	34	35	50	51	52	67	407	#
825	721110	0	1	16	17	18	19	32	33	34	35	48	407	#
826	108203	223	#
827	550265	208	210	224	225	226	227	228	242	243	244	408	#
828	678750	86	194	195	208	224	225	226	227	228	245	408	#
829	659073	83	100	214	226	227	228	229	230	243	245	408	#
830	647414	143	187	208	224	225	226	240	241	242	243	408	#
831	598738	208	212	225	226	227	228	241	242	243	245	408	#
832	592039	200	216	226	227	228	229	242	243	244	245	408	#
833	1042697	58	74	89	90	103	104	105	119	120	121	134	135	150	151	152	166	167	182	409	#
834	1261852	101	103	104	105	114	115	116	117	118	119	120	121	130	134	135	148	149	150	409	#
835	1249683	103	104	105	117	118	119	120	121	122	135	137	153	160	161	162	168	176	183	409	#
836	1246227	3	4	18	19	103	104	105	118	119	120	134	135	150	151	185	186	202	218	409	#
837	1211150	56	72	88	89	90	91	103	104	105	119	120	121	135	136	137	151	157	158	409	#
838	1166367	11	71	72	75	76	88	89	90	103	104	105	119	120	121	122	137	138	153	409	#
839	460996	80	96	97	98	112	113	114	410	#
840	535854	64	80	81	96	97	112	113	410	#
841	464095	80	81	96	97	112	113	128	410	#
842	455729	80	81	96	97	98	99	113	410	#
843	438447	65	81	82	83	96	97	113	410	#
844	394999	80	96	97	98	112	113	128	410	#
845	88638	243	#
846	95410	6	7	411	#
847	112457	7	211	411	#
848	104248	6	22	411	#
849	214361	161	177	193	412	#
850	268196	160	161	177	412	#
851	196503	161	176	177	412	#
852	135939	177	192	193	412	#
853	244617	210	211	212	226	227	228	413	#
854	366033	194	209	210	211	225	226	413	#
855	303414	157	158	210	211	226	227	413	#
856	292121	178	194	210	211	226	227	413	#
857	274768	84	168	210	211	226	227	413	#
858	265304	194	197	210	211	212	227	413	#
859	249288	87	103	104	414	#
860	173199	87	102	103	414	#
861	153725	104	119	120	414	#
862	441408	18	19	33	34	35	51	79	95	111	141	156	415	#
863	654746	2	3	6	16	17	18	19	20	21	22	38	415	#
864	636141	139	140	155	156	157	158	171	172	173	174	188	415	#
865	570979	141	155	156	157	158	159	173	174	188	203	204	415	#
866	467171	93	94	95	109	110	111	124	125	126	127	142	415	#
867	944376	1	2	3	4	5	6	17	18	19	20	21	22	34	37	38	53	416	#
868	1154927	1	3	4	16	17	18	19	20	33	34	35	49	50	51	65	209	416	#
869	1154011	6	7	21	22	23	37	38	39	54	55	71	72	87	88	103	104	416	#
870	1136298	4	5	20	21	22	35	36	37	38	39	40	54	55	71	87	103	416	#
871	1100378	51	52	53	67	68	69	70	81	82	83	84	85	97	99	100	101	416	#
872	1090481	6	7	22	23	24	25	38	39	40	41	54	56	57	58	71	72	416	#
873	576903	2	81	97	195	197	211	212	213	227	417	#
874	543855	168	180	181	195	196	197	211	212	228	417	#
875	541570	64	65	80	81	96	97	98	112	128	417	#
876	508561	2	3	17	18	33	34	35	49	65	417	#
877	504045	64	65	80	96	97	112	113	128	129	417	#
878	483700	180	193	194	195	196	197	210	211	212	417	#
879	123377	208	209	418	#
880	112917	196	208	418	#
881	51781	88	209	418	#
882	381238	135	155	212	228	245	419	#
883	543988	121	135	136	137	153	419	#
884	357858	139	140	141	155	156	419	#
885	355611	196	197	198	212	245	419	#
886	321953	195	196	197	198	212	419	#
887	261839	211	212	226	227	228	419	#
888	432488	33	34	48	49	105	121	420	#
889	475356	91	92	104	105	121	137	420	#
890	465679	3	18	33	34	35	234	420	#
891	462027	18	33	34	48	49	50	420	#
892	443751	18	33	34	35	49	65	420	#
893	417514	48	49	64	65	66	81	420	#
894	39430	118	119	421	#
895	41185	102	118	421	#
896	209841	55	71	126	422	#
897	244292	71	72	88	422	#
898	217732	55	71	87	422	#
899	171278	126	127	142	422	#
900	2298608	147	148	149	150	154	155	159	163	164	170	171	173	175	178	179	184	185	186	187	188	189	191	194	201	202	203	204	205	206	207	217	218	219	220	223	234	236	249	250	423	#
901	2764561	1	6	16	17	18	19	20	21	22	33	34	35	38	48	85	86	102	118	175	189	190	191	193	194	195	204	205	206	207	217	218	219	220	222	223	236	237	251	252	423	#
902	2687452	3	18	19	47	63	155	168	169	171	181	182	183	184	185	186	187	190	197	198	199	200	201	202	206	213	214	215	216	217	229	230	231	232	233	245	246	247	248	249	423	#
903	2681222	142	156	157	158	159	173	186	187	188	189	190	191	199	200	202	203	204	206	207	215	216	217	218	219	220	223	230	231	232	233	234	236	237	247	248	249	250	251	252	423	#
904	2648179	73	89	90	91	137	138	139	140	141	154	155	156	170	171	173	175	186	187	188	189	190	191	199	201	202	204	205	206	207	214	215	216	217	218	219	223	231	232	247	423	#
905	2642199	139	155	171	182	186	187	188	196	197	198	199	200	202	203	204	213	214	215	216	217	218	219	220	229	230	231	232	233	234	236	237	238	245	246	247	248	249	250	252	423	#
906	365810	54	69	84	85	86	424	#
907	393561	69	85	86	87	102	424	#
908	379100	38	54	69	85	86	424	#
909	369354	69	85	86	102	103	424	#
910	299490	53	68	69	85	101	424	#
911	295355	69	83	84	85	99	424	#
912	2068787	71	73	74	88	89	90	91	93	102	103	104	105	106	107	109	118	119	120	121	122	123	124	125	134	135	136	137	138	139	150	155	175	191	207	425	#
913	2290787	6	7	21	22	23	36	37	38	39	54	55	56	69	70	71	73	87	88	89	103	104	105	106	118	119	120	121	122	136	137	150	151	152	167	425	#
914	2273711	21	38	39	40	54	55	56	69	70	71	75	86	87	88	90	91	103	104	105	106	107	118	119	120	121	122	123	124	136	137	138	139	152	167	425	#
915	2220805	63	77	79	90	91	92	93	94	95	107	109	110	111	123	125	126	127	139	141	142	143	155	156	157	158	159	174	175	190	191	205	206	221	222	425	#
916	2220077	9	10	11	24	25	26	38	39	40	41	42	43	44	45	54	55	56	58	59	69	73	74	75	84	88	89	90	91	107	211	212	226	227	228	425	#
917	2215890	109	110	122	123	124	125	126	127	139	141	142	143	156	157	158	159	172	173	174	175	187	188	189	190	191	203	204	205	206	207	221	222	223	238	425	#
918	1497356	92	162	163	178	179	192	193	194	195	197	209	210	211	212	213	225	226	227	228	229	241	242	243	244	426	#
919	1789233	95	109	111	125	126	127	144	147	160	161	162	163	176	177	178	179	193	195	197	211	212	213	228	229	426	#
920	1711074	36	53	68	69	70	86	146	147	160	161	162	163	178	179	180	194	195	196	197	210	211	212	213	228	426	#
921	1697094	53	54	68	69	84	85	86	190	191	205	206	207	208	210	211	212	223	225	226	227	228	239	243	244	426	#
922	1676338	162	163	178	179	192	193	195	197	208	209	210	211	212	213	224	225	226	227	228	240	241	242	243	244	426	#
923	1654807	161	162	163	178	179	180	189	193	194	195	196	197	208	209	210	211	212	213	224	225	226	227	228	244	426	#
924	712196	111	125	126	127	140	141	143	156	157	158	159	173	174	175	427	#
925	1066681	47	49	63	65	78	79	80	81	94	95	110	111	126	127	427	#
926	1026314	77	156	157	169	170	171	173	185	186	187	188	203	204	220	427	#
927	963306	94	110	111	125	126	127	141	156	157	158	173	187	188	204	427	#
928	951424	69	71	77	86	87	88	93	94	95	109	110	111	125	126	427	#
929	896066	18	34	35	110	111	125	126	127	143	158	159	173	174	175	427	#
930	77005	133	#
931	1168961	12	14	27	28	29	30	31	43	44	45	46	59	60	61	74	75	76	77	78	93	109	428	#
932	1673604	14	30	46	61	107	109	123	139	155	168	169	170	171	173	174	175	185	186	187	188	190	428	#
933	1396914	12	13	14	24	25	27	28	29	30	42	43	44	73	107	234	235	236	237	250	251	252	428	#
934	1395345	60	77	78	92	93	94	95	109	110	125	126	127	130	146	147	148	161	162	163	164	165	428	#
935	1361185	20	21	37	77	93	94	109	110	124	125	126	141	142	143	159	194	195	209	210	211	212	428	#
936	1307705	28	42	43	44	60	61	75	76	77	78	93	200	201	217	218	232	233	234	235	250	251	428	#
937	1559706	81	82	83	97	98	113	114	128	129	130	131	144	145	146	160	161	162	177	192	208	225	226	227	240	241	242	243	244	429	#
938	1979805	130	144	146	147	148	149	160	161	162	163	164	169	171	176	177	178	179	185	186	187	192	193	195	208	209	211	224	225	429	#
939	1833208	80	96	97	98	101	112	113	114	115	117	128	129	130	131	132	133	144	145	146	147	148	149	150	161	162	164	165	166	429	#
940	1777571	63	78	79	117	133	134	135	150	193	195	208	209	210	211	224	225	226	227	228	229	230	241	242	243	244	245	246	247	429	#
941	1777119	10	11	26	27	28	43	44	59	60	76	80	96	97	112	113	114	119	120	122	123	130	136	137	138	146	153	154	162	429	#
942	1762709	96	97	112	113	128	129	130	131	144	145	146	147	160	162	163	176	177	178	192	215	216	229	230	231	232	245	248	249	429	#
943	629443	11	12	27	28	29	42	43	430	#
944	675628	11	12	13	14	28	29	43	430	#
945	593080	11	12	27	28	42	43	58	430	#
946	537743	11	12	13	14	15	30	31	430	#
947	536152	11	12	15	28	29	30	31	430	#
948	516746	26	27	28	40	41	42	43	430	#
949	720929	9	11	12	13	14	15	28	29	30	45	431	#
950	793771	11	12	13	14	15	28	30	43	44	45	431	#
951	781279	11	12	13	14	28	29	30	43	44	45	431	#
952	735346	11	12	13	14	26	28	29	42	43	44	431	#
953	689136	9	10	11	12	13	27	28	43	44	45	431	#
954	653671	11	12	13	27	28	29	43	44	45	59	431	#
955	269442	211	212	227	243	244	432	#
956	279310	194	209	210	211	212	432	#
957	273467	180	196	211	212	228	432	#
958	264165	211	227	228	229	244	432	#
959	256666	210	226	227	228	243	432	#
960	204076	210	226	227	243	244	432	#
961	856737	189	190	205	206	234	235	236	249	250	251	252	433	#
962	929604	43	59	75	188	189	190	205	206	222	223	239	433	#
963	875356	186	202	203	218	219	234	235	236	250	251	252	433	#
964	850875	92	93	218	219	220	234	235	236	250	251	252	433	#
965	756018	175	189	190	191	205	206	207	221	222	238	254	433	#
966	749955	140	141	155	156	172	173	188	189	190	205	206	433	#
967	327633	155	156	157	172	434	#
968	335660	172	188	203	204	434	#
969	320559	156	157	172	188	434	#
970	278675	126	142	157	158	434	#
971	266228	91	107	155	156	434	#
972	186892	199	200	435	#
973	201077	199	215	435	#
974	125567	200	217	435	#
975	2496952	6	7	103	118	119	120	133	134	135	136	137	149	150	151	152	153	164	165	166	167	168	180	181	182	183	184	195	196	197	198	199	211	212	214	215	227	436	#
976	2730358	4	5	20	21	22	25	26	36	37	42	55	56	70	71	72	81	82	83	84	85	86	87	88	89	98	100	101	102	103	105	114	119	120	135	136	251	436	#
977	2709738	87	103	119	134	135	149	150	151	152	165	166	167	180	181	182	183	184	185	195	196	197	198	199	211	212	214	215	216	227	228	230	231	232	243	245	246	436	#
978	2643957	32	39	40	48	56	71	72	87	88	89	103	105	118	119	120	133	134	135	136	137	138	139	151	152	153	155	165	168	169	181	182	183	184	185	198	199	436	#
979	2638037	40	42	57	58	73	119	135	136	147	149	150	151	152	163	164	165	166	167	168	179	180	181	182	183	197	198	199	203	214	224	225	226	230	242	243	244	436	#
980	2636322	6	7	21	22	23	24	38	39	40	70	71	72	84	85	86	87	88	102	103	119	120	134	135	136	137	138	139	140	150	151	152	153	155	156	167	178	436	#
981	139230	0	16	239	437	#
982	97483	0	48	213	437	#
983	95066	122	238	239	437	#
984	369308	214	215	229	230	231	438	#
985	481169	214	215	230	231	246	438	#
986	463933	213	214	229	230	246	438	#
987	456923	214	229	230	245	246	438	#
988	433378	190	229	230	246	247	438	#
989	310455	216	231	232	247	248	438	#
990	261239	87	88	104	120	439	#
991	248733	119	120	136	137	439	#
992	242694	88	104	120	136	439	#
993	239298	71	87	88	104	439	#
994	230461	89	90	104	105	439	#
995	169900	23	24	40	440	#
996	85185	7	23	24	440	#
997	213227	177	192	193	194	441	#
998	245241	177	178	193	194	441	#
999	237505	177	178	179	194	441	#
1000	209618	25	26	193	194	441	#
1001	172361	177	181	192	193	441	#
