%% File generated by CATS v.2.1Wed Jun 19 19:17:36 2013

%% The CATS webpage is http://robotics.stanford.edu/CATS

%% PARAMETER SETTINGS:
% Goods: 256; Bids: 1000; Distribution: regions; Runs: 50; Seed: 1371664596
% Regions Distribution Parameters:
% Max Substitutable Bids = 5
% Removing HV Neighbor   = 0.1
% Adding DIAG Neighbor   = 0.2
% Additional Location    = 0.9
% Jump Probability       = 0.05
% Additivity             = 0.2
% Budget Factor          = 1.5
% Resale Factor          = 0.5
% Normal Private Value:
%   Mean                 = 0
%   Standard Deviation   = 30



goods 256
bids 1000
dummy 186

0	266185	144	145	160	256	#
1	302348	144	145	146	256	#
2	290331	128	144	145	256	#
3	264128	128	144	160	256	#
4	36967	45	#
5	131793	110	145	#
6	371200	208	209	224	225	240	241	257	#
7	479270	192	193	208	209	225	240	257	#
8	433185	176	192	193	208	225	241	257	#
9	339831	193	194	195	209	216	231	257	#
10	296770	209	224	225	240	241	242	257	#
11	189341	150	151	152	169	258	#
12	251053	136	151	152	167	258	#
13	147028	152	153	169	185	258	#
14	553182	150	151	167	168	169	183	199	259	#
15	692253	135	151	166	167	181	182	183	259	#
16	681624	134	150	151	166	167	182	183	259	#
17	643272	166	182	183	198	199	215	216	259	#
18	583210	152	167	168	182	183	197	199	259	#
19	523312	136	151	152	153	168	169	182	259	#
20	478257	68	90	93	105	106	107	108	109	121	122	123	124	125	139	260	#
21	710423	76	92	108	109	123	124	125	139	140	156	157	208	209	225	260	#
22	687841	61	62	76	78	79	92	93	94	95	108	109	110	111	127	260	#
23	680967	78	93	94	95	107	108	109	123	137	138	139	154	155	156	260	#
24	630230	94	109	110	125	126	142	143	157	158	159	174	175	191	207	260	#
25	626606	40	41	57	58	73	74	75	89	105	106	121	122	124	125	260	#
26	703711	151	152	155	156	169	185	186	187	201	202	261	#
27	905874	128	137	138	140	141	144	153	154	155	156	261	#
28	754747	138	151	152	153	154	155	167	168	171	187	261	#
29	705849	184	186	200	201	202	203	204	216	217	232	261	#
30	641300	11	27	122	137	138	139	153	154	155	171	261	#
31	638088	151	152	153	154	155	168	169	171	185	201	261	#
32	91648	193	194	262	#
33	109768	194	209	262	#
34	100211	193	209	262	#
35	250655	62	75	90	91	106	263	#
36	361817	47	61	62	63	79	263	#
37	269366	60	74	75	90	91	263	#
38	230208	60	75	76	91	92	263	#
39	134505	73	87	88	89	90	263	#
40	213076	204	219	220	221	236	264	#
41	244806	218	219	220	236	252	264	#
42	216182	205	220	221	222	238	264	#
43	153540	107	204	205	219	220	264	#
44	111099	203	215	219	220	235	264	#
45	1284446	29	45	60	76	179	180	193	195	196	197	198	209	210	211	212	213	214	215	226	227	228	229	243	244	265	#
46	1682032	12	28	42	44	45	47	57	58	59	60	61	62	63	75	76	79	91	92	107	108	170	186	195	200	265	#
47	1647397	149	150	151	166	167	168	182	183	184	197	198	199	200	201	213	214	215	216	217	229	230	231	232	233	265	#
48	1554344	147	148	163	180	182	183	194	195	196	197	198	199	209	210	211	212	213	214	215	226	228	229	230	231	265	#
49	1527726	130	144	145	146	147	163	164	180	181	193	194	195	196	197	209	210	211	212	213	226	227	228	229	243	265	#
50	1523880	11	12	13	14	15	28	29	30	31	44	45	52	58	59	60	61	67	76	204	205	220	221	229	236	265	#
51	309158	179	194	195	209	266	#
52	309041	194	195	209	210	266	#
53	303077	194	208	209	210	266	#
54	254949	179	193	194	209	266	#
55	237320	173	193	194	195	266	#
56	625397	192	208	209	224	225	240	241	267	#
57	615650	189	206	208	209	225	240	241	267	#
58	591712	192	193	208	209	225	241	245	267	#
59	542447	192	193	194	208	209	224	225	267	#
60	540622	193	194	208	209	210	224	225	267	#
61	526936	185	193	208	209	210	211	212	267	#
62	86601	249	250	268	#
63	74517	234	250	268	#
64	167473	82	97	98	114	269	#
65	220104	97	98	114	130	269	#
66	192907	97	98	113	114	269	#
67	170750	96	97	113	129	269	#
68	129642	49	50	66	82	269	#
69	228087	136	137	152	270	#
70	195341	136	152	153	270	#
71	196710	1	2	18	271	#
72	196296	2	17	18	271	#
73	186125	17	18	32	271	#
74	945998	11	27	30	43	44	45	57	58	59	60	61	62	74	75	76	77	91	92	93	109	272	#
75	1352611	10	25	26	27	41	42	43	55	56	57	58	71	72	73	74	86	87	88	89	90	272	#
76	1200322	11	26	27	28	42	43	44	45	57	58	59	60	74	75	90	91	143	158	159	174	272	#
77	1189620	11	12	26	27	28	42	43	44	58	59	60	72	73	74	75	76	77	93	109	125	272	#
78	1188118	27	28	93	94	97	98	109	113	114	115	124	125	129	130	131	145	146	147	148	157	272	#
79	1153616	61	62	63	77	78	79	82	93	107	108	109	123	125	126	141	142	152	153	154	169	272	#
80	1006226	48	144	145	146	147	160	161	162	163	176	177	178	193	273	#
81	1185268	128	129	130	131	144	145	160	161	162	176	177	192	193	273	#
82	1165468	128	130	131	144	145	146	160	161	162	176	177	178	193	273	#
83	1162993	160	161	176	177	179	192	193	194	195	208	209	211	225	273	#
84	1148347	129	130	145	160	161	162	176	177	192	193	194	195	210	273	#
85	1143941	114	115	129	130	131	145	146	147	160	161	176	177	193	273	#
86	479659	0	1	2	3	4	20	36	274	#
87	631948	2	3	4	18	20	73	74	274	#
88	559638	4	5	19	20	34	35	36	274	#
89	516728	0	1	2	16	17	18	32	274	#
90	515734	1	2	17	18	19	20	35	274	#
91	408967	5	21	36	37	38	53	55	274	#
92	660634	82	97	98	114	115	129	130	131	132	133	145	146	275	#
93	800763	97	113	114	129	130	144	145	146	160	161	162	176	275	#
94	727908	4	113	114	128	129	130	144	145	146	147	161	177	275	#
95	719738	80	96	97	112	113	114	115	128	129	130	145	146	275	#
96	692430	83	97	98	99	113	114	115	129	130	131	145	146	275	#
97	650185	65	80	81	96	97	113	114	115	129	130	131	148	275	#
98	2899268	101	102	103	116	117	118	119	132	133	134	135	140	148	149	150	151	154	155	156	165	169	170	171	172	173	188	189	190	191	194	204	205	206	207	220	221	222	223	235	236	237	238	239	251	252	253	254	255	276	#
99	3343004	3	4	149	163	164	165	172	179	180	181	182	185	186	187	188	189	193	194	195	196	197	200	201	202	203	204	205	206	209	210	211	212	213	219	220	221	222	226	227	235	236	237	238	239	250	251	252	255	276	#
100	3271963	101	102	103	116	117	118	119	133	134	135	138	149	150	151	152	153	154	155	163	164	165	166	167	168	169	170	171	179	180	181	182	183	184	185	186	187	195	196	197	200	201	202	209	210	211	226	227	243	276	#
101	3182382	8	9	10	11	12	24	25	26	40	42	43	44	45	59	60	75	76	144	145	160	161	163	176	177	178	179	180	181	192	193	194	195	196	197	208	209	210	211	212	213	214	225	226	227	228	242	243	244	276	#
102	3055691	51	52	65	66	67	82	83	84	88	96	97	98	99	100	101	103	104	113	114	115	116	117	118	119	120	128	129	130	131	132	133	134	135	144	145	146	148	149	150	161	162	163	164	165	179	180	231	232	276	#
103	3002999	13	18	101	103	115	116	117	118	119	120	132	133	134	148	149	150	162	163	164	165	166	167	168	179	180	181	182	183	193	194	195	196	197	198	208	209	210	211	212	213	214	224	225	226	228	229	230	240	276	#
104	56686	76	92	#
105	506900	1	17	18	19	20	21	35	36	37	277	#
106	674438	20	21	35	36	37	52	53	54	69	277	#
107	662440	19	20	33	34	35	36	48	51	67	277	#
108	635918	4	5	6	20	21	22	35	36	37	277	#
109	605298	3	19	20	35	36	51	52	67	83	277	#
110	526940	5	6	21	22	37	38	79	94	95	277	#
111	73532	229	#
112	271355	102	103	146	278	#
113	284955	86	102	103	278	#
114	266956	102	103	118	278	#
115	196348	146	147	148	278	#
116	526450	122	137	138	154	155	170	171	279	#
117	602146	136	137	138	139	140	152	153	279	#
118	600035	137	138	139	153	154	155	171	279	#
119	571941	137	138	139	154	155	171	187	279	#
120	547386	122	123	124	138	139	140	155	279	#
121	533422	137	138	154	155	170	171	187	279	#
122	843257	11	12	27	28	43	44	45	47	58	59	60	61	62	63	75	76	77	91	93	280	#
123	1164855	28	34	43	44	93	151	152	153	167	168	182	183	197	198	199	200	201	214	215	280	#
124	1146720	70	71	72	88	90	91	92	106	122	123	124	140	197	213	221	228	229	230	235	280	#
125	1134892	26	27	28	29	42	43	44	45	57	58	59	60	76	124	139	140	141	156	172	280	#
126	1113834	27	42	43	44	45	58	59	60	61	131	133	148	149	163	164	179	180	181	194	280	#
127	1087015	26	27	28	42	43	44	45	57	58	59	60	76	188	189	190	191	204	206	207	280	#
128	558974	62	63	79	126	127	141	142	157	158	159	174	175	281	#
129	797470	125	126	138	141	142	155	156	157	158	159	171	175	281	#
130	765310	126	127	138	141	142	143	154	155	156	157	158	159	281	#
131	698600	60	61	62	63	77	78	79	93	94	95	134	135	281	#
132	669330	157	164	165	174	175	179	181	191	194	195	196	197	281	#
133	558300	93	94	108	109	110	123	124	125	126	127	143	236	281	#
134	834107	171	198	212	213	214	216	228	229	230	231	232	244	245	246	282	#
135	1039739	184	197	198	199	200	201	213	216	231	232	233	234	247	248	282	#
136	990786	138	153	154	155	156	157	168	169	170	171	183	186	199	215	282	#
137	961324	26	33	49	65	81	212	213	227	228	229	242	243	244	245	282	#
138	960815	89	164	179	180	183	195	196	197	198	199	213	214	215	228	282	#
139	944284	119	169	184	198	200	201	213	214	216	227	228	229	230	231	282	#
140	1558253	7	23	39	40	68	69	84	88	89	90	103	104	105	108	109	119	120	121	122	123	137	138	139	140	141	154	155	156	283	#
141	1782414	123	136	138	139	140	151	152	153	154	155	156	157	158	168	169	170	171	172	174	185	186	187	188	202	204	220	236	237	283	#
142	1775616	34	35	50	136	137	138	139	140	150	151	152	153	154	155	156	157	158	166	167	168	169	170	172	173	174	183	185	189	283	#
143	1735969	58	59	60	74	75	76	77	91	92	93	108	109	110	111	123	124	139	140	141	155	156	164	170	171	185	186	187	202	283	#
144	1705698	94	110	111	125	126	127	138	139	140	141	142	153	154	155	156	157	158	169	170	171	172	173	185	187	188	201	202	217	283	#
145	1652069	21	37	38	52	53	54	55	66	67	68	69	70	71	82	83	84	85	86	88	98	99	100	102	103	104	118	119	120	283	#
146	142057	75	91	284	#
147	203095	59	75	284	#
148	626701	55	70	71	85	86	87	88	89	103	285	#
149	859095	67	68	69	70	71	72	86	88	89	285	#
150	639228	56	72	86	87	88	89	104	120	131	285	#
151	605219	52	53	68	69	70	71	84	85	86	285	#
152	595384	71	86	87	88	103	104	119	136	137	285	#
153	588496	53	54	69	70	86	87	101	102	103	285	#
154	492406	50	52	65	66	67	68	84	286	#
155	494961	50	51	65	66	67	82	83	286	#
156	492171	50	66	67	82	83	98	114	286	#
157	476322	49	50	51	65	66	82	195	286	#
158	472880	51	67	68	83	84	85	99	286	#
159	449553	34	50	51	52	67	68	69	286	#
160	123900	78	79	94	287	#
161	171538	63	78	79	287	#
162	162899	78	94	95	287	#
163	89112	78	94	110	287	#
164	748432	160	181	196	197	198	199	213	214	215	228	230	288	#
165	870019	96	112	128	144	145	146	147	160	161	176	251	288	#
166	818503	166	179	180	181	182	195	196	197	198	199	212	288	#
167	780014	180	181	182	197	198	199	213	214	215	229	230	288	#
168	748819	182	183	198	214	215	229	230	232	246	247	248	288	#
169	726612	181	182	197	198	199	213	214	215	228	229	230	288	#
170	799246	43	44	45	46	59	60	61	62	67	76	77	78	82	83	93	94	99	289	#
171	1051185	46	62	63	76	77	78	79	93	94	95	109	110	151	166	167	171	187	289	#
172	1027999	37	51	52	53	54	66	67	68	69	70	82	83	84	85	98	114	130	289	#
173	1005323	1	17	18	25	26	27	28	33	42	43	44	49	58	60	61	62	226	289	#
174	998919	15	26	30	43	44	45	46	58	59	60	61	62	63	75	76	77	78	289	#
175	905260	28	44	45	46	59	60	61	76	215	216	230	231	232	245	246	247	248	289	#
176	1759349	1	17	157	158	159	170	171	172	173	174	175	182	183	184	188	189	190	191	198	199	203	204	206	207	223	290	#
177	2048099	57	71	72	73	88	89	90	104	105	106	120	136	152	153	166	168	169	170	173	182	183	198	199	200	215	290	#
178	1913890	152	153	155	167	168	169	170	171	174	175	183	184	185	186	187	188	189	190	191	192	199	200	201	206	207	290	#
179	1856453	157	158	159	171	172	173	174	175	189	190	191	204	205	206	207	221	222	223	237	238	239	240	241	254	255	290	#
180	1730035	3	4	19	56	138	154	155	156	157	169	170	171	172	173	174	186	187	188	189	190	200	203	204	206	229	290	#
181	1726042	118	119	134	135	136	137	150	151	152	153	165	166	167	168	169	181	182	183	184	197	198	199	200	213	215	290	#
182	164089	203	219	235	236	251	252	291	#
183	214570	219	235	236	237	250	251	291	#
184	212777	201	202	203	204	218	219	291	#
185	199832	203	219	235	250	251	252	291	#
186	158865	218	219	220	234	235	250	291	#
187	576493	62	78	79	92	93	94	95	108	109	122	123	124	125	126	138	139	292	#
188	837998	28	30	31	45	46	47	62	63	77	78	79	91	92	93	94	110	292	#
189	830551	30	31	43	44	45	46	47	60	61	62	63	77	78	79	93	94	292	#
190	806219	89	90	91	105	106	122	123	124	138	139	140	141	154	155	208	224	292	#
191	772265	60	61	62	63	76	77	78	79	93	94	109	110	111	125	126	142	292	#
192	729962	62	78	79	93	94	95	108	109	110	111	124	125	142	222	237	238	292	#
193	2056558	74	89	90	103	105	119	120	121	147	180	181	182	183	195	196	197	198	211	212	213	214	227	228	229	230	237	238	239	243	244	253	254	255	293	#
194	2387031	34	35	36	37	51	52	53	69	100	101	114	115	116	117	131	132	133	134	135	205	206	220	222	235	236	237	238	239	251	252	253	254	255	293	#
195	2332864	144	147	161	162	163	164	165	168	177	179	180	181	182	183	193	194	195	196	198	199	208	209	210	211	212	224	225	227	240	241	242	243	244	293	#
196	2305894	163	176	177	178	179	180	181	182	183	192	193	194	196	197	198	199	208	209	210	211	212	213	224	225	226	227	228	229	230	241	242	243	244	293	#
197	2304119	100	114	115	116	132	148	189	203	204	205	206	207	208	217	218	219	220	221	222	224	225	235	236	237	238	239	240	241	251	252	253	254	255	293	#
198	2202100	177	179	180	181	182	183	184	193	194	195	196	197	208	209	210	211	212	213	214	224	225	226	227	228	229	230	240	241	242	243	244	245	246	293	#
199	303769	48	64	65	80	81	241	242	294	#
200	403166	33	34	48	64	65	66	81	294	#
201	346499	48	64	80	81	96	112	128	294	#
202	313567	17	32	33	48	49	64	195	294	#
203	299737	63	65	66	79	81	94	95	294	#
204	270507	32	33	48	64	80	83	98	294	#
205	474201	136	151	152	153	154	295	#
206	438447	136	152	153	168	169	295	#
207	409166	139	140	141	154	155	295	#
208	330754	152	153	169	195	196	295	#
209	320695	152	153	168	169	233	295	#
210	307723	133	134	135	150	151	295	#
211	1209064	152	154	155	168	169	170	171	182	185	186	187	195	196	197	198	200	201	214	215	216	217	232	296	#
212	1618885	5	6	7	22	38	55	135	149	150	151	152	153	154	166	167	168	169	170	183	184	186	201	296	#
213	1564023	139	142	152	153	154	155	157	158	167	168	169	170	171	183	184	185	186	187	198	199	200	201	296	#
214	1326748	92	108	122	123	124	138	139	140	141	153	154	155	156	157	158	170	171	174	185	186	187	201	296	#
215	1325384	167	168	169	170	173	183	184	186	188	199	200	201	202	203	204	208	215	216	217	219	224	231	296	#
216	1293847	136	152	153	167	168	169	170	171	183	184	185	186	199	200	201	202	214	216	217	230	231	232	296	#
217	360281	19	35	36	51	52	297	#
218	434060	3	19	34	35	51	297	#
219	390011	36	52	66	67	83	297	#
220	361758	51	52	53	54	69	297	#
221	312897	34	50	51	52	68	297	#
222	207817	17	18	19	20	32	297	#
223	534177	28	29	30	31	44	45	46	60	76	298	#
224	592619	29	44	45	58	59	60	74	75	76	298	#
225	562484	28	29	43	44	45	59	60	76	88	298	#
226	562465	44	45	46	60	61	62	77	78	93	298	#
227	508085	15	28	29	30	31	44	45	46	60	298	#
228	459532	27	28	44	45	46	59	60	185	186	298	#
229	421625	203	204	205	219	220	221	222	299	#
230	529465	136	152	205	206	221	222	238	299	#
231	525411	188	189	190	204	205	221	222	299	#
232	450449	188	189	204	205	219	220	221	299	#
233	391045	203	204	205	219	220	221	235	299	#
234	353550	188	202	203	204	218	219	220	299	#
235	539371	107	123	137	138	139	154	155	300	#
236	591672	138	139	153	154	155	171	187	300	#
237	591231	137	138	139	140	153	154	155	300	#
238	556780	138	139	140	154	155	156	171	300	#
239	472406	92	107	108	123	124	139	140	300	#
240	466152	92	108	109	122	123	138	155	300	#
241	208986	9	24	25	40	41	301	#
242	288005	9	25	26	27	41	301	#
243	282116	38	39	40	41	55	301	#
244	258010	9	24	25	26	42	301	#
245	147154	8	24	25	40	41	301	#
246	187075	42	43	59	302	#
247	173501	10	26	43	302	#
248	163841	43	44	59	302	#
249	1192617	51	52	65	66	67	188	204	205	220	221	222	236	238	239	252	303	#
250	1222598	128	129	144	145	160	161	205	220	221	222	238	239	253	254	255	303	#
251	1105982	35	51	52	53	65	66	67	68	69	82	83	98	99	100	114	303	#
252	1073448	188	203	204	205	218	219	220	221	222	235	236	238	239	252	255	303	#
253	1047514	175	189	190	191	205	206	207	222	223	237	238	239	253	254	255	303	#
254	1030876	120	121	204	219	220	221	235	236	237	238	239	251	252	253	254	303	#
255	370639	201	203	217	218	219	234	235	304	#
256	497270	232	233	234	236	250	251	252	304	#
257	490298	185	186	200	201	217	232	233	304	#
258	416839	25	170	185	186	201	202	203	304	#
259	379371	203	218	219	234	249	250	251	304	#
260	342260	185	200	201	216	217	231	233	304	#
261	1064632	33	34	48	49	50	64	65	66	67	80	81	96	97	98	112	113	114	115	129	130	131	132	305	#
262	1568032	97	98	99	100	101	102	103	113	114	115	116	117	118	119	120	130	131	132	146	147	148	187	305	#
263	1519763	2	3	18	19	20	33	34	35	36	37	49	50	51	52	53	65	66	67	68	69	250	251	305	#
264	1499830	53	68	69	97	98	112	113	114	115	116	128	129	130	131	132	133	138	145	146	147	148	197	305	#
265	1483996	20	34	35	36	50	51	66	67	68	83	84	96	97	98	99	114	115	130	131	132	133	149	305	#
266	1383397	2	3	4	5	6	7	17	18	19	20	21	34	35	36	37	49	50	51	52	53	67	68	305	#
267	584248	9	10	26	42	43	44	58	59	74	75	306	#
268	768383	44	55	56	57	58	59	60	61	74	75	306	#
269	653341	44	58	59	60	73	74	75	76	211	212	306	#
270	612838	12	13	28	29	44	45	59	60	74	75	306	#
271	540708	43	44	58	59	60	75	76	91	107	123	306	#
272	523982	26	27	42	43	44	45	57	58	59	114	306	#
273	829820	4	5	6	20	21	22	37	38	55	71	307	#
274	835504	4	5	6	19	20	35	36	205	222	238	307	#
275	817342	2	3	4	5	6	21	22	38	54	148	307	#
276	780219	2	3	4	5	6	7	19	20	21	37	307	#
277	753625	35	36	37	51	52	53	66	67	69	70	307	#
278	746656	3	4	5	6	7	21	22	37	38	53	307	#
279	1167491	49	50	51	52	53	54	55	67	82	83	97	98	99	113	114	129	130	131	146	308	#
280	1360612	41	43	52	53	54	55	56	57	58	68	69	70	71	72	73	87	88	89	105	308	#
281	1226408	20	34	35	36	37	50	51	52	53	54	55	67	68	69	70	71	72	84	85	308	#
282	1206152	21	26	35	36	37	51	53	54	55	68	69	70	71	72	84	85	86	87	88	308	#
283	1204594	36	37	39	40	41	50	51	52	53	54	55	57	67	68	69	70	84	85	242	308	#
284	1170457	20	21	36	37	38	39	40	51	52	53	54	55	67	68	69	70	71	87	88	308	#
285	785259	3	4	19	20	35	36	52	68	69	200	216	230	231	246	309	#
286	1012772	26	27	42	43	167	168	183	184	190	199	200	201	206	216	309	#
287	895954	167	183	184	198	199	214	215	216	229	230	231	232	245	246	309	#
288	878448	1	2	3	4	5	16	17	18	19	34	35	144	145	161	309	#
289	817039	36	52	66	67	68	69	70	71	84	85	86	102	118	248	309	#
290	815650	1	2	3	4	17	18	19	20	32	33	36	52	53	69	309	#
291	1096307	64	65	80	81	82	83	96	97	98	99	100	112	113	114	128	134	135	144	145	151	255	310	#
292	1638044	128	129	132	144	145	146	148	156	157	158	161	162	163	164	172	180	188	196	204	205	221	310	#
293	1413333	96	97	98	112	113	114	115	128	129	130	131	132	144	145	160	161	162	176	177	192	208	310	#
294	1390204	135	149	150	151	152	153	166	167	168	169	170	182	183	184	185	198	199	200	201	214	215	310	#
295	1381056	9	143	144	158	159	160	161	162	163	164	176	177	178	180	192	193	196	197	198	199	208	310	#
296	1301311	66	82	96	97	98	99	100	101	113	114	115	116	129	130	131	132	145	146	147	148	161	310	#
297	624842	18	19	20	35	36	44	51	52	67	216	231	311	#
298	775765	3	4	19	20	36	52	67	68	118	119	134	311	#
299	755259	3	4	19	34	35	36	50	51	52	66	67	311	#
300	746273	4	20	36	52	53	68	84	239	253	254	255	311	#
301	639820	20	36	52	65	66	67	68	82	83	98	99	311	#
302	617347	183	199	200	214	215	216	228	229	230	231	232	311	#
303	1051790	12	27	28	29	44	45	46	59	60	61	62	63	76	77	78	79	92	93	189	312	#
304	1346766	2	3	27	28	45	46	59	60	61	74	75	91	124	152	216	217	232	247	248	312	#
305	1229335	157	158	159	172	173	174	175	188	189	190	191	204	205	206	207	220	221	222	236	312	#
306	1222478	42	44	58	59	60	61	75	76	77	91	92	108	188	189	190	191	206	222	223	312	#
307	1166029	26	27	43	44	45	58	59	60	61	74	76	77	78	92	93	108	109	231	232	312	#
308	1126196	45	46	52	53	54	61	62	69	71	78	79	85	86	87	88	101	102	103	104	312	#
309	504929	70	71	72	87	88	103	104	313	#
310	557392	56	70	71	72	86	87	88	313	#
311	540957	83	88	103	104	119	120	134	313	#
312	538448	71	87	88	103	104	120	121	313	#
313	509365	52	53	68	69	70	71	86	313	#
314	490179	71	87	88	89	103	104	119	313	#
315	612068	100	101	113	114	115	116	129	130	131	132	148	314	#
316	825478	114	115	130	131	146	147	148	149	150	163	164	314	#
317	698399	100	115	130	132	146	147	148	162	163	164	165	314	#
318	678461	97	98	113	114	116	128	129	130	131	132	146	314	#
319	639204	128	129	130	145	146	147	153	169	170	171	186	314	#
320	621773	99	100	102	115	116	117	118	131	132	133	148	314	#
321	227823	1	16	17	32	33	315	#
322	295766	17	18	32	33	34	315	#
323	275236	1	17	32	33	34	315	#
324	273139	2	16	17	18	180	315	#
325	265291	0	1	2	16	17	315	#
326	256385	4	17	18	19	20	315	#
327	154417	19	20	36	37	316	#
328	219907	33	34	35	36	316	#
329	211583	37	38	53	55	316	#
330	130501	20	50	51	52	316	#
331	112140	2	#
332	607001	0	1	2	3	4	16	17	18	19	32	33	34	317	#
333	753405	0	1	2	3	4	5	19	20	35	188	204	205	317	#
334	748660	4	5	6	7	20	21	22	160	161	162	177	178	317	#
335	713977	0	1	2	16	17	32	33	34	35	49	51	67	317	#
336	614709	17	32	33	34	35	36	48	49	64	65	66	67	317	#
337	614359	1	2	3	4	17	19	20	32	33	35	48	49	317	#
338	298843	13	14	15	29	30	45	46	62	318	#
339	435755	46	62	63	78	94	108	109	110	318	#
340	396540	14	15	29	30	45	46	60	62	318	#
341	331631	13	28	29	30	44	45	60	119	318	#
342	329006	0	11	12	13	14	29	30	45	318	#
343	297299	13	27	28	29	30	31	45	46	318	#
344	220498	147	163	164	238	319	#
345	229363	164	165	180	195	319	#
346	229189	238	239	253	254	319	#
347	193444	147	163	164	180	319	#
348	166323	147	148	158	174	319	#
349	370927	109	125	141	142	157	158	174	320	#
350	538201	101	124	139	140	141	142	156	320	#
351	493254	156	157	158	172	174	194	246	320	#
352	490216	126	139	140	141	142	155	156	320	#
353	487338	155	156	157	158	159	174	175	320	#
354	440397	109	125	142	156	157	158	174	320	#
355	649058	195	196	210	211	212	213	227	228	229	243	321	#
356	807746	181	182	194	195	196	197	209	211	212	228	321	#
357	712480	193	194	209	210	211	225	226	227	228	243	321	#
358	692105	163	179	180	194	195	209	211	226	227	243	321	#
359	620760	180	195	196	210	211	212	226	227	228	243	321	#
360	611379	180	181	195	196	210	211	212	226	227	228	321	#
361	1600887	11	12	13	86	87	101	102	103	116	117	118	119	120	121	131	132	133	134	149	150	151	152	165	167	181	183	223	322	#
362	1855066	87	88	101	102	103	104	116	117	118	119	120	132	133	134	136	148	150	151	152	166	167	168	181	182	183	197	252	322	#
363	1790971	103	119	134	150	151	152	153	154	164	165	166	167	168	169	170	171	179	180	181	182	183	184	185	195	196	197	212	322	#
364	1747342	76	135	136	138	139	149	150	151	152	153	154	156	165	166	167	169	170	171	172	181	182	185	197	198	199	246	247	322	#
365	1735601	8	9	24	157	158	159	173	174	175	189	190	191	204	205	206	207	221	222	223	235	236	237	238	239	253	254	255	322	#
366	1735024	51	52	64	65	66	67	68	78	82	83	86	87	88	89	101	102	103	104	105	116	117	118	119	120	121	134	150	322	#
367	273119	189	190	206	207	223	323	#
368	318155	189	205	206	222	223	323	#
369	248274	189	191	206	207	223	323	#
370	227795	191	206	207	222	223	323	#
371	216390	159	175	190	191	207	323	#
372	188101	188	189	190	191	206	323	#
373	316121	40	41	56	57	324	#
374	241639	24	25	40	41	324	#
375	229177	56	57	75	76	324	#
376	201740	56	57	72	73	324	#
377	621100	143	149	159	163	165	180	181	182	195	196	197	211	212	325	#
378	916875	151	152	166	167	168	169	182	183	196	197	198	211	214	325	#
379	893472	2	3	4	131	132	134	147	148	149	150	151	164	165	325	#
380	848766	55	56	70	71	87	195	196	210	211	212	227	228	243	325	#
381	804591	166	167	168	181	182	183	196	197	198	199	213	214	223	325	#
382	789388	10	26	27	43	58	59	120	121	148	162	163	164	180	325	#
383	1445782	37	52	53	65	66	67	68	80	81	82	83	84	85	96	97	98	99	112	113	114	130	131	326	#
384	1495385	2	32	33	48	49	51	52	59	60	64	65	66	67	68	76	81	82	83	84	96	98	108	326	#
385	1476764	49	50	65	66	67	68	81	82	83	84	94	98	110	126	179	180	195	196	210	211	212	226	326	#
386	1439007	5	21	37	52	53	54	67	68	69	70	71	84	85	86	102	103	152	153	155	168	169	171	326	#
387	1433427	112	113	114	128	129	130	131	144	145	146	147	148	160	161	162	163	164	176	177	179	180	193	326	#
388	1388496	49	50	51	52	53	54	65	66	67	68	80	82	96	97	98	99	112	113	114	130	146	240	326	#
389	577187	198	214	216	230	231	232	245	246	247	248	327	#
390	680656	67	199	205	215	216	220	221	222	232	236	327	#
391	666299	228	229	230	232	243	244	245	246	247	248	327	#
392	643284	216	230	231	232	243	244	245	246	247	248	327	#
393	625492	167	183	184	198	199	200	214	215	216	230	327	#
394	546478	166	181	182	183	197	198	199	200	212	213	327	#
395	2411285	0	1	2	3	4	9	10	11	12	16	17	18	19	20	26	32	33	34	35	36	48	49	50	51	52	64	65	66	67	68	69	70	80	81	82	83	96	98	99	114	115	328	#
396	2737455	2	3	16	17	18	32	33	34	48	49	50	51	64	65	66	67	81	82	83	96	97	98	99	113	125	142	179	180	192	193	194	195	202	203	204	205	209	210	220	221	222	328	#
397	2717126	21	36	37	38	51	52	53	54	62	67	68	69	70	84	152	166	167	168	169	170	182	183	184	185	186	197	199	200	201	202	203	205	215	216	217	221	222	233	237	238	239	328	#
398	2586403	0	1	2	3	4	5	6	16	17	18	19	20	21	22	32	33	34	35	36	37	38	47	48	50	51	52	54	63	65	66	67	68	70	81	82	83	84	93	99	157	158	328	#
399	2546290	8	9	10	11	22	24	25	26	27	28	37	38	40	41	42	43	54	55	56	57	58	59	60	75	76	91	135	149	150	151	205	206	208	209	221	222	224	225	240	241	242	328	#
400	2535096	2	17	18	20	32	33	34	35	36	37	48	49	50	51	52	53	54	64	65	66	67	68	82	83	84	85	86	87	97	98	99	114	134	136	137	138	142	149	150	152	166	328	#
401	368393	107	108	109	123	124	138	139	143	329	#
402	495454	105	121	123	124	139	140	141	156	329	#
403	462880	75	91	107	123	138	139	155	156	329	#
404	409302	121	122	123	124	137	138	139	155	329	#
405	366754	126	127	142	143	158	159	174	175	329	#
406	327148	91	92	93	94	107	108	109	123	329	#
407	355565	170	186	201	202	330	#
408	332528	200	201	202	216	330	#
409	311217	155	170	171	186	330	#
410	255101	170	185	186	201	330	#
411	165820	202	203	219	220	330	#
412	211160	96	97	113	114	115	331	#
413	227175	113	114	129	177	178	331	#
414	219399	97	114	115	131	132	331	#
415	196866	65	66	80	81	96	331	#
416	182842	82	83	96	97	98	331	#
417	744192	147	148	163	164	179	180	194	195	196	197	209	212	332	#
418	889528	131	132	133	148	149	163	164	165	179	180	194	195	332	#
419	826330	131	145	146	148	149	160	161	162	163	164	179	180	332	#
420	815734	163	164	179	180	181	194	195	196	197	209	211	225	332	#
421	803754	115	116	131	132	147	148	163	164	179	180	195	196	332	#
422	788927	115	131	132	147	148	163	164	165	179	180	194	195	332	#
423	739064	114	115	116	117	118	119	130	131	132	133	134	147	148	149	333	#
424	916221	115	116	117	118	119	120	132	133	134	135	148	149	150	166	333	#
425	856168	117	129	130	131	132	133	148	149	150	164	165	180	181	195	333	#
426	817732	87	102	103	104	117	119	120	121	133	134	135	156	172	173	333	#
427	800129	116	117	118	130	131	132	133	148	149	164	179	180	181	197	333	#
428	795433	102	118	132	133	134	145	146	147	148	149	161	162	164	165	333	#
429	817158	44	45	46	58	59	60	73	74	75	76	89	334	#
430	1007846	29	30	31	44	45	46	59	60	61	62	63	334	#
431	876015	12	13	14	29	30	31	45	46	62	63	78	334	#
432	767525	28	43	44	45	58	59	60	61	62	74	75	334	#
433	695696	42	43	56	57	58	59	73	74	75	90	91	334	#
434	685709	9	10	26	27	42	43	44	58	59	74	75	334	#
435	1373022	1	17	76	92	93	108	122	123	124	125	126	127	136	137	138	142	151	152	153	154	155	168	169	171	185	335	#
436	1927376	19	20	36	122	136	137	138	139	140	152	153	155	156	169	170	171	172	173	187	188	189	190	205	206	222	335	#
437	1914009	136	137	138	139	140	151	152	153	154	155	167	169	170	171	172	173	186	187	188	189	190	202	203	204	205	335	#
438	1856331	88	89	104	105	108	119	120	121	122	123	124	131	136	137	138	139	140	145	146	147	148	155	156	251	252	335	#
439	1843852	86	101	102	103	118	119	120	131	133	134	135	136	137	148	149	150	151	152	153	166	167	168	169	185	201	335	#
440	1730873	26	135	136	151	152	153	154	167	168	169	170	171	172	180	181	182	183	184	185	186	187	188	189	197	205	335	#
441	116784	152	153	336	#
442	73740	136	152	336	#
443	763055	18	179	194	195	196	210	211	227	237	337	#
444	706395	163	164	179	180	194	195	210	211	227	337	#
445	705716	1	2	16	17	18	32	33	34	48	337	#
446	675521	130	195	196	210	211	212	213	226	227	337	#
447	618778	163	179	180	195	196	210	211	212	226	337	#
448	610648	87	103	119	120	179	180	195	196	212	337	#
449	501258	39	53	54	55	71	72	338	#
450	507351	38	39	53	54	55	71	338	#
451	505887	38	53	54	55	71	87	338	#
452	466381	55	56	57	71	72	73	338	#
453	404847	37	52	53	54	67	69	338	#
454	391417	71	72	85	86	87	102	338	#
455	639145	55	71	87	88	102	103	104	118	339	#
456	695799	87	88	102	103	120	211	226	234	339	#
457	520761	69	86	87	88	101	102	103	120	339	#
458	513752	55	56	70	71	87	88	89	137	339	#
459	422649	102	103	117	118	119	133	134	149	339	#
460	413456	64	87	88	89	90	103	104	105	339	#
461	172556	34	94	115	340	#
462	201116	114	115	131	340	#
463	121683	33	34	49	340	#
464	646388	179	180	194	195	209	210	211	225	226	227	228	243	341	#
465	829869	181	182	196	197	198	211	212	213	214	227	228	229	341	#
466	734831	144	161	162	163	177	179	180	181	182	195	196	197	341	#
467	729387	160	161	162	176	177	178	193	194	195	209	210	226	341	#
468	725832	179	180	181	195	196	197	209	210	211	212	226	228	341	#
469	655104	196	197	212	213	214	227	228	229	230	242	243	244	341	#
470	1063869	80	81	82	96	97	98	99	100	101	113	114	115	129	130	144	145	146	342	#
471	1482087	95	99	100	101	102	115	116	117	118	128	129	130	131	132	133	146	148	342	#
472	1386004	82	98	99	100	101	114	115	129	130	131	132	148	149	164	180	181	196	342	#
473	1341983	97	99	100	101	102	113	114	115	118	129	130	131	132	145	146	147	148	342	#
474	1294374	50	51	52	65	66	67	82	83	98	99	100	114	115	129	130	131	132	342	#
475	1270694	115	117	118	119	123	124	128	129	130	131	132	133	134	146	147	148	149	342	#
476	48651	59	#
477	1875163	68	70	72	73	74	75	84	85	86	87	88	89	90	101	102	103	104	105	106	117	118	119	120	121	122	126	132	133	134	136	138	140	141	142	157	158	180	343	#
478	2370049	9	26	41	42	43	44	46	55	56	57	58	60	61	62	63	73	74	75	76	79	88	89	90	91	92	93	94	104	105	106	108	109	124	140	176	192	193	343	#
479	2310106	32	51	54	60	61	66	67	68	70	82	83	84	85	98	99	148	164	165	166	180	181	182	195	196	197	198	199	209	210	211	212	213	214	227	228	229	244	343	#
480	2309884	17	32	33	48	49	50	65	66	81	82	119	133	134	135	140	149	150	151	155	156	157	158	159	172	173	174	175	188	189	190	191	204	205	206	207	220	221	343	#
481	2283507	9	10	26	27	28	39	42	43	44	55	56	57	58	59	60	61	62	68	69	70	71	72	73	74	75	76	77	87	88	89	90	92	103	104	105	106	120	343	#
482	2273759	23	34	36	37	38	39	52	53	54	55	56	66	67	68	69	70	71	82	83	84	85	86	87	88	99	155	180	181	182	197	198	213	214	215	216	228	232	343	#
483	425514	194	195	196	197	210	211	344	#
484	465343	163	180	181	195	196	212	344	#
485	441827	180	181	195	196	197	212	344	#
486	376354	194	195	210	226	227	228	344	#
487	333061	181	182	197	198	199	215	344	#
488	301281	196	210	211	212	226	228	344	#
489	1255831	163	179	194	195	196	209	210	211	212	213	214	226	227	228	229	230	241	242	243	244	345	#
490	1392345	115	162	163	164	179	180	194	195	196	209	210	211	224	225	226	227	240	241	242	243	345	#
491	1381984	162	163	177	178	179	192	193	194	195	196	208	209	210	211	224	225	226	227	240	241	345	#
492	1359891	167	182	183	195	196	197	198	199	200	210	211	212	213	214	226	227	228	229	243	244	345	#
493	1330622	16	146	147	148	152	163	168	179	180	183	193	194	195	196	209	211	224	225	227	243	345	#
494	1327548	166	167	168	169	182	183	196	197	198	199	211	212	213	214	215	216	217	230	232	246	345	#
495	481147	56	72	87	88	89	346	#
496	520294	54	55	56	72	88	346	#
497	459391	55	56	72	151	152	346	#
498	449191	72	88	89	90	105	346	#
499	337652	70	86	87	88	132	346	#
500	174290	71	87	88	104	105	346	#
501	78536	191	#
502	1606149	3	4	5	6	18	19	20	21	22	36	37	38	39	40	50	51	52	53	54	55	66	67	68	69	70	83	84	85	347	#
503	1873836	24	25	39	40	41	53	54	55	56	57	69	70	71	72	73	85	86	87	88	89	101	102	103	118	150	151	166	167	347	#
504	1866225	20	36	38	49	50	51	52	53	54	55	56	65	66	67	68	69	82	85	135	136	137	151	152	167	168	183	199	215	347	#
505	1808707	18	26	36	37	38	42	43	52	53	54	67	68	69	83	84	133	134	179	195	196	210	211	212	226	227	228	243	244	347	#
506	1768029	20	21	24	35	36	37	38	39	40	41	53	54	55	56	57	69	70	71	72	85	87	88	89	102	103	105	119	134	347	#
507	1757170	36	37	51	52	53	55	66	67	68	69	70	71	72	73	74	85	86	87	88	89	91	92	102	103	104	112	128	129	347	#
508	326473	123	124	139	140	155	348	#
509	398504	108	124	140	155	156	348	#
510	333201	108	122	123	124	138	348	#
511	300980	124	125	139	140	156	348	#
512	179229	155	156	171	172	173	348	#
513	1568	185	#
514	116553	182	198	349	#
515	166507	198	199	349	#
516	119227	166	182	349	#
517	150321	47	63	350	#
518	211162	63	95	350	#
519	311295	122	123	138	154	155	351	#
520	421284	140	154	155	156	171	351	#
521	401019	153	154	155	168	169	351	#
522	360745	123	124	138	139	140	351	#
523	221362	75	122	123	138	139	351	#
524	218765	106	122	138	154	155	351	#
525	908971	5	21	22	35	36	37	38	54	70	71	72	87	88	352	#
526	911372	38	54	70	71	72	73	86	87	88	102	182	183	198	352	#
527	808303	57	58	70	71	72	73	74	89	90	91	105	107	156	352	#
528	798927	37	38	39	55	70	71	72	87	88	102	103	119	133	352	#
529	790883	21	22	23	36	37	38	39	52	53	54	55	68	69	352	#
530	786696	53	54	70	71	72	73	86	87	88	102	103	118	119	352	#
531	699907	94	109	110	124	125	126	131	142	148	157	158	174	239	353	#
532	988729	173	189	190	191	205	206	207	222	223	237	238	239	253	353	#
533	827490	143	155	158	159	171	174	175	190	191	206	207	222	239	353	#
534	765610	62	63	77	78	79	91	92	93	94	95	108	109	110	353	#
535	732629	4	19	20	36	155	156	157	158	159	166	171	172	174	353	#
536	713552	100	102	115	117	118	119	131	132	133	134	148	149	239	353	#
537	424840	33	34	48	49	50	209	210	354	#
538	593393	208	209	210	225	240	241	242	354	#
539	463909	27	193	194	208	209	210	226	354	#
540	355689	19	33	34	35	36	49	50	354	#
541	334652	48	49	170	171	185	186	187	354	#
542	283708	32	33	34	35	48	49	50	354	#
543	280695	92	108	109	125	178	355	#
544	286138	76	77	92	93	108	355	#
545	233043	108	109	124	125	126	355	#
546	221582	92	93	108	109	125	355	#
547	185414	160	176	177	178	193	355	#
548	108212	109	125	126	127	142	355	#
549	625582	192	193	194	208	209	210	224	225	356	#
550	731884	160	176	192	208	209	224	225	240	356	#
551	658257	192	193	194	195	208	209	224	225	356	#
552	600169	33	176	177	192	193	208	209	225	356	#
553	569513	176	192	193	194	208	209	224	225	356	#
554	561125	191	192	193	194	208	209	210	225	356	#
555	206093	103	119	357	#
556	119142	103	104	357	#
557	227303	236	237	252	358	#
558	196331	236	237	238	358	#
559	195949	222	237	238	358	#
560	191596	235	236	252	358	#
561	1518817	161	162	177	184	189	190	199	200	201	202	203	204	205	206	214	215	216	217	220	221	222	231	232	233	359	#
562	1766648	148	151	163	164	167	168	180	181	182	183	184	196	197	198	199	200	201	213	214	215	228	229	230	246	359	#
563	1702271	188	189	190	193	194	195	204	205	210	211	219	220	221	222	235	236	237	238	239	251	252	253	254	255	359	#
564	1681657	16	41	134	150	166	167	182	183	184	194	195	196	197	198	199	200	213	215	216	217	218	231	232	233	359	#
565	1650245	166	168	180	181	182	183	184	197	198	199	200	201	202	214	215	216	217	230	231	232	233	246	247	248	359	#
566	1643801	156	157	158	170	171	172	174	175	188	189	190	203	204	205	206	220	221	222	223	237	238	239	253	254	359	#
567	183677	6	7	8	22	360	#
568	241132	7	8	23	39	360	#
569	239029	22	38	54	55	360	#
570	214908	5	6	7	22	360	#
571	195294	7	8	9	23	360	#
572	1275654	34	71	72	88	89	179	182	194	195	196	197	211	212	213	226	227	228	361	#
573	1239163	34	82	83	98	179	193	194	195	196	209	210	211	212	213	226	227	228	361	#
574	1106393	112	128	129	151	166	167	182	183	184	197	198	199	200	201	213	215	216	361	#
575	1097472	179	193	194	195	196	197	208	209	210	211	212	213	226	227	228	244	245	361	#
576	1057913	12	27	28	29	30	43	45	46	60	150	151	166	167	168	182	183	184	361	#
577	1036060	23	39	55	70	71	72	73	86	87	88	101	102	103	117	118	119	134	361	#
578	216341	217	232	233	234	362	#
579	245595	183	199	231	232	362	#
580	208242	232	233	234	250	362	#
581	170005	156	201	217	233	362	#
582	763482	117	186	201	202	203	218	219	220	235	236	249	250	251	252	363	#
583	941337	170	171	185	186	187	188	201	202	203	204	205	217	218	234	363	#
584	921995	14	15	29	30	31	45	46	47	62	218	233	234	249	250	363	#
585	920731	101	114	115	116	117	118	130	131	132	133	147	148	149	165	363	#
586	872502	136	152	153	169	170	185	186	189	201	202	203	204	205	222	363	#
587	855380	42	194	203	204	209	210	218	219	220	235	236	250	251	252	363	#
588	295268	16	17	32	33	34	48	49	50	364	#
589	434146	0	1	16	17	27	33	71	72	364	#
590	410856	0	16	17	32	33	47	48	245	364	#
591	366829	3	19	20	33	34	35	49	50	364	#
592	366453	33	49	65	66	67	68	82	84	364	#
593	349062	17	32	33	48	170	171	186	187	364	#
594	184223	208	224	225	365	#
595	222536	209	224	225	365	#
596	180301	224	225	241	365	#
597	416065	208	209	210	225	366	#
598	417409	190	194	195	209	366	#
599	336751	193	194	209	225	366	#
600	305039	76	210	226	227	366	#
601	301659	47	208	225	241	366	#
602	537433	135	151	189	204	205	206	367	#
603	524794	189	190	205	206	207	223	367	#
604	462800	189	205	206	220	221	222	367	#
605	409230	135	151	167	168	183	199	367	#
606	368415	203	204	205	219	220	235	367	#
607	362913	116	132	133	134	135	151	367	#
608	414559	168	183	184	200	201	368	#
609	424659	136	152	153	168	169	368	#
610	373874	183	184	199	200	216	368	#
611	361862	168	182	183	184	200	368	#
612	211984	177	183	184	193	194	368	#
613	208006	104	185	201	202	203	368	#
614	19566	86	#
615	501858	94	95	109	110	111	125	126	127	142	158	159	369	#
616	723696	61	62	63	77	78	79	93	94	109	110	126	369	#
617	692728	143	159	172	173	175	188	189	190	191	205	207	369	#
618	650868	110	111	126	127	142	143	157	158	159	174	175	369	#
619	628489	94	109	110	124	125	126	127	130	141	142	143	369	#
620	564385	30	93	94	110	111	126	127	142	143	158	159	369	#
621	407152	170	185	186	187	201	202	203	370	#
622	510696	188	189	200	202	203	204	205	370	#
623	449528	155	156	170	171	172	186	187	370	#
624	428848	153	169	170	185	186	187	202	370	#
625	410728	170	171	185	186	187	201	202	370	#
626	408845	169	170	171	185	186	187	202	370	#
627	778750	146	147	162	163	176	177	178	179	180	181	192	193	194	195	208	371	#
628	983809	160	161	162	176	177	178	192	193	194	195	208	209	210	211	227	371	#
629	974979	117	131	132	133	146	147	148	161	162	163	177	178	192	193	237	371	#
630	960894	137	138	161	176	177	178	192	193	194	208	209	224	225	240	241	371	#
631	950398	177	192	193	194	195	196	197	209	210	211	212	213	226	227	228	371	#
632	914011	145	160	161	162	176	177	192	193	194	208	209	224	225	240	241	371	#
633	799823	2	3	19	20	33	34	35	36	48	50	51	52	67	68	372	#
634	1004948	1	2	3	4	5	6	17	18	19	20	22	36	37	53	372	#
635	985725	3	4	19	20	36	52	58	59	74	75	90	91	106	147	372	#
636	929627	2	3	4	5	18	19	20	21	34	35	36	37	51	67	372	#
637	914544	0	1	2	3	4	16	17	18	19	20	33	48	64	65	372	#
638	845716	2	3	18	19	20	35	36	50	51	52	87	88	103	104	372	#
639	711590	212	213	214	227	228	229	230	231	243	244	245	246	247	373	#
640	884885	164	165	180	195	196	211	212	213	227	228	229	243	247	373	#
641	846384	179	195	196	211	212	213	226	227	228	242	243	244	245	373	#
642	821520	149	165	166	180	181	182	197	198	212	213	227	228	229	373	#
643	807202	197	198	213	227	228	229	230	242	243	244	245	246	247	373	#
644	791759	196	197	211	212	213	214	227	228	229	242	243	244	245	373	#
645	107694	60	75	76	374	#
646	108059	75	91	107	374	#
647	90038	75	76	91	374	#
648	151751	20	36	52	375	#
649	171195	4	20	36	375	#
650	1051259	150	166	181	182	195	198	199	210	211	212	213	214	215	227	228	229	230	231	376	#
651	1281939	128	144	145	176	179	192	193	194	195	196	209	210	211	212	215	226	227	228	376	#
652	1267040	97	164	179	180	181	195	196	197	210	211	212	226	228	229	230	232	244	245	376	#
653	1224325	180	181	194	195	196	197	209	210	211	212	226	227	228	229	242	243	244	245	376	#
654	1186331	179	180	192	194	195	196	208	209	210	211	224	225	226	227	228	243	244	245	376	#
655	1161141	148	164	165	179	180	194	195	196	208	209	210	211	212	213	224	225	226	232	376	#
656	471334	1	2	3	17	18	19	20	32	33	36	377	#
657	655976	3	4	5	20	35	36	170	185	186	187	377	#
658	619777	2	17	32	33	34	35	36	48	49	64	377	#
659	599430	2	3	16	17	18	19	20	35	36	52	377	#
660	560170	4	19	20	36	37	38	52	53	66	67	377	#
661	552768	17	18	32	33	48	49	50	64	208	209	377	#
662	650189	8	9	26	111	198	199	214	215	378	#
663	783692	181	182	196	197	198	199	213	214	378	#
664	713961	150	153	166	167	182	183	198	199	378	#
665	708234	22	181	197	198	199	213	214	230	378	#
666	684025	167	183	197	198	199	213	214	215	378	#
667	559933	6	7	8	9	22	23	24	40	378	#
668	1108172	115	129	130	131	132	144	145	147	148	160	161	162	163	164	176	177	178	179	180	195	196	379	#
669	1527060	97	114	130	144	145	146	160	161	162	166	167	177	178	182	183	184	221	222	237	238	239	379	#
670	1477929	148	163	164	179	180	194	195	196	210	211	212	213	226	227	228	229	230	243	244	245	246	379	#
671	1451451	28	45	59	60	74	75	128	129	144	145	146	147	148	160	161	162	163	176	177	178	192	379	#
672	1439898	2	18	19	26	42	113	114	128	129	130	144	145	146	160	161	162	176	177	178	192	193	379	#
673	1432874	163	179	180	181	182	183	195	196	197	199	210	211	212	213	226	227	228	229	242	243	244	379	#
674	89411	100	114	115	380	#
675	70831	99	100	115	380	#
676	116175	1	2	381	#
677	139367	2	17	381	#
678	279799	194	209	210	226	382	#
679	329958	193	194	208	209	382	#
680	262705	179	194	210	226	382	#
681	258469	193	209	210	226	382	#
682	413460	12	13	14	15	29	30	31	47	63	383	#
683	530291	31	47	61	62	63	77	78	79	95	383	#
684	385802	13	14	15	29	30	31	45	46	60	383	#
685	359779	14	15	30	31	45	46	211	227	243	383	#
686	349391	13	14	15	29	30	31	45	46	62	383	#
687	330981	29	30	45	46	47	62	63	78	79	383	#
688	99305	41	57	384	#
689	120819	57	58	384	#
690	31111	40	41	384	#
691	485669	47	63	78	79	93	94	95	109	110	111	125	127	202	385	#
692	661969	13	14	15	29	30	31	45	47	60	61	75	76	77	385	#
693	511773	13	14	30	45	46	62	78	94	109	110	125	126	127	385	#
694	495871	78	93	94	107	108	109	110	123	124	125	140	141	142	385	#
695	473072	94	109	110	111	122	123	125	126	127	141	142	149	150	385	#
696	419712	30	46	60	61	62	76	77	78	79	92	93	94	95	385	#
697	37977	116	#
698	236162	72	87	88	386	#
699	232597	71	72	88	386	#
700	216100	70	71	87	386	#
701	79970	56	72	73	386	#
702	716030	117	118	119	120	133	134	135	149	150	151	166	387	#
703	890600	133	135	149	150	151	152	166	167	182	198	199	387	#
704	886673	135	136	137	150	151	152	153	167	168	169	183	387	#
705	855139	150	151	166	167	179	180	181	182	183	197	213	387	#
706	840706	103	117	118	119	133	134	135	150	151	166	167	387	#
707	824923	135	149	150	151	163	164	165	166	167	181	182	387	#
708	175503	140	156	388	#
709	205593	156	157	388	#
710	173917	73	89	389	#
711	139843	72	73	389	#
712	569833	189	206	207	223	230	231	232	248	390	#
713	592088	36	37	52	190	191	206	207	223	390	#
714	572782	189	190	191	205	206	207	222	223	390	#
715	544177	175	189	190	191	206	207	222	223	390	#
716	528701	157	174	175	190	191	206	207	223	390	#
717	468004	43	58	59	216	230	231	232	248	390	#
718	543679	189	191	206	207	222	238	239	253	254	391	#
719	737724	189	190	205	206	207	220	221	222	238	391	#
720	668005	173	189	206	207	221	222	238	253	254	391	#
721	585513	51	67	220	221	222	236	237	238	239	391	#
722	555557	205	206	222	235	236	237	238	253	254	391	#
723	544911	159	175	189	190	191	205	206	207	222	391	#
724	83628	65	#
725	986549	71	85	86	87	88	100	101	102	103	104	117	118	119	120	133	134	135	392	#
726	1290827	22	38	53	54	56	69	70	71	72	85	86	102	192	200	201	208	209	392	#
727	1174288	22	38	39	51	52	53	55	67	68	69	70	71	84	85	86	87	103	392	#
728	1109856	35	36	51	52	67	68	69	70	84	85	86	102	196	211	212	226	227	392	#
729	1100235	71	72	86	87	88	100	101	102	103	115	116	118	119	120	132	134	148	392	#
730	1032191	8	24	67	68	69	85	86	102	118	144	145	200	215	216	231	232	248	392	#
731	83037	109	125	393	#
732	86828	93	109	393	#
733	71783	65	125	393	#
734	477061	29	35	36	45	51	52	66	67	394	#
735	527020	29	30	31	45	59	60	75	76	394	#
736	485107	35	51	52	67	83	84	98	99	394	#
737	465801	51	52	53	67	68	69	84	85	394	#
738	445748	35	36	37	50	51	52	67	68	394	#
739	428556	4	20	34	35	36	52	53	68	394	#
740	980427	42	56	57	58	72	73	74	87	88	89	90	103	104	105	120	163	180	395	#
741	1320803	12	27	43	44	56	57	58	59	72	73	74	75	88	89	91	104	107	395	#
742	1238015	26	27	41	42	57	58	60	72	73	74	75	89	90	106	205	221	222	395	#
743	1201940	42	43	44	45	57	58	59	60	72	73	74	75	76	88	89	92	104	395	#
744	1171343	8	9	10	11	12	26	27	41	42	43	44	57	58	59	74	75	159	395	#
745	1126853	9	11	25	26	27	43	50	51	52	53	56	57	58	59	66	67	72	395	#
746	107892	65	81	96	396	#
747	136832	65	66	81	396	#
748	89088	81	87	96	396	#
749	42965	81	96	112	396	#
750	777795	12	13	14	15	27	28	29	30	31	43	45	46	47	60	62	78	94	109	397	#
751	1119935	10	15	26	30	31	38	43	44	45	46	54	55	58	59	60	62	71	79	397	#
752	1104090	26	27	42	43	45	46	58	59	62	63	77	78	79	94	107	222	239	255	397	#
753	1087450	31	46	47	60	61	62	63	76	77	78	79	93	94	95	108	109	110	126	397	#
754	1031233	13	14	28	29	30	31	43	44	45	46	47	59	60	75	239	253	254	255	397	#
755	1028270	60	93	94	95	109	110	114	125	129	130	144	145	160	161	162	177	178	193	397	#
756	362556	1	2	3	16	17	18	19	20	398	#
757	432723	1	2	3	4	16	17	19	20	398	#
758	429574	2	3	4	17	18	19	20	36	398	#
759	416632	2	3	4	19	20	35	97	98	398	#
760	404519	2	3	4	16	17	18	19	32	398	#
761	362814	2	3	17	18	19	33	67	83	398	#
762	1260433	10	11	12	13	14	15	27	28	29	30	31	42	43	44	45	46	58	59	60	61	69	74	75	76	77	92	399	#
763	1881201	11	12	13	14	15	27	28	29	30	31	35	36	45	46	61	62	63	103	104	119	120	169	185	186	201	202	399	#
764	1772147	19	35	36	37	51	52	53	54	55	65	66	67	68	69	70	71	82	83	98	99	205	206	222	239	254	255	399	#
765	1734688	12	13	20	29	30	31	36	45	46	51	52	53	54	55	60	61	62	63	67	68	69	75	77	85	93	109	399	#
766	1679295	11	26	36	42	43	52	58	59	60	66	67	74	82	83	84	90	98	99	100	114	123	139	144	145	160	161	399	#
767	1538351	6	7	8	9	10	11	12	13	22	23	24	25	26	27	39	40	41	44	54	55	57	58	59	60	73	130	399	#
768	992550	182	194	195	197	198	210	211	212	213	227	228	242	243	400	#
769	1029137	4	5	6	196	197	210	211	212	213	226	227	228	244	400	#
770	1006690	61	77	181	186	195	197	202	211	212	213	226	227	228	400	#
771	1000711	33	49	143	182	196	198	211	226	227	240	241	242	243	400	#
772	996741	104	165	180	181	182	183	184	195	196	197	211	226	227	400	#
773	985848	130	131	147	148	163	164	165	179	180	181	182	197	198	400	#
774	2190957	5	6	7	8	9	10	21	22	23	24	25	26	37	38	39	40	41	42	53	54	55	56	71	72	88	89	106	120	121	122	123	208	213	224	225	229	241	401	#
775	2443860	5	6	21	22	37	38	54	55	138	147	149	155	163	164	165	170	171	179	180	181	182	186	194	195	196	197	209	210	211	212	213	226	227	228	229	243	244	401	#
776	2403986	26	38	43	44	55	56	57	58	71	72	73	74	87	89	90	123	124	136	137	138	139	140	153	154	155	156	157	158	169	170	171	172	173	185	186	187	202	401	#
777	2401590	160	161	162	163	164	166	176	177	178	179	180	181	182	183	192	193	194	195	196	197	198	199	208	209	210	211	212	213	224	225	226	227	228	229	240	241	242	401	#
778	2392911	91	92	94	102	103	107	108	110	120	121	122	123	124	125	126	137	138	139	140	141	153	154	155	156	157	169	171	172	173	185	186	187	188	189	234	249	250	401	#
779	2360016	14	15	160	161	176	177	179	180	182	192	193	194	195	196	197	198	208	209	210	211	212	213	214	224	225	226	227	228	229	230	231	240	241	242	243	244	245	401	#
780	1259534	10	11	12	13	14	15	27	28	29	30	31	45	47	60	71	73	88	89	90	91	107	123	242	243	402	#
781	1669285	26	36	37	41	42	43	52	53	54	55	56	57	58	59	67	68	71	72	73	74	83	87	189	206	402	#
782	1453211	25	26	27	28	40	41	42	43	44	45	46	57	58	59	60	61	73	74	75	144	145	146	201	217	402	#
783	1439940	11	12	13	14	15	27	28	29	30	31	44	45	46	58	59	60	61	62	63	74	75	78	116	132	402	#
784	1433679	41	42	56	57	58	59	72	73	87	88	89	103	104	105	106	120	121	122	162	163	164	180	195	196	402	#
785	1430559	11	12	13	25	26	27	28	29	30	31	41	42	43	44	45	46	56	57	58	59	60	75	76	99	402	#
786	414684	88	89	104	105	119	120	121	403	#
787	526926	55	71	87	88	103	104	120	403	#
788	476500	71	72	87	88	103	104	120	403	#
789	470581	57	102	103	104	119	120	121	403	#
790	451015	71	72	73	74	87	88	89	403	#
791	344285	49	117	118	119	134	150	166	403	#
792	39640	230	#
793	33247	121	#
794	1561562	41	42	43	44	57	58	59	60	61	73	74	75	86	87	88	89	90	103	104	105	106	119	120	121	122	137	138	404	#
795	1708439	28	30	31	43	44	45	46	57	58	59	60	61	62	73	74	75	76	78	88	89	90	91	92	94	182	197	198	404	#
796	1696644	82	87	88	89	97	98	99	100	101	102	103	104	113	114	115	116	117	118	119	120	121	130	131	132	133	146	149	404	#
797	1675411	12	13	28	29	30	44	45	46	59	60	61	62	63	75	77	91	162	168	169	170	174	184	185	186	200	201	202	404	#
798	1590279	18	19	21	22	36	37	38	39	53	55	69	70	71	72	73	85	86	87	88	101	102	103	116	117	118	119	134	404	#
799	1589478	14	15	29	30	31	45	56	59	60	71	72	73	74	75	76	87	88	89	90	91	92	105	107	114	128	130	144	404	#
800	50751	90	91	106	405	#
801	39650	90	106	166	405	#
802	131747	227	228	406	#
803	179055	227	243	406	#
804	881632	21	37	38	39	167	183	184	198	199	200	201	213	214	215	216	230	231	407	#
805	1251977	51	52	53	55	67	68	83	84	85	97	98	113	151	167	183	184	199	407	#
806	1190692	3	4	5	6	19	20	21	22	36	37	38	51	52	67	68	82	83	407	#
807	1136897	5	6	7	8	22	23	37	38	39	40	51	53	54	55	69	128	144	407	#
808	1124370	4	20	21	22	36	37	38	52	53	54	55	107	108	123	139	140	155	407	#
809	1108352	167	168	182	183	184	197	199	200	215	216	230	231	232	233	246	247	248	407	#
810	99569	3	#
811	174817	179	194	209	408	#
812	250137	179	195	211	408	#
813	185434	208	209	225	408	#
814	177024	193	194	210	408	#
815	423866	169	184	185	186	199	200	201	217	233	409	#
816	607814	170	184	185	186	187	199	200	201	202	409	#
817	540890	82	83	182	196	197	198	199	213	215	409	#
818	513555	152	168	183	184	198	199	215	216	231	409	#
819	478637	216	217	232	233	234	248	249	250	251	409	#
820	468110	170	185	186	200	201	202	217	233	234	409	#
821	786712	4	5	19	20	35	36	37	55	69	71	72	85	204	410	#
822	959920	170	176	186	187	188	192	201	202	203	204	220	236	242	410	#
823	815142	37	51	52	53	54	65	66	67	68	69	82	83	84	410	#
824	813887	5	20	21	36	37	41	51	52	53	57	67	68	69	410	#
825	789628	41	56	57	70	71	72	73	88	89	103	104	105	120	410	#
826	778148	3	19	20	35	36	51	52	66	67	68	83	98	99	410	#
827	529138	139	155	170	171	187	411	#
828	501670	139	154	155	156	171	411	#
829	439719	138	139	155	170	171	411	#
830	356127	170	171	185	186	187	411	#
831	340239	170	171	172	186	187	411	#
832	308418	82	83	138	139	155	411	#
833	974818	92	107	108	123	139	140	141	142	155	156	157	158	172	412	#
834	1071334	135	139	140	150	151	154	155	156	157	158	172	174	188	412	#
835	919402	108	109	123	124	137	138	139	140	141	153	154	155	156	412	#
836	903945	108	109	123	139	154	155	156	157	170	171	172	173	188	412	#
837	863330	125	138	141	142	155	156	157	158	174	185	200	201	202	412	#
838	813635	139	140	153	154	155	156	169	170	171	172	173	186	188	412	#
839	1562834	105	121	161	162	163	164	176	177	178	179	180	181	192	193	194	195	196	208	209	210	211	225	226	227	240	241	242	413	#
840	1881466	11	12	27	113	115	129	130	131	132	145	146	147	148	161	162	163	164	177	178	179	180	181	182	194	197	198	213	413	#
841	1841346	113	129	145	146	160	161	162	176	177	178	184	192	193	194	199	200	208	209	210	211	224	225	226	240	241	242	243	413	#
842	1840762	136	148	152	153	164	165	166	167	168	169	180	181	182	183	185	193	194	195	196	197	198	199	209	210	211	213	215	413	#
843	1712620	145	146	147	161	162	163	176	177	178	179	180	181	182	192	193	194	195	196	197	208	209	210	211	212	225	228	241	413	#
844	1706028	25	41	54	55	56	57	71	72	73	74	86	87	88	89	90	91	92	102	103	105	106	118	122	138	139	154	155	413	#
845	984164	31	46	62	63	78	93	94	95	108	109	110	111	125	126	127	142	143	159	414	#
846	1219281	1	2	3	17	18	33	111	126	127	142	143	156	157	158	159	174	183	184	414	#
847	1216813	0	1	2	15	16	17	18	30	31	32	33	34	46	48	62	63	101	102	414	#
848	1091169	8	24	109	110	111	125	126	127	141	142	143	157	158	159	174	175	190	191	414	#
849	1082202	6	22	38	46	47	55	62	63	71	79	94	95	127	143	159	217	218	233	414	#
850	1075400	62	78	92	93	94	95	108	109	123	124	125	126	140	141	142	143	158	159	414	#
851	937949	23	39	40	41	43	55	57	58	59	71	72	73	74	75	76	87	88	90	91	92	219	220	221	222	415	#
852	1402316	4	5	6	7	8	11	12	18	19	21	22	23	35	36	37	38	39	40	51	52	53	54	55	68	415	#
853	1320582	53	54	70	71	72	86	87	88	100	101	102	103	104	115	117	118	119	120	121	152	153	169	170	185	415	#
854	1315735	9	25	26	27	28	42	43	44	45	56	57	58	59	60	71	72	73	75	87	88	89	104	120	141	415	#
855	1277110	7	23	53	54	55	68	69	70	71	72	86	87	88	89	185	186	214	215	216	230	232	236	237	252	415	#
856	1202293	54	55	56	57	58	71	72	73	74	87	88	89	90	97	102	103	104	105	106	113	114	119	120	122	415	#
857	1971469	155	156	171	172	188	190	191	203	204	205	206	207	215	216	219	220	221	222	223	235	236	237	238	239	250	251	252	253	254	255	416	#
858	2265025	148	155	160	161	162	163	164	171	172	173	179	180	189	190	195	196	204	205	206	207	212	220	221	222	223	237	238	239	253	254	416	#
859	2264118	26	40	41	43	48	57	58	59	60	74	75	122	123	124	137	138	139	140	151	152	153	154	155	156	157	168	171	174	244	245	416	#
860	2177151	167	182	183	189	190	191	195	196	197	198	199	206	208	209	210	211	212	213	214	222	224	225	226	230	237	238	239	253	254	255	416	#
861	2072731	113	129	130	131	135	144	145	146	147	160	161	162	163	164	165	175	176	177	178	179	180	189	190	191	195	204	205	206	220	221	416	#
862	2069435	166	167	181	182	183	185	186	197	198	199	200	201	202	203	204	216	217	218	219	220	232	233	234	235	236	237	249	250	251	252	416	#
863	742398	204	218	219	220	235	236	237	238	239	251	252	253	254	255	417	#
864	954317	205	221	222	234	236	237	238	239	250	251	252	253	254	255	417	#
865	927313	189	203	204	205	206	207	219	220	221	222	238	239	254	255	417	#
866	924364	157	158	189	204	205	219	220	222	237	238	239	253	254	255	417	#
867	893889	52	67	204	205	220	222	236	237	238	239	252	253	254	255	417	#
868	873610	111	141	205	218	219	222	235	236	237	238	252	253	254	255	417	#
869	313799	148	164	165	180	181	418	#
870	323350	148	149	164	165	181	418	#
871	307381	149	165	181	182	198	418	#
872	275993	130	131	148	164	180	418	#
873	263493	163	164	165	180	195	418	#
874	170532	149	165	169	185	186	418	#
875	246033	136	137	138	152	419	#
876	267149	136	137	138	155	419	#
877	226716	136	137	152	168	419	#
878	193184	106	122	138	154	419	#
879	135917	129	151	152	153	419	#
880	5282978	10	28	37	38	43	44	45	54	55	61	76	77	78	91	92	93	94	95	107	108	109	110	121	122	123	124	125	126	127	136	137	138	139	140	141	142	143	149	154	155	156	157	158	159	164	165	166	167	170	171	172	174	175	176	177	179	180	181	182	183	184	186	191	192	193	194	195	196	197	198	199	200	202	203	208	209	210	211	212	213	218	219	225	226	227	228	229	230	231	241	246	247	420	#
881	6012638	1	2	3	4	17	18	19	23	32	33	35	38	39	40	48	49	51	52	55	56	64	65	67	72	102	103	104	118	119	120	134	135	136	147	150	151	152	153	163	164	166	167	168	177	179	180	182	183	184	188	193	194	195	196	197	198	199	200	201	202	203	204	208	209	210	211	212	213	214	215	216	217	218	224	225	226	227	228	229	230	231	232	233	234	241	244	245	246	247	248	249	250	420	#
882	5985068	2	3	4	5	6	7	8	9	12	18	19	20	21	22	23	24	25	36	37	38	39	40	41	51	52	53	54	55	57	67	68	69	70	71	73	86	89	104	105	108	117	119	120	121	122	123	124	133	134	135	136	137	138	139	140	141	150	151	152	153	154	155	156	157	158	167	168	169	170	171	172	173	183	184	185	186	188	189	190	201	203	204	205	216	217	220	221	231	232	233	242	243	420	#
883	5858418	69	85	96	97	101	102	112	114	118	122	123	124	128	129	133	134	135	136	138	139	140	144	150	151	152	153	154	155	156	157	164	166	167	168	169	170	171	172	179	180	182	183	184	185	186	187	188	194	195	196	197	198	199	200	201	202	203	204	208	209	210	211	212	213	214	215	216	217	218	224	225	226	227	228	229	230	231	232	233	234	241	242	243	244	245	246	247	248	249	250	251	252	420	#
884	5839578	31	37	38	47	54	55	56	62	63	69	70	85	86	87	103	104	105	119	120	121	122	138	147	148	151	152	153	154	155	163	164	166	167	168	169	170	171	172	173	179	180	181	182	183	184	185	186	187	188	189	195	196	197	198	199	200	201	202	203	204	205	210	211	212	213	214	215	216	217	218	219	220	221	222	226	227	228	229	230	231	232	233	234	235	236	237	245	246	249	250	251	252	420	#
885	5823111	11	12	26	27	28	43	58	59	60	63	69	70	85	86	87	99	100	101	102	103	115	116	117	118	134	135	146	147	150	151	152	153	160	161	162	163	164	165	166	167	168	169	176	177	178	179	180	181	182	183	184	192	193	194	195	196	197	198	199	200	201	208	209	210	211	212	213	214	215	216	217	218	224	225	226	227	228	229	230	231	232	233	234	240	241	242	243	244	245	246	247	248	420	#
886	470470	57	72	73	213	228	229	421	#
887	524162	25	40	41	57	73	74	421	#
888	511084	55	56	57	58	73	89	421	#
889	508765	55	56	71	72	73	88	421	#
890	328582	176	192	193	212	213	228	421	#
891	215414	211	212	228	229	244	245	421	#
892	31716	168	#
893	1211655	106	122	136	137	138	152	154	155	156	218	219	220	235	236	237	238	251	252	422	#
894	1257794	59	75	91	107	122	123	136	137	138	139	154	155	156	180	182	196	197	206	422	#
895	1251059	103	104	106	118	119	120	121	122	133	134	219	220	221	236	237	238	239	254	422	#
896	1220611	55	56	72	88	89	103	104	105	106	119	120	121	122	166	167	183	184	199	422	#
897	1217223	66	67	82	83	84	85	170	186	205	206	221	222	236	237	238	252	253	254	422	#
898	1143484	151	152	153	154	155	169	170	171	179	180	186	194	195	196	202	203	204	210	422	#
899	1504767	70	71	86	87	90	102	103	104	105	106	118	119	120	121	183	184	200	214	215	216	217	229	230	231	232	233	246	247	423	#
900	1975248	47	56	57	71	72	73	89	90	103	105	106	119	120	121	150	162	163	166	178	179	180	181	182	194	195	197	198	213	423	#
901	1881664	54	55	56	57	72	73	74	75	90	106	182	197	198	212	213	214	216	217	229	230	232	233	234	244	245	246	247	248	423	#
902	1840371	6	22	38	41	54	55	56	57	70	71	72	73	87	88	89	90	102	103	104	105	106	118	119	120	121	249	250	251	423	#
903	1831771	150	151	166	167	168	169	170	181	182	183	184	185	186	197	198	199	200	201	202	203	215	216	217	232	233	245	247	248	423	#
904	1817818	149	150	166	167	168	181	182	183	184	185	197	198	199	200	201	202	203	213	214	215	216	217	218	219	228	229	232	235	423	#
905	56484	115	#
906	243994	5	22	38	424	#
907	220837	6	22	38	424	#
908	1632273	120	201	202	204	217	218	219	220	221	232	233	234	235	236	237	248	249	250	251	252	253	254	425	#
909	1555282	129	200	201	202	203	217	218	219	220	221	222	234	235	236	237	238	249	250	251	252	253	254	425	#
910	1522994	142	156	157	158	159	174	175	189	190	205	206	220	221	222	235	236	237	238	239	253	254	255	425	#
911	1514141	138	155	156	157	173	174	189	190	202	203	204	205	220	221	222	236	237	238	239	253	254	255	425	#
912	1496619	10	173	189	204	205	206	220	221	222	223	234	236	237	238	239	249	250	251	252	253	254	255	425	#
913	1488530	58	59	70	71	72	75	87	88	89	90	91	103	104	105	106	120	121	122	123	138	253	254	425	#
914	765271	94	108	109	125	126	127	141	142	143	157	158	159	174	175	426	#
915	1001023	140	141	142	152	153	154	155	156	157	158	159	169	174	175	426	#
916	915973	108	122	123	124	125	126	127	140	141	142	156	157	158	172	426	#
917	790881	110	125	126	127	141	142	143	156	157	158	159	174	221	222	426	#
918	788955	24	25	26	40	41	43	156	157	158	159	174	175	191	207	426	#
919	725374	127	143	155	156	157	158	159	172	173	174	175	188	190	191	426	#
920	527465	9	10	11	12	26	27	28	42	43	45	59	427	#
921	657489	9	10	26	27	42	43	56	57	58	59	151	427	#
922	604370	10	11	24	25	26	27	41	43	144	145	146	427	#
923	593237	8	9	10	11	12	24	25	26	41	42	175	427	#
924	568100	28	43	44	58	59	60	61	75	76	77	91	427	#
925	535351	28	42	43	44	45	58	59	60	75	76	91	427	#
926	1577141	22	35	36	37	38	39	51	52	53	54	66	67	68	69	70	83	84	85	86	96	97	98	99	112	113	128	137	428	#
927	1853036	5	21	23	36	37	38	39	51	52	53	54	55	67	69	70	71	73	83	84	85	86	87	88	89	103	104	120	428	#
928	1761321	20	21	22	35	36	37	38	51	52	53	54	55	66	67	68	69	70	71	82	83	84	85	87	88	99	123	124	428	#
929	1747694	35	36	37	50	51	52	53	54	55	66	67	68	69	71	82	83	84	85	86	87	88	99	102	103	104	110	129	428	#
930	1676708	20	22	35	36	37	38	42	43	50	51	52	53	54	58	67	68	69	70	84	85	86	102	212	213	227	228	244	428	#
931	1672693	16	17	32	33	48	49	52	53	54	55	64	65	67	69	80	81	83	84	85	86	100	101	102	103	114	115	120	428	#
932	128012	188	203	204	429	#
933	161250	202	203	204	429	#
934	156231	188	204	220	429	#
935	238097	66	82	83	84	98	430	#
936	295340	52	68	82	83	84	430	#
937	269773	96	97	98	114	115	430	#
938	225021	66	82	83	98	99	430	#
939	201293	68	83	84	218	219	430	#
940	178042	50	66	82	83	98	430	#
941	1173269	10	11	26	27	28	29	42	43	44	45	46	58	59	60	61	62	63	73	74	75	76	91	92	431	#
942	1357482	5	9	10	11	12	24	25	26	27	42	43	44	57	58	59	60	73	75	175	189	190	191	207	431	#
943	1352463	35	36	44	45	46	58	59	60	61	62	76	77	118	119	133	134	135	149	150	151	152	166	169	431	#
944	1281017	29	44	45	59	60	61	62	72	73	74	75	76	79	122	123	136	137	138	139	154	155	171	172	431	#
945	1277840	8	9	10	11	12	26	27	29	30	42	43	44	45	58	59	60	61	66	74	75	76	82	91	431	#
946	1242053	26	42	43	58	59	60	61	73	74	75	76	77	78	90	91	92	93	94	108	122	123	124	138	431	#
947	593715	12	13	14	28	29	30	44	45	59	60	432	#
948	783343	29	44	45	46	59	60	61	62	75	164	432	#
949	674026	13	15	30	31	45	46	47	61	62	78	432	#
950	635431	12	13	14	15	29	30	45	46	173	189	432	#
951	615851	59	60	61	76	77	92	93	108	109	123	432	#
952	614938	26	27	28	29	43	44	45	46	59	60	432	#
953	1252926	71	72	86	87	88	89	90	101	103	104	105	106	116	117	118	119	120	121	122	133	134	150	203	219	235	433	#
954	1821349	83	84	99	100	101	102	116	117	118	119	131	132	133	134	135	147	148	149	150	151	165	194	195	196	197	433	#
955	1779058	68	83	84	85	188	189	203	204	205	208	209	219	220	221	222	224	225	233	235	236	237	240	241	252	253	433	#
956	1734748	67	68	82	83	84	85	95	188	203	204	205	217	218	219	220	221	233	234	235	236	237	249	250	251	252	433	#
957	1700402	82	83	96	97	98	101	114	115	116	117	118	119	130	131	132	133	134	135	146	147	148	149	150	151	166	433	#
958	1586727	71	86	87	88	104	105	106	118	119	120	121	133	152	153	167	168	169	179	183	194	196	210	211	226	227	433	#
959	556047	10	69	82	83	84	85	99	100	434	#
960	592224	51	67	68	69	82	83	84	99	434	#
961	527788	51	52	67	68	83	84	85	99	434	#
962	518123	65	66	67	82	98	99	114	115	434	#
963	509558	81	83	96	97	98	99	114	115	434	#
964	498082	83	97	98	99	113	114	115	130	434	#
965	406071	152	153	168	169	170	183	435	#
966	429789	136	152	155	169	170	171	435	#
967	402857	151	152	168	169	183	199	435	#
968	394868	153	166	168	169	182	183	435	#
969	371916	152	153	154	168	171	172	435	#
970	363255	183	184	200	201	202	216	435	#
971	155035	17	33	49	252	436	#
972	214615	2	3	17	33	436	#
973	165956	33	34	49	50	436	#
974	174006	213	229	230	437	#
975	180567	197	213	229	437	#
976	171149	228	229	244	437	#
977	145230	229	230	231	437	#
978	1183210	76	80	89	90	92	105	106	108	109	110	111	121	123	125	139	140	141	142	156	158	159	171	172	173	175	187	188	438	#
979	1730441	42	55	56	57	58	60	70	71	72	73	74	75	76	88	89	90	91	92	93	94	105	107	108	123	139	140	210	438	#
980	1667783	89	104	105	106	120	121	122	138	139	154	182	196	197	210	211	212	213	214	226	227	228	229	241	242	243	244	245	438	#
981	1660390	122	138	154	155	156	170	171	172	173	185	186	187	188	189	190	201	202	203	204	205	206	219	220	221	235	244	245	438	#
982	1614509	43	44	59	60	61	75	76	89	90	91	92	93	106	107	108	116	121	122	123	124	136	137	138	139	151	152	167	438	#
983	1546925	89	90	105	120	121	122	123	124	125	137	138	139	140	141	142	153	154	155	156	157	158	170	171	172	173	186	187	438	#
984	2199848	30	35	42	43	44	45	46	59	60	74	75	76	91	92	166	179	180	181	182	192	193	194	195	196	197	209	210	211	224	225	226	240	439	#
985	2363678	48	62	63	128	141	144	145	146	147	161	162	163	164	176	177	178	179	180	192	193	194	195	196	208	209	210	212	213	225	228	240	241	439	#
986	2333273	112	128	132	133	144	145	146	147	148	149	160	163	176	177	180	181	182	183	192	193	194	195	196	208	209	210	224	225	226	232	240	241	439	#
987	2317645	23	112	128	129	144	145	147	160	163	164	176	177	178	179	180	181	192	193	194	197	208	209	210	211	213	224	225	227	240	241	242	243	439	#
988	2275847	74	89	90	91	98	131	147	148	163	164	166	167	168	177	179	180	182	193	194	195	196	197	198	199	209	210	211	212	213	226	227	228	439	#
989	2211437	120	131	132	133	148	160	161	162	163	164	177	178	179	180	181	182	192	193	194	195	196	197	198	208	209	211	212	213	224	227	228	243	439	#
990	1503983	189	190	203	204	205	206	217	218	219	220	221	222	233	234	235	236	237	238	239	251	252	253	254	255	440	#
991	1670075	166	167	172	181	182	183	184	188	189	190	198	199	200	204	205	218	219	220	234	235	236	250	251	252	440	#
992	1600879	173	189	190	202	203	204	205	206	218	219	220	221	222	235	236	237	238	239	250	251	252	253	254	255	440	#
993	1564394	127	152	154	169	170	171	172	186	187	189	190	202	203	204	205	217	218	219	220	221	222	234	235	236	440	#
994	1563035	69	82	83	84	85	97	98	189	190	204	205	206	220	221	222	236	237	238	239	247	252	253	254	255	440	#
995	1560697	186	188	189	190	202	203	204	205	206	218	219	220	221	222	234	235	236	237	238	250	251	252	253	254	440	#
996	258088	36	71	88	103	104	105	106	122	441	#
997	362424	32	106	108	122	123	137	138	154	441	#
998	290785	73	89	105	121	122	138	180	196	441	#
999	140015	0	1	2	105	106	121	122	138	441	#
