%% File generated by CATS v.2.1Wed Jun 19 19:17:40 2013

%% The CATS webpage is http://robotics.stanford.edu/CATS

%% PARAMETER SETTINGS:
% Goods: 256; Bids: 1000; Distribution: regions; Runs: 50; Seed: 1371664596
% Regions Distribution Parameters:
% Max Substitutable Bids = 5
% Removing HV Neighbor   = 0.1
% Adding DIAG Neighbor   = 0.2
% Additional Location    = 0.9
% Jump Probability       = 0.05
% Additivity             = 0.2
% Budget Factor          = 1.5
% Resale Factor          = 0.5
% Uniform Private Value:
%   Deviation            = 0.5
%   Max Good Value       = 100



goods 256
bids 1000
dummy 183

0	2248618	2	18	130	144	145	146	147	148	160	161	163	164	176	177	178	179	180	192	193	194	206	208	209	210	211	213	222	224	225	226	227	228	229	230	238	239	240	242	243	244	245	256	#
1	2793893	22	104	105	112	113	121	122	123	128	134	137	138	139	140	141	144	145	154	155	156	157	160	161	171	172	173	176	177	186	187	188	192	193	194	202	208	209	224	225	226	242	256	#
2	2712384	58	74	90	91	92	96	105	107	108	109	112	113	120	121	122	123	124	125	126	128	129	130	137	138	139	144	145	146	147	148	154	160	161	164	176	177	192	205	206	208	224	256	#
3	2706952	74	88	90	91	92	104	105	106	107	108	109	121	122	123	130	137	138	139	144	145	146	154	160	161	176	177	192	193	194	208	209	210	211	212	224	225	226	227	228	240	243	256	#
4	2612673	99	114	115	119	120	121	122	130	131	132	134	135	144	145	146	147	148	149	151	160	161	163	164	166	167	168	176	177	178	179	180	181	184	192	193	194	200	209	211	216	225	256	#
5	2585414	96	112	113	117	128	129	130	132	133	134	137	144	145	146	147	148	149	160	161	162	163	164	176	177	178	179	180	192	193	194	208	209	210	211	225	226	227	228	243	244	245	256	#
6	974451	9	10	12	24	25	26	27	28	29	30	41	42	44	45	46	47	57	58	60	62	257	#
7	1356805	23	24	25	26	39	40	41	42	55	56	57	58	70	71	72	73	74	91	229	245	257	#
8	1324852	6	7	22	23	24	38	39	40	41	42	55	56	57	58	59	70	71	73	74	113	257	#
9	1277678	9	10	11	12	24	25	26	27	41	42	56	57	58	73	88	89	90	104	105	106	257	#
10	1253524	14	30	42	46	58	59	60	61	62	63	74	75	76	91	106	107	108	121	124	137	257	#
11	1210304	6	7	9	10	11	22	23	24	25	26	38	39	40	41	42	55	57	58	73	74	257	#
12	1576664	0	1	2	16	17	18	32	33	34	35	49	50	65	66	103	184	197	198	199	200	213	214	215	229	231	258	#
13	1886983	0	1	2	3	16	17	18	32	33	34	35	36	48	49	98	99	112	113	114	115	128	129	130	142	143	258	#
14	1816201	0	1	2	16	17	18	21	32	33	34	35	36	37	48	49	50	51	64	65	66	80	87	102	103	119	258	#
15	1761347	45	61	76	77	135	148	149	151	165	166	167	168	169	183	184	185	186	198	199	200	201	215	216	217	218	258	#
16	1748102	1	2	16	17	18	32	33	34	35	36	48	49	50	64	65	80	85	97	98	112	113	114	129	130	145	258	#
17	1737775	1	3	4	17	18	20	21	22	32	33	34	35	36	37	48	49	148	164	179	180	194	195	210	211	227	258	#
18	889235	91	107	108	122	123	124	138	139	194	195	209	210	259	#
19	917811	74	91	106	107	120	121	122	123	136	137	138	139	259	#
20	903227	122	123	124	125	138	139	140	162	163	164	179	195	259	#
21	880636	92	107	108	109	122	123	124	125	138	139	140	156	259	#
22	862401	122	123	124	139	140	156	171	172	173	174	187	188	259	#
23	803103	19	20	76	91	92	107	108	109	110	111	124	125	259	#
24	297302	62	77	78	79	94	260	#
25	334471	60	76	77	78	93	260	#
26	328191	63	78	79	93	94	260	#
27	280414	62	78	79	93	94	260	#
28	277158	78	79	93	94	109	260	#
29	254635	29	46	47	62	63	260	#
30	598069	123	139	140	141	155	156	157	261	#
31	620225	123	139	140	141	156	157	173	261	#
32	587212	114	141	157	158	172	173	188	261	#
33	580940	107	123	137	138	139	153	154	261	#
34	531999	139	140	141	155	156	172	188	261	#
35	510149	154	155	170	172	185	186	202	261	#
36	981965	23	24	26	40	41	42	55	56	57	73	89	262	#
37	988523	24	25	26	41	42	43	55	56	57	58	73	262	#
38	926159	24	39	40	41	42	56	123	124	138	139	154	262	#
39	918142	10	24	25	26	27	41	42	56	57	58	73	262	#
40	835907	26	41	42	43	55	56	57	58	59	66	73	262	#
41	818481	23	39	40	41	55	56	57	70	71	72	244	262	#
42	1339379	202	203	204	205	206	207	217	218	219	220	221	222	235	236	237	238	239	250	251	252	253	254	255	263	#
43	1584753	91	92	106	107	108	109	123	138	139	154	190	191	204	205	206	207	221	223	236	237	252	253	254	263	#
44	1569349	7	22	23	24	39	40	159	174	175	191	205	206	207	221	223	237	238	239	251	252	253	254	255	263	#
45	1560684	95	111	126	127	141	142	143	159	190	191	204	205	206	207	222	223	236	237	238	239	252	253	254	263	#
46	1558406	84	202	203	204	205	206	207	218	219	220	221	222	223	236	237	238	239	250	251	252	253	254	255	263	#
47	1555020	51	67	82	83	97	98	167	170	182	183	184	185	186	202	205	221	222	237	238	239	253	254	255	263	#
48	723999	145	160	161	177	193	194	195	209	210	211	212	225	227	243	264	#
49	939722	164	165	179	180	181	182	196	210	211	212	226	227	242	243	264	#
50	930681	162	177	178	179	180	192	193	196	209	210	211	227	242	243	264	#
51	912876	68	113	128	129	144	160	161	162	176	177	178	179	193	209	264	#
52	841987	93	94	109	124	125	195	210	211	223	227	228	242	243	244	264	#
53	823886	112	113	128	129	130	144	145	160	161	162	177	178	179	193	264	#
54	330182	204	219	220	235	265	#
55	355841	188	204	220	221	265	#
56	347167	188	204	205	220	265	#
57	347009	25	203	218	219	265	#
58	263523	234	235	249	250	265	#
59	361355	101	117	118	133	149	266	#
60	408535	116	117	133	134	149	266	#
61	350905	134	149	150	165	167	266	#
62	316035	100	101	102	117	118	266	#
63	296853	100	101	116	117	118	266	#
64	270792	101	115	116	117	118	266	#
65	219675	239	254	255	267	#
66	281905	253	254	255	267	#
67	175120	238	239	255	267	#
68	14878	26	182	#
69	350543	3	4	5	20	21	268	#
70	368256	21	22	36	37	172	268	#
71	330974	3	4	5	20	36	268	#
72	299323	3	19	20	222	223	268	#
73	293916	3	4	20	50	66	268	#
74	288845	4	5	20	21	22	268	#
75	1686859	33	80	81	82	96	97	98	99	112	113	114	115	116	120	121	122	128	129	130	131	141	142	146	147	157	158	269	#
76	2016204	57	58	59	74	91	92	105	106	107	108	120	121	122	123	124	136	137	138	139	140	150	151	152	153	168	169	269	#
77	1988743	98	114	115	121	122	123	124	128	129	130	131	137	138	139	140	144	145	146	155	161	162	163	176	177	178	179	269	#
78	1939653	82	83	98	99	100	101	112	113	114	115	116	117	128	129	130	131	133	144	147	148	162	163	164	179	180	195	269	#
79	1908740	39	40	58	73	74	75	88	89	90	91	104	105	107	119	120	121	122	123	124	135	138	139	140	151	152	168	269	#
80	1907495	80	81	82	83	96	97	98	99	100	112	113	114	115	121	122	128	129	130	131	144	145	161	162	163	177	178	269	#
81	1455590	33	34	35	36	37	49	50	51	52	53	64	65	66	67	80	81	82	96	97	112	270	#
82	1671241	0	1	2	3	16	17	19	32	33	49	50	64	65	66	80	88	89	105	240	241	270	#
83	1570671	17	33	49	50	51	64	65	66	67	80	81	82	83	96	97	99	100	112	113	129	270	#
84	1551787	0	1	2	16	17	32	33	34	35	49	50	51	64	65	66	67	80	96	97	112	270	#
85	1518803	16	17	33	34	49	50	64	65	89	104	105	106	107	122	123	138	139	154	155	171	270	#
86	1511949	1	2	17	33	49	50	51	64	65	66	67	80	81	82	83	96	97	112	250	251	270	#
87	821603	85	100	101	102	116	117	118	133	134	149	271	#
88	959302	133	134	135	147	149	150	163	164	165	181	271	#
89	898543	70	101	102	117	133	134	135	149	150	165	271	#
90	830273	100	101	102	115	116	117	118	133	134	149	271	#
91	753708	116	117	118	133	134	135	149	150	151	166	271	#
92	713912	82	97	98	99	100	114	115	116	131	132	271	#
93	440463	206	207	222	230	238	254	272	#
94	484990	191	204	205	206	207	220	272	#
95	460395	214	228	229	230	244	245	272	#
96	444341	206	207	222	223	238	239	272	#
97	413715	207	222	223	236	237	238	272	#
98	413054	190	191	206	207	222	223	272	#
99	1535642	21	34	37	49	50	53	65	66	67	83	136	150	151	152	169	185	186	199	200	201	202	203	215	216	231	246	247	273	#
100	1996907	45	61	62	87	88	102	103	104	105	121	122	136	137	138	139	140	151	152	153	155	156	169	170	172	179	180	185	273	#
101	1841918	51	110	119	131	133	134	135	136	137	138	139	146	147	148	149	150	151	152	153	154	155	164	165	166	169	170	185	273	#
102	1829501	122	123	124	136	137	138	139	140	152	153	154	155	156	157	158	170	171	172	173	175	186	187	188	189	190	191	204	273	#
103	1825566	33	34	49	64	65	179	180	185	196	198	199	200	201	212	214	215	216	228	230	231	242	243	244	245	246	247	248	273	#
104	1783661	0	1	2	3	4	16	17	18	19	32	33	34	35	36	48	49	50	51	64	65	66	67	70	71	80	83	87	273	#
105	1323575	112	128	129	130	131	132	144	145	146	147	160	161	162	163	164	177	178	179	192	193	195	208	209	210	211	225	226	274	#
106	1963152	70	85	86	98	99	100	101	112	114	115	116	128	129	130	131	132	144	145	157	160	161	162	173	188	189	190	191	274	#
107	1864756	4	16	17	32	33	34	49	98	99	100	114	115	130	131	194	209	210	211	212	225	226	227	228	242	243	244	245	274	#
108	1854785	44	45	80	81	96	97	98	99	112	113	114	128	129	130	131	136	144	145	146	151	152	160	162	167	168	169	184	274	#
109	1791731	81	82	83	84	96	97	98	99	100	112	114	128	129	130	144	145	146	160	161	162	163	178	210	227	228	243	245	274	#
110	1789368	81	82	83	84	97	98	99	112	113	114	128	129	130	131	132	144	145	146	160	161	162	163	177	179	195	211	212	274	#
111	660197	157	171	172	173	187	188	204	220	235	275	#
112	725961	171	172	186	187	188	203	204	218	220	275	#
113	699974	121	122	123	139	155	156	171	172	187	275	#
114	677399	157	172	173	187	188	189	202	203	218	275	#
115	656501	114	171	172	187	188	204	220	234	235	275	#
116	615674	217	218	219	220	235	236	251	252	253	275	#
117	1659085	25	26	27	28	60	61	62	73	74	75	76	77	78	79	90	91	92	93	94	95	106	107	108	109	111	127	143	276	#
118	1988169	58	62	63	74	75	76	77	78	79	92	93	94	95	107	108	115	124	130	131	146	147	162	210	226	227	241	242	276	#
119	1934741	74	87	88	91	92	103	107	108	111	118	119	120	121	124	125	126	127	137	139	140	142	143	159	175	191	230	245	276	#
120	1874467	1	60	61	74	76	77	78	90	92	93	94	106	107	108	121	124	136	137	138	139	140	153	154	156	168	169	170	276	#
121	1873625	41	56	57	58	60	73	74	75	76	77	78	89	90	91	93	94	106	107	108	109	123	124	125	139	140	156	172	276	#
122	1872223	108	111	124	125	127	138	139	140	141	142	143	153	154	155	156	157	158	159	171	172	173	174	175	187	191	206	207	276	#
123	281123	11	12	26	27	28	29	30	43	44	277	#
124	415271	10	11	12	25	26	27	28	42	44	277	#
125	356791	12	14	15	27	28	29	30	31	44	277	#
126	274477	12	26	27	28	29	30	39	55	71	277	#
127	757656	85	86	87	102	103	118	119	120	134	135	278	#
128	774258	105	119	120	121	122	137	138	153	154	155	278	#
129	726233	85	86	101	102	103	118	119	120	172	188	278	#
130	699728	87	102	103	105	117	118	119	120	121	122	278	#
131	681521	38	54	70	86	101	102	171	172	186	187	278	#
132	681078	87	102	103	118	119	120	134	135	150	151	278	#
133	264340	7	23	24	279	#
134	206221	6	7	24	279	#
135	775330	209	210	211	212	224	225	226	227	228	229	241	242	243	280	#
136	864427	115	194	197	198	209	211	212	213	227	228	229	230	245	280	#
137	819428	137	165	181	196	197	198	212	213	227	228	229	245	246	280	#
138	811398	194	195	208	209	210	211	212	224	225	227	228	240	241	280	#
139	773017	194	195	211	212	213	227	228	229	230	242	243	245	246	280	#
140	766186	20	21	35	36	52	208	224	225	226	227	240	241	242	280	#
141	1003460	130	146	149	165	166	167	180	181	182	183	196	197	198	199	211	212	213	214	230	281	#
142	1320568	133	134	136	149	150	151	152	164	165	166	167	181	182	183	184	198	199	200	216	281	#
143	1257611	163	164	179	195	209	210	211	212	213	214	227	228	229	230	242	243	244	245	246	281	#
144	1248578	115	116	117	133	211	212	213	214	228	229	230	243	244	245	246	247	248	249	250	281	#
145	1227140	149	150	151	152	164	165	166	167	181	182	198	199	200	213	214	215	216	229	230	281	#
146	1200180	117	133	148	149	150	164	165	166	167	181	182	184	199	200	201	213	214	215	216	281	#
147	687788	17	33	34	49	121	122	123	138	282	#
148	768264	121	122	123	124	137	138	139	154	282	#
149	734758	120	121	122	136	137	138	139	154	282	#
150	710373	121	122	123	137	138	139	153	154	282	#
151	678287	2	3	17	18	19	32	33	34	282	#
152	649495	120	121	122	137	138	154	176	192	282	#
153	790122	163	176	177	178	192	193	194	210	211	212	227	228	283	#
154	965169	127	193	194	209	210	211	212	224	225	226	227	243	283	#
155	960737	178	179	180	193	194	208	209	210	211	212	227	228	283	#
156	932469	180	196	210	211	212	213	227	228	229	230	245	246	283	#
157	870416	11	193	194	208	209	210	211	212	226	227	228	245	283	#
158	862057	124	140	178	194	209	210	211	225	226	227	228	243	283	#
159	331683	4	5	19	20	21	35	36	284	#
160	416220	5	6	7	21	22	23	199	284	#
161	400487	2	18	19	35	36	50	51	284	#
162	367979	34	35	36	50	51	52	68	284	#
163	364411	4	5	6	21	22	23	37	284	#
164	336655	6	7	21	22	23	36	37	284	#
165	315250	53	226	227	242	243	244	285	#
166	413505	224	225	226	240	242	243	285	#
167	405281	31	46	47	98	99	227	285	#
168	356057	211	227	228	242	243	244	285	#
169	278995	226	227	228	242	243	244	285	#
170	203482	51	52	53	54	68	69	285	#
171	169689	212	228	286	#
172	194050	196	212	286	#
173	132432	227	228	286	#
174	395578	143	159	175	190	191	287	#
175	376515	110	126	141	142	143	287	#
176	375270	189	190	191	206	207	287	#
177	337210	143	159	174	175	191	287	#
178	320453	141	157	175	190	191	287	#
179	207289	158	159	174	175	191	287	#
180	423765	82	97	98	113	114	288	#
181	457270	82	83	98	99	114	288	#
182	360089	113	114	115	128	129	288	#
183	350704	35	51	67	97	124	288	#
184	350359	96	97	98	113	114	288	#
185	342920	81	82	97	98	114	288	#
186	1164799	7	9	10	11	12	24	25	26	27	28	40	41	42	43	55	56	57	58	59	289	#
187	1363132	9	10	25	26	27	29	42	43	45	46	59	61	62	63	77	92	93	254	255	289	#
188	1300100	7	9	10	24	26	27	40	41	42	43	54	57	58	59	60	76	77	92	93	289	#
189	1262738	8	9	10	23	24	26	40	41	42	43	57	58	59	73	74	79	89	90	106	289	#
190	1250617	9	10	26	27	41	42	43	57	58	59	60	73	76	88	89	90	103	104	105	289	#
191	1216880	21	22	23	24	40	42	43	44	55	56	57	58	59	60	71	72	73	74	89	289	#
192	779808	23	39	55	71	112	118	119	120	160	226	228	241	242	243	290	#
193	1049132	67	82	83	96	97	98	99	112	113	115	128	129	144	145	290	#
194	1042914	39	55	56	57	68	69	70	71	84	85	86	102	118	119	290	#
195	935001	100	101	102	195	209	210	211	224	225	226	227	228	229	250	290	#
196	920617	80	96	207	209	210	212	225	226	227	228	240	241	242	243	290	#
197	906111	165	209	210	211	212	225	226	227	228	229	241	242	243	244	290	#
198	711761	1	2	16	17	32	33	155	156	157	291	#
199	683616	16	32	33	34	49	50	55	64	66	291	#
200	649451	141	142	155	156	157	171	172	187	203	291	#
201	629429	16	32	33	34	35	49	50	66	67	291	#
202	628201	106	107	123	139	140	141	155	156	157	291	#
203	609978	0	1	16	17	32	33	34	48	49	291	#
204	755390	82	98	99	100	115	116	130	131	145	146	147	161	162	292	#
205	1024824	83	84	85	98	99	100	101	102	114	115	116	131	132	292	#
206	982279	1	16	17	32	33	98	99	100	101	115	116	131	151	292	#
207	856171	98	99	100	101	114	115	116	131	147	148	163	178	250	292	#
208	855625	80	81	82	98	99	100	114	115	116	131	132	148	164	292	#
209	848465	9	10	25	26	41	42	58	64	80	81	82	98	114	292	#
210	918841	117	133	135	149	150	151	152	166	167	183	184	238	239	254	293	#
211	1067757	7	24	25	135	150	151	152	153	165	166	168	169	184	200	293	#
212	999473	134	135	149	151	152	165	166	167	168	169	179	180	181	184	293	#
213	995159	119	120	133	134	135	149	150	151	152	153	165	166	167	168	293	#
214	989039	119	120	134	135	151	152	167	168	169	170	183	232	233	248	293	#
215	986658	172	187	188	204	205	206	220	222	223	238	239	253	254	255	293	#
216	457410	140	141	157	158	173	174	188	204	220	294	#
217	655164	91	107	122	123	124	138	139	140	141	294	#
218	599569	77	110	126	139	140	141	142	154	156	294	#
219	568322	156	157	171	172	173	174	188	189	204	294	#
220	481147	110	126	141	142	143	158	159	174	175	294	#
221	397232	126	142	143	157	158	159	174	175	191	294	#
222	741560	77	78	79	91	92	93	94	108	109	110	124	125	295	#
223	903143	42	43	58	59	74	75	90	91	92	107	108	123	295	#
224	779938	62	63	77	78	91	92	93	94	95	107	108	110	295	#
225	775867	75	76	77	78	91	92	93	94	108	109	123	124	295	#
226	771366	90	91	92	107	108	109	110	123	124	125	126	140	295	#
227	767242	12	13	105	106	107	108	109	123	124	125	140	141	295	#
228	424508	52	53	54	69	70	86	213	229	296	#
229	592379	37	53	54	56	57	58	68	69	296	#
230	500044	18	35	36	37	52	53	54	68	296	#
231	495157	53	54	68	69	85	86	101	102	296	#
232	488246	197	213	214	229	230	245	246	247	296	#
233	488022	54	70	71	86	87	188	204	220	296	#
234	839373	154	155	169	170	183	184	186	187	199	200	201	202	203	215	216	231	297	#
235	1135219	80	81	82	97	98	99	100	139	153	154	155	168	169	170	171	172	297	#
236	1119824	135	150	151	152	166	167	168	183	184	199	200	213	214	215	216	231	297	#
237	1070594	123	137	139	153	154	155	156	157	170	171	172	173	188	189	204	205	297	#
238	1062919	157	169	170	171	172	173	174	186	187	188	189	203	204	209	210	218	297	#
239	1043150	136	152	167	168	169	170	184	185	200	201	202	203	214	215	216	218	297	#
240	1153442	60	161	162	163	176	177	178	192	193	194	195	196	197	210	211	212	227	228	229	243	244	298	#
241	1489209	121	122	123	136	137	138	139	152	153	154	213	227	228	229	230	240	241	242	243	244	245	298	#
242	1411682	38	177	178	194	196	198	210	211	212	214	224	227	228	229	230	240	241	242	243	244	245	298	#
243	1409282	7	23	180	181	196	197	198	199	210	213	214	227	228	229	230	241	242	243	244	245	246	298	#
244	1348109	117	133	147	148	149	162	163	164	165	166	178	180	181	182	193	194	196	210	224	240	241	298	#
245	1321392	177	178	181	192	193	194	196	197	198	199	210	211	212	213	214	227	228	229	230	243	245	298	#
246	196896	231	246	247	299	#
247	80812	215	231	247	299	#
248	1086517	80	81	96	97	98	99	113	114	115	128	129	130	131	300	#
249	1073158	80	81	82	97	98	113	114	128	129	130	131	144	145	300	#
250	1051432	67	81	82	83	84	98	99	113	114	115	129	210	227	300	#
251	1038664	80	96	97	99	112	113	114	115	128	129	130	144	161	300	#
252	1026968	80	81	82	83	97	98	99	113	114	115	129	130	131	300	#
253	1024058	71	80	81	82	83	84	96	97	98	99	113	114	115	300	#
254	634648	123	124	125	126	142	143	158	159	175	191	301	#
255	934481	92	107	108	121	122	123	124	125	139	233	301	#
256	814373	75	91	105	107	121	122	123	124	139	154	301	#
257	811995	108	118	119	120	121	122	123	124	137	138	301	#
258	784376	127	139	142	143	155	156	157	158	159	171	301	#
259	735222	123	124	125	126	142	155	156	157	158	172	301	#
260	200187	138	139	302	#
261	246662	139	155	302	#
262	185989	123	138	302	#
263	298454	176	192	193	194	195	210	303	#
264	344872	194	195	209	210	211	227	303	#
265	312493	192	193	194	208	224	240	303	#
266	255984	178	194	195	209	210	211	303	#
267	235470	176	177	192	193	194	195	303	#
268	122216	115	116	#
269	285527	59	60	61	74	75	76	91	304	#
270	424759	43	59	60	74	75	76	90	304	#
271	403602	37	42	58	59	74	90	91	304	#
272	397526	74	75	81	90	91	106	107	304	#
273	385469	43	45	59	60	61	76	92	304	#
274	339344	58	59	60	74	75	76	91	304	#
275	417512	213	226	227	228	229	243	245	305	#
276	487286	227	228	229	243	244	245	246	305	#
277	413146	208	210	224	225	226	227	240	305	#
278	403435	228	229	243	244	245	246	247	305	#
279	402542	118	196	197	198	213	228	229	305	#
280	400905	197	213	214	228	229	244	245	305	#
281	71489	16	32	#
282	282940	181	182	183	199	215	306	#
283	336352	198	199	200	215	231	306	#
284	329921	182	183	198	199	215	306	#
285	299066	182	198	199	200	219	306	#
286	201471	200	201	215	216	217	306	#
287	189071	165	166	181	182	197	306	#
288	222092	85	86	241	242	243	307	#
289	312667	85	86	101	102	103	307	#
290	254987	225	226	242	243	244	307	#
291	254890	228	241	242	243	244	307	#
292	538120	99	115	237	238	239	253	254	255	308	#
293	656976	235	236	237	238	239	251	253	254	308	#
294	637902	222	223	237	238	239	253	254	255	308	#
295	614677	222	223	232	237	238	239	254	255	308	#
296	607510	236	237	238	239	252	253	254	255	308	#
297	546739	235	236	237	238	239	251	252	255	308	#
298	276608	134	135	309	#
299	286252	133	134	309	#
300	222266	119	135	309	#
301	705913	107	123	124	138	139	140	154	155	156	310	#
302	846514	107	108	122	123	124	138	139	155	156	310	#
303	830341	107	108	122	123	124	137	138	140	158	310	#
304	801835	123	139	140	155	156	172	173	188	204	310	#
305	801003	122	123	137	138	139	154	170	204	220	310	#
306	789628	74	90	91	106	107	122	123	138	139	310	#
307	1460291	0	72	83	84	85	86	87	88	89	99	100	101	102	103	104	105	118	119	121	205	311	#
308	1536070	42	43	57	58	73	74	87	88	89	90	102	103	104	105	106	107	119	121	137	153	311	#
309	1521239	41	54	56	57	70	71	73	87	88	89	90	103	104	105	106	107	121	123	137	153	311	#
310	1517847	54	70	71	85	87	88	90	102	103	104	105	106	107	108	118	119	123	124	135	151	311	#
311	1490211	70	71	81	87	88	96	97	98	99	103	104	105	106	112	113	118	119	129	135	151	311	#
312	1446906	54	55	56	57	70	71	72	85	86	87	88	89	102	103	105	111	118	127	143	159	311	#
313	215934	80	231	247	312	#
314	236109	80	81	82	312	#
315	208448	247	248	249	312	#
316	193483	231	247	248	312	#
317	267275	36	51	52	67	313	#
318	309998	35	51	67	83	313	#
319	289778	50	51	52	67	313	#
320	192150	50	51	66	67	313	#
321	152825	35	36	52	141	313	#
322	161322	105	106	314	#
323	185742	89	105	314	#
324	656130	97	98	99	100	101	102	113	114	116	315	#
325	705768	80	81	82	83	97	98	99	112	113	315	#
326	677768	85	102	103	118	119	123	135	138	139	315	#
327	673539	81	82	96	97	98	99	112	113	114	315	#
328	653334	80	81	82	96	97	98	99	114	115	315	#
329	646724	81	85	86	100	101	102	103	119	135	315	#
330	49434	137	#
331	1192472	36	37	38	52	53	59	64	68	80	81	82	83	84	96	97	98	112	113	128	129	144	161	316	#
332	1630496	17	18	19	34	35	48	49	64	65	80	96	112	113	128	129	221	235	236	237	238	239	251	316	#
333	1586733	16	17	18	33	34	35	48	49	51	80	81	82	96	97	98	112	113	114	128	129	130	131	316	#
334	1521518	17	32	33	34	48	49	50	64	65	80	81	82	96	97	98	210	212	226	227	228	243	244	316	#
335	1509652	33	34	35	48	49	64	65	66	80	81	82	83	97	98	99	100	113	114	115	129	130	191	316	#
336	1498154	16	17	18	19	33	34	36	50	51	52	66	67	82	83	84	97	98	99	113	114	187	203	316	#
337	709521	192	193	194	208	209	210	211	224	225	226	227	240	241	317	#
338	843309	178	192	193	194	209	210	211	225	227	236	250	251	252	317	#
339	795148	2	18	34	50	194	209	211	227	228	229	230	243	245	317	#
340	759880	192	193	194	195	209	210	211	212	225	226	227	228	243	317	#
341	747561	194	195	211	212	227	228	229	230	241	242	243	244	245	317	#
342	739547	194	209	210	211	225	226	227	228	229	242	243	244	245	317	#
343	2085532	142	156	158	166	172	173	174	187	188	189	203	204	205	206	217	218	219	220	221	233	234	235	236	237	248	249	250	251	252	253	318	#
344	2410055	80	81	82	83	84	96	97	98	113	114	129	130	131	147	155	163	171	187	188	204	220	221	235	236	237	238	251	252	253	254	318	#
345	2296783	64	80	81	172	173	185	187	188	189	190	201	202	204	217	218	219	220	221	233	234	235	236	237	238	250	251	252	253	254	255	318	#
346	2178399	172	173	174	184	185	186	187	188	201	202	204	205	206	218	219	220	221	222	233	234	235	236	237	238	249	250	251	252	253	254	318	#
347	2176414	130	131	145	146	147	188	202	204	205	206	217	218	219	220	221	222	233	234	235	236	237	238	239	249	250	251	252	253	254	255	318	#
348	2133586	70	71	72	86	87	103	104	201	202	204	217	218	219	220	221	232	233	234	235	236	237	238	247	248	249	250	251	252	253	254	318	#
349	470961	13	14	28	29	30	31	45	46	47	62	319	#
350	649224	13	14	29	30	46	59	62	63	78	79	319	#
351	538918	13	14	28	29	30	31	46	62	63	78	319	#
352	510089	10	11	12	13	27	28	29	30	45	46	319	#
353	479666	1	2	17	30	31	33	45	46	47	61	319	#
354	471074	13	14	15	28	29	30	31	45	46	47	319	#
355	749992	2	3	4	5	6	18	19	20	21	22	34	36	38	52	320	#
356	964380	3	4	5	6	7	20	21	23	24	35	36	92	209	225	320	#
357	962261	2	3	4	5	17	18	19	20	21	34	36	179	195	211	320	#
358	951970	2	3	4	5	6	7	18	19	20	21	22	23	24	35	320	#
359	921179	23	24	38	39	52	53	54	55	70	71	72	86	87	102	320	#
360	911555	4	5	6	7	21	22	23	24	25	39	40	41	55	56	320	#
361	1322163	139	155	156	157	162	169	170	172	173	175	185	186	187	188	189	190	191	202	218	321	#
362	1624824	127	143	156	159	172	173	174	175	188	189	190	191	205	206	207	221	222	223	238	321	#
363	1610520	127	143	155	156	157	159	172	173	174	175	187	188	189	190	191	206	207	223	244	321	#
364	1586680	107	123	139	140	155	156	157	172	173	174	175	188	189	190	191	205	206	207	223	321	#
365	1492101	85	102	104	105	118	119	120	121	122	123	136	137	138	139	152	154	155	156	170	321	#
366	1476461	139	140	143	155	156	157	159	169	170	172	173	174	175	186	187	188	189	190	191	321	#
367	89373	233	#
368	46002	216	217	#
369	339816	132	148	149	164	165	180	181	323	#
370	499704	134	135	148	149	164	165	166	323	#
371	450738	133	134	149	165	166	167	184	323	#
372	390314	148	164	165	166	180	181	196	323	#
373	375434	132	148	164	165	166	182	198	323	#
374	357879	101	116	117	118	130	131	132	323	#
375	138102	18	19	324	#
376	128244	19	20	324	#
377	47427	132	148	#
378	356094	102	103	119	120	325	#
379	344120	101	102	117	133	325	#
380	265684	87	103	119	166	325	#
381	230348	103	106	119	120	325	#
382	2541622	0	1	2	3	4	5	12	13	16	17	18	19	20	21	28	29	30	33	34	35	36	37	43	44	45	46	49	51	52	60	61	64	68	96	112	210	211	212	213	226	227	228	229	243	326	#
383	3181092	0	1	2	3	4	5	6	18	19	20	33	34	35	36	48	49	64	65	80	81	92	106	107	108	122	123	124	125	138	139	140	141	155	156	169	170	171	172	173	187	188	189	204	227	326	#
384	2900018	0	1	2	3	4	16	17	18	19	25	26	34	35	36	37	41	42	50	51	52	67	68	83	84	99	115	116	133	134	147	148	149	150	151	164	165	166	170	171	185	186	187	217	218	326	#
385	2848736	2	3	4	5	6	17	18	19	20	21	34	35	36	37	38	51	52	53	54	56	63	67	68	70	79	84	104	105	106	107	121	122	123	138	139	140	154	155	231	247	248	249	250	251	326	#
386	2813098	10	12	13	26	27	28	29	30	40	41	45	46	55	56	61	62	63	71	72	76	77	78	79	87	92	93	94	102	103	109	147	162	163	178	179	180	195	210	211	224	225	226	227	243	326	#
387	2807560	1	2	3	18	19	20	33	34	35	36	37	48	49	64	65	66	80	81	82	83	96	97	98	99	108	110	111	112	113	124	125	127	128	129	143	145	182	183	198	199	215	231	240	247	326	#
388	1097575	105	107	120	121	122	123	138	139	140	154	157	173	174	327	#
389	1135398	122	123	124	125	137	138	139	140	156	157	172	173	189	327	#
390	1086428	69	85	86	102	103	104	105	119	120	121	134	135	149	327	#
391	1019567	88	89	103	104	105	119	120	121	122	123	124	138	139	327	#
392	993511	105	107	120	121	122	123	124	137	138	139	140	153	154	327	#
393	951517	25	41	57	73	88	89	90	102	103	104	105	106	119	327	#
394	1989241	7	9	10	11	12	22	23	24	25	26	27	28	39	40	41	42	43	44	55	56	57	58	59	60	71	157	158	159	174	175	191	328	#
395	2332911	24	40	41	45	46	55	56	57	58	61	62	73	74	77	78	89	90	92	93	108	109	110	113	114	124	125	129	133	134	245	246	328	#
396	2260478	6	7	8	22	23	24	38	40	41	55	56	57	123	124	140	141	142	143	156	157	158	159	172	173	174	175	187	188	190	191	207	328	#
397	2259493	7	23	24	25	40	41	42	43	44	56	57	58	59	60	61	73	74	75	76	89	90	91	107	108	154	155	157	171	172	173	188	328	#
398	2215974	45	48	55	56	57	61	64	65	71	73	74	80	81	85	86	87	88	89	90	91	99	100	101	102	103	104	108	116	117	118	119	328	#
399	2213961	33	48	49	123	126	137	138	139	140	141	142	143	154	155	156	157	158	159	170	171	172	173	174	175	187	188	190	191	204	207	220	328	#
400	801167	19	123	124	139	140	154	155	156	171	329	#
401	711583	122	123	124	137	138	139	154	155	156	329	#
402	596474	139	141	153	154	155	156	157	172	187	329	#
403	578294	139	155	156	169	170	171	186	187	203	329	#
404	575574	139	140	141	153	154	155	156	170	171	329	#
405	546512	124	125	139	140	141	142	155	156	158	329	#
406	406060	32	33	34	50	51	52	67	330	#
407	527809	2	18	19	34	35	50	51	330	#
408	510034	18	32	33	34	48	49	64	330	#
409	500168	2	18	34	35	49	50	51	330	#
410	424239	2	19	35	36	50	51	52	330	#
411	316306	33	34	35	36	50	51	52	330	#
412	185528	58	59	74	331	#
413	219963	58	74	90	331	#
414	120423	59	75	206	331	#
415	113862	123	#
416	1469866	112	119	129	132	134	135	145	148	149	150	164	165	166	167	180	181	184	222	236	237	238	239	250	253	254	332	#
417	1917524	32	48	64	67	80	81	83	91	97	98	99	100	107	108	112	113	114	115	128	129	130	144	145	160	161	332	#
418	1911545	48	49	64	65	80	81	96	97	99	100	112	113	114	115	128	129	130	131	132	134	148	149	150	164	165	332	#
419	1845204	35	36	50	51	100	101	152	168	169	185	196	205	206	210	211	212	222	223	228	229	238	239	244	254	255	332	#
420	1770507	78	79	95	98	99	110	113	114	132	133	134	148	149	150	151	152	164	165	167	168	169	181	184	185	200	332	#
421	1687640	120	121	137	138	139	153	202	203	206	207	218	219	222	223	234	235	236	238	239	250	251	252	253	254	255	332	#
422	763845	121	122	123	136	137	138	139	152	154	169	170	333	#
423	822854	138	139	154	169	170	171	172	173	186	187	188	333	#
424	820971	122	136	137	138	152	153	154	169	170	171	186	333	#
425	803788	1	16	17	32	33	48	49	84	137	138	154	333	#
426	803115	122	123	136	137	138	139	140	153	154	156	157	333	#
427	786760	73	74	89	105	106	120	121	122	136	137	138	333	#
428	881892	193	194	208	209	210	211	224	225	226	227	240	241	242	243	334	#
429	1049136	71	72	87	204	205	211	224	225	226	227	240	241	242	243	334	#
430	943764	193	194	209	210	211	224	225	226	227	240	241	242	243	244	334	#
431	872637	12	173	186	187	188	189	190	192	193	194	202	203	209	210	334	#
432	865967	24	25	41	57	177	193	194	209	210	211	212	225	226	227	334	#
433	859795	163	178	193	194	209	210	211	224	225	226	227	242	243	244	334	#
434	61547	27	#
435	102911	229	#
436	906725	60	70	76	81	82	85	86	92	102	118	119	215	229	231	232	245	246	247	248	249	335	#
437	1358382	0	85	87	90	91	101	103	106	107	116	117	118	119	120	121	122	123	133	137	138	335	#
438	1285140	138	139	140	141	154	156	157	158	171	172	174	175	213	228	229	230	243	244	245	246	335	#
439	1272957	85	87	99	100	101	102	103	104	117	118	119	133	134	135	149	150	151	167	185	201	335	#
440	1247535	148	149	163	164	165	178	180	181	196	197	212	213	229	230	232	233	234	240	245	246	335	#
441	1231921	48	64	80	81	82	96	97	98	99	113	114	127	129	194	208	209	211	224	227	243	335	#
442	587325	2	18	34	141	142	143	157	158	174	175	191	207	223	336	#
443	852915	111	127	141	142	143	157	158	172	173	174	175	183	199	336	#
444	817258	92	141	142	143	155	156	157	158	171	172	173	174	189	336	#
445	800571	173	188	189	191	204	205	206	207	220	221	222	223	235	336	#
446	748178	0	1	2	3	4	5	16	17	18	19	20	32	35	336	#
447	747666	1	2	3	4	5	16	17	18	19	20	32	34	35	336	#
448	369672	73	74	88	89	104	337	#
449	399957	57	58	73	89	90	337	#
450	383947	73	88	89	90	104	337	#
451	341907	88	89	90	103	104	337	#
452	321429	57	58	73	74	90	337	#
453	235980	232	248	249	338	#
454	263768	232	247	248	338	#
455	239715	248	249	250	338	#
456	71966	53	69	#
457	442627	144	145	146	160	161	176	177	178	339	#
458	581983	112	128	129	144	160	161	176	177	339	#
459	532603	128	144	145	161	176	177	178	179	339	#
460	446657	128	129	144	145	160	161	177	193	339	#
461	444063	113	129	144	145	146	160	161	176	339	#
462	432927	163	176	177	178	179	180	194	231	339	#
463	426768	80	96	112	113	128	340	#
464	395173	112	113	128	144	160	340	#
465	369492	64	80	81	82	96	340	#
466	363587	112	113	128	144	145	340	#
467	313062	80	81	96	97	112	340	#
468	310601	81	82	97	98	113	340	#
469	826864	0	1	17	32	33	48	49	64	85	102	103	341	#
470	920203	33	48	49	64	65	80	96	112	128	144	160	341	#
471	757406	37	38	53	54	68	69	70	85	86	101	102	341	#
472	732129	69	82	85	86	97	98	99	100	101	102	103	341	#
473	702691	18	33	34	35	48	49	50	51	64	67	116	341	#
474	691963	1	17	18	19	32	33	34	48	49	50	65	341	#
475	400753	58	74	89	90	91	106	107	342	#
476	565147	87	88	89	90	104	106	107	342	#
477	522381	90	106	107	108	123	138	139	342	#
478	509245	56	57	58	74	75	90	106	342	#
479	474477	48	64	74	88	89	90	106	342	#
480	394464	74	91	107	108	123	138	154	342	#
481	2028130	7	8	9	10	11	12	13	14	15	24	25	26	27	28	29	30	31	39	40	41	42	43	44	45	55	56	57	58	59	60	61	62	63	71	72	73	74	76	77	87	93	343	#
482	2634932	4	5	6	7	8	9	21	23	24	25	38	39	40	41	42	43	54	56	57	58	59	70	71	72	87	103	104	119	120	121	127	128	129	135	143	145	157	172	173	174	175	343	#
483	2585751	39	40	41	56	57	58	59	73	74	78	87	89	90	92	93	94	95	103	104	105	106	107	108	109	110	111	121	122	123	124	126	127	137	138	139	140	142	143	153	154	159	343	#
484	2571575	8	9	24	25	26	28	39	40	41	42	43	44	45	48	52	55	56	57	58	59	68	69	70	71	72	73	74	85	87	89	99	100	101	102	103	104	105	106	114	115	117	343	#
485	2485706	7	8	9	10	11	12	13	14	24	25	28	30	39	40	41	42	43	44	55	56	57	58	59	69	70	71	72	87	132	136	145	146	147	148	152	164	168	169	170	180	181	343	#
486	2478081	11	12	13	14	27	28	30	42	43	44	45	56	57	58	59	61	62	105	121	122	123	136	138	151	152	154	168	169	170	178	185	186	201	202	217	218	219	220	221	235	236	343	#
487	271958	101	102	103	118	119	344	#
488	345795	4	119	134	135	150	344	#
489	345209	54	70	86	102	118	344	#
490	303245	87	101	102	103	119	344	#
491	257231	88	103	104	118	119	344	#
492	190195	156	172	345	#
493	171716	156	157	345	#
494	171271	172	188	345	#
495	956508	55	71	87	215	229	230	231	232	233	234	245	246	247	248	346	#
496	1219865	218	219	220	221	232	233	234	235	248	249	250	252	253	254	346	#
497	1180059	217	220	221	222	232	233	235	236	237	238	239	248	253	254	346	#
498	1020424	232	233	234	235	236	237	247	248	249	250	251	252	253	254	346	#
499	1006879	215	217	218	219	231	232	233	234	235	236	247	248	249	250	346	#
500	969212	180	195	196	210	211	212	227	228	229	230	242	243	244	245	346	#
501	129472	142	143	347	#
502	163149	143	159	347	#
503	91597	83	#
504	770158	156	157	171	172	173	187	188	189	190	191	348	#
505	893126	123	138	139	154	155	170	171	172	186	187	348	#
506	833577	156	171	172	173	187	188	189	190	204	220	348	#
507	809931	155	171	172	173	185	186	187	188	202	203	348	#
508	796049	141	142	143	157	159	173	175	189	190	191	348	#
509	743139	107	123	124	138	139	140	154	155	156	170	348	#
510	704003	62	77	78	93	232	233	234	248	249	250	251	349	#
511	793988	45	61	63	76	77	78	79	92	93	94	95	349	#
512	780872	59	62	63	75	76	77	78	79	92	93	94	349	#
513	734071	219	234	235	236	237	248	249	250	251	252	253	349	#
514	724853	40	56	75	76	77	93	94	109	110	125	126	349	#
515	709638	29	44	45	60	61	75	76	77	92	93	94	349	#
516	70523	105	#
517	381946	99	100	101	115	116	350	#
518	440041	100	101	102	115	116	350	#
519	369032	100	115	116	117	133	350	#
520	343686	100	101	115	116	117	350	#
521	309052	85	99	100	101	117	350	#
522	184436	11	12	#
523	1064928	17	18	107	181	182	197	198	200	201	213	214	215	216	217	218	219	229	233	245	351	#
524	1388879	111	127	141	142	143	205	217	218	219	220	221	233	234	235	236	237	252	253	254	351	#
525	1373778	2	16	17	18	32	33	34	49	50	64	65	66	99	100	133	134	135	151	168	351	#
526	1337365	33	34	49	134	150	151	167	168	183	184	200	202	203	215	216	217	218	233	253	351	#
527	1320832	83	84	99	168	184	185	195	200	201	202	211	215	216	217	218	227	228	233	234	351	#
528	1306639	170	171	186	187	200	201	202	203	217	218	219	220	233	234	235	236	251	252	253	351	#
529	540738	45	46	62	63	78	79	94	95	111	352	#
530	598540	45	61	77	78	92	93	108	109	124	352	#
531	592255	45	46	61	62	77	78	210	225	226	352	#
532	535473	92	93	94	95	108	109	110	111	126	352	#
533	517506	62	78	92	93	94	95	111	127	143	352	#
534	503070	60	76	77	78	93	94	108	109	125	352	#
535	769226	145	146	162	178	194	195	209	210	211	212	225	226	227	228	240	241	242	243	353	#
536	1062671	74	75	90	91	92	107	108	123	124	128	130	144	146	160	161	162	177	178	353	#
537	1046122	130	131	132	134	145	146	147	148	149	150	151	152	167	168	169	195	211	212	353	#
538	986108	57	195	196	209	210	211	212	213	214	215	224	225	226	227	228	229	230	243	353	#
539	917726	51	52	53	67	155	163	178	194	195	209	210	211	212	225	226	227	228	243	353	#
540	916967	196	209	211	212	213	214	224	225	226	227	228	229	240	241	242	243	244	245	353	#
541	198325	147	148	163	164	354	#
542	275092	147	163	178	179	354	#
543	174932	150	164	165	180	354	#
544	123944	132	147	148	165	354	#
545	791081	93	109	125	126	141	142	143	157	158	159	172	173	174	175	355	#
546	1030492	34	122	123	138	139	153	154	155	170	171	172	185	186	187	355	#
547	1025832	18	32	33	34	125	126	127	134	135	143	149	150	151	152	355	#
548	1003663	75	76	78	91	93	108	109	122	123	124	125	138	139	155	355	#
549	959235	111	127	141	142	143	155	158	159	172	173	174	175	187	188	355	#
550	953139	126	127	141	142	143	155	157	158	159	172	173	174	175	189	355	#
551	213725	99	114	115	356	#
552	216776	99	100	115	356	#
553	174357	99	115	116	356	#
554	356404	143	158	159	173	174	175	191	357	#
555	477584	158	159	173	174	175	188	189	357	#
556	460997	124	159	172	173	174	175	191	357	#
557	436038	159	175	191	193	194	195	209	357	#
558	382415	137	153	157	158	159	174	175	357	#
559	349001	126	127	143	159	174	175	191	357	#
560	669625	98	99	114	115	116	117	131	132	133	358	#
561	785030	82	98	99	100	114	115	130	131	132	358	#
562	640248	66	67	81	82	83	98	99	100	114	358	#
563	622232	82	97	98	99	112	113	114	115	171	358	#
564	583981	99	100	114	115	116	131	132	147	164	358	#
565	582291	117	131	132	133	146	147	148	149	165	358	#
566	290420	147	148	149	150	166	182	213	359	#
567	405155	33	49	133	149	150	167	183	359	#
568	403818	133	147	148	149	150	164	166	359	#
569	372383	148	149	150	166	182	183	210	359	#
570	339857	190	191	206	207	360	#
571	299900	191	206	207	222	360	#
572	275360	175	191	207	223	360	#
573	268096	191	207	222	223	360	#
574	379096	4	5	6	20	21	22	23	37	53	361	#
575	544695	5	21	22	37	38	39	53	54	70	361	#
576	543097	2	3	4	5	19	20	21	35	37	361	#
577	505429	4	5	20	21	27	37	53	68	84	361	#
578	490241	2	3	4	5	6	18	19	20	22	361	#
579	484970	2	3	4	5	19	20	21	22	116	361	#
580	83774	106	#
581	82850	158	174	362	#
582	83986	142	158	362	#
583	57106	181	#
584	201945	160	176	192	208	363	#
585	240195	192	193	208	209	363	#
586	167767	176	177	192	208	363	#
587	163152	160	176	177	192	363	#
588	288108	145	146	147	161	364	#
589	369399	114	115	131	147	364	#
590	290792	144	145	146	162	364	#
591	219399	144	145	161	177	364	#
592	202042	129	144	145	160	364	#
593	1218039	12	204	219	220	232	233	234	235	236	237	238	247	248	249	251	252	253	365	#
594	1354615	184	200	204	215	216	217	218	219	220	231	232	233	234	235	246	247	248	365	#
595	1339328	204	218	219	220	221	232	233	234	235	236	237	238	248	251	252	253	254	365	#
596	1323364	204	210	212	219	220	222	223	233	234	235	236	237	238	251	252	253	254	365	#
597	1298911	200	215	216	217	219	220	232	233	234	235	236	237	238	248	251	252	254	365	#
598	1295178	204	218	219	220	221	222	223	233	234	235	236	237	238	251	252	253	254	365	#
599	2176017	23	37	38	39	40	55	56	72	141	142	160	161	162	176	177	179	186	192	193	194	195	201	202	203	208	209	210	211	218	224	225	226	227	240	241	242	243	366	#
600	2586091	24	40	41	42	56	58	65	72	133	134	135	148	149	150	151	166	167	168	169	170	181	182	185	186	197	198	199	200	201	214	215	216	230	231	245	246	247	366	#
601	2578230	0	106	107	109	122	123	124	125	138	139	140	141	142	143	153	154	156	157	158	159	168	169	171	172	173	174	175	184	185	186	187	188	189	203	240	241	242	366	#
602	2570340	122	123	135	136	137	138	139	149	151	154	156	157	166	167	168	169	170	171	172	173	185	186	187	188	200	201	202	203	216	217	218	219	220	221	235	236	237	366	#
603	2504710	7	10	11	23	24	26	27	28	29	32	37	38	39	40	41	42	43	44	45	48	53	54	56	58	59	60	64	65	68	76	77	80	81	82	94	95	97	366	#
604	2461117	122	123	138	139	140	151	152	153	154	156	168	169	170	171	172	173	184	185	186	187	199	200	201	202	203	216	217	218	219	220	221	234	235	236	237	252	253	366	#
605	230925	12	13	14	15	29	367	#
606	319519	11	12	28	237	238	367	#
607	208353	28	29	45	46	62	367	#
608	171351	13	14	15	30	46	367	#
609	167866	12	13	29	46	47	367	#
610	129827	13	14	15	31	47	367	#
611	289061	29	44	45	46	47	60	61	368	#
612	387125	29	43	44	45	60	61	77	368	#
613	369443	10	11	12	28	29	45	46	368	#
614	367004	14	29	30	31	45	46	47	368	#
615	366990	29	31	45	46	47	61	150	368	#
616	319497	12	26	27	28	29	45	61	368	#
617	1195515	15	31	37	38	39	40	41	53	54	55	56	57	69	70	71	72	87	88	369	#
618	1422511	22	23	38	39	40	55	56	57	70	71	72	73	81	82	87	98	99	100	369	#
619	1401470	2	3	19	57	70	71	73	87	88	89	90	103	104	105	106	120	121	122	369	#
620	1353604	7	23	25	39	40	41	42	54	55	56	57	58	70	71	72	87	88	185	369	#
621	1340974	9	25	26	40	41	42	43	44	45	56	57	58	70	71	72	73	87	88	369	#
622	1264497	21	22	23	36	37	38	39	53	54	68	69	70	71	83	84	85	87	113	369	#
623	1238084	219	220	221	222	232	233	234	235	236	237	238	248	251	252	253	254	255	370	#
624	1329135	155	172	173	187	188	189	204	220	221	234	235	236	237	238	252	253	254	370	#
625	1207562	82	98	99	100	116	219	220	235	236	237	238	239	251	252	253	254	255	370	#
626	1206030	135	150	151	152	167	168	172	173	182	183	184	185	188	189	200	220	221	370	#
627	1197344	203	218	219	220	221	231	232	233	234	235	236	246	247	248	251	252	253	370	#
628	1166892	16	17	18	32	206	220	222	235	236	237	238	239	251	252	253	254	255	370	#
629	1026228	141	154	155	156	157	158	171	172	173	174	186	187	188	189	190	204	220	371	#
630	1396099	56	57	67	80	81	83	97	98	99	113	140	155	156	157	171	172	174	371	#
631	1261366	107	122	123	138	139	152	154	155	156	168	169	170	171	172	173	188	189	371	#
632	1221822	22	23	24	188	204	205	206	217	218	219	220	222	233	234	235	236	251	371	#
633	1177477	88	89	155	156	157	171	172	173	174	188	189	204	205	218	219	220	221	371	#
634	1176172	9	29	204	205	215	216	217	218	219	220	221	233	234	235	236	251	252	371	#
635	1314364	204	205	206	207	219	220	221	222	223	234	235	236	237	238	239	250	251	252	253	254	255	372	#
636	1424863	157	171	173	187	188	189	204	205	219	220	221	233	234	235	236	237	247	248	249	250	251	372	#
637	1419691	173	187	188	189	204	205	219	220	221	234	235	236	237	238	249	250	251	252	253	254	255	372	#
638	1401398	154	155	170	171	187	188	204	205	219	220	221	234	235	236	237	250	251	252	253	254	255	372	#
639	1347211	171	173	187	188	189	202	203	204	205	218	219	220	221	222	235	236	237	238	239	253	255	372	#
640	1341231	23	39	40	63	154	170	171	173	174	187	188	189	204	205	206	207	219	220	221	235	251	372	#
641	406461	140	142	143	156	157	158	174	373	#
642	576484	43	44	110	111	127	142	143	373	#
643	570745	142	143	155	156	157	158	172	373	#
644	566383	123	124	138	139	140	154	156	373	#
645	450029	140	155	156	157	158	172	174	373	#
646	343942	156	157	158	172	174	175	187	373	#
647	374430	1	2	3	16	17	374	#
648	443657	0	1	2	3	17	374	#
649	414958	0	1	2	17	33	374	#
650	352151	2	3	4	5	19	374	#
651	293606	16	17	18	33	34	374	#
652	297019	14	29	30	45	375	#
653	306321	29	30	45	46	375	#
654	291007	29	30	31	45	375	#
655	228671	14	15	30	31	375	#
656	221194	29	30	46	244	375	#
657	198376	152	168	376	#
658	184712	136	152	376	#
659	117711	167	168	376	#
660	1039794	73	74	88	89	90	104	105	106	119	120	121	122	137	138	139	154	377	#
661	1313525	19	89	90	105	119	120	121	122	137	138	139	140	155	170	171	187	377	#
662	1289230	121	122	124	137	138	139	140	153	154	155	169	170	171	185	186	187	377	#
663	1284342	121	122	137	138	139	152	153	154	169	170	171	172	185	186	187	188	377	#
664	1222547	89	102	103	104	105	119	120	121	134	135	149	151	165	166	168	181	377	#
665	1135475	122	124	138	139	140	154	156	157	170	171	172	173	174	175	186	187	377	#
666	968003	18	34	50	161	162	176	177	178	193	194	208	209	210	211	224	225	227	240	241	378	#
667	1321018	155	164	172	178	179	180	188	194	195	196	204	205	208	209	210	224	225	227	240	378	#
668	1276891	79	95	110	111	120	126	176	177	179	193	194	195	208	209	210	211	224	240	241	378	#
669	1264081	64	65	77	78	79	94	95	194	208	209	211	224	225	227	228	240	241	242	243	378	#
670	1126916	178	193	194	195	208	209	210	211	224	225	226	227	228	229	240	241	242	243	244	378	#
671	1101596	163	164	178	179	193	194	200	209	210	215	216	217	218	225	226	227	228	239	242	378	#
672	399863	181	196	197	213	228	229	230	245	379	#
673	573437	180	196	197	198	213	214	229	245	379	#
674	488631	198	199	213	214	215	229	230	245	379	#
675	469850	162	163	164	178	179	180	196	197	379	#
676	465324	196	211	212	228	229	230	245	246	379	#
677	454378	213	226	227	228	229	230	245	246	379	#
678	250400	87	88	103	380	#
679	316033	103	104	119	380	#
680	310213	87	88	104	380	#
681	260663	88	89	104	380	#
682	739074	29	45	46	61	62	74	75	76	77	78	79	94	95	381	#
683	908086	40	42	55	56	57	58	73	74	88	89	90	106	107	381	#
684	893204	31	45	46	47	61	62	76	77	78	99	100	115	116	381	#
685	843860	28	29	46	47	61	62	76	77	78	92	227	242	243	381	#
686	839643	46	61	62	76	77	156	170	171	172	173	174	187	188	381	#
687	775033	56	57	58	59	60	61	72	73	74	75	76	77	90	381	#
688	155558	95	111	382	#
689	179091	110	111	382	#
690	692492	81	82	97	98	99	113	114	115	383	#
691	797152	83	84	98	99	100	113	114	115	383	#
692	674854	82	97	98	113	114	115	116	131	383	#
693	660143	113	114	115	116	130	131	147	148	383	#
694	647116	82	97	98	113	114	115	131	132	383	#
695	639638	68	69	83	84	97	98	99	113	383	#
696	775357	28	29	30	45	46	161	163	164	176	177	178	179	180	195	384	#
697	997610	9	10	11	147	163	164	165	178	179	180	181	195	196	211	384	#
698	984482	63	76	77	78	79	93	94	95	108	109	180	196	211	212	384	#
699	965231	130	131	147	149	163	164	165	166	167	179	180	182	195	225	384	#
700	961064	146	149	162	163	164	165	178	179	180	181	195	196	211	212	384	#
701	948241	160	161	163	164	177	178	179	180	181	195	196	210	211	227	384	#
702	1888006	0	1	2	3	4	5	16	17	18	19	20	33	34	35	36	48	49	50	51	64	65	66	67	80	81	83	97	98	99	113	385	#
703	2342849	67	81	82	83	84	87	97	98	99	100	101	103	113	114	115	117	118	119	120	128	129	131	132	134	135	146	147	149	151	152	385	#
704	2240386	48	49	64	66	67	68	80	81	82	83	84	96	97	98	99	100	113	114	115	129	130	131	132	146	147	148	162	163	164	253	385	#
705	2139090	1	2	3	4	5	6	17	18	19	20	21	22	32	33	34	48	49	64	65	68	80	81	83	84	98	99	100	113	114	115	385	#
706	2106804	33	49	64	65	80	81	82	83	96	97	98	99	100	113	114	115	128	129	130	131	144	145	146	147	148	160	161	162	163	164	385	#
707	2073300	33	34	38	48	49	50	51	52	53	54	64	65	66	67	70	71	83	85	86	87	91	101	102	103	107	108	117	119	120	135	385	#
708	103499	91	108	386	#
709	127540	74	91	386	#
710	82548	108	109	386	#
711	568258	7	9	22	23	24	25	26	27	39	55	387	#
712	816650	9	10	24	25	26	42	77	200	215	216	387	#
713	764717	9	10	11	23	24	25	26	42	43	44	387	#
714	713682	6	7	22	23	24	25	39	55	70	71	387	#
715	678334	7	9	23	24	25	26	27	42	43	58	387	#
716	676506	6	7	21	22	23	24	25	39	55	71	387	#
717	224987	132	148	149	166	388	#
718	313353	133	134	149	165	388	#
719	208903	55	149	166	182	388	#
720	144681	132	147	148	163	388	#
721	113775	132	148	149	164	388	#
722	733590	15	29	31	46	47	61	62	63	77	78	79	92	93	109	125	389	#
723	990045	46	61	77	93	109	110	123	124	125	126	137	138	140	155	156	389	#
724	951335	61	77	92	93	94	97	109	110	112	113	125	126	127	143	159	389	#
725	869701	46	59	60	61	62	63	76	77	78	79	92	93	95	109	110	389	#
726	813484	8	24	46	61	62	76	77	78	79	93	94	95	109	187	188	389	#
727	812660	29	30	31	46	47	61	62	63	76	77	92	155	156	171	187	389	#
728	1167731	65	100	113	115	116	117	129	130	131	132	145	146	147	148	162	163	164	165	178	180	181	390	#
729	1749640	1	2	3	17	18	19	20	32	33	35	48	51	52	97	110	111	112	113	128	129	130	390	#
730	1447818	69	83	84	85	99	100	101	102	115	116	117	118	119	132	134	135	147	148	149	151	164	390	#
731	1389447	85	86	100	101	102	115	116	117	118	119	132	134	135	148	149	151	164	165	166	168	180	390	#
732	1375501	32	35	36	48	50	51	52	62	63	64	65	66	67	68	69	80	81	82	84	85	97	390	#
733	1360500	100	116	117	126	132	140	142	147	148	149	156	157	158	162	163	164	165	166	173	174	180	390	#
734	530579	53	54	68	69	83	84	391	#
735	515962	67	82	83	84	98	99	391	#
736	450700	67	83	84	97	98	99	391	#
737	445826	68	69	85	86	101	102	391	#
738	388188	37	53	54	69	85	101	391	#
739	361973	53	54	138	139	154	170	391	#
740	315985	7	8	23	24	40	392	#
741	330681	24	25	40	41	56	392	#
742	329486	7	23	39	55	56	392	#
743	324914	24	39	40	55	56	392	#
744	293600	7	8	9	23	24	392	#
745	279771	5	6	7	22	23	392	#
746	838578	98	167	168	169	183	184	185	200	220	221	235	252	393	#
747	1012318	67	83	97	98	99	100	113	114	115	116	131	132	393	#
748	898443	92	93	100	115	116	117	130	131	132	148	149	221	393	#
749	787192	185	186	202	204	205	218	219	220	221	235	236	252	393	#
750	775755	167	168	169	170	171	172	184	185	186	187	202	218	393	#
751	729624	26	151	155	156	167	168	169	170	171	172	184	185	393	#
752	423421	9	10	26	27	41	42	43	82	394	#
753	547492	9	10	24	25	26	40	41	42	394	#
754	511259	64	65	80	81	82	83	96	97	394	#
755	503816	26	41	42	43	57	58	59	71	394	#
756	497056	9	24	25	41	42	57	73	174	394	#
757	452328	42	43	44	59	60	75	76	92	394	#
758	263740	191	207	211	212	227	228	395	#
759	346114	212	228	229	230	245	246	395	#
760	259399	195	210	211	226	227	242	395	#
761	232481	158	174	175	191	207	223	395	#
762	1602385	123	138	139	143	155	156	157	158	159	171	172	173	174	175	187	188	189	191	204	396	#
763	1612922	50	123	124	138	139	140	155	156	157	158	171	172	173	174	175	186	188	204	220	396	#
764	1578910	138	139	154	155	157	158	171	172	173	186	187	188	189	190	204	219	220	234	235	396	#
765	1533652	105	107	108	121	122	123	124	136	137	138	139	155	156	171	172	186	187	203	218	396	#
766	1508365	158	159	172	173	174	175	188	189	204	205	218	219	220	221	234	235	251	252	253	396	#
767	1479685	21	141	142	143	157	158	171	173	174	175	186	187	188	189	204	219	220	235	251	396	#
768	167489	131	132	#
769	1158403	134	135	137	138	139	140	151	152	153	154	155	169	172	397	#
770	1195764	111	127	133	134	135	142	143	151	152	168	169	185	186	397	#
771	1121578	122	123	138	139	140	155	171	172	182	183	184	199	200	397	#
772	1085240	105	120	121	122	137	138	139	140	141	154	155	171	172	397	#
773	1063702	122	124	125	137	138	139	140	141	153	154	155	157	172	397	#
774	1054743	121	122	123	137	138	139	140	152	153	154	155	168	169	397	#
775	442361	193	194	195	209	210	211	226	227	228	398	#
776	612746	210	211	212	226	227	228	229	243	245	398	#
777	598795	146	162	178	194	210	211	226	227	243	398	#
778	571691	211	212	227	228	229	230	243	245	246	398	#
779	553932	162	177	178	193	194	210	211	226	227	398	#
780	546874	21	22	193	194	195	209	210	211	225	398	#
781	228876	13	14	15	128	399	#
782	200503	12	13	14	15	399	#
783	195191	128	144	145	161	399	#
784	155131	13	28	29	45	399	#
785	973542	134	135	150	151	152	153	166	167	168	182	183	184	185	186	197	198	200	201	202	400	#
786	1218401	22	23	39	119	120	133	134	135	149	150	152	166	167	168	182	222	223	238	254	400	#
787	1168252	53	68	80	183	185	186	188	189	199	200	201	202	203	204	205	206	215	218	231	400	#
788	1122743	131	132	133	134	135	147	148	149	150	164	166	167	168	182	183	184	185	186	198	400	#
789	1099881	170	176	177	178	185	186	193	194	202	203	209	217	218	219	225	233	235	251	252	400	#
790	1075877	87	88	103	104	117	118	119	120	132	133	134	135	148	149	150	151	164	166	167	400	#
791	1767481	14	24	28	29	30	45	46	47	60	61	62	63	75	76	77	91	119	133	134	135	149	162	163	164	165	178	179	180	181	401	#
792	1985953	0	1	2	17	43	58	59	60	74	75	76	77	83	84	90	91	92	106	107	108	109	110	111	124	125	126	140	141	142	401	#
793	1905375	55	70	71	72	133	147	149	150	158	162	163	164	165	167	173	175	179	180	181	182	183	184	189	190	191	195	197	198	213	401	#
794	1901430	33	85	86	101	102	118	119	134	135	149	150	151	152	153	160	161	162	163	164	165	167	168	169	180	181	184	200	216	244	401	#
795	1895518	115	118	119	131	132	133	134	135	148	149	150	151	152	163	164	165	167	168	169	170	171	177	178	179	180	181	182	183	184	401	#
796	1786608	118	119	133	135	136	148	149	150	151	152	163	164	165	166	167	168	169	170	177	178	179	180	181	182	183	184	193	194	198	401	#
797	411520	198	199	200	215	216	217	218	402	#
798	493852	183	184	185	199	200	201	216	402	#
799	492506	167	182	183	184	200	215	216	402	#
800	444293	7	184	199	200	201	215	216	402	#
801	392046	148	165	180	181	182	197	198	402	#
802	383259	182	183	184	198	199	200	214	402	#
803	1631074	43	59	89	90	91	105	106	107	108	109	120	121	122	123	124	136	137	140	153	154	156	157	403	#
804	1743064	8	9	24	25	40	41	43	57	58	59	107	121	122	123	124	136	137	138	139	140	141	156	403	#
805	1682082	120	121	122	123	124	125	136	137	138	140	153	154	155	156	171	172	173	187	188	198	204	214	403	#
806	1634113	90	91	105	106	107	120	121	122	123	124	136	137	138	139	140	141	142	153	154	156	157	158	403	#
807	1609707	107	123	124	137	138	139	140	141	142	153	154	155	156	157	158	161	171	172	173	174	187	188	403	#
808	1599395	106	107	121	122	123	124	137	138	139	140	141	142	153	154	155	156	157	158	170	171	172	174	403	#
809	24333	116	#
810	943702	10	16	21	22	23	24	25	26	32	40	41	207	223	404	#
811	1076699	7	8	10	11	12	24	25	26	41	42	56	57	73	404	#
812	1028976	10	26	96	97	112	113	120	128	190	191	205	206	207	404	#
813	1012594	6	7	8	21	22	23	24	25	39	40	41	56	57	404	#
814	947079	10	11	25	26	32	33	34	40	41	48	49	64	65	404	#
815	931992	7	8	9	22	23	24	25	39	40	41	56	57	73	404	#
816	367636	23	39	160	161	162	177	178	179	180	194	405	#
817	541832	3	6	7	20	21	22	23	38	39	40	405	#
818	461973	161	162	164	165	178	179	180	181	195	197	405	#
819	431717	135	150	151	161	167	176	177	178	183	184	405	#
820	387039	46	61	62	63	160	161	162	163	176	179	405	#
821	352122	12	144	145	146	161	162	176	177	193	209	405	#
822	224433	224	240	#
823	159229	90	105	106	406	#
824	206334	74	90	106	406	#
825	2517760	0	12	28	29	44	45	46	60	61	62	63	76	77	78	79	92	93	94	95	107	108	111	124	151	152	167	168	169	184	185	186	187	188	199	200	201	407	#
826	2703269	62	63	77	78	79	86	90	91	92	93	94	102	105	106	107	108	109	110	120	121	122	123	124	126	138	139	152	154	155	156	168	169	170	185	186	187	407	#
827	2602247	13	28	29	45	46	61	62	63	74	76	77	78	79	89	90	91	92	93	94	95	106	107	108	109	110	111	124	133	134	139	140	149	155	156	157	165	407	#
828	2493875	8	9	10	11	24	25	40	56	57	61	62	63	74	77	78	79	90	91	92	93	94	95	107	108	109	110	122	123	124	125	126	139	140	141	142	143	407	#
829	2483953	14	28	29	30	31	43	44	45	46	60	61	62	63	76	77	78	79	91	92	93	94	95	107	108	109	110	111	116	117	124	126	127	133	149	221	237	407	#
830	2481014	14	15	24	30	40	42	43	44	45	46	56	57	61	62	63	77	78	79	88	89	92	93	94	104	105	106	120	121	142	158	174	175	186	187	188	191	407	#
831	707740	16	28	29	32	44	45	46	48	144	160	161	176	177	192	208	408	#
832	966445	8	12	21	24	28	29	43	44	45	46	59	172	173	188	189	408	#
833	922001	0	1	2	3	16	17	18	19	32	33	34	35	48	49	65	408	#
834	909018	10	25	26	28	30	42	43	44	45	46	58	59	62	63	79	408	#
835	860366	192	193	194	208	209	210	211	212	224	225	226	227	228	243	244	408	#
836	829139	90	160	161	176	192	193	194	208	209	210	211	224	225	226	240	408	#
837	234081	30	46	234	235	251	252	409	#
838	316470	234	247	248	249	250	251	409	#
839	216056	14	30	31	46	61	67	409	#
840	209546	15	31	45	46	47	62	409	#
841	2588388	27	28	80	81	82	83	96	97	98	99	112	113	114	115	116	128	129	130	131	144	145	146	147	148	149	160	161	162	163	164	165	176	177	178	180	181	192	193	194	195	209	210	227	410	#
842	2994257	48	64	76	80	81	82	92	93	96	97	98	112	113	114	115	116	121	122	123	128	129	130	131	132	139	144	145	146	147	148	160	161	162	163	164	165	177	178	210	212	226	227	242	410	#
843	2992647	0	1	2	3	4	20	21	22	33	36	37	48	49	52	53	64	67	68	69	80	81	82	83	84	96	97	98	99	100	101	112	113	114	115	116	117	130	131	133	134	146	147	162	410	#
844	2981423	67	80	81	82	83	86	96	97	98	99	100	102	112	113	114	115	116	117	118	128	129	130	131	133	134	144	145	146	147	148	149	150	151	161	162	163	164	165	166	167	184	185	200	410	#
845	2961156	33	48	49	59	64	65	73	74	75	80	81	82	83	89	90	91	97	98	99	100	101	102	105	106	107	108	109	112	113	114	115	116	117	118	119	128	133	192	193	208	209	210	225	410	#
846	2958997	1	16	17	33	34	48	49	50	64	80	81	82	84	87	96	97	98	99	100	102	103	104	112	113	114	115	117	118	119	163	178	179	195	208	209	210	211	212	224	225	226	227	228	410	#
847	544392	6	7	21	22	23	24	37	38	39	55	411	#
848	671238	7	24	39	40	55	56	57	58	85	101	411	#
849	666337	7	22	23	24	25	37	38	39	55	56	411	#
850	639019	6	7	22	23	24	39	40	55	56	57	411	#
851	627699	7	8	9	24	25	26	27	42	43	58	411	#
852	573514	7	8	9	22	23	24	25	38	39	55	411	#
853	1211935	196	197	210	211	212	213	214	228	229	230	232	234	243	244	245	246	247	248	249	250	412	#
854	1514524	20	92	108	124	133	149	166	167	182	183	184	196	212	228	229	230	245	246	247	248	412	#
855	1502406	138	139	151	154	155	156	210	212	227	228	229	231	234	243	245	246	247	248	249	250	412	#
856	1476687	1	2	17	18	19	33	34	134	135	136	137	138	151	152	232	246	247	248	249	250	412	#
857	1475326	37	171	185	186	187	200	201	202	203	210	218	219	227	228	229	243	245	246	247	248	412	#
858	1332022	104	196	197	198	210	212	213	214	226	227	228	229	230	231	242	243	245	246	247	248	412	#
859	1843929	44	45	61	62	73	74	75	76	78	87	88	89	90	91	92	93	105	108	109	121	123	124	125	137	138	413	#
860	2130186	49	64	80	82	96	97	112	122	123	134	135	136	137	138	150	151	152	153	154	165	166	168	245	246	247	413	#
861	1937847	57	73	74	75	78	87	88	89	90	91	92	93	94	105	106	107	108	109	110	122	123	124	125	138	139	413	#
862	1877915	40	41	42	55	56	57	58	71	72	73	74	75	76	85	87	88	89	90	91	101	102	103	104	105	106	413	#
863	1860579	40	41	42	43	44	56	57	58	59	60	71	72	74	75	76	77	87	88	89	90	91	93	94	104	236	413	#
864	1860025	78	79	92	93	94	95	108	109	110	111	122	123	124	125	126	127	136	137	138	139	142	143	154	158	159	413	#
865	69070	112	#
866	146700	224	225	414	#
867	183487	224	240	414	#
868	359656	64	65	80	96	415	#
869	401308	48	49	64	65	415	#
870	361712	64	80	81	96	415	#
871	268064	49	50	65	66	415	#
872	233015	80	81	96	97	415	#
873	1175963	12	13	29	30	171	172	186	187	188	201	202	204	217	218	219	220	232	233	235	416	#
874	1365249	170	175	186	187	188	202	216	217	218	219	220	221	232	233	234	235	236	237	248	416	#
875	1343284	199	200	201	202	204	215	216	217	218	219	220	232	233	234	235	236	247	248	250	416	#
876	1341928	123	139	140	141	155	156	171	172	173	186	187	188	189	203	204	218	219	220	235	416	#
877	1326467	38	39	93	123	138	139	151	152	153	169	186	201	202	216	217	218	233	234	250	416	#
878	1306156	108	109	140	141	156	157	169	171	172	185	186	187	188	189	200	201	202	216	217	416	#
879	93472	65	#
880	676528	64	80	81	82	83	97	113	128	129	130	145	160	161	207	417	#
881	883077	18	34	35	51	66	67	80	81	82	83	97	98	99	113	417	#
882	876648	82	97	98	99	113	115	129	130	131	146	147	148	149	164	417	#
883	874999	48	64	67	75	80	81	82	83	84	91	97	98	99	108	417	#
884	852014	129	130	131	146	147	148	149	163	226	227	228	229	243	245	417	#
885	836471	48	49	64	65	66	67	80	81	82	83	97	98	112	113	417	#
886	306296	44	59	60	74	75	76	418	#
887	423161	26	42	43	44	45	58	418	#
888	388535	58	59	74	75	76	91	418	#
889	321307	61	76	77	78	92	93	418	#
890	298018	6	7	58	59	74	91	418	#
891	205406	59	60	61	75	76	77	418	#
892	298819	39	55	56	131	147	148	419	#
893	435323	133	146	147	148	149	164	419	#
894	411316	4	5	56	57	71	72	419	#
895	403185	130	131	146	147	162	163	419	#
896	375192	40	54	55	56	70	71	419	#
897	363882	130	131	132	147	148	165	419	#
898	124778	4	5	22	37	38	420	#
899	126713	22	37	38	53	54	420	#
900	532503	65	149	166	168	182	183	184	200	215	421	#
901	686789	134	150	151	152	165	166	168	181	183	421	#
902	669666	32	33	49	151	152	153	168	169	170	421	#
903	664252	149	151	152	165	166	167	168	183	199	421	#
904	567837	134	148	149	150	151	165	166	167	168	421	#
905	545473	184	199	200	215	216	231	236	237	253	421	#
906	585800	182	183	198	199	213	214	215	216	217	231	247	422	#
907	737159	40	41	56	57	73	197	198	199	214	215	216	422	#
908	672466	166	182	183	197	198	199	213	214	235	252	253	422	#
909	654416	148	164	180	181	182	183	184	196	197	198	199	422	#
910	648345	181	182	183	198	199	213	214	215	216	217	231	422	#
911	615813	182	197	198	199	200	201	202	214	215	216	231	422	#
912	184230	215	216	423	#
913	145259	216	217	423	#
914	80635	199	215	423	#
915	375203	221	237	238	253	254	424	#
916	429349	188	189	204	220	221	424	#
917	358084	206	221	222	237	238	424	#
918	358079	221	236	237	252	253	424	#
919	223724	237	238	239	254	255	424	#
920	217655	235	237	238	252	253	424	#
921	191127	16	32	48	425	#
922	286518	48	64	80	425	#
923	278927	32	48	64	425	#
924	302618	13	28	44	60	76	426	#
925	311040	28	44	45	59	60	426	#
926	310647	12	28	44	45	46	426	#
927	280247	59	75	76	91	108	426	#
928	220466	43	44	58	59	60	426	#
929	191212	13	14	29	30	46	426	#
930	804419	3	5	17	18	19	20	21	34	35	37	50	73	89	90	105	106	249	427	#
931	1146831	22	38	39	55	56	71	72	85	86	87	88	89	102	103	118	119	120	427	#
932	1105159	11	12	13	14	28	29	30	44	45	46	61	87	88	89	90	105	106	427	#
933	1080446	58	59	73	74	75	89	90	91	105	106	107	108	109	121	122	136	137	427	#
934	923046	172	187	188	202	203	217	219	220	221	232	233	234	235	248	249	250	251	427	#
935	909382	2	3	16	17	18	19	32	33	34	35	48	49	50	51	64	65	187	427	#
936	692746	198	199	200	215	216	217	218	232	233	248	428	#
937	766152	123	124	139	140	141	154	155	216	217	233	428	#
938	668708	184	198	199	200	214	215	216	217	232	233	428	#
939	628144	182	183	197	198	199	200	213	214	215	216	428	#
940	627516	168	182	183	184	198	199	200	214	215	216	428	#
941	614204	216	217	232	233	234	235	248	249	250	251	428	#
942	44743	36	#
943	179957	229	230	245	429	#
944	234366	229	245	246	429	#
945	189870	213	229	230	429	#
946	100707	228	230	245	429	#
947	705124	63	79	95	107	108	109	110	111	125	126	127	430	#
948	1005259	45	46	57	58	62	63	74	78	79	95	111	430	#
949	829952	4	20	45	61	62	63	77	78	79	95	111	430	#
950	766517	61	62	63	76	78	79	95	111	126	127	143	430	#
951	697662	62	63	79	92	95	108	109	110	111	126	246	430	#
952	648812	41	57	58	59	73	74	91	92	107	108	124	430	#
953	711249	112	113	114	128	129	130	145	161	431	#
954	729734	64	80	96	112	114	128	129	145	431	#
955	725286	98	112	113	114	128	129	130	145	431	#
956	723130	80	96	112	114	128	129	130	145	431	#
957	654867	96	97	99	112	113	114	115	128	431	#
958	599261	112	113	114	128	129	132	145	148	431	#
959	2250255	32	73	74	87	88	89	90	91	103	104	105	106	107	110	111	120	121	122	123	124	128	129	136	137	138	139	144	160	161	162	177	178	432	#
960	2254688	11	12	58	73	74	75	87	88	89	90	91	103	104	105	106	107	108	109	110	111	120	121	123	124	127	137	138	139	153	154	169	170	432	#
961	2232136	10	11	12	26	27	28	29	45	87	98	101	103	104	117	118	119	120	121	123	133	134	135	136	137	138	139	150	151	152	153	154	155	432	#
962	2231130	90	91	93	94	107	108	109	110	111	121	122	123	124	127	136	137	138	139	140	154	155	156	164	169	170	171	184	185	186	200	215	216	432	#
963	2222231	121	123	136	137	138	139	150	151	152	153	154	155	156	168	169	170	171	172	184	185	186	188	189	200	201	202	203	204	205	206	207	223	432	#
964	2180932	55	70	71	87	90	91	103	104	105	106	107	108	119	120	121	122	123	124	136	137	138	139	152	153	154	155	156	168	169	178	179	194	432	#
965	1773381	84	97	98	114	115	116	131	132	133	134	145	146	147	148	149	150	151	152	161	162	163	164	165	166	167	178	180	181	183	196	197	244	433	#
966	2329961	86	100	101	102	103	104	115	116	117	118	119	120	121	129	130	131	132	133	134	135	144	145	146	147	148	149	165	235	243	244	251	252	433	#
967	2280212	17	18	19	99	100	101	102	115	116	117	118	119	129	130	131	132	133	135	144	145	146	147	148	164	165	179	180	181	196	197	198	212	433	#
968	2247730	49	67	83	84	99	100	101	102	103	104	115	116	117	118	119	120	121	122	131	132	133	135	149	150	151	166	167	178	183	194	199	212	433	#
969	2220383	101	117	118	119	120	132	133	134	135	146	147	148	149	150	165	166	167	168	169	180	181	183	184	185	196	197	198	212	213	232	247	248	433	#
970	2192701	4	10	20	26	33	34	36	48	49	50	64	65	66	67	80	83	84	96	97	98	99	100	101	102	113	115	116	117	118	129	133	149	433	#
971	368173	105	106	107	108	124	434	#
972	475027	107	108	124	139	140	434	#
973	401778	73	74	89	104	105	434	#
974	374207	93	107	108	109	110	434	#
975	366114	16	32	48	105	106	434	#
976	317428	93	107	108	109	124	434	#
977	354876	26	41	42	57	58	435	#
978	406175	42	43	57	58	59	435	#
979	369539	41	56	57	73	89	435	#
980	360636	26	41	42	43	59	435	#
981	228126	10	26	27	28	44	435	#
982	438233	12	13	14	27	28	29	30	43	44	60	436	#
983	599541	29	30	45	46	60	61	62	76	77	80	436	#
984	563008	11	12	27	28	29	30	44	45	60	76	436	#
985	487416	27	28	29	58	74	90	91	106	107	108	436	#
986	482841	11	12	13	14	27	28	29	30	31	46	436	#
987	426930	28	29	43	44	58	59	60	76	92	146	436	#
988	291712	206	207	222	223	437	#
989	353013	191	206	207	223	437	#
990	324432	206	222	223	238	437	#
991	288754	222	223	238	254	437	#
992	261706	206	207	222	238	437	#
993	40260	250	#
994	812939	5	6	7	9	23	24	25	38	39	40	41	54	55	56	57	438	#
995	1099702	55	66	67	68	70	71	83	84	86	87	88	99	103	128	144	438	#
996	1018509	23	38	39	40	53	54	55	56	70	71	86	102	139	140	240	438	#
997	1013022	6	7	9	10	13	14	23	24	25	39	40	41	55	56	57	438	#
998	1005674	7	24	25	40	41	42	57	58	73	89	104	105	237	238	253	438	#
999	931018	23	24	39	40	41	42	55	56	57	58	59	60	73	96	112	438	#
