%% File generated by CATS v.2.1Wed Jun 19 19:17:43 2013

%% The CATS webpage is http://robotics.stanford.edu/CATS

%% PARAMETER SETTINGS:
% Goods: 256; Bids: 1000; Distribution: regions; Runs: 50; Seed: 1371664596
% Regions Distribution Parameters:
% Max Substitutable Bids = 5
% Removing HV Neighbor   = 0.1
% Adding DIAG Neighbor   = 0.2
% Additional Location    = 0.9
% Jump Probability       = 0.05
% Additivity             = 0.2
% Budget Factor          = 1.5
% Resale Factor          = 0.5
% Uniform Private Value:
%   Deviation            = 0.5
%   Max Good Value       = 100



goods 256
bids 1001
dummy 182

0	993909	181	184	196	197	212	213	217	229	230	232	233	244	245	246	247	248	256	#
1	1212052	31	46	47	62	77	78	155	170	171	184	185	186	187	200	201	202	256	#
2	1171991	170	184	185	186	200	201	216	217	218	219	232	233	234	248	249	250	256	#
3	1077934	147	148	163	164	165	179	180	181	196	197	212	213	214	230	246	247	256	#
4	1077647	111	127	142	197	212	213	214	229	230	232	244	245	246	247	248	249	256	#
5	1033025	185	201	202	216	217	218	230	232	233	234	246	247	248	249	250	251	256	#
6	341773	164	180	195	196	197	212	257	#
7	469543	196	212	228	229	244	245	257	#
8	456425	161	179	180	181	196	212	257	#
9	334764	149	164	165	180	181	196	257	#
10	331175	163	179	195	196	211	212	257	#
11	308301	163	164	180	195	196	212	257	#
12	112439	121	#
13	866129	100	115	116	117	132	133	134	148	149	150	165	166	258	#
14	965029	115	116	117	130	131	132	133	147	148	149	165	181	258	#
15	928028	86	100	102	116	117	118	119	120	132	133	134	149	258	#
16	910458	115	117	118	130	131	132	133	134	147	149	163	164	258	#
17	905244	115	116	117	118	132	133	134	148	149	165	166	181	258	#
18	844643	131	132	147	148	149	163	164	218	234	244	245	246	258	#
19	629528	192	193	194	195	196	209	210	212	259	#
20	655229	192	193	194	208	209	224	225	226	259	#
21	601893	178	193	194	196	197	210	211	212	259	#
22	556514	196	197	198	209	210	211	212	229	259	#
23	550942	161	162	176	177	178	193	194	210	259	#
24	528092	171	177	178	180	194	195	196	211	259	#
25	29981	54	#
26	303861	118	119	193	194	260	#
27	336554	119	135	151	167	260	#
28	297519	192	193	194	209	260	#
29	215728	178	194	195	196	260	#
30	191249	59	86	102	118	260	#
31	1319040	37	38	54	55	60	71	72	73	74	75	76	88	89	90	91	92	103	104	105	108	109	124	261	#
32	1806164	55	71	72	73	74	84	85	86	87	88	100	101	103	104	116	117	118	119	120	132	134	171	261	#
33	1604770	73	74	88	89	90	91	92	104	108	109	120	121	124	125	138	139	140	156	171	172	187	188	261	#
34	1598537	38	40	41	53	54	55	70	71	72	73	74	85	86	88	90	101	102	106	116	117	209	210	261	#
35	1545332	40	41	53	54	55	70	71	72	73	74	75	86	87	88	89	90	91	104	105	120	209	210	261	#
36	1532753	22	23	24	25	36	37	38	39	40	41	42	53	54	55	70	71	72	73	74	88	89	104	261	#
37	716032	139	140	156	172	173	174	188	189	190	204	262	#
38	892055	65	157	158	170	171	172	173	174	188	189	262	#
39	847899	156	157	158	170	171	172	173	174	189	190	262	#
40	756530	158	170	171	172	173	174	175	188	220	221	262	#
41	740853	1	139	140	155	156	172	173	188	189	204	262	#
42	699400	92	107	108	122	123	124	138	139	140	154	262	#
43	243165	190	205	206	222	263	#
44	308398	190	191	205	221	263	#
45	265799	190	206	222	223	263	#
46	210335	204	205	206	221	263	#
47	49580	180	#
48	1041162	67	68	83	217	229	230	231	232	234	235	247	248	249	250	251	252	264	#
49	1218935	116	117	132	212	229	230	231	232	235	245	247	248	249	250	251	252	264	#
50	1184924	101	116	131	132	133	199	215	216	217	218	231	232	247	248	249	250	264	#
51	1174112	216	217	229	230	231	232	235	237	244	245	247	248	249	251	252	253	264	#
52	1107860	124	125	126	127	139	140	141	142	143	156	234	235	248	249	250	251	264	#
53	1103946	20	21	22	51	52	112	128	229	230	231	232	234	247	248	249	250	264	#
54	1096272	61	62	63	75	76	77	78	79	93	94	95	110	126	127	141	265	#
55	1182339	78	93	94	110	126	127	131	132	141	142	147	156	157	171	172	265	#
56	1133350	62	63	77	78	79	94	95	110	111	126	127	141	157	158	174	265	#
57	1119042	20	110	111	124	126	127	138	139	140	141	142	155	156	157	230	265	#
58	1100080	56	63	72	79	86	87	88	94	95	110	126	127	141	142	157	265	#
59	1072032	62	63	77	78	79	93	94	95	109	110	111	126	127	141	142	265	#
60	522955	216	217	218	219	232	233	234	248	249	266	#
61	598502	184	200	201	215	216	217	232	233	249	266	#
62	561028	200	215	216	217	230	231	232	247	248	266	#
63	559739	69	168	184	200	201	216	217	232	248	266	#
64	481841	90	91	92	106	188	204	219	220	221	266	#
65	462308	215	216	231	232	233	247	248	249	250	266	#
66	1915737	178	179	180	195	196	197	203	204	211	212	213	214	215	216	217	218	219	220	229	230	231	232	233	234	235	246	248	250	251	252	267	#
67	2237300	94	95	104	105	120	121	150	166	181	182	197	198	201	203	204	217	219	220	230	231	232	233	234	235	237	246	247	248	249	252	267	#
68	2144448	20	35	36	51	52	66	67	68	69	84	160	176	177	178	179	185	192	193	194	196	201	212	217	230	231	232	233	246	247	248	267	#
69	2070214	153	169	170	171	172	173	185	186	187	188	190	191	201	202	203	204	205	206	217	218	219	220	221	222	232	233	234	237	252	254	267	#
70	2027048	124	138	139	140	141	143	154	155	156	157	158	169	170	171	172	174	185	186	187	188	190	191	201	206	217	218	232	233	234	248	267	#
71	2015744	153	155	169	170	171	185	187	198	201	214	215	216	217	219	229	230	231	232	233	234	235	236	246	247	248	249	250	251	252	253	267	#
72	645421	203	204	205	206	207	219	220	221	222	237	268	#
73	667490	190	203	204	205	206	207	219	221	222	237	268	#
74	651002	171	172	187	188	202	203	204	219	220	234	268	#
75	650681	189	190	203	204	205	206	219	220	221	222	268	#
76	644374	201	202	203	217	218	219	220	233	234	249	268	#
77	601771	188	202	203	218	219	220	221	234	250	251	268	#
78	73606	82	#
79	206516	142	143	159	269	#
80	273530	11	27	142	269	#
81	153561	158	159	174	269	#
82	519943	9	10	11	26	27	43	59	75	270	#
83	698545	9	10	11	24	25	26	27	42	270	#
84	594530	9	10	11	12	25	27	42	43	270	#
85	493536	11	12	27	28	44	45	236	252	270	#
86	472044	74	75	106	107	108	123	138	139	270	#
87	459825	11	26	27	42	43	59	60	75	270	#
88	368128	24	40	55	56	70	71	72	271	#
89	535698	24	39	40	41	55	56	57	271	#
90	523804	23	24	39	40	55	56	71	271	#
91	504847	8	9	24	25	39	40	55	271	#
92	504624	26	39	55	71	126	127	142	271	#
93	444292	40	55	56	71	72	88	190	271	#
94	960410	3	16	17	19	20	32	33	34	35	36	48	49	50	64	65	66	81	272	#
95	1289111	18	19	20	21	33	34	35	49	50	51	52	65	66	67	68	81	84	272	#
96	1225196	4	5	18	19	20	21	22	34	35	49	50	51	52	65	67	68	84	272	#
97	1195884	5	19	20	21	33	34	35	36	37	38	49	50	51	52	53	66	68	272	#
98	1116441	19	20	34	35	36	49	50	51	52	64	65	66	67	80	81	82	98	272	#
99	1092014	0	16	17	18	32	33	34	35	48	49	50	64	65	66	67	80	82	272	#
100	1268764	78	83	134	135	149	150	165	166	167	168	169	181	182	183	184	196	197	198	199	200	215	232	248	273	#
101	1723904	9	25	132	136	148	149	150	151	164	165	166	167	180	181	189	203	204	205	206	220	221	222	223	273	#
102	1699024	115	116	119	131	132	134	135	136	144	145	146	147	148	149	150	151	160	161	162	165	167	178	181	273	#
103	1675616	116	117	118	119	122	132	134	135	136	137	138	139	148	149	150	151	152	153	154	165	166	167	183	273	#
104	1537793	115	116	131	132	147	148	149	165	178	179	181	182	194	195	196	197	198	210	211	212	213	214	228	273	#
105	1535302	101	102	103	117	118	119	121	123	132	133	134	135	136	137	138	139	149	150	151	152	153	166	167	273	#
106	249744	38	39	54	274	#
107	301987	22	38	39	274	#
108	233925	22	23	38	274	#
109	200501	38	53	54	274	#
110	568088	80	81	82	96	97	112	188	204	275	#
111	693657	188	203	204	219	232	233	234	235	275	#
112	626538	173	186	188	202	203	204	219	220	275	#
113	504165	65	80	81	82	97	98	114	130	275	#
114	466777	64	65	80	81	96	97	112	128	275	#
115	446525	65	80	81	96	97	112	113	128	275	#
116	1146328	22	23	38	39	55	56	57	67	68	71	72	84	87	88	276	#
117	1144642	55	56	57	58	72	73	74	75	88	89	104	105	121	137	276	#
118	1099777	2	3	19	34	35	50	51	66	67	68	69	84	85	173	276	#
119	1048003	7	8	23	24	37	38	39	40	55	56	72	73	75	88	276	#
120	1012023	4	5	21	22	23	24	25	37	38	39	53	55	71	72	276	#
121	1004608	23	38	39	41	55	56	57	71	72	87	88	103	104	197	276	#
122	1733529	9	10	11	23	24	25	39	40	41	53	54	55	69	70	71	72	73	84	85	86	99	100	101	102	116	117	277	#
123	1761764	36	37	51	52	53	68	69	70	84	85	86	87	100	101	102	103	104	115	116	117	118	119	120	121	131	132	277	#
124	1760558	6	7	9	10	11	23	24	25	37	38	39	40	41	53	54	55	70	71	72	73	74	153	169	170	186	202	277	#
125	1755673	0	1	2	9	10	17	21	22	25	33	36	37	38	39	40	41	42	52	53	54	55	69	70	71	72	73	277	#
126	1742047	69	70	85	86	98	99	100	101	102	115	116	117	118	119	120	130	131	132	133	135	147	151	152	167	168	183	277	#
127	1709381	85	86	87	101	102	103	104	115	116	117	118	119	120	121	126	133	135	136	140	141	142	143	156	157	158	159	277	#
128	282374	28	44	246	247	248	278	#
129	422246	130	131	146	248	249	278	#
130	386319	135	136	151	246	247	278	#
131	366273	233	246	247	248	249	278	#
132	167467	12	13	28	29	44	278	#
133	6158	154	#
134	659197	110	125	126	141	142	143	156	157	279	#
135	687820	110	125	126	141	142	189	204	205	279	#
136	675689	155	156	157	172	188	204	219	220	279	#
137	662630	0	16	67	125	126	141	156	157	279	#
138	636670	110	125	126	141	157	197	213	229	279	#
139	632731	110	125	126	127	141	142	143	159	279	#
140	349244	62	78	79	93	94	95	280	#
141	478941	94	110	115	126	130	131	280	#
142	472283	77	78	79	94	95	110	280	#
143	385484	79	93	94	95	110	111	280	#
144	287795	31	45	46	47	61	62	280	#
145	249982	93	109	125	126	141	142	280	#
146	437025	39	54	55	56	238	281	#
147	419675	39	53	54	55	71	281	#
148	365339	23	38	39	53	54	281	#
149	364438	10	38	39	40	55	281	#
150	274583	40	55	56	71	72	281	#
151	44735	128	#
152	668194	107	108	110	123	124	126	127	141	142	143	158	282	#
153	925405	111	127	130	131	132	142	143	149	157	158	159	282	#
154	770657	108	124	125	127	131	140	141	142	143	147	148	282	#
155	761032	122	123	124	125	126	127	137	138	139	140	154	282	#
156	757707	76	79	92	94	95	109	110	125	126	127	141	282	#
157	727895	46	62	63	77	78	79	94	95	110	111	127	282	#
158	197603	16	32	33	283	#
159	209657	16	33	49	283	#
160	1343211	6	7	8	9	10	11	12	13	21	22	23	26	27	28	37	38	39	53	54	55	163	284	#
161	1589408	85	100	101	115	116	117	130	131	132	133	147	148	162	163	164	179	181	195	196	211	246	284	#
162	1455347	0	1	9	10	11	12	13	25	26	27	28	41	42	43	44	56	57	58	59	119	135	284	#
163	1438597	10	23	24	26	27	98	99	114	115	116	130	131	132	146	147	148	149	150	162	163	165	284	#
164	1436858	5	6	21	22	35	37	38	39	49	50	53	54	55	56	66	67	68	81	82	98	114	284	#
165	1424175	3	6	19	20	21	22	23	35	36	37	38	52	53	54	67	68	69	84	97	230	246	284	#
166	1674452	4	19	20	21	22	38	91	92	93	107	108	109	122	123	124	125	139	140	141	154	156	157	158	159	172	173	174	175	187	188	204	220	285	#
167	2323277	0	1	2	3	4	5	6	17	18	20	21	22	27	28	34	35	36	38	39	49	50	51	54	55	131	147	221	236	237	238	254	255	285	#
168	2300558	18	19	20	21	22	24	34	35	36	37	38	39	40	41	49	50	51	52	53	54	57	59	65	66	68	73	74	75	81	88	89	90	285	#
169	2260258	61	77	78	79	92	93	107	108	109	124	125	141	157	170	171	172	173	174	188	189	190	191	202	203	204	205	217	218	220	221	237	238	285	#
170	2259602	3	4	18	19	20	21	22	34	35	36	37	38	39	40	49	50	51	52	53	54	55	56	66	67	68	69	70	71	72	83	129	167	285	#
171	2243350	4	5	20	21	22	23	36	37	38	39	51	52	53	54	55	56	57	71	72	73	88	99	115	116	117	131	132	133	134	147	148	149	285	#
172	944403	99	100	101	102	116	117	118	133	134	158	173	174	188	190	191	207	286	#
173	1298026	0	110	125	126	141	155	156	157	158	171	172	173	174	186	187	188	286	#
174	1286719	155	156	157	158	171	172	173	188	189	203	204	205	219	220	221	234	286	#
175	1200397	34	49	68	69	85	101	116	117	118	133	134	135	149	150	166	167	286	#
176	1164776	171	172	173	174	186	187	188	189	202	203	204	205	219	220	250	251	286	#
177	1149023	71	72	86	87	88	101	102	116	117	118	119	133	134	155	171	172	286	#
178	287200	91	107	123	137	138	139	287	#
179	319443	107	108	123	124	138	139	287	#
180	299497	92	107	108	123	124	125	287	#
181	289236	121	123	137	138	139	140	287	#
182	284624	122	123	138	139	140	182	287	#
183	251493	91	107	108	109	124	125	287	#
184	928176	7	22	23	24	37	38	39	53	54	55	71	72	73	288	#
185	1089097	24	38	39	40	41	55	56	57	73	74	89	90	105	288	#
186	1043752	24	25	38	39	40	41	53	54	55	56	57	70	71	288	#
187	1019803	19	22	34	35	36	37	38	39	40	53	54	55	56	288	#
188	1017248	6	7	8	9	22	23	24	25	38	39	40	41	55	288	#
189	1009170	5	6	7	8	22	23	24	25	38	39	40	41	55	288	#
190	626617	4	5	6	7	8	21	22	23	39	289	#
191	692035	20	21	22	36	37	38	39	40	55	289	#
192	669049	22	37	38	39	40	54	55	56	71	289	#
193	643635	5	6	7	8	21	22	37	38	39	289	#
194	642646	8	9	25	40	41	42	43	56	128	289	#
195	639451	6	7	8	9	21	22	23	38	54	289	#
196	269916	38	54	91	107	108	124	290	#
197	386143	74	90	91	107	108	109	290	#
198	383953	108	109	124	125	126	127	290	#
199	343367	90	91	108	109	124	125	290	#
200	251111	91	106	107	108	124	125	290	#
201	59016	143	#
202	270899	10	11	12	28	45	191	207	291	#
203	405060	12	13	27	28	29	43	44	291	#
204	385531	39	55	72	190	191	207	250	291	#
205	355949	10	11	42	58	59	75	224	291	#
206	289636	190	191	205	206	207	223	255	291	#
207	185507	12	28	45	292	#
208	249704	27	28	43	292	#
209	212579	27	28	45	292	#
210	152430	12	13	28	292	#
211	792180	9	73	89	105	106	121	137	138	154	293	#
212	741496	55	57	72	73	88	89	104	105	106	293	#
213	694418	40	55	56	57	58	59	73	74	89	293	#
214	676902	88	89	104	105	106	107	120	121	137	293	#
215	670271	44	121	122	136	137	138	139	151	154	293	#
216	669607	88	104	105	106	119	120	121	136	137	293	#
217	70187	80	#
218	88287	212	#
219	200763	199	200	201	216	294	#
220	291917	184	200	201	216	294	#
221	120572	183	197	198	199	294	#
222	795075	0	1	2	3	4	5	16	17	21	32	33	49	295	#
223	1013280	0	9	10	16	17	18	24	25	26	32	33	154	295	#
224	1012930	3	4	5	6	7	8	19	21	22	23	24	40	295	#
225	935800	3	4	5	6	19	21	22	23	34	37	38	39	295	#
226	917788	0	16	17	18	19	32	33	34	49	50	66	67	295	#
227	892182	0	1	16	17	18	19	32	33	34	49	50	66	295	#
228	92652	160	#
229	712157	193	208	209	210	224	225	226	296	#
230	682178	177	192	193	208	209	225	226	296	#
231	673574	208	209	224	225	226	240	242	296	#
232	672479	192	208	209	210	225	226	242	296	#
233	655287	192	193	208	209	224	225	240	296	#
234	578715	192	193	194	209	210	224	225	296	#
235	216029	143	158	#
236	612161	196	211	212	229	230	231	232	246	247	297	#
237	705387	7	23	24	39	230	231	232	246	247	297	#
238	680689	199	200	215	216	217	218	231	232	233	297	#
239	679163	199	200	215	216	217	231	232	233	247	297	#
240	673655	200	215	216	217	231	232	246	247	248	297	#
241	642705	146	217	230	231	232	245	246	247	248	297	#
242	711731	128	129	130	144	145	146	160	161	162	163	298	#
243	795657	9	10	25	112	128	144	145	160	161	183	298	#
244	785084	128	144	145	160	161	176	188	203	204	220	298	#
245	755698	128	144	145	146	160	161	162	163	244	245	298	#
246	753287	115	128	129	130	131	132	145	147	148	149	298	#
247	731031	129	134	135	136	137	145	149	150	151	152	298	#
248	296222	13	14	15	29	30	47	50	66	299	#
249	422554	10	11	12	13	26	27	28	29	299	#
250	280560	11	12	13	14	29	30	46	47	299	#
251	211793	12	13	14	29	30	31	46	47	299	#
252	173107	14	15	28	29	30	31	46	47	299	#
253	162602	14	15	29	30	31	46	47	62	299	#
254	79221	162	165	300	#
255	115561	165	166	300	#
256	91993	146	162	300	#
257	123574	120	136	301	#
258	66109	136	137	301	#
259	536545	73	89	110	111	125	126	127	141	302	#
260	578512	78	79	94	110	111	126	127	210	302	#
261	563710	57	73	88	89	155	171	186	187	302	#
262	558708	110	122	123	126	138	139	140	141	302	#
263	557946	76	77	92	109	125	139	140	141	302	#
264	516535	111	124	125	126	127	140	141	142	302	#
265	270544	104	105	106	120	303	#
266	367326	105	120	121	137	303	#
267	359117	87	88	104	120	303	#
268	319121	73	89	105	121	303	#
269	189297	103	104	105	106	303	#
270	139409	90	91	106	107	304	#
271	173458	90	91	92	107	304	#
272	154532	90	105	106	107	304	#
273	1837140	112	113	114	128	129	130	131	132	144	145	146	147	148	149	160	161	162	163	164	176	177	178	179	180	192	193	196	233	234	305	#
274	2003296	112	113	114	128	129	130	132	133	144	145	146	147	148	160	161	162	163	176	177	178	179	181	192	193	196	208	224	225	241	305	#
275	1971234	77	79	93	94	110	112	113	114	126	127	128	129	140	141	144	145	146	147	148	157	160	161	162	163	176	177	178	192	208	305	#
276	1969606	112	113	114	128	129	130	132	144	145	146	147	148	160	161	162	163	176	177	178	179	181	193	194	196	209	211	224	225	226	305	#
277	1967597	112	113	128	129	130	132	137	138	144	145	146	147	148	154	160	161	162	163	164	176	177	178	179	180	193	196	212	213	229	305	#
278	1963821	116	117	128	129	130	132	133	135	144	145	146	147	148	149	150	151	161	162	164	165	166	167	179	180	181	182	196	197	214	305	#
279	1028907	6	73	74	77	79	89	90	91	92	93	94	95	105	108	109	306	#
280	1159993	3	59	60	61	62	63	77	78	79	93	94	95	110	111	144	306	#
281	1155266	45	46	47	60	61	62	63	77	78	79	93	94	95	110	131	306	#
282	1112791	55	56	57	72	73	89	91	92	105	106	107	119	120	121	135	306	#
283	1107817	56	57	73	74	75	88	89	104	105	106	121	122	137	178	193	306	#
284	1087488	62	63	77	78	79	93	94	95	109	110	111	123	124	125	141	306	#
285	455592	10	11	12	26	27	42	307	#
286	577517	11	26	27	42	185	201	307	#
287	529107	11	26	27	41	42	43	307	#
288	515250	10	26	27	41	42	43	307	#
289	470317	24	25	40	41	42	43	307	#
290	460258	10	11	26	27	200	201	307	#
291	139331	27	28	29	30	45	308	#
292	194843	12	27	28	29	44	308	#
293	118304	12	28	29	30	45	308	#
294	1395708	137	155	156	170	171	172	173	174	183	187	188	190	199	203	204	205	215	216	231	309	#
295	1463888	74	90	124	125	132	140	149	156	157	165	171	172	173	174	181	182	187	188	203	309	#
296	1289232	155	156	170	171	172	173	174	175	187	188	190	203	204	205	206	207	220	222	238	309	#
297	1271995	133	149	150	164	165	166	167	180	181	182	183	196	197	198	199	200	212	213	216	309	#
298	1269101	167	181	182	183	197	199	200	201	214	215	216	217	230	231	232	233	234	249	250	309	#
299	1266438	156	172	173	174	175	187	188	190	203	204	205	206	207	221	222	237	238	253	254	309	#
300	99610	235	#
301	309475	74	75	76	77	90	310	#
302	379730	42	58	59	74	75	310	#
303	346055	60	74	75	76	92	310	#
304	302585	59	60	61	77	93	310	#
305	241770	59	60	61	76	92	310	#
306	216031	73	89	90	105	106	310	#
307	404393	37	38	39	54	237	311	#
308	403713	38	39	53	54	55	311	#
309	379949	235	236	237	251	252	311	#
310	376734	37	38	39	52	53	311	#
311	364802	21	37	38	53	54	311	#
312	322517	36	37	38	39	52	311	#
313	686508	215	216	230	231	232	233	247	248	249	250	251	312	#
314	881899	215	216	230	231	232	242	243	244	245	246	247	312	#
315	871385	130	146	147	148	162	232	233	247	248	249	250	312	#
316	849801	6	7	8	24	230	231	232	245	246	247	248	312	#
317	787681	215	216	230	231	232	233	246	247	248	249	250	312	#
318	782475	216	223	231	232	233	245	246	247	248	249	250	312	#
319	445992	155	156	157	158	172	173	313	#
320	536115	143	157	158	173	174	189	313	#
321	461090	143	158	159	173	174	189	313	#
322	446424	140	156	157	244	245	246	313	#
323	435904	108	124	125	139	140	156	313	#
324	424695	118	134	155	156	170	171	313	#
325	1455995	62	78	94	95	110	111	126	127	172	185	186	188	202	203	204	219	314	#
326	1311872	94	95	110	111	126	127	132	148	149	150	178	179	180	181	193	196	314	#
327	1302474	48	61	64	65	66	77	78	80	93	94	95	109	110	111	126	127	314	#
328	1285961	62	77	78	92	93	94	95	108	109	110	111	126	127	141	157	158	314	#
329	1278652	77	79	92	93	94	95	109	110	111	126	127	153	155	169	170	171	314	#
330	1258949	140	156	157	171	172	188	201	202	203	204	217	219	233	234	249	250	314	#
331	827465	173	174	190	205	206	221	222	223	235	236	237	238	239	254	255	315	#
332	1101039	202	203	216	218	219	220	221	232	234	235	237	238	250	251	252	315	#
333	1084267	65	143	157	158	159	172	173	174	190	204	205	219	220	221	234	315	#
334	1075800	205	218	219	220	221	234	235	237	238	239	250	251	252	254	255	315	#
335	1055962	158	174	175	190	202	203	204	205	220	221	237	238	239	252	253	315	#
336	1016699	174	190	204	205	206	219	220	221	237	238	239	252	253	254	255	315	#
337	133027	51	68	316	#
338	142253	68	69	316	#
339	22959	91	107	123	#
340	1189636	0	1	2	16	17	19	20	21	33	34	35	48	49	50	52	64	65	68	133	145	161	317	#
341	1512032	69	85	100	101	115	116	117	131	132	133	134	146	147	148	149	150	165	166	167	181	182	317	#
342	1454035	35	36	51	52	53	68	84	85	93	109	115	116	132	153	155	156	168	169	170	171	187	317	#
343	1454027	0	1	2	3	4	18	19	20	21	22	34	35	36	38	50	51	52	53	68	69	70	317	#
344	1450201	16	19	33	35	36	49	50	51	52	53	68	116	117	133	143	149	158	159	231	232	247	317	#
345	1438136	3	8	9	10	11	19	20	21	35	36	51	52	99	115	131	146	162	176	177	178	194	317	#
346	926366	73	74	76	89	90	91	92	105	106	107	109	119	120	121	122	123	318	#
347	1341755	59	60	73	74	75	76	77	78	92	93	94	109	110	125	184	200	318	#
348	1326978	58	59	74	75	76	77	91	92	105	106	107	109	158	174	190	205	318	#
349	1259661	11	27	42	43	58	59	60	73	74	75	76	77	78	90	91	92	318	#
350	1163908	40	41	42	43	55	58	59	60	73	74	75	76	77	78	89	94	318	#
351	1139931	58	59	73	74	75	76	89	91	92	106	107	109	125	126	140	141	318	#
352	230232	14	15	31	225	319	#
353	213428	14	15	30	145	319	#
354	461952	52	67	68	69	70	71	72	84	320	#
355	603455	50	51	65	66	67	68	69	82	320	#
356	513727	40	56	69	70	71	72	87	88	320	#
357	512848	19	35	51	52	67	68	84	185	320	#
358	468439	67	68	69	70	71	72	83	84	320	#
359	465460	67	68	69	70	84	85	101	116	320	#
360	734071	27	28	29	44	45	54	61	63	77	79	93	94	95	110	321	#
361	1006902	21	22	36	38	39	52	53	54	55	73	89	104	105	153	321	#
362	894897	61	62	63	77	78	79	93	94	110	111	149	150	151	167	321	#
363	892823	8	9	10	11	26	27	42	43	44	45	59	60	61	76	321	#
364	875848	43	59	60	61	62	76	77	79	93	94	110	111	127	142	321	#
365	854683	43	46	60	61	62	63	77	78	79	93	94	95	110	111	321	#
366	270503	231	232	233	249	322	#
367	277557	201	217	232	233	322	#
368	267670	217	232	233	249	322	#
369	227844	217	231	232	233	322	#
370	102080	94	217	232	248	322	#
371	851133	190	191	205	206	207	222	223	236	237	238	239	250	251	252	253	254	323	#
372	1251981	217	219	220	232	233	234	236	237	238	249	250	251	252	253	254	255	323	#
373	1200521	201	217	218	232	233	234	236	237	238	249	250	251	252	253	254	255	323	#
374	1107546	165	206	207	218	219	222	223	234	236	237	238	250	251	252	253	254	323	#
375	1064126	90	168	170	184	185	186	217	218	230	231	232	233	234	249	250	251	323	#
376	1005289	206	207	218	222	223	234	236	237	238	239	250	251	252	253	254	255	323	#
377	80234	177	178	#
378	180151	8	24	25	40	324	#
379	263204	23	24	25	36	324	#
380	236063	209	224	225	325	#
381	297467	193	209	225	325	#
382	296525	208	225	240	325	#
383	174482	224	240	241	325	#
384	1054949	5	6	7	20	21	22	23	37	53	105	121	168	169	184	185	186	326	#
385	1243767	3	4	5	6	20	21	22	38	88	104	120	121	137	138	139	154	326	#
386	1229956	87	152	153	155	166	167	168	169	170	171	172	184	185	186	187	200	326	#
387	1183062	136	151	152	153	155	156	167	168	169	170	171	184	185	186	200	216	326	#
388	1152410	4	5	6	7	19	20	21	22	37	38	110	124	125	126	158	174	326	#
389	1134658	26	27	28	40	41	42	43	57	166	167	168	169	170	182	183	184	326	#
390	68038	104	#
391	890875	51	52	68	69	72	73	86	87	102	103	104	117	118	119	134	135	327	#
392	1240337	87	102	103	104	118	119	120	121	134	136	137	138	151	154	166	167	327	#
393	1206755	85	86	87	102	103	104	118	151	166	167	203	216	217	218	232	233	327	#
394	1134179	102	103	104	118	119	120	128	144	149	160	161	165	176	177	178	193	327	#
395	1082669	101	102	103	104	116	118	119	120	132	133	134	136	148	149	165	181	327	#
396	1081642	9	25	41	42	43	44	57	58	59	60	61	73	74	75	76	230	327	#
397	391162	35	36	37	38	39	53	328	#
398	403928	21	37	38	206	207	223	328	#
399	364170	4	20	35	36	52	53	328	#
400	350458	19	34	35	49	50	52	328	#
401	350211	23	39	40	54	55	71	328	#
402	224242	14	15	36	51	52	53	328	#
403	140380	11	27	329	#
404	197535	27	247	329	#
405	150600	10	11	329	#
406	164905	110	111	330	#
407	175688	95	111	330	#
408	126495	110	126	330	#
409	281778	66	67	82	83	331	#
410	292515	20	66	67	83	331	#
411	262466	65	66	82	83	331	#
412	232693	65	66	82	98	331	#
413	1844511	1	16	17	18	32	33	54	69	70	71	84	85	86	87	88	101	102	103	115	116	118	132	148	149	201	215	216	217	232	233	332	#
414	2243122	7	8	9	23	24	25	39	40	41	55	56	57	58	72	73	74	86	87	88	89	90	104	105	106	120	121	137	166	182	183	332	#
415	2147993	8	23	24	55	68	69	70	71	72	73	85	86	87	88	89	101	102	104	105	115	116	118	120	132	134	150	189	190	198	205	332	#
416	2114065	7	8	9	10	23	24	25	39	40	41	55	56	57	58	71	72	73	88	198	200	201	202	214	215	216	217	231	232	233	248	332	#
417	2089695	3	4	5	99	101	112	113	114	115	116	128	129	130	131	132	145	146	147	148	149	160	161	162	163	164	177	179	180	193	209	332	#
418	2084668	7	8	9	22	38	98	114	116	129	130	131	132	145	146	147	148	149	150	151	152	161	162	163	164	165	177	179	180	196	212	332	#
419	844338	1	2	3	4	5	6	7	8	19	20	21	23	35	36	37	52	333	#
420	1107954	0	1	2	3	4	5	6	16	19	20	21	34	35	36	50	51	333	#
421	1091272	19	20	21	34	35	36	48	49	50	51	52	53	66	67	82	83	333	#
422	1020314	4	5	7	8	9	19	20	21	24	34	35	36	50	51	52	53	333	#
423	1012359	3	4	5	6	7	8	9	19	20	21	35	36	50	95	110	111	333	#
424	1004949	1	2	3	4	5	6	19	20	21	22	34	35	36	51	52	84	333	#
425	397930	17	18	33	34	35	334	#
426	414459	3	19	20	34	35	334	#
427	396585	1	17	18	33	34	334	#
428	394710	19	20	34	35	50	334	#
429	372155	0	1	16	17	33	334	#
430	278902	18	143	159	217	232	334	#
431	4139919	7	8	12	13	14	15	24	25	27	28	29	30	31	40	41	42	43	44	45	46	47	55	56	57	58	59	60	61	62	63	73	75	76	77	78	79	91	92	93	94	95	107	108	109	110	111	124	125	126	139	140	141	142	143	156	157	158	159	172	173	174	182	189	190	335	#
432	4746875	95	107	108	109	110	111	121	122	124	125	126	135	136	137	138	139	140	141	142	143	151	152	153	154	155	156	157	158	159	168	169	170	171	172	173	174	184	185	186	188	189	190	201	202	203	204	205	206	217	218	219	220	221	222	223	232	233	234	235	236	237	238	249	253	335	#
433	4638875	101	102	103	104	105	110	115	116	117	118	120	125	126	132	133	134	135	136	137	139	140	141	142	143	151	154	155	156	157	158	159	169	170	171	172	173	174	175	184	185	188	189	190	201	202	203	204	205	206	207	217	218	219	220	221	222	223	231	232	233	234	235	236	249	335	#
434	4600675	94	95	110	126	133	135	136	140	141	142	143	144	149	150	151	152	153	155	156	157	158	159	160	165	166	169	170	171	172	173	174	175	183	184	185	186	187	188	189	190	199	200	201	202	203	204	205	206	207	216	217	218	219	220	221	222	231	232	233	234	238	239	247	248	335	#
435	4599255	21	22	23	24	25	27	28	39	40	41	42	43	44	55	56	57	58	59	60	61	63	75	76	77	78	79	90	91	92	93	94	95	106	107	108	109	110	111	133	139	140	155	156	157	169	170	171	172	173	174	186	188	189	190	201	202	203	204	205	206	219	220	221	234	335	#
436	4583291	59	76	79	91	92	93	94	95	107	108	109	110	111	124	125	126	139	140	141	142	143	155	156	157	158	159	165	172	173	174	175	178	180	181	182	185	188	189	190	193	194	195	196	201	203	204	205	206	207	208	209	211	217	219	220	221	222	231	232	233	234	235	238	249	335	#
437	872378	4	5	59	60	74	75	76	237	238	251	252	253	254	336	#
438	1029325	24	26	40	41	42	58	59	61	74	75	76	80	92	336	#
439	998616	3	4	5	6	7	20	21	22	36	37	38	53	54	336	#
440	838677	56	183	199	215	216	232	235	237	238	251	252	253	254	336	#
441	808753	20	36	60	61	62	63	72	73	74	75	76	77	90	336	#
442	788559	205	206	207	221	222	223	236	237	238	252	253	254	255	336	#
443	925102	42	43	56	57	58	59	60	73	74	75	76	188	337	#
444	1026524	23	39	41	54	55	56	57	71	72	73	74	89	337	#
445	1011536	23	38	39	40	41	53	54	55	56	72	73	74	337	#
446	992079	26	42	43	55	57	58	70	71	72	73	77	89	337	#
447	956603	42	43	44	56	58	59	60	61	74	75	76	77	337	#
448	928085	10	26	42	43	57	58	59	60	61	75	76	77	337	#
449	452110	82	98	113	114	129	130	146	338	#
450	527665	82	98	114	129	130	131	146	338	#
451	470759	113	129	130	145	146	161	162	338	#
452	456127	98	112	113	114	129	130	131	338	#
453	424801	81	82	98	99	100	114	115	338	#
454	393334	66	82	98	112	113	114	129	338	#
455	49451	206	#
456	376010	5	21	22	23	195	339	#
457	432529	5	6	7	21	22	339	#
458	382152	5	21	22	23	38	339	#
459	333122	4	21	22	37	53	339	#
460	331721	194	195	209	210	211	339	#
461	293223	23	38	39	40	54	339	#
462	417427	205	207	221	236	237	251	252	253	254	340	#
463	606231	188	203	206	219	220	221	222	237	252	340	#
464	527305	204	205	221	228	237	251	252	253	254	340	#
465	511356	134	150	152	166	235	236	237	251	252	340	#
466	463176	190	191	204	205	206	207	221	222	223	340	#
467	437627	204	205	221	235	236	237	253	254	255	340	#
468	680458	100	101	102	116	117	118	119	133	134	135	151	341	#
469	863183	38	39	55	56	71	72	116	132	136	137	149	341	#
470	836452	132	133	134	136	146	147	148	149	150	151	165	341	#
471	829473	116	117	133	134	135	136	137	150	151	165	166	341	#
472	785139	78	85	86	90	91	101	102	116	117	118	119	341	#
473	771313	102	118	119	134	150	151	165	166	167	168	169	341	#
474	434874	9	22	23	24	25	39	342	#
475	452004	7	23	24	25	38	39	342	#
476	406037	7	8	9	10	26	27	342	#
477	364536	7	8	9	23	24	25	342	#
478	331409	8	9	24	25	40	41	342	#
479	298902	23	39	40	55	70	86	342	#
480	1473749	12	13	28	29	41	42	43	44	45	46	57	58	59	60	61	73	74	75	76	77	91	92	106	107	108	109	123	124	125	139	140	343	#
481	2168269	4	5	6	7	8	9	10	11	21	22	23	24	25	26	31	37	38	39	40	41	53	54	55	56	57	58	59	71	72	73	74	343	#
482	2144561	4	21	22	92	107	108	121	122	123	124	136	137	138	139	154	156	173	178	188	189	192	193	208	224	225	226	227	240	241	242	243	343	#
483	2015110	3	4	5	6	7	8	9	19	20	21	22	23	24	36	37	38	39	40	51	52	53	54	55	56	68	69	70	71	72	73	88	343	#
484	1969732	7	22	23	24	28	39	40	41	42	43	44	53	54	55	56	57	58	59	60	61	70	71	73	76	77	91	92	93	108	109	183	343	#
485	1945726	70	86	122	123	124	125	126	127	138	139	140	141	142	154	169	185	199	200	201	215	216	217	218	231	232	233	234	246	247	248	249	343	#
486	699090	0	1	2	16	17	19	22	32	33	34	35	37	38	48	49	50	51	344	#
487	1012174	0	1	7	16	17	18	19	22	23	32	33	34	35	38	39	49	55	344	#
488	1004254	4	19	20	21	22	34	35	36	37	38	39	40	51	68	188	204	220	344	#
489	1001867	0	1	16	17	32	33	34	49	141	155	156	157	170	171	172	173	189	344	#
490	968225	0	1	16	17	32	33	34	35	48	49	50	64	65	226	241	242	243	344	#
491	956094	3	4	5	7	19	20	21	22	23	34	35	37	38	39	48	49	50	344	#
492	23783	70	#
493	109407	113	114	129	#
494	798699	196	198	212	213	214	215	226	227	228	229	243	244	245	345	#
495	947160	197	198	212	213	214	215	217	229	230	231	232	233	234	345	#
496	933156	190	198	204	205	206	214	221	223	226	237	252	253	254	345	#
497	892364	197	198	212	213	214	215	226	227	228	242	243	244	245	345	#
498	875658	11	212	213	214	228	229	230	231	232	239	244	245	246	345	#
499	841730	197	198	212	213	214	226	227	228	242	243	244	245	246	345	#
500	71574	43	59	60	#
501	954787	153	169	170	171	172	183	184	185	186	187	188	199	200	201	202	346	#
502	1281065	170	171	174	175	185	186	187	188	189	190	191	203	204	205	219	346	#
503	1153078	125	141	157	158	170	171	172	173	174	187	188	189	190	204	205	346	#
504	1117766	156	170	171	172	173	183	184	186	187	188	199	200	217	218	232	346	#
505	1074606	34	35	120	153	169	170	171	173	184	185	186	187	188	201	204	346	#
506	1065513	85	86	87	101	102	103	116	165	167	181	182	183	196	197	235	346	#
507	966284	136	137	150	151	152	153	166	167	180	181	182	183	196	210	211	347	#
508	1143251	110	111	125	126	127	134	165	180	181	196	212	214	228	229	230	347	#
509	1128213	104	105	120	135	136	137	151	152	153	167	169	170	185	186	250	347	#
510	1091750	118	119	120	134	135	136	137	149	151	152	165	166	167	183	199	347	#
511	1086872	89	104	105	119	120	122	123	136	137	138	139	151	152	167	183	347	#
512	1085122	120	134	136	137	150	151	165	166	167	168	183	184	193	199	215	347	#
513	10673	8	#
514	1205082	20	21	22	23	36	37	38	39	40	41	51	52	53	54	55	57	67	68	84	348	#
515	1367821	35	51	63	67	68	78	79	84	142	143	156	157	158	159	173	174	175	187	188	348	#
516	1280081	7	22	23	37	38	39	40	41	42	53	54	55	57	71	72	73	74	88	89	348	#
517	1249442	19	20	23	35	36	37	38	39	51	52	53	54	55	66	67	68	72	84	88	348	#
518	1207167	5	7	8	21	22	23	37	38	39	40	41	53	54	55	57	72	73	88	89	348	#
519	1187253	19	35	49	50	51	52	53	65	66	67	68	80	81	96	97	113	198	199	214	348	#
520	16403	216	#
521	336038	117	118	132	133	149	349	#
522	452465	115	116	131	132	149	349	#
523	355770	132	133	134	149	165	349	#
524	332011	101	102	117	118	133	349	#
525	329702	101	102	117	118	119	349	#
526	306545	118	133	134	149	165	349	#
527	363993	129	144	145	160	161	175	177	350	#
528	427174	158	172	173	174	175	188	190	350	#
529	339657	129	144	145	161	177	181	197	350	#
530	1342414	139	140	141	142	143	154	156	157	158	159	172	173	174	175	188	189	190	191	207	223	351	#
531	1443966	2	3	4	5	21	110	125	126	139	140	141	142	156	157	158	159	172	173	174	189	351	#
532	1436689	109	111	125	127	139	140	141	142	143	156	157	158	159	172	173	174	175	188	189	251	351	#
533	1424787	79	94	95	110	111	125	126	127	139	140	141	142	154	156	157	172	173	187	188	204	351	#
534	1403330	125	136	139	140	141	142	143	152	154	156	157	158	159	172	173	174	187	188	189	204	351	#
535	1393336	125	138	139	140	141	142	149	154	156	157	158	159	165	171	172	187	188	203	204	220	351	#
536	74031	146	147	#
537	71455	213	214	#
538	1943593	36	37	91	92	93	94	95	96	100	107	108	109	112	113	116	117	122	123	124	128	129	130	131	132	133	146	147	148	149	150	165	167	168	352	#
539	2403732	14	113	115	116	128	129	130	131	132	133	144	145	148	149	150	151	152	158	165	167	168	172	173	174	177	178	179	183	184	185	188	201	202	352	#
540	2287327	99	115	116	130	131	132	133	134	146	147	148	149	150	165	166	167	168	177	178	179	180	181	182	183	184	185	193	194	195	196	197	209	210	352	#
541	2261674	19	156	157	167	168	170	172	173	182	183	184	185	186	188	189	199	200	201	202	203	204	214	215	216	217	218	219	220	230	231	232	234	248	352	#
542	2259418	27	43	55	59	60	67	68	76	77	96	112	113	128	129	130	131	132	144	145	146	147	148	149	150	167	168	193	208	209	224	225	226	240	352	#
543	2157851	24	85	87	96	98	100	101	102	103	112	113	114	115	116	118	119	128	129	130	131	132	133	134	148	149	150	164	165	167	168	180	181	183	352	#
544	96493	90	91	353	#
545	82975	91	107	353	#
546	8169	90	177	353	#
547	471235	35	36	51	52	53	68	354	#
548	496045	38	53	54	55	56	71	354	#
549	425134	20	35	36	51	52	68	354	#
550	389361	19	20	35	36	51	52	354	#
551	339118	35	51	67	68	84	85	354	#
552	685004	69	84	85	100	101	116	117	132	133	148	355	#
553	809588	26	40	41	42	43	58	132	148	149	165	355	#
554	719968	101	115	116	117	118	119	132	133	134	148	355	#
555	639108	53	54	70	71	84	85	100	101	116	117	355	#
556	616815	69	70	79	84	85	86	100	101	116	117	355	#
557	614768	51	68	69	84	85	100	101	117	125	126	355	#
558	63483	30	47	176	356	#
559	54245	30	46	175	356	#
560	588829	41	42	43	57	58	156	172	357	#
561	634343	155	156	157	171	172	173	188	357	#
562	633848	11	24	25	26	41	42	57	357	#
563	602398	27	42	43	59	75	76	92	357	#
564	599817	155	157	171	172	173	187	188	357	#
565	560271	42	57	58	59	75	76	92	357	#
566	136094	167	183	358	#
567	171195	166	183	358	#
568	162634	151	167	358	#
569	527983	235	236	237	238	251	252	253	254	359	#
570	587811	104	120	121	221	235	236	237	252	359	#
571	580431	235	236	237	238	239	252	253	254	359	#
572	575859	235	236	237	238	239	253	254	255	359	#
573	530031	204	205	206	221	235	236	237	238	359	#
574	485142	212	213	236	237	238	239	254	255	359	#
575	1239249	170	185	186	187	201	202	218	234	235	236	237	238	239	250	251	252	255	360	#
576	1264712	78	93	94	95	110	111	127	142	170	171	185	186	187	201	202	217	218	360	#
577	1244264	147	163	164	185	186	201	202	218	233	234	235	236	237	238	250	251	252	360	#
578	1167070	150	151	155	165	166	167	168	169	170	171	184	185	186	187	201	202	218	360	#
579	1132964	21	22	23	155	170	171	172	173	186	187	188	189	204	205	219	220	221	360	#
580	1123640	155	171	172	184	185	186	187	188	199	200	201	202	203	204	218	219	220	360	#
581	659984	163	164	177	178	179	180	181	194	195	196	211	361	#
582	803782	8	9	24	163	164	178	179	180	181	195	196	361	#
583	792469	177	178	179	192	193	195	196	197	198	211	214	361	#
584	772593	179	195	196	197	198	210	211	212	213	214	229	361	#
585	763019	146	161	162	176	177	178	179	193	196	210	211	361	#
586	728599	162	178	179	181	182	183	193	194	195	196	211	361	#
587	492518	104	165	166	167	181	182	190	206	362	#
588	676356	118	133	134	149	150	165	166	182	362	#
589	619637	136	149	150	151	165	166	181	182	362	#
590	576052	134	147	148	149	150	166	167	182	362	#
591	539983	117	133	143	149	150	151	167	168	362	#
592	535307	150	151	165	166	167	168	181	182	362	#
593	61829	250	251	#
594	1004361	104	105	106	120	185	186	187	201	202	217	218	219	233	234	363	#
595	1090621	184	185	201	202	203	217	218	231	232	233	234	247	248	250	363	#
596	1071608	171	186	187	201	202	209	210	217	218	225	233	234	240	250	363	#
597	1045763	110	111	185	186	187	188	201	202	203	204	217	218	233	234	363	#
598	1031796	185	201	202	217	218	226	227	232	233	234	235	250	251	252	363	#
599	984741	85	86	88	101	102	103	104	116	117	119	120	121	135	136	363	#
600	179994	127	142	#
601	460036	77	78	79	93	94	95	110	111	364	#
602	627848	110	111	125	126	127	141	142	143	364	#
603	620840	79	95	110	111	127	141	142	143	364	#
604	567696	93	109	178	193	194	195	210	211	364	#
605	507266	60	61	62	78	79	95	110	111	364	#
606	485091	11	12	26	27	28	44	45	111	364	#
607	17812	150	#
608	266141	202	203	218	365	#
609	314933	202	203	219	365	#
610	245307	186	202	218	365	#
611	168888	186	202	366	#
612	190497	186	187	366	#
613	105893	125	202	366	#
614	626388	77	90	91	92	93	105	106	107	108	109	123	124	367	#
615	904721	77	91	93	94	107	108	109	110	111	125	126	127	367	#
616	902653	79	93	94	95	109	122	123	124	125	126	138	141	367	#
617	863241	60	61	62	76	77	92	93	94	109	110	125	126	367	#
618	811399	91	92	107	108	109	122	123	124	125	138	139	141	367	#
619	780109	73	89	91	92	107	108	109	123	124	125	138	139	367	#
620	479719	63	169	170	171	185	186	368	#
621	405020	86	140	155	156	171	172	368	#
622	365247	168	169	170	184	185	186	368	#
623	350500	169	170	184	185	186	202	368	#
624	302570	78	153	168	169	170	171	368	#
625	261119	46	62	63	79	207	223	368	#
626	267154	38	39	55	369	#
627	326117	55	72	73	369	#
628	211062	37	38	53	369	#
629	169121	38	39	54	369	#
630	576064	157	158	159	174	190	206	207	221	222	223	370	#
631	745286	125	126	139	140	141	142	143	157	158	174	370	#
632	660473	111	125	126	127	141	142	143	157	158	159	370	#
633	634038	143	158	174	190	206	207	221	222	223	238	370	#
634	627540	137	141	157	206	207	220	221	223	237	252	370	#
635	606192	143	157	158	159	172	173	174	188	190	204	370	#
636	756541	5	6	7	8	22	23	24	39	40	55	371	#
637	841544	4	5	6	7	22	23	24	39	40	41	371	#
638	816523	9	24	25	40	41	55	56	71	72	73	371	#
639	794545	6	7	8	9	23	24	25	39	40	56	371	#
640	788577	4	5	6	7	8	22	23	24	39	40	371	#
641	775276	5	6	7	8	9	22	23	24	39	40	371	#
642	391582	23	24	38	40	54	55	56	71	372	#
643	542632	39	40	41	42	56	57	58	73	372	#
644	508843	8	9	23	24	38	39	54	55	372	#
645	494881	38	39	53	54	55	71	181	197	372	#
646	485433	8	24	40	41	56	57	145	161	372	#
647	484776	35	37	50	52	53	54	68	71	372	#
648	3022933	4	5	6	7	8	9	10	11	20	21	22	23	24	26	27	34	35	36	37	38	39	40	41	42	43	44	49	50	51	52	53	54	55	56	57	58	59	60	61	71	72	73	75	76	88	92	104	373	#
649	3423898	7	8	9	23	24	37	38	39	40	51	52	53	54	55	56	57	71	72	73	74	75	84	85	86	88	89	90	101	102	103	104	106	118	120	121	134	135	136	148	149	150	151	166	167	168	205	221	373	#
650	3406823	7	8	10	11	21	23	24	26	27	37	38	39	40	41	42	48	49	51	53	54	55	56	57	58	68	69	71	72	73	84	85	86	87	88	101	102	103	116	118	133	134	135	136	151	160	176	255	373	#
651	3323306	4	5	6	7	8	9	10	11	12	13	19	20	23	24	26	27	39	40	42	54	55	71	72	73	86	88	89	98	99	102	114	115	116	118	133	134	135	136	137	149	150	151	152	166	167	168	182	373	#
652	3311618	4	5	6	7	19	20	23	24	33	34	35	36	37	38	39	40	41	45	46	48	49	50	51	52	53	54	55	56	57	58	61	65	66	67	68	71	72	73	74	75	76	77	84	85	90	92	101	373	#
653	3271286	4	5	6	7	8	9	10	11	19	20	22	23	24	26	36	37	38	39	40	41	42	43	51	52	53	54	55	56	57	58	59	60	67	68	69	71	72	73	74	76	85	86	88	89	90	92	101	373	#
654	597754	79	94	95	110	111	126	189	374	#
655	589498	79	94	95	224	225	226	240	374	#
656	582564	79	94	95	110	111	125	126	374	#
657	564807	0	1	16	17	32	125	126	374	#
658	546365	79	94	95	109	110	125	126	374	#
659	535455	78	79	94	95	110	111	126	374	#
660	875242	200	201	204	206	207	217	218	219	220	221	233	234	248	249	250	251	252	253	375	#
661	1170544	69	85	166	167	170	182	183	185	186	187	199	200	201	202	215	217	233	234	375	#
662	1124589	167	168	169	185	186	187	188	199	200	201	202	215	216	217	218	232	233	249	375	#
663	1056507	169	185	186	187	200	201	202	203	214	215	216	217	218	230	233	234	249	250	375	#
664	1056051	92	93	108	109	183	185	186	199	200	201	202	217	218	219	234	235	249	250	375	#
665	1053598	168	184	186	200	201	202	215	216	217	218	219	230	231	232	233	234	249	250	375	#
666	55840	29	30	45	46	376	#
667	82337	14	29	30	45	376	#
668	14520	29	45	46	47	376	#
669	528435	8	9	10	73	74	75	89	90	377	#
670	682038	73	74	75	89	208	209	210	225	377	#
671	511766	42	58	73	74	89	90	91	105	377	#
672	493596	55	71	72	73	74	88	89	90	377	#
673	456394	7	8	9	23	24	25	40	41	377	#
674	452446	86	87	88	89	103	118	134	150	377	#
675	328333	173	188	189	203	227	378	#
676	337817	173	189	204	205	220	378	#
677	336528	173	189	190	205	206	378	#
678	274068	202	203	219	220	234	378	#
679	248966	156	157	173	187	188	378	#
680	213089	82	83	226	227	242	378	#
681	291575	67	68	84	379	#
682	277696	65	66	67	379	#
683	208953	68	84	85	379	#
684	142138	44	238	380	#
685	129572	28	44	380	#
686	76287	222	238	380	#
687	703293	54	55	56	72	87	88	103	104	105	381	#
688	795101	73	87	88	89	102	103	104	105	120	381	#
689	757095	56	72	87	88	102	103	104	105	106	381	#
690	700911	72	73	87	88	89	90	104	105	106	381	#
691	689268	56	72	73	87	88	89	90	103	104	381	#
692	684640	39	40	55	56	72	73	185	186	187	381	#
693	3398985	5	6	7	8	9	10	19	20	21	22	23	24	34	35	36	37	38	39	40	41	49	50	52	53	54	55	56	70	71	72	73	86	87	88	89	102	103	104	117	118	119	120	160	161	162	163	164	176	177	178	179	180	181	192	194	196	197	208	210	382	#
694	4072256	34	48	49	50	64	65	66	80	81	96	112	113	128	129	144	145	146	151	152	153	160	161	162	163	169	170	171	176	177	178	179	184	185	186	187	190	191	192	193	194	201	202	203	207	208	209	217	218	219	220	221	224	225	233	234	237	240	241	242	382	#
695	3916093	17	32	33	34	49	65	66	73	74	87	88	89	90	100	101	102	103	104	116	117	118	119	120	121	122	123	133	135	136	137	138	139	149	150	151	152	153	154	155	165	166	167	169	170	171	182	184	185	186	187	198	199	200	201	215	216	217	233	249	382	#
696	3814043	3	4	5	6	19	20	21	23	34	35	36	37	38	39	48	49	50	51	52	54	64	65	66	80	81	96	97	112	149	155	156	165	166	170	171	172	180	181	182	185	188	196	198	199	201	214	215	216	217	218	230	231	232	233	245	246	247	248	249	382	#
697	3769862	5	6	8	9	20	21	22	23	24	37	38	39	40	53	54	55	80	81	84	96	112	113	114	128	129	130	132	144	145	146	147	148	157	158	159	160	161	162	163	173	174	175	176	177	178	179	192	193	194	208	209	210	224	225	227	240	241	242	243	382	#
698	3742569	36	59	68	69	70	74	75	84	85	86	87	88	89	90	98	99	100	101	102	103	104	114	115	116	117	118	119	120	121	130	133	134	136	137	146	147	148	149	150	152	153	165	166	167	169	170	171	184	185	186	187	201	202	203	217	218	233	234	235	382	#
699	157475	24	210	211	383	#
700	197407	209	210	211	383	#
701	182199	180	196	211	383	#
702	151198	8	24	40	383	#
703	625726	215	217	231	232	233	247	248	249	384	#
704	656520	202	215	216	217	218	232	233	249	384	#
705	632861	202	217	218	219	232	233	234	249	384	#
706	617743	229	230	231	232	233	247	248	249	384	#
707	611955	215	216	231	232	233	247	248	249	384	#
708	576363	27	230	231	232	233	247	249	250	384	#
709	82618	157	#
710	279010	112	128	129	385	#
711	281262	97	112	113	385	#
712	280234	112	113	129	385	#
713	226048	113	128	129	385	#
714	327332	4	5	20	150	167	183	386	#
715	438874	3	4	5	20	35	36	386	#
716	371355	4	19	20	36	37	52	386	#
717	356709	150	151	165	166	167	183	386	#
718	350183	136	150	151	152	166	167	386	#
719	341797	150	151	166	182	183	199	386	#
720	225342	235	236	252	387	#
721	258690	235	237	252	387	#
722	218126	236	252	253	387	#
723	807124	27	42	43	44	45	46	59	60	61	62	63	76	91	92	388	#
724	1010801	10	24	26	40	41	42	43	44	45	59	60	61	62	78	388	#
725	966266	9	10	11	12	26	27	41	42	43	59	60	146	162	163	388	#
726	963292	10	11	12	13	26	42	43	58	59	60	61	62	185	201	388	#
727	879190	74	75	89	90	91	92	105	106	107	108	109	121	123	124	388	#
728	820260	42	43	45	46	58	59	60	61	62	63	74	75	76	92	388	#
729	690876	189	205	206	221	222	234	235	236	237	238	239	251	252	253	254	255	389	#
730	908015	125	126	141	142	157	172	173	188	189	190	191	205	206	207	221	223	389	#
731	887499	186	187	201	202	203	219	234	235	238	239	249	250	251	252	253	254	389	#
732	862965	125	126	140	141	157	158	173	174	175	189	190	191	205	206	207	221	389	#
733	860088	111	157	171	173	186	187	188	202	203	219	234	235	249	250	251	252	389	#
734	854706	91	92	93	109	174	175	190	205	206	207	222	238	239	253	254	255	389	#
735	370348	26	42	43	57	58	59	76	390	#
736	524633	10	26	42	43	58	59	75	390	#
737	504704	41	42	57	58	59	73	95	390	#
738	455666	26	212	213	228	229	244	245	390	#
739	446384	41	42	56	57	58	71	72	390	#
740	437274	43	58	59	61	75	76	77	390	#
741	625546	193	194	195	196	197	209	210	211	213	229	245	391	#
742	870682	130	146	161	162	178	179	193	194	195	196	210	391	#
743	703380	214	229	230	231	243	244	245	246	248	249	250	391	#
744	669517	35	50	198	212	213	214	229	230	231	245	246	391	#
745	649635	160	161	162	177	178	179	193	194	195	209	210	391	#
746	621089	212	213	214	228	229	230	231	243	244	245	246	391	#
747	946090	24	39	40	41	54	55	56	71	72	73	74	392	#
748	903307	24	40	41	42	54	55	56	71	72	73	74	392	#
749	842857	7	23	24	25	36	40	41	52	55	56	72	392	#
750	821243	40	41	54	55	56	57	58	71	72	73	74	392	#
751	815792	8	24	40	41	52	53	54	55	56	68	72	392	#
752	782452	23	24	38	39	40	41	53	54	55	56	72	392	#
753	1267942	10	26	27	39	40	41	42	56	57	58	59	68	72	73	74	75	76	84	393	#
754	1447822	0	7	9	23	24	25	26	40	41	42	55	56	57	58	59	72	73	74	393	#
755	1363962	9	10	21	22	23	24	25	40	41	42	55	56	57	58	71	72	73	88	393	#
756	1222767	9	24	25	26	27	41	42	43	56	57	58	59	60	73	74	75	76	143	393	#
757	1216372	7	23	24	25	40	41	47	54	55	56	57	58	71	72	73	88	104	120	393	#
758	1201654	40	42	43	55	56	57	58	59	72	73	74	75	76	92	108	124	140	141	393	#
759	76812	190	191	205	394	#
760	106888	205	220	221	394	#
761	93216	190	191	207	394	#
762	152733	67	68	83	395	#
763	189705	67	68	69	395	#
764	35062	231	#
765	283956	206	207	222	223	238	396	#
766	381386	190	191	206	207	223	396	#
767	307945	190	191	205	206	207	396	#
768	263208	206	222	237	238	254	396	#
769	225152	206	207	221	222	223	396	#
770	958779	167	168	169	170	171	181	182	183	184	185	186	199	200	201	215	397	#
771	1157768	8	24	40	41	57	156	170	171	172	173	187	188	217	218	234	397	#
772	1086163	147	148	149	150	151	152	153	166	167	168	169	170	171	172	182	397	#
773	1069160	150	151	152	166	167	168	181	182	183	196	197	198	199	211	215	397	#
774	1059952	94	119	135	136	150	151	152	166	167	182	183	199	215	216	232	397	#
775	1045472	152	153	167	168	169	170	171	172	173	186	187	188	190	204	205	397	#
776	662244	67	68	84	85	100	101	116	117	118	398	#
777	705953	100	116	117	118	119	120	134	149	150	398	#
778	697687	84	85	100	101	116	117	132	148	149	398	#
779	680686	85	86	100	101	116	117	132	133	134	398	#
780	635202	12	84	85	101	116	117	118	132	148	398	#
781	628590	102	118	119	120	134	150	178	179	194	398	#
782	1001149	30	46	64	66	80	81	82	83	85	91	92	93	98	99	101	109	115	117	131	399	#
783	1385070	11	43	59	60	61	74	75	76	77	84	85	101	143	157	158	159	174	190	205	399	#
784	1380592	121	130	131	132	133	134	146	147	148	149	150	151	161	162	163	165	177	179	210	399	#
785	1316778	0	16	17	33	48	49	64	65	66	67	68	69	80	81	84	85	96	112	210	399	#
786	1252640	66	82	83	98	99	113	114	116	117	128	129	130	131	132	146	147	162	164	180	399	#
787	1249706	19	20	33	34	35	48	49	50	64	65	66	67	68	69	83	84	85	86	102	399	#
788	340085	0	16	17	18	33	400	#
789	402727	0	1	16	32	33	400	#
790	378815	0	1	16	17	33	400	#
791	295184	1	2	16	17	33	400	#
792	271468	16	17	18	32	33	400	#
793	1816287	9	10	11	12	24	25	26	27	28	39	41	42	43	44	45	46	55	56	57	60	72	73	101	117	118	133	401	#
794	1982162	9	10	11	12	25	26	27	28	41	42	43	56	57	60	61	97	112	113	114	115	128	129	130	131	132	147	401	#
795	1907975	9	24	25	26	27	28	33	41	42	43	44	45	49	56	57	59	60	61	75	77	93	94	246	247	248	249	401	#
796	1843810	9	10	11	24	25	26	27	41	42	43	56	57	58	59	60	61	73	74	75	106	107	122	123	124	138	154	401	#
797	1810156	85	86	87	101	102	115	116	117	118	119	120	121	131	132	133	134	135	136	149	151	152	166	167	178	194	210	401	#
798	1809267	4	5	9	10	20	21	24	25	26	37	38	39	41	42	53	54	55	56	57	73	89	90	91	107	108	180	401	#
799	347429	65	80	81	82	96	97	206	207	402	#
800	494953	80	81	82	96	97	98	112	128	402	#
801	451917	190	191	206	207	221	222	223	238	402	#
802	382158	190	191	205	206	207	221	222	223	402	#
803	380609	65	66	80	81	82	96	98	114	402	#
804	380008	66	80	81	82	83	97	113	129	402	#
805	837872	45	61	63	74	75	76	77	78	79	90	91	92	94	95	403	#
806	1137738	63	77	78	79	94	95	110	111	124	126	127	140	141	142	403	#
807	1040818	62	63	78	79	94	95	110	111	163	178	179	193	209	210	403	#
808	1015468	45	60	61	75	76	77	78	93	95	109	110	111	125	126	403	#
809	1006494	60	61	73	74	75	76	77	78	91	92	108	109	125	126	403	#
810	1002710	33	48	49	77	78	79	94	95	110	111	126	127	141	239	403	#
811	629632	3	4	5	20	21	36	37	162	200	201	211	404	#
812	906112	3	4	5	6	7	19	20	21	22	35	36	404	#
813	885076	8	24	25	145	146	162	177	178	179	192	193	404	#
814	863787	3	4	5	6	7	8	20	21	23	24	37	404	#
815	841716	2	3	4	5	6	19	20	21	22	23	42	404	#
816	775843	3	4	5	20	21	35	36	37	38	39	132	404	#
817	1044387	7	23	25	39	40	41	55	56	72	73	74	88	89	90	91	405	#
818	1140296	9	10	24	25	40	41	42	54	55	56	70	71	72	73	88	405	#
819	1124991	8	22	23	24	25	39	40	41	42	54	55	56	58	72	73	405	#
820	1103437	40	54	55	56	71	72	73	86	87	88	103	135	203	204	219	405	#
821	1069962	40	55	56	70	71	72	73	74	85	86	88	89	90	105	106	405	#
822	1050145	8	22	23	24	25	39	40	54	55	56	72	88	199	222	238	405	#
823	98561	133	#
824	457986	179	181	195	196	212	213	235	236	406	#
825	582293	196	197	212	213	228	229	230	246	406	#
826	573126	150	166	179	181	182	196	197	212	406	#
827	557813	146	147	163	177	178	179	194	210	406	#
828	498107	196	197	212	213	227	228	229	245	406	#
829	457764	147	163	164	177	178	179	194	195	406	#
830	873027	177	178	193	208	209	224	225	226	227	240	241	242	243	244	407	#
831	1155202	178	179	180	181	195	196	208	225	226	227	242	243	244	246	407	#
832	1104154	178	179	192	193	194	208	209	225	226	227	241	242	243	244	407	#
833	993292	178	179	193	194	195	208	209	210	224	225	226	240	241	242	407	#
834	970904	178	179	180	193	194	195	196	208	209	210	211	224	225	241	407	#
835	956354	192	194	208	209	210	224	225	226	227	240	241	242	243	244	407	#
836	101381	61	76	#
837	595352	140	155	156	157	172	173	188	203	408	#
838	651548	157	172	173	174	188	189	203	205	408	#
839	602708	156	157	172	173	188	227	242	243	408	#
840	574687	4	5	110	111	139	140	156	157	408	#
841	559983	156	172	188	203	219	234	235	250	408	#
842	553076	155	156	157	172	173	188	202	203	408	#
843	1231550	176	192	193	208	209	210	211	212	224	225	227	228	240	241	242	243	244	245	246	409	#
844	1359507	16	32	33	36	37	52	53	68	188	228	229	230	231	242	243	244	245	246	247	409	#
845	1357448	6	7	8	22	208	209	214	224	225	227	228	230	240	241	242	243	244	245	246	409	#
846	1301038	108	192	193	208	209	210	224	225	226	227	228	241	242	243	244	245	246	247	248	409	#
847	1294101	192	208	214	224	225	226	227	228	229	230	241	242	243	244	245	246	247	248	253	409	#
848	1241144	62	63	78	79	94	214	215	217	227	228	229	230	232	243	244	245	246	247	248	409	#
849	2458501	3	16	19	32	33	34	35	37	38	48	49	51	53	54	55	64	65	66	67	68	69	70	71	80	81	82	83	84	86	87	96	98	99	112	113	114	115	129	130	131	145	147	148	162	163	410	#
850	3307316	80	96	97	112	113	114	115	128	129	132	145	147	148	149	150	160	161	162	163	165	166	167	176	177	179	180	181	182	193	196	197	199	200	209	210	212	213	214	215	229	230	231	245	246	247	410	#
851	3145551	3	4	5	18	19	34	35	50	51	57	65	66	67	68	69	70	73	74	75	80	81	83	84	86	87	89	104	105	117	118	119	120	121	135	136	137	138	154	192	194	195	215	231	246	247	410	#
852	3128874	8	23	24	25	37	38	39	40	41	42	43	53	54	55	56	57	58	60	61	62	66	67	68	69	70	71	76	77	78	84	86	87	88	92	93	94	102	103	104	105	166	167	180	181	182	410	#
853	3115804	1	3	4	5	6	16	17	18	19	33	34	35	48	49	50	51	64	65	66	68	69	80	81	83	84	96	97	112	113	165	166	179	181	182	196	197	199	212	213	214	215	229	230	231	247	410	#
854	3101026	115	116	117	118	128	129	131	132	133	134	145	147	148	149	150	151	152	155	156	157	160	161	162	163	165	166	167	171	172	173	174	175	176	177	178	179	183	188	189	193	203	204	219	220	234	410	#
855	654112	114	130	144	145	146	160	161	162	176	177	193	411	#
856	842664	101	115	116	130	131	132	145	146	161	162	163	411	#
857	815433	145	160	161	176	177	178	179	193	194	208	209	411	#
858	777284	72	86	87	88	103	112	128	129	144	145	160	411	#
859	770350	96	97	112	128	144	145	146	160	161	213	229	411	#
860	705919	145	146	160	161	176	177	197	213	229	230	245	411	#
861	626843	215	216	229	230	231	232	244	245	246	412	#
862	739204	195	196	197	212	228	229	230	245	246	412	#
863	725437	196	212	228	229	244	245	246	247	248	412	#
864	660753	181	197	212	213	228	229	244	245	246	412	#
865	625748	212	228	229	230	231	244	245	246	247	412	#
866	480898	185	199	201	215	216	217	232	233	248	412	#
867	336784	143	155	156	157	158	206	413	#
868	442069	157	158	172	173	174	190	413	#
869	322831	155	156	166	172	182	183	413	#
870	310155	78	88	89	104	143	159	413	#
871	214399	191	206	207	221	223	241	413	#
872	305906	207	222	223	238	254	414	#
873	396019	221	222	223	238	239	414	#
874	390132	221	222	223	238	254	414	#
875	306004	205	206	221	222	223	414	#
876	300549	190	191	206	207	223	414	#
877	277664	222	238	239	254	255	414	#
878	23592	241	#
879	16884	71	72	#
880	445253	189	190	191	205	206	221	222	223	415	#
881	508818	190	191	205	206	220	221	223	237	415	#
882	498390	189	205	206	220	221	223	236	237	415	#
883	494995	174	175	190	191	205	206	222	223	415	#
884	471229	39	190	191	205	206	221	222	223	415	#
885	458231	174	189	190	191	205	206	220	221	415	#
886	281629	70	86	87	121	416	#
887	389713	84	85	86	87	416	#
888	349541	85	86	87	103	416	#
889	306691	70	85	86	87	416	#
890	301520	88	104	105	121	416	#
891	676686	25	26	40	41	42	56	57	73	200	417	#
892	719636	9	56	57	58	72	73	89	104	105	417	#
893	696780	135	165	166	167	183	184	199	200	201	417	#
894	671495	42	56	57	58	72	73	88	89	104	417	#
895	631808	26	27	42	57	58	59	60	73	75	417	#
896	626943	8	24	38	39	40	54	55	56	72	417	#
897	298168	90	91	92	106	107	123	418	#
898	346604	123	138	139	140	154	156	418	#
899	322700	91	92	106	107	108	124	418	#
900	307168	57	58	73	74	90	91	418	#
901	248127	91	107	108	109	123	124	418	#
902	196116	89	90	91	106	107	108	418	#
903	855945	181	197	198	213	214	215	216	229	230	231	244	245	246	247	419	#
904	1028976	166	182	183	199	212	215	228	230	231	232	244	245	246	247	419	#
905	925259	201	213	214	215	216	217	229	230	231	232	244	245	246	247	419	#
906	910452	2	3	4	19	20	197	212	213	214	229	230	244	245	246	419	#
907	901958	200	201	215	216	217	231	232	233	244	245	246	247	248	249	419	#
908	876157	199	214	215	216	226	227	228	230	231	243	244	245	246	247	419	#
909	783345	61	62	63	76	77	78	79	93	108	109	124	420	#
910	869126	45	58	59	61	74	75	76	77	93	94	110	420	#
911	808720	61	62	63	76	77	78	79	93	94	109	110	420	#
912	797410	77	78	79	93	94	110	124	125	126	140	141	420	#
913	789083	46	61	62	63	76	77	78	79	93	94	110	420	#
914	746297	43	44	58	59	61	76	77	93	94	109	125	420	#
915	440902	56	60	76	92	93	109	125	421	#
916	604274	92	109	110	124	125	126	128	421	#
917	586179	59	60	61	75	76	77	92	421	#
918	534233	43	45	59	60	61	76	77	421	#
919	525362	61	77	93	94	109	110	111	421	#
920	500856	53	54	55	56	71	72	88	421	#
921	23544	239	#
922	1136250	3	16	18	19	33	34	35	48	49	50	52	64	65	66	67	80	81	82	245	246	422	#
923	1391776	52	53	67	68	69	85	99	115	131	146	147	162	176	178	179	192	193	194	195	211	422	#
924	1259479	21	22	23	24	25	36	38	39	40	41	42	52	53	54	55	56	69	70	71	85	422	#
925	1257861	18	19	34	50	64	65	66	67	80	81	82	98	99	100	112	113	114	115	118	130	422	#
926	1223306	0	3	4	5	6	7	16	17	18	19	20	21	22	23	34	35	36	38	39	52	422	#
927	1220750	19	34	48	49	50	65	66	80	81	82	97	98	99	100	114	115	130	131	146	162	422	#
928	192744	233	234	235	236	250	423	#
929	220343	60	61	62	249	250	423	#
930	199763	235	236	251	252	253	423	#
931	336293	8	24	218	234	235	252	424	#
932	434854	6	7	8	9	25	41	424	#
933	427678	218	233	234	235	236	252	424	#
934	408708	236	237	252	253	254	255	424	#
935	398669	203	219	234	235	236	252	424	#
936	348860	218	233	234	235	236	251	424	#
937	1194073	18	33	34	49	50	65	66	81	82	184	185	186	200	201	214	215	216	425	#
938	1182592	162	163	179	180	185	196	200	201	212	214	215	216	217	229	230	231	232	425	#
939	1142972	0	1	17	18	19	32	33	34	35	36	49	50	52	53	65	66	82	425	#
940	1142598	19	20	34	35	50	51	52	53	66	67	68	69	70	82	84	85	86	425	#
941	1116536	17	19	33	34	35	48	49	50	64	65	66	67	81	82	83	98	215	425	#
942	1107545	152	153	168	169	184	185	186	200	201	202	217	218	219	232	233	234	235	425	#
943	236849	26	236	252	426	#
944	281796	236	237	253	426	#
945	269504	236	237	252	426	#
946	236070	26	27	42	426	#
947	874139	89	90	91	92	106	107	108	123	149	150	165	166	180	181	182	183	195	196	427	#
948	1251317	103	115	130	131	132	133	149	150	151	165	166	167	181	182	183	197	198	199	427	#
949	1172467	133	134	135	149	150	153	165	166	167	168	169	180	181	182	183	185	197	199	427	#
950	1166502	115	131	147	162	163	164	176	177	178	179	192	193	194	195	208	209	210	211	427	#
951	1162634	133	134	136	137	149	150	151	152	165	166	167	168	169	180	181	182	183	197	427	#
952	1151199	150	162	163	164	165	166	167	178	179	180	181	182	183	194	197	198	214	230	427	#
953	93397	87	88	428	#
954	79400	87	103	428	#
955	39768	88	89	428	#
956	330513	59	60	61	75	76	77	429	#
957	398753	59	73	74	75	76	193	429	#
958	322566	58	59	60	61	76	160	429	#
959	289368	43	57	58	59	60	84	429	#
960	278144	59	60	61	62	76	77	429	#
961	256126	43	59	60	61	76	92	429	#
962	1340806	165	196	201	202	212	213	214	217	218	228	229	230	231	232	233	244	245	246	247	248	249	430	#
963	1512670	0	1	2	16	17	146	162	163	178	193	196	212	213	214	228	229	230	231	244	245	246	430	#
964	1470557	136	151	165	166	167	180	181	182	183	195	196	197	212	213	226	227	228	229	244	245	246	430	#
965	1463498	181	182	196	197	203	213	217	218	219	229	230	231	232	233	234	245	246	247	248	249	250	430	#
966	1457025	213	214	219	229	230	231	232	233	234	236	237	238	239	245	246	247	248	249	252	253	254	430	#
967	1452333	134	135	147	151	162	163	164	165	166	167	168	169	170	178	179	180	181	182	195	196	212	430	#
968	83765	194	195	431	#
969	124117	195	196	431	#
970	201391	16	17	32	33	49	432	#
971	293063	1	16	17	32	33	432	#
972	282892	16	32	33	49	158	432	#
973	352060	3	4	5	6	21	22	37	433	#
974	480659	4	5	6	7	23	131	132	433	#
975	480462	1	2	3	4	5	21	37	433	#
976	438309	6	8	9	22	23	24	39	433	#
977	400920	2	3	4	5	20	21	36	433	#
978	371416	21	36	37	123	124	138	139	433	#
979	652649	13	17	28	29	44	45	99	115	130	131	147	434	#
980	955396	50	99	100	115	116	130	131	132	230	253	254	434	#
981	947492	115	116	128	129	130	131	132	145	146	147	149	434	#
982	872444	99	114	115	116	117	129	130	131	132	148	149	434	#
983	722614	98	99	100	101	114	115	116	130	131	132	147	434	#
984	545893	16	17	18	33	34	35	48	49	50	202	218	434	#
985	403839	74	75	76	90	106	435	#
986	509241	73	74	75	76	92	435	#
987	385229	74	90	91	92	106	435	#
988	367209	59	60	61	75	76	435	#
989	364796	75	76	91	92	108	435	#
990	303261	73	74	90	106	107	435	#
991	285660	9	45	46	62	63	78	436	#
992	395420	62	63	77	78	79	94	436	#
993	391364	46	62	63	77	78	79	436	#
994	257663	14	29	30	45	46	61	436	#
995	245418	11	12	28	29	45	46	436	#
996	188225	195	196	197	213	214	437	#
997	275630	125	196	197	213	214	437	#
998	232112	179	194	195	196	211	437	#
999	227922	181	195	196	197	211	437	#
1000	181509	37	198	213	214	230	437	#
