%% File generated by CATS v.2.1Wed Jun 19 19:17:46 2013

%% The CATS webpage is http://robotics.stanford.edu/CATS

%% PARAMETER SETTINGS:
% Goods: 256; Bids: 1000; Distribution: regions; Runs: 50; Seed: 1371664596
% Regions Distribution Parameters:
% Max Substitutable Bids = 5
% Removing HV Neighbor   = 0.1
% Adding DIAG Neighbor   = 0.2
% Additional Location    = 0.9
% Jump Probability       = 0.05
% Additivity             = 0.2
% Budget Factor          = 1.5
% Resale Factor          = 0.5
% Uniform Private Value:
%   Deviation            = 0.5
%   Max Good Value       = 100



goods 256
bids 1003
dummy 187

0	370347	140	155	156	171	187	256	#
1	460471	171	187	203	204	219	256	#
2	384414	15	31	47	131	187	256	#
3	382804	139	155	170	171	186	256	#
4	246425	139	140	141	155	156	256	#
5	205451	139	140	155	156	172	256	#
6	89070	107	123	139	#
7	100247	112	128	257	#
8	105837	112	212	257	#
9	259837	202	218	219	235	236	258	#
10	296166	203	217	218	219	220	258	#
11	256236	192	208	220	236	252	258	#
12	237047	204	219	220	237	238	258	#
13	202822	218	219	235	236	251	258	#
14	400348	91	205	206	207	223	238	239	259	#
15	501410	157	173	189	205	206	207	223	259	#
16	459993	19	74	75	91	107	108	123	259	#
17	440383	205	206	207	223	237	238	239	259	#
18	409825	91	92	107	205	206	207	223	259	#
19	391881	205	206	207	220	221	223	239	259	#
20	1432537	32	48	49	64	65	68	80	81	82	83	84	96	97	98	112	113	114	115	129	130	146	147	260	#
21	1646245	0	1	2	16	28	29	32	33	44	45	48	49	50	51	59	60	61	62	63	64	65	66	260	#
22	1613930	11	12	13	14	15	23	24	26	27	28	31	38	39	43	54	59	60	61	105	106	113	129	260	#
23	1491336	20	21	37	38	50	51	52	53	54	64	65	66	68	69	81	82	83	84	85	100	116	174	260	#
24	1481639	0	1	2	3	4	7	8	9	10	16	19	20	23	26	32	33	36	38	39	48	49	64	260	#
25	1426511	3	4	5	20	21	36	37	38	52	53	54	67	68	69	72	83	84	85	86	87	88	103	260	#
26	248919	19	34	35	50	261	#
27	310992	34	35	51	52	261	#
28	274036	35	50	51	66	261	#
29	262807	33	34	35	50	261	#
30	248574	19	20	21	35	261	#
31	1959745	18	34	35	141	155	156	157	169	170	173	174	185	186	188	189	190	191	203	204	205	219	220	221	222	236	237	238	251	252	262	#
32	1992921	14	15	122	137	138	139	140	150	152	153	155	156	165	166	167	168	169	170	182	183	184	185	186	199	200	202	203	215	216	262	#
33	1934487	105	106	119	120	122	134	136	137	138	139	150	152	153	154	155	156	165	166	167	168	169	170	182	183	184	185	186	199	202	262	#
34	1917806	13	29	150	151	166	167	168	169	182	183	184	185	186	198	199	200	201	202	211	215	216	217	218	227	231	232	233	234	243	262	#
35	1911277	32	33	48	49	64	65	75	76	91	92	105	106	107	108	122	123	124	125	138	139	140	141	154	155	156	157	169	170	171	262	#
36	1897333	2	3	4	6	7	17	18	19	20	21	22	32	34	35	36	37	38	49	50	51	52	53	64	65	66	69	81	97	114	262	#
37	164746	142	143	158	263	#
38	207736	126	127	143	263	#
39	206979	156	157	158	263	#
40	901078	16	32	33	34	48	49	64	65	80	81	97	98	113	114	115	264	#
41	1017698	16	18	32	33	34	35	48	49	64	65	81	169	170	171	186	264	#
42	994710	18	32	33	34	35	48	49	50	51	52	64	65	81	97	98	264	#
43	961990	1	2	3	18	19	34	35	36	37	38	39	50	52	53	55	264	#
44	960746	16	18	32	33	34	48	49	64	65	80	81	97	98	114	173	264	#
45	948441	12	32	33	48	49	64	65	80	81	97	113	114	208	224	240	264	#
46	378149	13	26	27	28	44	265	#
47	504885	11	24	25	26	27	265	#
48	396209	11	26	27	28	29	265	#
49	386506	11	12	26	27	28	265	#
50	353797	11	12	28	44	45	265	#
51	306814	12	13	14	28	31	265	#
52	594591	11	12	13	14	15	28	29	30	31	45	46	266	#
53	861914	12	13	14	28	29	44	45	46	47	60	61	266	#
54	828760	12	13	29	44	45	46	60	61	62	63	77	266	#
55	808164	8	9	11	12	13	23	24	25	26	39	42	266	#
56	806917	9	11	12	13	14	15	26	27	28	29	42	266	#
57	797388	12	13	29	30	45	46	47	61	151	152	153	266	#
58	181448	40	56	72	267	#
59	190065	23	24	40	267	#
60	140039	39	55	56	267	#
61	372307	177	193	207	222	223	268	#
62	395721	3	207	222	223	238	268	#
63	360342	207	222	223	238	239	268	#
64	358152	102	118	160	176	177	268	#
65	355127	206	207	222	223	239	268	#
66	352199	177	193	194	195	209	268	#
67	274161	207	222	223	238	239	253	254	255	269	#
68	406426	204	220	236	239	252	253	254	255	269	#
69	378293	189	204	205	207	221	222	223	239	269	#
70	232188	222	223	237	238	239	253	254	255	269	#
71	854856	141	157	158	173	174	175	189	190	191	205	207	220	221	222	223	237	238	239	270	#
72	1123210	10	157	173	174	189	190	191	204	205	220	221	222	236	237	238	239	254	255	270	#
73	1109533	32	155	158	159	170	171	172	173	174	175	187	188	189	190	191	204	205	221	270	#
74	1105771	53	54	69	70	139	153	154	155	156	157	158	170	171	172	173	188	189	205	270	#
75	1076641	140	155	156	157	159	171	172	173	174	175	188	189	190	191	204	205	220	236	270	#
76	1064673	13	126	142	154	155	156	157	158	169	170	171	172	173	174	186	189	190	191	270	#
77	195147	163	180	181	197	271	#
78	235639	147	148	163	180	271	#
79	188181	163	179	180	181	271	#
80	74903	27	#
81	218663	99	115	131	147	272	#
82	174691	67	83	99	115	272	#
83	168786	131	147	163	179	272	#
84	154122	114	115	116	117	272	#
85	123570	129	130	131	147	272	#
86	1806737	148	162	163	164	176	178	179	180	181	182	183	192	193	194	195	196	198	199	210	211	212	213	214	225	226	227	228	229	241	242	243	245	246	273	#
87	2381897	15	17	30	31	42	43	44	45	46	59	61	62	106	122	123	137	138	139	140	155	156	171	172	181	187	198	203	213	214	230	231	246	247	273	#
88	2244666	11	12	13	27	28	30	41	42	43	46	60	61	64	102	103	104	117	118	119	120	133	170	186	195	196	211	212	213	214	227	228	229	244	273	#
89	2163936	95	109	111	119	120	121	125	126	127	136	137	138	142	143	149	150	151	152	153	158	159	165	166	167	173	174	175	182	183	189	191	198	214	273	#
90	2150071	121	122	136	137	138	150	151	152	153	154	155	166	167	169	170	171	182	183	184	185	186	187	198	199	201	202	212	213	214	216	217	229	245	273	#
91	2123056	118	119	120	133	134	136	137	148	150	151	152	153	155	164	165	166	167	169	170	182	183	184	198	199	200	201	213	214	215	216	217	232	233	273	#
92	450001	57	72	88	104	112	119	120	184	199	274	#
93	549307	38	39	54	55	56	57	71	72	73	274	#
94	478020	112	113	114	128	129	144	160	245	246	274	#
95	461658	85	86	101	102	103	104	118	119	135	274	#
96	457651	156	184	185	198	199	200	214	215	231	274	#
97	427802	45	168	169	182	183	184	185	199	200	274	#
98	2007389	9	25	41	57	73	74	188	199	200	203	204	205	206	207	214	215	216	218	219	220	221	222	223	230	232	235	236	237	238	239	248	250	251	252	253	255	275	#
99	2451256	50	65	66	67	68	77	81	82	83	84	91	92	93	97	100	101	107	108	109	110	122	123	136	137	138	140	154	155	156	170	172	220	235	236	251	252	275	#
100	2441169	6	7	8	9	11	24	25	26	27	40	41	43	57	58	59	60	61	67	68	72	73	74	75	83	84	89	90	199	214	215	216	232	233	234	248	249	275	#
101	2336671	9	10	25	26	41	57	72	88	112	128	129	143	144	145	155	160	171	172	187	188	189	190	203	204	205	206	218	219	220	221	236	237	250	251	252	253	275	#
102	2288430	23	39	40	41	43	46	54	55	57	58	59	60	61	70	72	73	74	75	77	88	89	92	93	100	101	102	103	104	105	109	116	118	119	134	149	150	275	#
103	2276604	129	139	140	144	145	146	147	154	155	156	160	161	162	171	172	174	176	187	188	189	190	192	203	204	205	206	219	220	221	222	223	235	236	238	239	252	275	#
104	519794	199	215	216	218	219	220	234	235	237	276	#
105	772026	141	186	202	203	217	218	219	234	251	276	#
106	591474	203	218	219	220	221	222	234	235	251	276	#
107	545200	188	204	206	207	210	211	220	226	232	276	#
108	509981	130	217	218	219	220	234	235	250	251	276	#
109	501520	201	202	203	204	205	220	221	237	238	276	#
110	203827	92	93	94	108	277	#
111	268736	75	91	92	93	277	#
112	242263	77	78	92	93	277	#
113	102808	92	93	94	95	277	#
114	610084	192	193	208	209	225	226	241	242	248	278	#
115	810644	213	214	215	216	230	231	232	246	248	278	#
116	771552	225	226	230	231	232	241	242	246	248	278	#
117	666274	145	161	176	177	178	192	193	194	195	278	#
118	664250	160	176	177	178	192	193	194	209	225	278	#
119	643891	194	195	210	211	225	226	227	241	242	278	#
120	464712	109	110	111	125	126	142	204	279	#
121	552650	187	188	189	202	203	204	218	279	#
122	505611	64	110	125	126	142	158	174	279	#
123	461124	79	94	110	111	125	126	127	279	#
124	412508	95	110	111	124	125	126	142	279	#
125	394750	77	79	93	94	109	110	125	279	#
126	411264	142	156	157	158	159	173	174	190	280	#
127	579227	58	59	74	158	159	173	174	175	280	#
128	563637	102	139	155	156	169	170	171	172	280	#
129	476986	142	158	159	173	174	188	189	190	280	#
130	454885	158	159	173	174	175	189	190	209	280	#
131	439290	138	139	155	156	157	170	171	172	280	#
132	108716	221	222	281	#
133	133211	222	223	281	#
134	75713	220	#
135	378580	104	120	136	152	153	282	#
136	357731	72	88	104	119	120	282	#
137	342662	136	151	152	167	248	282	#
138	338251	151	152	153	169	229	282	#
139	298797	120	135	136	151	152	282	#
140	160272	235	251	252	283	#
141	190307	236	251	252	283	#
142	145631	251	252	253	283	#
143	123639	219	235	236	283	#
144	502095	184	200	202	216	217	218	231	232	233	284	#
145	649770	154	170	171	186	202	218	219	234	235	284	#
146	639005	199	214	215	216	217	230	231	232	248	284	#
147	618148	154	155	168	169	170	184	199	200	216	284	#
148	561721	217	219	220	233	234	235	236	251	252	284	#
149	548786	214	215	216	228	229	231	232	233	248	284	#
150	428412	88	104	105	121	136	137	285	#
151	450890	105	121	136	137	153	154	285	#
152	432781	58	73	74	89	104	105	285	#
153	430683	121	137	153	168	169	216	285	#
154	430151	120	135	136	137	152	153	285	#
155	418401	39	55	56	71	72	88	285	#
156	798592	8	9	10	11	12	24	25	26	41	50	66	144	145	146	286	#
157	954891	8	9	10	11	24	25	26	30	31	169	184	185	186	201	286	#
158	950478	10	11	12	23	24	25	26	27	28	41	42	43	58	141	286	#
159	910519	10	11	12	25	26	27	41	42	43	44	45	58	59	60	286	#
160	885600	9	10	11	24	25	26	40	41	55	56	57	182	183	199	286	#
161	841678	10	11	12	23	24	25	26	28	40	41	42	43	44	56	286	#
162	903510	17	18	34	43	97	98	112	113	114	115	130	131	146	161	162	163	177	287	#
163	1061598	18	32	33	34	49	110	125	126	140	141	156	157	172	206	221	222	223	287	#
164	981444	2	17	18	34	66	82	97	98	99	112	113	114	115	128	129	130	131	287	#
165	947121	147	160	161	162	163	176	177	178	179	182	192	193	194	198	210	214	230	287	#
166	924156	161	162	177	178	179	194	195	210	211	212	226	227	241	242	243	244	245	287	#
167	918985	97	98	99	100	101	114	115	116	117	130	131	132	133	146	147	148	163	287	#
168	167953	167	182	288	#
169	209077	182	183	288	#
170	116122	166	167	288	#
171	629392	188	189	191	204	205	206	207	220	221	222	237	238	289	#
172	707266	100	116	174	175	189	190	191	205	206	207	222	223	289	#
173	691304	155	156	170	172	188	204	219	220	235	236	237	253	289	#
174	677544	53	143	149	161	164	165	166	175	190	191	206	207	289	#
175	651630	92	139	140	141	156	203	204	205	206	220	222	237	289	#
176	632225	174	189	204	205	206	219	220	221	222	235	236	237	289	#
177	2734464	41	71	87	89	90	91	104	105	106	107	108	119	121	122	123	125	135	136	137	138	139	140	141	150	151	154	155	156	166	167	168	169	170	171	172	182	185	186	187	188	189	190	198	201	203	204	219	220	290	#
178	3059466	26	42	44	53	58	60	62	69	70	71	73	74	75	76	77	78	83	84	85	87	88	89	90	91	92	93	103	104	105	106	107	108	109	110	111	119	122	123	124	125	135	138	139	140	141	156	171	172	290	#
179	3028619	11	12	26	27	28	41	42	44	45	46	47	57	58	60	63	69	70	72	73	74	75	76	77	78	79	86	91	92	93	94	95	102	103	107	108	110	111	117	118	119	124	125	126	127	133	134	141	198	290	#
180	2946316	21	37	52	53	57	58	60	67	68	69	70	71	73	74	75	76	83	84	85	86	87	88	89	90	91	92	101	102	103	104	105	106	107	116	117	118	119	120	126	132	133	135	148	149	177	178	179	195	290	#
181	2940273	28	30	44	45	46	58	60	62	73	74	75	76	77	78	90	91	92	93	105	106	107	108	116	122	123	124	132	138	139	140	141	153	154	155	156	168	169	170	171	172	176	177	178	185	186	188	201	202	290	#
182	2915596	102	117	118	119	133	139	140	142	147	148	149	151	152	153	154	155	156	158	166	167	168	169	170	171	172	173	174	182	183	184	185	186	187	188	189	190	199	201	204	205	206	218	219	220	221	234	236	237	290	#
183	756028	0	1	2	3	4	16	17	18	19	20	21	33	34	291	#
184	1075026	0	1	2	3	17	18	139	153	154	155	168	169	170	291	#
185	979741	0	1	2	3	4	18	19	20	34	164	165	182	198	291	#
186	899833	0	1	2	3	4	17	18	32	33	34	48	49	64	291	#
187	878535	0	1	2	16	17	18	32	48	49	64	80	81	97	291	#
188	875526	0	1	2	3	4	5	18	19	20	21	36	37	52	291	#
189	1716932	13	15	27	28	29	30	31	43	44	45	46	59	60	61	62	73	74	75	76	77	78	89	91	92	292	#
190	1948917	9	13	26	28	29	30	31	42	43	45	46	47	59	61	62	63	73	74	75	76	77	78	79	92	292	#
191	1946791	26	27	28	41	42	43	44	57	58	59	60	61	71	72	73	74	75	76	88	89	90	91	92	106	292	#
192	1898923	8	9	23	24	25	26	27	40	41	42	43	44	45	46	58	59	60	61	73	74	75	76	77	191	292	#
193	1870879	9	11	15	26	27	28	29	30	31	41	42	43	44	45	46	47	59	61	62	63	76	77	78	79	292	#
194	1843659	9	13	24	26	27	28	29	30	40	41	42	43	44	45	46	58	59	61	62	63	74	75	77	79	292	#
195	151838	179	195	293	#
196	151862	195	211	293	#
197	124079	178	179	293	#
198	1191691	43	44	59	136	152	153	159	170	171	175	185	186	187	201	202	294	#
199	1287207	153	154	155	169	170	171	183	184	185	186	187	201	202	203	219	294	#
200	1242379	139	155	170	171	186	201	202	203	204	205	218	219	233	234	235	294	#
201	1206235	153	168	169	171	184	185	186	187	199	200	202	203	215	216	218	294	#
202	1188205	152	153	154	155	156	168	169	170	171	184	185	186	187	202	218	294	#
203	1139569	152	153	154	155	168	169	170	171	184	185	186	201	202	218	232	294	#
204	619380	105	106	107	121	122	123	124	138	139	140	141	154	155	170	295	#
205	922576	138	139	140	144	154	155	168	170	182	183	184	185	186	200	295	#
206	920829	67	83	88	89	100	105	106	107	117	121	122	138	187	203	295	#
207	916021	8	24	25	75	79	91	92	93	94	106	107	108	110	122	295	#
208	878638	32	49	65	105	106	193	209	225	226	227	240	241	242	243	295	#
209	795304	106	120	121	122	136	137	138	139	154	155	168	169	170	185	295	#
210	792774	57	72	86	87	88	89	104	105	106	119	120	136	296	#
211	937486	25	41	57	58	59	72	73	74	87	88	89	105	296	#
212	895727	2	18	70	71	72	85	86	87	88	100	101	102	296	#
213	872124	41	57	72	73	74	87	88	104	120	145	214	230	296	#
214	864446	52	53	57	70	71	72	73	87	88	103	104	105	296	#
215	798912	55	72	87	88	102	103	104	105	106	120	122	123	296	#
216	128706	227	242	243	244	245	297	#
217	189536	227	228	229	242	243	297	#
218	181729	210	211	227	242	243	297	#
219	572540	22	23	39	55	194	209	210	211	225	298	#
220	750247	195	210	211	212	213	214	215	225	241	298	#
221	644001	195	210	211	225	226	240	241	242	243	298	#
222	633438	23	39	55	56	71	87	191	207	223	298	#
223	630338	6	7	8	9	22	23	24	25	26	298	#
224	559508	6	7	22	23	24	25	39	55	56	298	#
225	204919	153	170	299	#
226	166825	154	170	299	#
227	113427	153	154	299	#
228	107592	176	192	#
229	1391840	8	9	10	22	23	24	25	26	27	39	40	41	42	43	55	56	57	58	71	72	74	88	300	#
230	1556433	8	9	10	11	12	13	25	26	27	28	40	41	42	43	57	59	60	74	75	76	91	92	300	#
231	1550574	35	40	41	42	43	45	57	58	59	73	74	75	76	90	91	92	93	107	108	109	124	125	300	#
232	1489798	5	6	22	23	25	37	38	39	40	41	53	55	56	57	58	60	71	72	73	74	75	76	300	#
233	1485098	5	6	7	8	9	10	21	22	24	25	26	38	39	40	41	42	53	56	57	70	225	241	300	#
234	1483661	9	10	11	12	13	14	25	26	27	28	29	40	41	42	43	44	57	60	154	155	160	161	300	#
235	552192	131	132	147	148	164	165	182	198	301	#
236	551581	165	182	183	184	198	199	214	215	301	#
237	534989	149	164	165	166	167	182	183	198	301	#
238	530411	148	149	150	164	165	166	167	182	301	#
239	503149	85	101	132	133	148	149	164	165	301	#
240	474054	115	116	117	118	132	133	148	164	301	#
241	610378	63	79	92	93	94	95	107	108	111	127	302	#
242	788070	76	78	79	92	93	94	108	124	125	140	302	#
243	714221	92	106	107	108	121	122	123	124	125	140	302	#
244	701378	46	62	63	78	79	94	95	110	125	126	302	#
245	657222	62	63	78	79	93	94	95	109	111	127	302	#
246	646802	47	63	79	92	93	94	95	108	109	110	302	#
247	443292	208	209	224	240	241	303	#
248	511293	209	224	225	240	241	303	#
249	510671	208	209	224	225	240	303	#
250	449107	192	208	209	224	240	303	#
251	359082	192	193	208	209	224	303	#
252	343785	208	209	210	225	226	303	#
253	469944	201	202	215	217	231	232	233	304	#
254	528457	153	170	185	186	201	202	217	304	#
255	528104	9	10	26	231	232	233	247	304	#
256	467280	197	213	214	230	231	232	248	304	#
257	449851	159	174	175	190	231	232	233	304	#
258	425939	170	185	186	201	202	217	218	304	#
259	131975	213	#
260	385502	71	86	87	102	103	104	119	120	305	#
261	493433	84	85	86	87	101	102	103	250	305	#
262	459011	71	84	85	86	87	102	103	104	305	#
263	402816	85	86	101	102	103	104	119	120	305	#
264	377341	55	71	86	87	88	102	103	104	305	#
265	348834	103	104	119	120	121	122	135	136	305	#
266	358503	149	163	164	165	166	167	306	#
267	432631	133	148	149	150	166	167	306	#
268	382987	163	164	179	180	181	195	306	#
269	370069	146	147	163	164	179	180	306	#
270	322430	136	151	152	166	167	168	306	#
271	300189	133	148	163	164	165	180	306	#
272	312099	217	218	234	250	307	#
273	345064	218	219	234	250	307	#
274	269971	202	217	218	219	307	#
275	260816	202	217	218	234	307	#
276	186148	217	233	234	249	307	#
277	891205	45	47	61	62	63	76	77	78	79	93	94	95	111	308	#
278	1159395	29	30	44	45	60	61	62	76	77	78	79	91	92	308	#
279	1080698	11	27	28	29	30	43	44	45	60	61	76	77	92	308	#
280	1064070	28	43	44	45	46	60	61	76	77	78	91	92	108	308	#
281	1043050	44	45	60	61	63	76	77	78	79	94	95	110	111	308	#
282	1038756	30	42	43	44	45	46	47	60	61	62	76	77	92	308	#
283	435795	103	104	105	118	119	120	121	134	135	136	309	#
284	613522	87	103	140	141	155	156	157	171	172	181	309	#
285	590944	70	86	102	103	104	118	119	133	149	150	309	#
286	557172	104	106	120	121	122	123	136	137	138	139	309	#
287	500620	86	87	102	103	104	105	119	120	121	136	309	#
288	487854	69	71	85	86	87	101	102	103	104	119	309	#
289	44776	131	#
290	1046610	135	136	137	149	150	151	152	166	167	168	182	183	184	185	199	200	216	310	#
291	1370625	15	31	46	47	62	63	78	79	183	184	185	199	200	201	216	234	249	310	#
292	1201077	121	122	138	139	140	154	170	183	184	185	186	199	200	201	202	203	216	310	#
293	1200314	134	149	150	151	164	165	166	167	170	182	183	184	185	186	199	200	201	310	#
294	1143707	118	119	134	147	148	149	150	164	165	166	167	182	183	184	199	200	216	310	#
295	1120754	78	136	151	152	165	166	167	168	182	183	184	199	200	214	215	216	232	310	#
296	625587	196	201	202	203	204	218	219	220	221	311	#
297	684426	203	218	219	233	234	235	250	251	252	311	#
298	661132	47	185	187	201	202	203	218	219	235	311	#
299	652323	201	202	216	217	218	233	234	248	249	311	#
300	644393	75	184	185	201	202	203	204	217	218	311	#
301	623439	185	187	201	202	203	204	205	219	221	311	#
302	146170	157	173	#
303	970048	46	47	61	62	77	78	86	100	101	102	117	118	132	312	#
304	1200388	45	46	61	62	75	76	77	78	79	106	107	123	124	312	#
305	1082259	61	62	75	76	77	78	91	92	225	226	227	241	242	312	#
306	956462	102	103	104	116	117	118	134	145	150	161	176	177	193	312	#
307	947524	43	44	45	46	60	61	62	75	76	78	79	94	95	312	#
308	912204	79	86	94	100	101	102	109	110	117	118	132	133	134	312	#
309	555705	2	3	18	19	20	33	34	35	51	313	#
310	647321	2	3	4	19	20	34	35	49	50	313	#
311	616370	2	3	4	5	6	18	19	20	21	313	#
312	522507	0	16	17	32	33	34	48	49	50	313	#
313	522306	3	4	18	19	20	35	50	51	158	313	#
314	519045	7	18	19	23	34	35	51	52	53	313	#
315	2988747	4	5	6	7	8	9	10	11	20	21	22	23	24	25	26	27	32	33	34	35	36	37	38	39	40	41	42	50	51	52	54	55	56	57	65	66	68	69	70	71	72	80	81	82	83	84	85	86	87	96	97	102	103	314	#
316	3644416	0	1	2	3	4	5	6	7	8	16	17	18	19	20	21	22	23	34	35	36	37	38	39	50	51	52	53	54	55	56	67	68	69	70	71	72	84	85	122	134	138	139	150	152	155	168	170	171	184	185	186	187	201	314	#
317	3625088	7	8	9	10	11	12	25	26	27	30	41	42	43	44	45	46	56	57	60	61	72	73	74	75	76	77	78	79	93	181	194	195	197	199	210	211	212	213	214	215	216	225	226	227	228	229	230	242	243	244	245	246	247	314	#
318	3601235	8	9	11	12	13	16	17	21	25	26	27	29	32	41	42	43	44	45	53	54	57	60	61	69	75	76	77	78	122	137	138	154	155	170	171	174	189	205	206	221	233	234	235	236	237	248	249	250	251	252	253	254	255	314	#
319	3582938	8	9	10	11	12	13	14	15	24	25	26	27	29	41	42	43	45	46	60	61	74	75	76	77	89	91	93	94	95	105	106	107	108	110	122	123	124	138	139	140	155	156	170	171	172	173	185	186	202	203	204	208	209	314	#
320	3520086	5	6	7	8	9	10	11	12	22	23	24	25	26	27	28	29	37	38	39	40	41	42	43	44	45	54	55	56	60	61	69	71	72	74	75	76	77	78	85	86	87	91	100	102	103	116	117	118	119	133	185	186	201	314	#
321	1043195	11	12	13	14	15	28	29	43	44	45	59	60	61	76	77	215	315	#
322	1112809	28	29	30	44	45	58	59	60	61	76	77	78	92	150	166	182	315	#
323	1109859	42	43	44	45	58	59	60	61	74	75	76	89	90	91	92	106	315	#
324	1105669	9	11	12	13	14	15	25	26	27	28	29	43	44	60	170	186	315	#
325	1102101	8	9	10	11	12	25	26	27	28	29	42	43	45	60	197	198	315	#
326	1093593	149	150	182	183	184	185	199	214	215	216	217	230	231	232	247	248	315	#
327	799655	7	8	9	24	38	39	40	50	66	80	81	82	96	97	98	114	316	#
328	1123501	7	8	9	24	37	38	39	40	54	55	70	71	72	76	92	93	316	#
329	1114088	9	10	26	27	38	39	54	55	69	70	71	72	86	87	88	104	316	#
330	1076135	67	68	82	83	97	98	99	113	114	115	131	142	143	147	158	174	316	#
331	983316	20	36	64	67	68	80	82	83	97	98	112	113	114	128	130	144	316	#
332	971520	6	7	8	23	24	38	39	40	54	55	192	193	208	209	224	240	316	#
333	103400	123	124	317	#
334	72137	124	125	317	#
335	53444	122	123	317	#
336	971964	0	1	2	3	16	17	18	32	33	34	35	49	50	51	66	318	#
337	1040261	0	1	2	3	16	32	33	34	35	49	50	64	65	66	113	318	#
338	981705	0	1	2	3	4	5	16	18	21	32	35	36	37	53	82	318	#
339	977792	0	1	2	3	18	19	33	34	35	204	205	219	220	221	237	318	#
340	947402	12	17	132	133	149	150	166	167	168	169	182	184	185	198	214	318	#
341	942949	0	1	2	3	16	17	18	32	33	34	35	48	49	50	65	318	#
342	1199129	18	19	24	25	32	33	34	35	40	48	49	50	51	65	66	67	68	82	83	84	98	319	#
343	1662432	24	26	40	41	42	55	56	57	70	71	72	73	74	75	76	86	87	88	90	91	92	319	#
344	1503643	8	9	22	24	25	26	38	39	40	41	42	43	44	55	56	60	71	72	73	74	90	319	#
345	1482109	0	1	2	3	4	5	17	18	19	20	21	32	33	34	35	49	51	52	77	196	197	319	#
346	1471161	2	3	4	5	18	19	20	21	28	32	34	35	44	48	49	50	51	52	66	82	83	319	#
347	1455150	34	35	49	50	51	52	53	54	67	68	69	70	83	84	85	86	100	101	117	223	239	319	#
348	1155315	2	3	4	6	18	19	20	21	22	33	34	35	49	50	51	52	65	68	123	124	320	#
349	1497672	76	77	92	107	108	123	124	181	195	197	198	210	211	212	213	214	225	226	227	228	320	#
350	1396483	3	4	5	6	19	21	22	30	45	60	61	62	63	74	75	76	77	78	206	222	320	#
351	1365959	1	2	3	4	5	6	7	8	17	18	19	33	34	35	49	50	51	52	57	73	320	#
352	1356695	1	2	3	4	6	20	21	22	37	38	52	53	57	58	72	73	74	75	89	105	320	#
353	1261141	4	6	7	8	9	10	20	21	22	23	24	26	27	28	37	38	42	43	58	209	320	#
354	690644	147	160	161	162	163	164	176	177	178	179	192	208	321	#
355	965241	147	148	160	163	176	177	178	179	192	194	195	211	321	#
356	957296	132	147	148	162	163	164	176	177	178	179	192	195	321	#
357	932257	148	149	155	164	170	171	184	185	186	187	202	203	321	#
358	875605	177	178	179	194	195	196	197	198	210	211	213	229	321	#
359	863257	114	115	130	132	147	148	162	163	178	179	195	196	321	#
360	402015	4	5	6	20	21	36	52	322	#
361	527659	5	6	20	21	22	37	38	322	#
362	478647	4	5	6	20	21	22	37	322	#
363	452935	6	7	22	81	82	88	119	322	#
364	409097	4	5	21	126	127	151	167	322	#
365	353085	36	51	52	68	81	82	83	322	#
366	1923138	17	18	23	24	39	40	53	54	55	56	57	58	70	71	72	73	74	85	86	87	102	103	104	120	206	215	217	231	232	233	240	247	248	323	#
367	2412620	11	12	13	26	27	28	30	42	43	44	46	58	59	60	61	73	74	75	76	77	79	89	90	91	92	93	94	106	107	108	109	110	173	323	#
368	2405940	11	23	26	37	38	39	40	42	53	54	55	56	57	58	59	60	61	70	71	72	73	74	75	76	77	78	89	90	91	92	106	107	108	323	#
369	2377372	13	14	15	28	44	54	55	60	61	70	71	72	73	84	86	87	100	101	102	103	104	116	117	118	119	120	121	133	136	148	149	150	166	323	#
370	2288869	0	1	2	3	16	17	18	19	20	24	25	26	35	39	40	41	42	43	44	50	51	52	56	58	59	67	68	74	75	84	91	228	229	323	#
371	2239411	8	22	23	24	39	40	42	53	54	55	56	57	58	59	60	61	70	71	72	73	74	75	89	90	91	92	106	107	108	122	123	131	200	323	#
372	722404	9	11	12	13	14	26	28	29	31	324	#
373	811307	12	28	29	43	44	45	59	60	76	324	#
374	738626	8	9	10	11	12	26	27	28	29	324	#
375	733686	11	12	13	14	28	44	60	76	159	324	#
376	721797	13	14	15	28	29	31	44	45	60	324	#
377	715360	10	11	12	26	27	28	29	43	59	324	#
378	1132395	42	58	73	74	90	91	98	105	106	107	108	110	123	124	125	126	139	140	141	142	325	#
379	1618866	9	11	25	26	27	28	38	39	40	41	42	43	55	57	59	60	70	71	72	73	325	#
380	1611856	0	9	25	26	27	39	40	41	42	43	55	57	58	59	72	73	74	89	90	106	325	#
381	1534584	5	26	42	43	44	58	59	60	61	73	74	75	76	87	88	89	90	91	103	107	325	#
382	1525339	9	10	24	25	26	27	42	43	57	58	59	60	61	62	73	74	75	76	77	91	325	#
383	1479011	79	94	95	110	111	124	125	126	127	142	143	153	155	169	170	185	186	202	203	204	325	#
384	702410	198	199	213	214	215	216	229	230	231	246	247	326	#
385	839127	61	62	77	166	182	183	197	198	213	214	230	326	#
386	805976	185	186	199	202	214	215	216	217	218	230	233	326	#
387	782363	26	183	199	213	214	215	216	230	231	246	247	326	#
388	742692	27	28	29	196	197	213	227	228	229	244	245	326	#
389	701071	213	214	215	216	230	231	232	244	245	246	247	326	#
390	275400	137	138	153	327	#
391	248194	137	138	154	327	#
392	213816	137	153	169	327	#
393	191076	121	137	138	327	#
394	428883	121	122	123	124	138	139	140	156	328	#
395	573004	106	122	123	124	138	139	154	155	328	#
396	540692	23	108	110	124	125	126	222	231	328	#
397	519603	105	106	120	121	122	136	138	152	328	#
398	460916	106	107	122	123	138	139	140	155	328	#
399	416803	91	105	106	107	121	122	123	138	328	#
400	361204	16	32	35	48	49	50	51	329	#
401	456087	33	34	48	49	50	65	81	329	#
402	405765	0	1	16	17	18	246	247	329	#
403	392044	32	33	34	48	49	65	66	329	#
404	376515	33	34	35	49	50	51	52	329	#
405	337802	33	34	35	49	50	51	66	329	#
406	513559	100	101	102	116	117	118	130	133	134	146	330	#
407	673821	85	100	101	102	103	117	118	132	133	149	330	#
408	634036	100	101	102	103	116	117	118	133	149	165	330	#
409	610253	100	102	103	116	117	118	119	120	121	132	330	#
410	584577	100	102	116	117	118	119	132	133	149	165	330	#
411	533977	70	71	85	87	101	102	103	104	105	117	330	#
412	331145	43	58	59	74	75	331	#
413	458279	42	58	59	73	75	331	#
414	414646	58	59	73	74	89	331	#
415	410441	58	59	75	76	92	331	#
416	355708	42	43	44	59	60	331	#
417	462291	122	123	136	137	138	154	332	#
418	397628	121	135	136	137	138	152	332	#
419	393532	121	136	137	152	153	169	332	#
420	389164	107	108	122	123	124	138	332	#
421	338205	123	124	139	140	156	157	332	#
422	331070	119	121	135	136	137	152	332	#
423	213168	145	161	177	333	#
424	287883	176	177	193	333	#
425	207397	161	176	177	333	#
426	147029	144	145	146	333	#
427	406649	0	1	2	3	4	334	#
428	433898	0	16	32	33	34	334	#
429	339219	2	3	18	19	20	334	#
430	291159	2	155	156	157	172	334	#
431	868270	0	3	4	5	6	17	18	19	20	21	34	35	37	51	53	335	#
432	1171310	34	35	50	51	66	100	101	116	213	228	229	230	244	245	246	335	#
433	916907	1	2	3	5	6	18	19	20	21	22	35	37	38	51	53	335	#
434	887331	2	3	4	5	6	16	17	18	20	21	22	32	37	38	48	335	#
435	876042	3	4	19	20	32	34	35	48	49	50	51	52	66	68	83	335	#
436	826792	0	1	2	3	4	17	18	19	20	34	35	36	51	52	53	335	#
437	146114	194	210	226	336	#
438	198636	178	194	210	336	#
439	347983	52	67	68	84	85	337	#
440	370949	20	36	52	67	68	337	#
441	345986	36	51	52	67	68	337	#
442	312375	35	36	50	51	52	337	#
443	293583	69	70	85	86	101	337	#
444	277800	70	84	85	86	100	337	#
445	1155398	17	18	19	20	33	35	36	37	49	50	51	52	53	54	65	66	70	80	81	82	338	#
446	1309327	17	18	19	20	35	36	38	39	51	52	53	54	55	56	68	69	72	83	84	100	338	#
447	1262303	18	19	20	35	36	37	50	51	53	64	65	66	80	81	82	83	84	96	97	136	338	#
448	1227912	38	39	53	54	55	69	70	85	86	87	100	101	102	103	104	116	117	118	133	148	338	#
449	1225770	38	39	52	53	54	69	70	71	72	83	84	85	86	87	88	89	101	104	111	119	338	#
450	1217715	11	12	13	14	15	26	27	28	29	33	45	49	50	51	65	66	80	81	96	247	338	#
451	1122118	14	15	69	70	71	75	87	91	92	103	104	105	106	107	119	120	122	135	339	#
452	1366376	9	10	11	12	13	14	15	25	26	27	28	29	31	43	44	59	60	75	339	#
453	1340954	27	28	29	42	43	44	45	59	60	74	75	90	91	92	106	107	108	122	339	#
454	1315217	27	43	44	45	59	60	61	75	76	77	91	92	93	106	107	108	109	111	339	#
455	1211650	12	13	14	27	28	29	30	31	42	43	44	45	47	59	60	63	79	95	339	#
456	1207031	56	71	72	73	74	75	88	89	90	91	92	105	106	107	108	175	191	207	339	#
457	338653	110	125	126	127	143	340	#
458	373107	108	123	124	125	126	340	#
459	350680	79	95	111	127	143	340	#
460	274114	125	126	127	142	143	340	#
461	147000	163	164	179	180	196	197	341	#
462	217146	147	148	164	165	180	181	341	#
463	183703	149	163	164	165	179	180	341	#
464	655488	75	76	91	203	219	235	236	237	250	251	252	253	342	#
465	896234	46	60	61	62	75	76	77	78	91	93	109	125	342	#
466	826369	43	60	75	76	91	92	106	107	121	122	138	160	342	#
467	795649	27	28	44	45	58	59	60	75	76	77	91	93	342	#
468	687526	73	186	188	189	202	203	204	205	218	219	234	235	342	#
469	630179	185	186	202	203	204	219	235	236	237	238	251	252	342	#
470	223064	68	83	91	343	#
471	273199	68	83	84	343	#
472	208262	52	53	68	343	#
473	169981	75	91	107	343	#
474	904864	82	83	84	85	99	100	101	104	115	116	117	118	119	132	189	344	#
475	1152221	57	72	73	156	172	173	187	188	189	202	203	204	205	206	219	344	#
476	1107242	84	100	101	102	116	117	118	119	132	133	134	148	149	150	166	344	#
477	1082143	49	50	85	86	100	101	102	116	117	118	119	120	136	152	202	344	#
478	1046899	70	85	86	87	100	101	116	117	118	131	132	133	147	148	170	344	#
479	1045073	49	52	53	64	65	68	70	81	82	83	84	85	86	99	101	344	#
480	429707	182	183	184	198	199	345	#
481	461703	182	198	214	215	231	345	#
482	430484	182	183	184	197	198	345	#
483	375257	183	184	199	215	216	345	#
484	125253	167	183	184	185	229	345	#
485	22833	35	#
486	689481	44	138	153	154	170	171	179	185	186	187	346	#
487	744281	137	138	139	153	154	169	170	186	201	202	346	#
488	741280	156	170	171	172	186	187	202	203	219	235	346	#
489	715009	138	153	154	169	170	185	186	201	202	217	346	#
490	666772	153	154	169	170	171	172	186	187	224	240	346	#
491	651054	13	27	28	29	43	44	45	60	61	76	346	#
492	255075	37	38	39	53	69	347	#
493	360315	23	38	39	54	55	347	#
494	359619	53	69	70	86	101	347	#
495	358087	38	39	40	54	55	347	#
496	142745	144	145	348	#
497	118996	128	144	348	#
498	52205	175	#
499	65757	146	161	162	163	349	#
500	98046	146	161	162	177	349	#
501	100780	14	#
502	137158	236	251	252	350	#
503	150209	236	237	252	350	#
504	96843	74	235	236	350	#
505	1267139	175	190	191	203	204	207	218	220	221	222	223	234	235	236	237	238	239	250	251	252	253	254	255	351	#
506	1668406	32	33	48	49	135	136	137	152	183	184	199	201	215	216	217	218	234	235	236	249	250	251	252	351	#
507	1665323	199	201	202	203	204	207	214	215	216	217	218	220	223	234	235	236	237	238	239	250	251	252	253	351	#
508	1557410	151	167	182	183	184	198	199	203	215	216	217	218	219	220	231	233	234	235	236	249	250	251	252	351	#
509	1511478	118	133	203	204	205	220	221	226	227	234	235	236	237	241	242	243	244	248	249	250	251	252	253	351	#
510	1483818	52	71	87	103	104	120	191	203	204	206	207	220	221	222	223	236	238	239	248	249	251	252	253	351	#
511	279858	5	21	22	35	36	37	352	#
512	358221	35	36	51	52	68	138	352	#
513	316995	5	6	21	22	39	40	352	#
514	311906	34	35	36	37	51	52	352	#
515	241142	21	22	37	38	53	69	352	#
516	225017	21	22	35	36	37	39	352	#
517	340185	93	95	109	110	111	126	127	143	353	#
518	390026	46	47	62	63	79	95	111	127	353	#
519	385002	93	109	110	111	123	124	125	126	353	#
520	354113	77	93	109	110	111	126	142	143	353	#
521	143007	79	95	111	126	127	142	143	158	353	#
522	168782	123	124	140	354	#
523	126091	124	140	141	354	#
524	101106	123	124	139	354	#
525	91447	123	139	140	354	#
526	1806416	0	2	3	16	17	18	32	33	34	35	36	48	49	50	51	52	64	65	66	67	80	81	82	83	97	98	99	115	164	355	#
527	2196264	0	2	3	16	17	18	19	32	33	34	35	36	38	49	50	51	52	53	54	56	65	66	70	71	72	81	82	117	140	355	#
528	2090082	0	1	2	3	8	9	11	13	16	17	18	19	23	24	25	26	27	28	32	33	34	35	41	44	48	49	50	51	52	355	#
529	2059193	2	3	18	32	33	34	35	36	49	50	51	52	53	66	68	69	82	83	89	139	140	141	155	185	186	201	202	218	233	355	#
530	2030550	52	64	65	66	67	68	80	81	82	83	84	85	97	98	100	102	117	118	134	150	153	154	169	170	171	186	201	202	218	355	#
531	2022610	2	3	16	17	18	19	32	33	34	35	48	49	50	51	64	65	66	68	81	82	83	84	98	127	142	143	177	178	193	355	#
532	741339	168	184	199	200	216	217	218	231	232	233	234	249	356	#
533	942376	184	187	199	201	202	203	204	205	216	217	218	234	356	#
534	915257	133	147	149	150	165	185	201	202	216	217	218	234	356	#
535	886527	184	199	201	202	203	215	216	217	218	230	231	246	356	#
536	865292	184	185	186	188	200	201	202	216	217	218	233	234	356	#
537	848261	153	168	170	182	183	184	185	186	199	200	202	216	356	#
538	326857	7	8	9	85	86	357	#
539	443938	9	10	26	27	113	357	#
540	411932	85	101	117	118	133	357	#
541	202704	85	86	87	102	103	357	#
542	348771	212	213	214	358	#
543	371504	213	214	230	358	#
544	306189	197	212	213	358	#
545	286941	214	215	230	358	#
546	1891527	8	9	11	12	13	14	15	24	26	27	28	29	30	31	42	43	44	45	46	61	62	63	76	77	79	92	95	107	108	359	#
547	2248850	10	11	13	25	26	27	28	29	30	31	43	44	45	53	54	61	69	70	76	77	85	137	138	154	170	202	218	219	220	359	#
548	2201352	8	9	10	11	13	14	15	24	25	26	27	28	29	30	31	41	42	43	44	45	59	61	67	68	76	77	127	211	212	359	#
549	2151833	8	9	10	11	13	14	15	24	25	26	27	28	29	30	31	41	42	43	44	45	57	58	60	61	62	72	76	77	78	359	#
550	2068599	6	7	8	9	10	11	13	14	15	24	25	26	27	28	29	30	31	41	42	43	44	45	46	47	59	61	62	76	77	359	#
551	2034709	8	9	10	11	24	25	26	27	39	40	41	42	43	55	56	57	58	70	72	73	86	87	88	103	119	218	233	234	249	359	#
552	6046	81	#
553	96380	149	156	172	360	#
554	103876	156	171	172	360	#
555	293709	149	150	165	166	167	182	183	361	#
556	403643	151	167	168	183	184	185	199	361	#
557	370556	149	163	164	165	166	167	182	361	#
558	366747	132	133	148	149	163	164	166	361	#
559	1923722	85	86	87	88	101	102	103	104	117	118	119	120	135	152	167	168	176	183	184	192	193	194	195	208	209	210	211	212	213	224	225	226	227	228	242	362	#
560	2421897	134	139	150	151	155	157	165	167	170	171	172	182	183	184	185	186	188	192	193	198	199	201	202	205	208	214	215	216	217	224	230	231	232	233	246	362	#
561	2400680	132	148	149	150	151	164	165	166	167	181	182	183	184	192	193	194	197	198	199	208	209	213	214	215	216	217	224	230	231	232	233	234	235	240	251	362	#
562	2380513	151	152	163	165	167	178	179	180	182	183	184	192	193	194	195	198	199	200	208	209	210	211	215	216	217	225	226	227	230	231	232	233	234	248	249	362	#
563	2355974	164	180	181	182	192	193	194	195	196	197	198	208	209	210	211	212	213	214	216	224	225	226	227	228	230	231	232	233	240	242	243	244	245	246	248	362	#
564	2346517	32	33	49	50	51	52	53	58	64	65	69	70	71	73	74	80	81	86	87	88	89	97	104	105	106	113	114	119	120	121	128	129	130	135	136	362	#
565	970312	68	186	187	188	189	190	201	202	203	204	218	219	233	234	235	251	363	#
566	1202648	154	155	156	169	170	185	186	202	214	215	217	218	219	233	234	249	363	#
567	1131037	0	1	185	187	188	201	202	203	204	217	218	219	232	233	234	249	363	#
568	1114201	136	137	151	152	153	154	168	169	170	183	184	185	186	199	200	201	363	#
569	1095494	152	153	170	184	185	186	200	202	217	218	219	233	234	235	249	250	363	#
570	1016690	154	155	170	185	186	201	202	217	218	219	233	234	235	236	251	252	363	#
571	444094	67	68	83	84	85	86	87	364	#
572	554958	70	84	85	86	100	101	116	364	#
573	527857	71	84	85	86	87	100	101	364	#
574	517602	84	100	116	117	132	147	148	364	#
575	502536	67	68	69	83	84	85	100	364	#
576	495818	67	68	83	84	85	86	101	364	#
577	221488	82	161	162	202	365	#
578	236969	170	186	202	218	365	#
579	220058	160	161	162	177	365	#
580	180835	80	81	82	83	365	#
581	170769	161	162	163	164	365	#
582	272516	33	49	50	51	366	#
583	313535	33	34	49	151	366	#
584	272856	33	34	35	72	366	#
585	237175	48	49	50	65	366	#
586	233324	20	36	51	52	366	#
587	864233	151	165	167	182	197	198	214	216	230	231	232	247	248	367	#
588	1014248	14	15	31	84	85	100	117	167	182	198	214	230	231	367	#
589	996900	29	44	45	60	61	76	182	197	198	214	230	231	232	367	#
590	942060	167	179	180	182	183	195	196	197	198	212	213	214	230	367	#
591	869494	80	167	168	181	182	183	195	196	197	198	199	214	216	367	#
592	838040	13	29	183	184	198	199	214	215	216	230	231	246	247	367	#
593	366059	145	146	161	162	163	164	165	180	368	#
594	527424	144	145	146	147	160	161	162	176	368	#
595	456607	162	163	164	177	179	180	195	211	368	#
596	437927	131	144	145	146	147	157	160	162	368	#
597	400108	146	147	162	163	179	180	181	195	368	#
598	331187	51	52	163	164	179	180	181	253	368	#
599	690842	12	13	14	15	28	31	44	60	369	#
600	674291	12	13	14	15	28	31	44	47	369	#
601	619569	11	12	13	14	15	27	28	188	369	#
602	599520	13	14	15	31	82	188	189	205	369	#
603	597694	11	12	27	28	43	44	59	60	369	#
604	595778	11	12	13	14	28	29	39	55	369	#
605	348496	12	38	52	53	69	70	370	#
606	384461	52	53	54	69	70	71	370	#
607	354846	52	53	67	68	70	83	370	#
608	330797	54	55	70	71	87	104	370	#
609	164068	21	37	38	39	53	70	370	#
610	151398	185	201	217	218	371	#
611	197398	218	234	235	236	371	#
612	152133	184	185	199	200	371	#
613	192846	219	220	#
614	550452	7	8	9	10	23	24	26	372	#
615	568940	7	8	9	10	26	27	28	372	#
616	561863	8	9	10	25	26	41	42	372	#
617	532811	10	26	27	42	43	44	59	372	#
618	484542	7	8	23	24	38	39	53	372	#
619	444877	5	6	7	8	23	24	39	372	#
620	354008	207	220	221	223	236	237	238	239	373	#
621	487398	191	206	207	222	223	237	238	239	373	#
622	445437	220	221	237	238	250	251	252	253	373	#
623	417888	176	177	205	206	220	221	237	253	373	#
624	402948	206	207	220	221	222	223	237	238	373	#
625	375740	188	204	220	221	237	238	252	253	373	#
626	2803806	13	14	15	27	28	42	43	47	58	59	60	62	63	73	74	75	76	77	78	79	91	92	95	133	134	148	149	150	164	165	166	167	168	180	182	183	196	237	374	#
627	2852521	88	89	90	116	117	130	131	132	133	134	145	146	147	148	149	150	151	152	153	154	155	163	164	165	166	167	168	170	182	183	186	198	199	214	215	230	231	232	374	#
628	2750539	15	28	31	44	45	47	57	58	59	60	61	62	63	72	73	74	75	76	77	78	79	89	91	92	93	94	95	105	106	107	108	121	123	124	137	139	140	153	374	#
629	2749009	12	13	28	29	30	31	42	43	45	47	58	59	60	61	62	63	73	74	75	76	77	78	79	89	90	91	94	95	123	136	137	138	139	152	153	155	169	170	374	#
630	2742171	42	43	55	56	57	58	59	60	71	72	73	74	75	76	77	87	88	89	91	92	103	104	105	106	107	108	121	122	123	124	138	139	140	154	155	170	203	219	374	#
631	2726459	116	117	122	129	130	132	133	134	137	138	144	145	146	147	148	149	150	151	152	153	154	162	163	164	165	166	167	179	180	181	182	183	198	199	214	228	243	244	374	#
632	86172	159	#
633	669856	12	15	28	30	31	44	45	61	62	78	375	#
634	820798	9	26	27	28	42	43	44	58	74	90	375	#
635	796741	14	15	30	31	42	43	44	45	61	240	375	#
636	738363	9	10	11	12	26	27	42	43	197	198	375	#
637	665381	9	10	11	12	26	27	28	29	44	45	375	#
638	657270	44	45	46	60	61	62	63	76	78	79	375	#
639	1061945	41	42	147	148	163	164	180	181	194	195	196	197	210	211	212	226	376	#
640	1222002	147	148	163	164	180	186	193	194	195	196	197	202	209	210	212	213	376	#
641	1172199	10	26	40	41	42	57	58	59	72	73	74	75	76	89	90	105	376	#
642	1150018	144	145	161	177	178	193	194	209	210	224	225	226	240	241	254	255	376	#
643	1133802	2	18	19	32	49	65	118	133	147	148	149	163	178	179	180	181	376	#
644	1090201	132	133	147	148	149	163	164	177	178	179	180	181	194	195	196	237	376	#
645	689346	92	93	108	109	110	111	123	124	125	126	127	142	143	377	#
646	907565	49	50	51	66	69	75	76	92	107	108	123	124	125	377	#
647	877443	62	78	79	95	109	110	111	125	126	127	141	142	143	377	#
648	860988	63	78	79	94	95	110	125	126	127	141	143	156	157	377	#
649	856814	92	107	108	120	121	122	123	124	125	136	139	141	157	377	#
650	816934	62	63	78	79	92	93	94	95	111	127	142	143	254	377	#
651	419693	55	120	121	163	164	179	180	181	197	198	378	#
652	583464	114	115	165	166	167	182	183	184	198	200	378	#
653	521729	180	181	196	197	198	212	213	214	230	246	378	#
654	496410	133	146	147	148	161	162	163	164	179	180	378	#
655	478952	146	147	148	162	163	164	179	180	181	197	378	#
656	425300	146	147	162	163	178	179	180	181	196	197	378	#
657	55128	204	205	#
658	445227	43	44	59	60	61	75	389	#
659	485411	112	113	114	128	129	144	145	161	380	#
660	582135	113	128	129	134	144	145	160	161	380	#
661	571446	97	112	113	114	128	129	130	145	380	#
662	549321	97	112	113	128	129	144	145	146	380	#
663	525548	112	113	128	129	130	145	161	162	380	#
664	519271	25	129	145	146	160	161	162	177	380	#
665	1128919	137	138	151	152	153	154	155	167	168	169	170	171	185	213	214	229	381	#
666	1366970	25	26	42	43	194	195	196	197	211	212	213	226	227	228	229	244	381	#
667	1343684	41	42	43	57	73	152	153	154	155	168	169	170	171	185	186	187	381	#
668	1283925	108	123	124	139	140	141	152	153	155	169	170	171	187	200	216	232	381	#
669	1262933	134	149	150	151	152	153	165	166	167	168	169	170	182	183	199	216	381	#
670	1206407	152	153	154	155	167	168	169	170	183	184	185	199	200	201	216	217	381	#
671	948133	178	192	194	208	209	210	225	226	227	228	241	242	243	244	245	382	#
672	1226161	46	47	63	75	171	187	215	227	228	230	231	243	244	245	246	382	#
673	1120276	85	86	209	212	213	225	227	228	229	240	241	242	243	244	245	382	#
674	1103691	149	150	165	166	182	209	210	225	226	227	228	241	242	243	244	382	#
675	1036409	192	193	208	209	210	224	225	227	228	240	241	242	243	244	245	382	#
676	1004744	1	9	25	41	57	144	160	176	177	192	193	208	209	224	240	382	#
677	297534	40	123	124	139	155	383	#
678	362658	107	108	123	124	139	383	#
679	347734	124	139	140	155	170	383	#
680	244564	37	38	39	40	55	383	#
681	203936	107	123	139	140	156	383	#
682	670774	149	200	216	231	232	248	249	384	#
683	646510	200	214	215	216	217	231	232	384	#
684	589213	164	165	199	200	215	216	217	384	#
685	528187	117	216	217	232	234	248	249	384	#
686	526016	199	214	215	216	217	232	254	384	#
687	516599	43	59	74	75	149	165	166	384	#
688	286393	137	144	145	153	160	385	#
689	350163	137	153	154	169	170	385	#
690	296469	112	128	144	160	161	385	#
691	283503	160	176	177	192	193	385	#
692	185274	130	145	146	160	161	385	#
693	34816	104	#
694	72717	242	243	#
695	111931	76	#
696	250286	40	55	56	71	119	386	#
697	327037	40	55	56	71	72	386	#
698	294699	24	39	40	54	55	386	#
699	254151	40	41	42	55	56	386	#
700	195537	119	120	135	136	139	386	#
701	52091	4	#
702	771486	42	43	58	59	60	61	75	91	387	#
703	808038	42	58	59	73	89	138	154	155	387	#
704	703800	58	59	73	74	75	89	91	92	387	#
705	697328	42	43	57	58	59	60	73	74	387	#
706	693051	26	27	42	43	58	59	60	61	387	#
707	674632	59	60	61	62	75	76	77	91	387	#
708	615930	102	118	133	141	149	156	157	171	172	388	#
709	795003	102	118	133	149	166	230	231	246	248	388	#
710	729458	54	55	70	71	72	86	88	102	103	388	#
711	700903	100	101	102	117	118	133	134	149	254	388	#
712	693611	121	137	138	152	153	154	170	171	187	388	#
713	668026	156	170	171	172	187	188	189	203	205	388	#
714	582178	26	42	43	58	60	73	389	#
715	598151	28	43	44	58	59	60	389	#
716	594025	54	70	71	72	73	88	389	#
717	490659	41	42	43	44	58	59	389	#
718	468906	58	59	60	177	188	193	389	#
719	212089	147	148	390	#
720	183391	146	147	390	#
721	127256	148	164	390	#
722	385000	141	156	157	171	172	187	188	204	391	#
723	515757	110	121	122	125	138	139	140	141	391	#
724	450170	110	125	140	141	156	157	172	188	391	#
725	441364	154	168	169	170	171	172	187	188	391	#
726	440673	141	157	158	159	172	174	188	204	391	#
727	412795	117	118	140	156	171	172	188	204	391	#
728	326768	7	126	127	142	143	392	#
729	318574	110	126	127	142	143	392	#
730	302274	7	8	9	10	26	392	#
731	299924	110	125	126	127	143	392	#
732	285159	109	125	126	127	142	392	#
733	172389	142	143	234	235	236	392	#
734	549949	11	24	25	26	40	41	57	393	#
735	673819	10	11	25	26	27	41	42	393	#
736	609572	9	10	25	26	27	41	42	393	#
737	578046	10	24	25	26	39	40	41	393	#
738	524379	9	25	26	40	41	42	57	393	#
739	513864	24	25	38	39	40	41	42	393	#
740	382909	9	25	26	42	394	#
741	348969	9	24	25	26	394	#
742	315435	9	23	24	25	394	#
743	314632	8	9	24	25	394	#
744	274905	40	41	42	43	394	#
745	280272	110	125	126	141	395	#
746	334679	93	109	110	125	395	#
747	269024	110	125	126	142	395	#
748	233337	124	139	140	141	395	#
749	544644	30	45	88	89	90	105	106	122	138	396	#
750	662352	58	73	74	89	90	105	106	107	122	396	#
751	629724	29	30	31	44	45	46	47	60	63	396	#
752	620802	106	122	123	138	139	140	141	156	157	396	#
753	571636	73	89	90	104	105	106	107	122	138	396	#
754	567393	89	90	91	105	106	107	121	122	138	396	#
755	382338	70	71	72	87	104	119	397	#
756	430783	54	55	56	70	71	72	397	#
757	378216	21	37	52	53	70	171	397	#
758	346872	55	72	87	88	104	119	397	#
759	346866	88	104	105	106	120	136	397	#
760	324984	88	89	90	104	119	120	397	#
761	1692594	136	137	139	152	153	154	155	156	167	168	169	170	171	172	182	185	186	187	198	201	202	214	398	#
762	1950313	136	137	151	152	153	154	165	167	168	169	170	181	182	197	198	199	213	214	215	230	231	248	398	#
763	1875737	105	121	122	136	137	138	139	151	152	153	154	167	168	169	170	182	185	186	197	198	201	214	398	#
764	1783829	106	122	136	138	151	152	153	154	155	165	167	168	169	170	171	182	185	186	187	200	201	202	398	#
765	1775528	117	133	134	149	150	165	182	185	198	199	200	201	213	214	215	216	229	230	231	232	247	248	398	#
766	1769801	27	133	149	150	165	166	167	168	182	197	198	199	200	213	214	215	216	229	230	231	232	248	398	#
767	3425788	10	11	12	13	14	15	26	27	28	29	30	31	37	39	41	42	43	44	45	46	47	55	57	58	59	60	61	62	69	70	71	72	73	74	75	76	77	78	85	89	90	91	92	93	105	108	109	208	228	229	230	245	246	247	399	#
768	3909342	11	12	13	15	24	25	26	27	28	29	30	31	41	42	43	44	45	46	47	55	57	58	59	60	61	62	63	72	73	74	76	77	78	79	91	92	93	94	95	109	110	111	125	141	159	174	175	190	191	206	207	222	223	238	399	#
769	3794300	26	27	42	43	53	55	57	58	59	60	61	62	69	70	71	72	73	74	76	77	78	79	84	85	86	87	88	89	90	92	93	94	95	100	101	102	103	104	105	106	108	109	110	116	118	119	120	121	125	136	137	138	141	211	399	#
770	3719364	11	13	14	15	26	27	28	30	31	42	43	44	45	46	47	57	58	59	60	61	62	63	73	74	75	76	77	78	79	89	90	91	92	93	94	95	105	108	109	110	111	124	125	140	141	190	191	206	207	222	223	238	252	253	399	#
771	3711888	11	21	22	24	25	26	27	37	38	39	40	41	42	43	52	53	55	56	57	58	59	68	70	71	72	73	74	84	85	86	87	88	89	90	100	101	102	103	104	105	116	117	118	119	120	132	133	135	136	148	149	166	182	198	399	#
772	3700547	8	13	14	15	24	25	26	27	28	29	30	31	42	43	44	45	46	47	58	59	60	61	62	63	72	73	74	77	78	79	92	93	94	95	109	110	111	124	125	140	141	168	170	171	183	184	185	186	193	200	208	209	216	232	399	#
773	692867	204	205	207	219	220	221	222	223	236	237	238	239	255	400	#
774	839744	138	139	188	189	204	205	218	219	220	221	222	236	252	400	#
775	819666	32	49	220	221	222	223	236	237	238	239	252	254	255	400	#
776	814254	188	204	205	219	220	221	222	223	236	237	238	239	252	400	#
777	773347	188	204	207	220	222	223	236	237	238	239	252	254	255	400	#
778	756177	188	189	204	205	207	218	219	220	221	222	223	237	238	400	#
779	278467	68	83	99	401	#
780	303169	67	68	83	401	#
781	228452	52	67	68	401	#
782	200344	67	83	99	401	#
783	2205408	12	13	14	15	26	27	28	29	30	31	41	42	43	44	45	46	47	59	60	61	62	63	67	75	76	77	78	79	93	94	95	109	111	127	402	#
784	2555121	28	37	38	42	43	44	45	46	47	54	55	59	60	61	63	70	71	72	74	75	76	77	78	79	88	91	92	93	94	95	107	109	110	161	402	#
785	2428388	10	12	13	14	15	26	28	29	30	31	42	43	44	45	46	47	59	60	61	62	63	75	76	78	79	94	95	154	155	156	169	170	185	186	402	#
786	2420767	10	25	26	41	42	43	44	45	57	58	59	60	72	74	75	76	88	89	90	105	106	181	183	184	185	186	197	198	199	200	213	214	215	216	402	#
787	2420407	0	1	16	29	30	45	46	59	60	61	62	63	74	75	76	79	89	90	91	92	93	94	105	106	107	109	122	123	182	183	197	198	199	214	402	#
788	2387728	7	8	9	10	11	12	24	25	26	27	28	41	42	43	44	57	58	59	60	72	73	74	75	88	89	90	104	105	106	107	153	154	169	170	402	#
789	230943	16	32	33	34	403	#
790	297719	0	16	32	48	403	#
791	202868	16	32	33	49	403	#
792	199371	33	34	35	50	403	#
793	175245	18	33	34	35	403	#
794	873717	32	48	49	50	64	65	66	67	68	80	81	82	83	96	97	98	99	114	404	#
795	1283063	36	50	52	53	65	66	67	68	82	83	84	85	98	100	101	116	117	133	404	#
796	1241494	36	38	48	49	50	51	52	53	67	68	69	83	84	85	100	101	116	117	404	#
797	1172383	36	52	67	68	69	70	81	82	83	84	85	98	99	100	101	115	116	117	404	#
798	1136763	52	67	68	69	80	82	83	84	85	96	97	98	99	100	101	115	116	117	404	#
799	1135062	16	17	32	33	48	49	64	65	136	152	153	155	156	170	171	186	187	202	404	#
800	222754	67	68	82	83	98	99	405	#
801	263889	66	67	68	82	83	92	405	#
802	262928	72	83	99	115	131	147	405	#
803	221914	66	80	81	82	97	98	405	#
804	208557	67	68	83	99	114	115	405	#
805	192669	65	66	67	81	82	83	405	#
806	1525740	107	120	121	122	123	124	137	138	139	140	154	170	180	194	196	197	210	211	212	213	225	226	240	241	242	406	#
807	1854157	0	1	2	12	13	16	18	28	29	30	32	45	46	47	61	194	195	210	224	225	226	240	241	242	243	406	#
808	1718179	148	163	164	166	167	179	180	182	183	184	196	197	199	200	212	213	214	215	216	217	218	229	230	231	232	406	#
809	1707735	162	163	164	165	166	177	178	179	180	192	193	194	195	196	197	198	200	209	210	212	213	214	215	216	225	406	#
810	1694780	0	1	2	16	17	18	178	179	180	192	193	194	195	208	209	210	224	225	226	227	240	241	242	243	244	406	#
811	1656306	133	148	163	164	177	178	179	180	181	193	194	195	196	197	198	209	210	211	212	225	226	241	242	243	244	406	#
812	2202126	104	105	121	122	123	136	137	138	142	153	154	155	156	157	158	169	170	171	172	173	186	187	201	202	203	204	205	216	217	218	219	231	232	233	234	235	248	250	407	#
813	2822050	55	56	57	58	70	71	72	73	89	141	142	154	155	156	157	158	159	169	170	171	172	173	174	186	187	188	189	195	202	203	204	211	212	213	217	218	219	234	407	#
814	2809465	28	30	44	45	46	47	60	62	66	77	78	80	81	82	96	97	98	114	141	155	156	157	158	169	170	171	172	187	188	189	190	202	203	204	218	219	220	234	407	#
815	2711372	10	22	25	26	39	40	41	42	55	56	58	71	72	107	108	109	110	123	124	125	126	127	141	142	143	155	156	157	158	170	171	172	173	174	175	189	190	191	407	#
816	2638622	57	71	72	128	129	148	162	163	164	167	168	180	181	183	184	195	196	197	199	201	202	211	212	213	214	215	216	217	218	219	228	229	230	231	232	233	245	247	407	#
817	2587230	136	137	147	149	150	151	152	153	154	155	156	157	160	161	163	164	165	166	167	168	169	170	171	172	182	183	184	187	188	199	203	214	215	216	219	231	232	247	407	#
818	286191	22	37	38	51	52	53	54	408	#
819	312894	20	36	37	52	53	69	70	408	#
820	307321	37	38	53	54	69	70	86	408	#
821	264380	20	21	22	37	38	54	70	408	#
822	256478	19	35	36	50	51	52	66	408	#
823	231980	34	35	36	37	50	51	52	408	#
824	853019	53	54	57	69	70	71	72	85	86	92	102	409	#
825	873579	52	53	54	57	68	69	70	71	72	73	86	409	#
826	861919	60	76	90	91	92	105	106	107	108	123	124	409	#
827	851875	40	55	56	57	71	72	73	88	89	90	106	409	#
828	809329	41	52	53	57	69	70	72	82	83	84	85	409	#
829	793620	22	38	53	54	69	70	85	86	102	230	231	409	#
830	395464	176	177	178	192	193	194	209	410	#
831	469114	160	161	176	177	178	193	194	410	#
832	445890	176	192	193	208	209	225	241	410	#
833	423521	160	161	176	184	192	199	200	410	#
834	369637	147	161	176	177	192	193	208	410	#
835	363379	178	180	181	193	194	196	209	410	#
836	268909	81	82	97	98	114	411	#
837	395817	68	82	83	97	98	411	#
838	337276	81	96	97	113	114	411	#
839	303330	81	82	85	97	114	411	#
840	281131	96	97	98	114	130	411	#
841	184939	114	115	130	131	147	411	#
842	520359	186	201	202	203	219	412	#
843	491939	153	170	186	201	202	412	#
844	377713	186	202	218	234	235	412	#
845	370884	171	172	187	202	203	412	#
846	352828	186	201	202	217	233	412	#
847	269540	172	188	189	413	#
848	327553	173	174	189	413	#
849	216278	171	172	188	413	#
850	163818	156	172	188	413	#
851	765554	77	93	94	108	109	110	124	125	126	127	140	143	173	414	#
852	864966	91	106	107	109	110	121	122	123	124	125	138	139	140	414	#
853	848799	29	45	46	60	61	77	79	93	94	95	109	110	111	414	#
854	845729	29	30	44	45	46	59	60	61	62	77	78	92	93	414	#
855	817913	91	107	122	123	124	125	139	140	155	156	171	172	187	414	#
856	807371	77	78	79	92	93	94	95	109	110	125	126	136	152	414	#
857	394101	198	214	230	246	415	#
858	394357	198	213	214	230	415	#
859	322285	167	182	198	214	415	#
860	321079	214	230	245	246	415	#
861	310688	213	214	215	230	415	#
862	1450590	22	38	52	53	67	69	70	83	84	85	86	87	99	100	103	104	116	117	139	155	170	171	416	#
863	1474661	67	68	83	84	99	100	101	115	116	117	118	131	133	134	149	150	155	165	166	182	183	198	416	#
864	1417110	18	34	35	110	125	126	138	139	140	141	142	154	155	156	157	170	171	172	173	174	186	189	416	#
865	1415271	41	53	54	55	56	69	70	71	72	73	85	86	87	88	100	101	102	103	104	117	118	120	416	#
866	1414302	53	67	69	71	83	84	85	86	87	99	100	101	103	104	116	117	118	120	133	134	149	150	416	#
867	1411356	27	28	44	45	53	54	69	70	84	85	86	87	100	101	102	103	117	118	133	144	147	148	416	#
868	183517	211	226	417	#
869	119006	210	211	417	#
870	87736	206	226	417	#
871	273459	26	42	418	#
872	204671	26	58	418	#
873	184730	16	42	418	#
874	733654	2	3	4	19	20	21	22	23	34	35	36	37	38	39	50	51	52	53	54	419	#
875	1098789	0	2	3	4	16	17	18	19	20	34	35	36	50	51	66	93	109	125	141	419	#
876	1005649	0	1	2	3	4	18	19	20	21	22	34	38	39	137	138	140	141	155	156	419	#
877	999891	16	17	18	19	20	32	33	34	35	36	50	51	52	53	111	218	219	234	235	419	#
878	962871	3	4	18	19	20	32	33	34	35	36	37	50	51	52	53	67	68	69	84	419	#
879	940611	3	4	20	21	22	34	35	36	37	38	50	51	53	69	70	210	226	227	242	419	#
880	353692	230	231	233	248	249	420	#
881	358107	82	83	233	248	249	420	#
882	354061	217	231	233	248	249	420	#
883	343382	231	232	233	248	249	420	#
884	310781	231	232	247	248	249	420	#
885	252761	215	230	231	232	247	420	#
886	722403	43	44	45	113	129	130	131	144	145	146	160	161	162	176	421	#
887	1043620	110	128	129	144	145	146	160	161	162	163	176	177	178	193	421	#
888	983447	144	145	146	160	161	162	163	176	177	178	179	193	194	210	421	#
889	951999	97	113	114	129	144	145	146	160	161	162	222	238	251	252	421	#
890	936054	97	113	129	130	131	145	146	160	161	162	176	177	178	193	421	#
891	923829	46	47	113	129	130	144	145	146	160	161	162	176	177	178	421	#
892	487803	41	42	58	59	74	90	422	#
893	531988	27	42	43	44	58	59	422	#
894	512236	26	27	42	43	44	59	422	#
895	471512	25	41	42	43	58	59	422	#
896	375334	51	74	75	76	91	92	422	#
897	347171	25	26	40	41	42	43	422	#
898	1135838	157	170	171	172	173	185	186	187	188	189	202	203	219	423	#
899	1092827	107	108	124	171	172	186	188	189	201	202	204	218	234	423	#
900	1089551	170	171	185	186	187	201	202	203	208	217	224	240	241	423	#
901	1002611	126	127	142	143	155	156	170	171	174	185	186	189	202	423	#
902	998169	139	140	141	155	157	170	171	172	173	174	175	186	202	423	#
903	982161	151	152	154	168	169	170	171	185	186	201	202	203	207	423	#
904	96581	114	129	130	424	#
905	142498	97	114	130	424	#
906	67005	63	98	129	424	#
907	1423035	11	12	27	28	29	30	45	46	60	61	63	75	76	77	79	80	92	93	94	95	129	145	425	#
908	1968053	9	11	12	25	26	27	28	29	42	43	46	58	59	60	61	62	75	76	91	126	142	143	425	#
909	1896704	9	11	16	17	25	26	27	28	32	33	34	42	43	49	58	59	60	74	75	76	90	91	425	#
910	1880590	9	25	26	29	30	42	43	45	46	47	58	59	60	61	62	74	75	76	77	78	91	107	425	#
911	1869251	9	26	30	42	43	45	46	47	58	59	60	61	62	63	76	77	78	79	93	94	109	202	425	#
912	1815320	9	11	25	26	27	42	43	46	47	59	60	61	62	63	75	76	77	93	120	121	122	133	425	#
913	215643	140	141	156	172	426	#
914	323037	109	110	125	141	426	#
915	261471	124	125	140	156	426	#
916	225683	140	141	156	157	426	#
917	133501	141	156	157	172	426	#
918	399721	155	156	170	171	172	427	#
919	484568	153	155	169	170	171	427	#
920	444853	153	154	155	170	186	427	#
921	321847	13	14	15	140	156	427	#
922	319778	140	155	156	157	172	427	#
923	245343	140	141	156	157	172	427	#
924	913768	184	199	200	216	231	232	233	234	235	236	248	249	250	251	428	#
925	1103878	151	166	167	182	183	184	197	198	199	200	201	216	217	233	428	#
926	1072122	182	183	184	198	199	201	216	217	231	232	233	234	235	251	428	#
927	1061610	92	182	183	184	198	199	200	202	216	217	218	231	232	233	428	#
928	967886	166	167	168	182	183	184	199	200	201	202	216	217	232	233	428	#
929	948339	58	73	89	168	183	184	199	200	216	217	231	232	233	248	428	#
930	1180570	4	5	6	22	38	65	66	67	81	82	83	97	98	168	184	199	200	215	216	429	#
931	1342344	153	182	183	184	185	186	199	201	202	203	204	214	215	216	217	218	219	220	233	429	#
932	1332304	43	46	47	60	61	76	102	103	104	105	120	121	136	151	152	166	167	168	182	429	#
933	1329879	39	42	43	48	49	50	58	59	60	61	62	64	65	66	74	81	82	98	114	429	#
934	1299743	91	182	183	184	185	186	187	199	200	201	202	203	216	217	218	233	234	235	250	429	#
935	1222751	149	150	151	165	167	182	183	184	197	199	200	212	213	214	215	216	217	229	231	429	#
936	1281716	19	20	35	36	37	51	53	137	138	151	152	153	154	155	170	171	186	187	430	#
937	1471708	149	151	155	164	165	166	167	171	182	183	187	198	212	213	214	215	230	246	430	#
938	1411735	152	153	165	166	167	168	182	183	184	185	186	201	202	203	216	217	218	234	430	#
939	1386840	40	41	137	138	152	153	154	155	170	171	186	187	202	226	227	240	241	242	430	#
940	1306609	66	107	121	122	123	124	137	138	139	152	153	154	155	170	171	186	201	202	430	#
941	1264383	0	121	123	137	138	139	152	153	154	155	156	170	171	186	187	206	221	222	430	#
942	175783	84	85	431	#
943	171788	83	84	431	#
944	120230	85	101	431	#
945	233778	219	220	236	237	253	432	#
946	302635	237	251	252	253	254	432	#
947	214220	220	221	236	252	253	432	#
948	170556	149	150	433	#
949	156580	150	166	433	#
950	152846	133	149	433	#
951	124952	83	99	115	434	#
952	158725	67	68	83	434	#
953	334742	4	5	6	20	21	22	37	39	435	#
954	417676	3	4	5	6	7	22	38	39	435	#
955	407993	3	4	5	21	22	37	52	53	435	#
956	389914	5	6	7	21	22	37	38	53	435	#
957	372769	4	5	20	21	22	38	39	53	435	#
958	358602	4	5	19	20	21	22	39	55	435	#
959	678881	55	57	71	72	73	74	88	89	436	#
960	680802	55	72	73	74	87	88	89	194	436	#
961	677170	57	58	59	72	73	74	88	89	436	#
962	648504	26	42	57	58	72	73	74	90	436	#
963	557138	71	72	73	89	90	106	122	138	436	#
964	467567	39	55	56	71	72	88	89	104	436	#
965	780298	8	9	10	11	25	26	27	28	41	42	43	437	#
966	773247	8	9	10	11	12	13	24	25	26	28	41	437	#
967	756937	8	9	10	11	24	25	26	39	40	41	57	437	#
968	755888	8	9	11	24	25	26	27	28	39	40	41	437	#
969	745064	8	9	10	24	25	26	32	40	41	48	64	437	#
970	666339	10	11	25	26	27	28	41	43	60	126	142	437	#
971	589791	210	211	225	226	227	228	242	243	244	438	#
972	757562	197	212	213	228	229	230	244	245	246	438	#
973	716883	195	210	211	212	213	225	226	241	242	438	#
974	698485	210	211	212	226	227	228	229	234	242	438	#
975	656109	210	226	227	228	229	242	244	245	246	438	#
976	615651	210	211	212	213	226	227	241	242	243	438	#
977	455567	72	73	88	89	90	106	252	439	#
978	564384	56	70	71	72	73	88	89	439	#
979	512443	55	56	71	72	73	88	89	439	#
980	477268	106	107	108	122	123	124	139	439	#
981	473545	55	56	58	72	73	74	89	439	#
982	277147	90	91	106	107	122	123	212	439	#
983	367864	97	98	99	114	115	131	240	440	#
984	496010	64	80	96	97	98	114	130	440	#
985	474080	50	66	82	97	98	114	184	440	#
986	464155	38	53	69	115	131	147	148	440	#
987	376985	80	82	97	98	114	115	130	440	#
988	360383	208	210	224	225	226	240	241	440	#
989	377773	0	16	17	32	48	441	#
990	455636	16	17	32	49	65	441	#
991	439286	0	1	2	17	18	441	#
992	419486	0	16	17	18	34	441	#
993	325516	32	48	49	64	65	441	#
994	242124	32	33	48	49	65	441	#
995	105563	145	#
996	55123	38	#
997	519563	156	157	159	173	174	175	188	189	190	442	#
998	706020	84	86	100	101	156	157	173	188	189	442	#
999	630981	50	66	186	188	202	203	204	220	237	442	#
1000	592242	141	155	156	157	171	172	173	174	190	442	#
1001	548445	97	139	157	158	173	174	188	189	190	442	#
1002	478676	123	139	155	156	167	171	172	183	188	442	#
