%% File generated by CATS v.2.1Wed Jun 19 19:17:51 2013

%% The CATS webpage is http://robotics.stanford.edu/CATS

%% PARAMETER SETTINGS:
% Goods: 256; Bids: 1000; Distribution: regions; Runs: 50; Seed: 1371664596
% Regions Distribution Parameters:
% Max Substitutable Bids = 5
% Removing HV Neighbor   = 0.1
% Adding DIAG Neighbor   = 0.2
% Additional Location    = 0.9
% Jump Probability       = 0.05
% Additivity             = 0.2
% Budget Factor          = 1.5
% Resale Factor          = 0.5
% Normal Private Value:
%   Mean                 = 0
%   Standard Deviation   = 30



goods 256
bids 1000
dummy 193

0	279235	164	179	180	196	256	#
1	305262	178	179	180	195	256	#
2	276869	179	180	181	196	256	#
3	272010	146	147	164	180	256	#
4	145246	157	173	174	257	#
5	183753	172	173	174	257	#
6	128819	157	172	173	257	#
7	253269	107	108	123	140	258	#
8	306128	92	107	108	125	258	#
9	216986	76	92	108	123	258	#
10	212035	92	107	108	123	258	#
11	890035	179	180	181	182	183	194	195	196	210	211	226	227	242	243	259	#
12	1062366	85	132	147	148	149	163	164	177	178	179	180	193	196	222	259	#
13	1012642	129	145	160	161	162	163	176	177	178	179	194	195	196	210	259	#
14	987617	58	59	74	75	82	98	99	195	211	226	227	242	245	246	259	#
15	914442	163	172	179	189	193	194	195	196	206	208	209	210	211	222	259	#
16	901174	0	1	16	17	33	178	179	180	194	195	196	210	212	226	259	#
17	319109	85	101	102	103	117	118	260	#
18	413427	85	100	101	102	116	117	260	#
19	382356	53	68	69	85	86	181	260	#
20	372112	102	103	118	119	120	134	260	#
21	210897	71	86	87	88	102	103	260	#
22	193526	101	102	103	104	118	161	260	#
23	1801353	93	94	96	97	98	108	109	111	112	113	114	121	122	128	129	130	131	136	137	145	146	151	152	160	161	165	166	167	176	191	261	#
24	2086020	112	113	117	128	129	130	131	132	133	145	146	147	148	149	150	151	160	161	162	163	164	165	166	167	176	178	180	181	182	183	261	#
25	2076388	112	113	129	145	146	147	148	150	160	161	162	163	164	165	166	167	176	177	178	179	180	181	182	183	193	194	198	199	200	215	261	#
26	2063909	76	77	78	79	93	94	95	109	110	111	122	123	124	125	126	127	138	139	140	141	153	155	156	169	171	185	188	189	206	222	261	#
27	2062157	135	147	150	163	164	165	166	167	168	169	178	179	180	181	182	183	184	185	195	196	197	198	199	200	201	205	206	211	215	217	261	#
28	2039604	82	83	98	112	113	114	117	122	128	129	130	131	132	133	136	137	138	139	144	145	146	147	153	154	160	161	162	176	178	179	261	#
29	269181	93	108	123	124	139	262	#
30	374112	122	123	124	139	155	262	#
31	366510	123	139	140	141	156	262	#
32	331415	93	94	108	109	125	262	#
33	315652	92	106	107	108	230	262	#
34	291830	91	107	108	123	124	262	#
35	614307	64	65	66	80	81	83	96	97	112	160	176	177	263	#
36	838758	96	97	112	128	129	144	145	146	160	176	180	196	263	#
37	701453	6	81	96	97	98	99	112	113	114	115	128	130	263	#
38	640306	84	97	98	100	101	113	114	116	117	136	152	153	263	#
39	633736	45	46	47	61	64	80	81	96	97	98	112	128	263	#
40	630403	145	161	162	177	178	193	194	208	209	210	211	225	263	#
41	919816	205	206	207	221	222	223	237	238	239	252	253	254	255	264	#
42	960472	204	205	206	207	219	220	221	222	235	236	237	238	252	264	#
43	947497	221	222	223	235	236	237	238	239	251	252	253	254	255	264	#
44	942671	191	206	207	222	223	236	237	238	239	252	253	254	255	264	#
45	942447	31	201	217	218	219	234	236	237	238	250	251	252	253	264	#
46	903315	204	205	220	221	222	236	237	238	239	252	253	254	255	264	#
47	754272	72	73	87	88	89	90	103	104	105	106	119	120	121	265	#
48	876128	27	43	58	59	60	72	73	74	75	89	90	92	105	265	#
49	746632	56	70	71	72	87	88	89	90	103	104	120	196	197	265	#
50	706676	73	87	88	104	105	106	119	120	121	122	134	136	152	265	#
51	705434	87	102	103	104	106	118	119	120	121	122	123	135	137	265	#
52	700509	41	42	56	57	59	72	73	74	75	87	88	89	90	265	#
53	643071	113	114	115	116	129	130	131	145	146	266	#
54	853673	130	144	145	146	161	162	176	177	178	266	#
55	792804	115	116	117	130	131	132	133	148	237	266	#
56	674661	114	115	116	130	131	132	146	147	215	266	#
57	613666	138	145	146	160	161	176	177	178	250	266	#
58	589292	83	98	99	115	116	130	131	146	147	266	#
59	162051	13	28	267	#
60	124160	11	28	267	#
61	96606	12	13	267	#
62	502394	90	162	163	176	177	178	179	180	192	194	268	#
63	656880	43	160	161	176	177	192	193	208	209	224	268	#
64	622627	130	145	146	161	162	163	164	176	177	253	268	#
65	585510	148	149	163	164	179	180	181	195	196	197	268	#
66	584181	145	146	160	161	176	177	178	193	194	243	268	#
67	570768	25	41	57	58	59	73	74	88	89	90	268	#
68	698997	82	83	97	98	99	100	101	113	114	115	116	117	118	269	#
69	862398	70	86	87	100	101	102	103	112	115	116	117	118	120	269	#
70	846506	66	67	81	82	83	96	97	98	99	100	112	113	129	269	#
71	811311	64	65	66	67	80	81	82	83	84	97	98	99	100	269	#
72	784576	101	114	115	116	132	147	148	149	150	163	165	179	194	269	#
73	771940	64	65	66	83	97	98	99	114	115	131	140	141	142	269	#
74	1248367	18	19	34	35	48	49	50	51	66	67	68	69	70	80	81	82	83	84	196	209	210	211	212	226	238	242	270	#
75	1736260	68	145	146	160	161	162	163	176	177	178	179	194	195	196	208	209	210	211	224	225	226	227	228	241	243	244	270	#
76	1668936	123	144	145	146	147	160	161	162	163	164	176	177	178	179	192	193	208	209	210	211	225	226	227	241	242	243	270	#
77	1546863	11	12	27	28	44	45	60	61	64	80	110	147	163	164	165	179	180	193	194	195	210	211	212	226	227	242	270	#
78	1518724	193	197	198	199	208	209	210	211	212	213	214	224	225	226	227	228	229	230	240	241	242	243	244	245	246	247	270	#
79	1502181	132	133	134	146	147	149	155	163	164	165	170	171	172	179	180	181	186	187	188	194	195	196	197	198	212	213	270	#
80	162715	118	119	135	271	#
81	232675	119	120	135	271	#
82	160823	135	149	150	271	#
83	104341	103	104	118	271	#
84	153191	163	164	179	272	#
85	88948	163	164	180	272	#
86	78135	163	164	165	272	#
87	503397	194	208	209	210	211	226	273	#
88	449638	210	211	212	226	227	243	273	#
89	414280	161	178	179	193	194	195	273	#
90	391553	192	193	194	208	224	240	273	#
91	333460	165	180	181	195	196	211	273	#
92	305536	177	192	193	208	209	224	273	#
93	164846	236	252	#
94	387465	99	100	101	115	116	117	133	274	#
95	560660	99	112	113	114	115	116	131	274	#
96	474957	102	103	104	119	133	134	135	274	#
97	419806	69	70	86	101	102	116	117	274	#
98	389429	81	82	83	84	97	100	116	274	#
99	352901	101	103	117	118	119	161	176	274	#
100	67619	169	#
101	414649	93	109	138	139	140	141	275	#
102	497247	109	125	126	140	141	155	275	#
103	449733	76	92	93	108	109	125	275	#
104	364140	122	123	124	125	139	140	275	#
105	320256	90	105	106	121	122	138	275	#
106	294540	109	110	125	126	175	190	275	#
107	317600	196	197	212	213	214	228	276	#
108	421480	196	197	211	212	227	228	276	#
109	403121	197	211	212	213	227	228	276	#
110	382847	211	212	213	228	244	245	276	#
111	319480	183	198	199	213	214	229	276	#
112	249333	165	181	196	197	212	214	276	#
113	886641	1	99	100	114	115	120	136	152	153	168	169	170	184	277	#
114	1063743	167	168	169	170	183	184	185	189	200	201	215	216	217	277	#
115	962918	125	140	152	155	156	167	168	169	170	171	183	184	185	277	#
116	955424	137	151	152	153	166	167	168	169	170	181	182	184	185	277	#
117	950893	151	152	153	166	168	169	181	182	183	184	197	198	212	277	#
118	898167	105	106	121	122	135	136	137	138	152	153	154	167	168	277	#
119	23163	252	#
120	539963	9	24	25	39	40	41	57	151	152	278	#
121	701025	119	120	135	151	152	153	167	168	169	278	#
122	486044	6	7	8	22	23	24	37	38	39	278	#
123	452384	69	85	101	151	152	153	168	184	185	278	#
124	427963	9	10	11	25	26	27	196	211	212	278	#
125	407293	42	57	58	59	73	74	88	89	90	278	#
126	130796	240	#
127	308153	94	111	127	142	143	159	279	#
128	440934	141	142	143	157	158	159	279	#
129	412249	127	141	142	143	158	159	279	#
130	338864	110	111	127	143	158	159	279	#
131	263973	93	94	95	109	111	127	279	#
132	239678	63	79	94	95	110	111	279	#
133	714920	186	203	204	210	218	219	220	221	236	237	238	252	280	#
134	860446	110	111	178	179	180	181	193	194	195	208	209	210	280	#
135	831484	119	120	134	135	136	152	217	218	220	234	235	236	280	#
136	810667	20	21	219	220	221	222	235	236	237	238	254	255	280	#
137	729415	202	203	204	205	218	219	220	221	235	236	237	251	280	#
138	706472	48	49	65	81	171	172	203	204	219	220	221	237	280	#
139	13513	118	#
140	364214	7	8	9	22	23	24	25	38	281	#
141	493101	5	6	20	21	22	37	38	39	281	#
142	409629	7	8	9	10	25	27	41	43	281	#
143	395415	25	26	27	40	41	42	43	242	281	#
144	372235	6	7	8	22	23	24	40	56	281	#
145	336323	6	7	22	23	24	38	39	40	281	#
146	169303	181	196	197	198	212	213	214	228	282	#
147	219542	165	181	182	183	196	197	198	199	282	#
148	162630	134	135	150	283	#
149	205612	118	135	150	283	#
150	186620	119	133	134	283	#
151	602783	5	6	7	8	9	10	20	21	22	23	24	26	27	39	40	56	284	#
152	901034	8	9	10	11	25	26	41	42	43	208	209	224	225	240	241	242	284	#
153	874072	25	26	41	42	43	58	59	73	74	168	169	232	233	246	247	248	284	#
154	833033	39	40	41	42	54	55	56	57	58	69	70	72	73	74	89	90	284	#
155	787026	3	4	19	20	34	35	36	52	53	68	84	172	188	189	203	204	284	#
156	774844	6	7	8	9	10	11	24	25	26	27	28	40	42	43	44	123	284	#
157	207883	20	35	36	51	52	67	285	#
158	307507	50	51	52	53	66	68	285	#
159	270589	20	21	36	51	52	67	285	#
160	219550	35	36	51	52	67	83	285	#
161	196495	34	35	36	50	51	52	285	#
162	188364	19	35	36	49	50	51	285	#
163	185629	98	99	114	115	286	#
164	252631	82	97	98	99	286	#
165	243722	113	114	115	131	286	#
166	115486	83	98	99	115	286	#
167	1154939	53	69	84	85	100	101	102	103	114	115	116	117	118	119	134	135	287	#
168	1413884	69	84	85	86	101	102	116	117	118	119	133	134	135	150	176	177	287	#
169	1379053	85	86	101	102	114	115	116	117	118	119	120	131	133	135	150	151	287	#
170	1315261	7	23	24	62	85	86	102	115	116	117	118	119	120	132	134	135	287	#
171	1279505	37	38	53	103	115	118	119	120	121	130	135	136	137	151	160	176	287	#
172	1258623	53	69	70	85	86	101	102	103	114	115	116	119	120	130	131	229	287	#
173	413664	176	177	192	193	194	209	288	#
174	582740	145	160	161	162	176	177	288	#
175	526100	160	161	162	176	177	192	288	#
176	490390	145	160	161	177	178	194	288	#
177	325120	161	177	192	193	208	209	288	#
178	302981	177	192	193	208	209	224	288	#
179	634053	42	43	58	59	60	61	75	76	92	237	289	#
180	724990	30	31	44	45	46	47	61	218	219	235	289	#
181	644873	98	205	221	234	235	236	237	249	250	251	289	#
182	590624	26	42	43	44	57	58	59	60	61	74	289	#
183	583879	60	61	75	76	91	92	107	108	191	207	289	#
184	577851	60	75	76	77	157	158	159	173	174	175	289	#
185	154928	139	169	170	290	#
186	154181	168	169	185	290	#
187	617161	89	90	91	105	106	107	121	122	137	152	153	154	155	228	291	#
188	894632	89	90	91	105	106	107	108	121	123	140	141	172	249	250	291	#
189	824714	149	150	165	166	181	197	198	212	213	227	228	230	243	246	291	#
190	816219	74	85	86	89	90	101	105	106	121	122	137	138	139	140	291	#
191	813314	120	135	136	137	151	152	166	167	169	182	183	184	198	200	291	#
192	793952	106	107	108	120	121	122	136	137	138	154	169	170	174	190	291	#
193	579049	161	163	164	165	176	177	180	192	193	194	292	#
194	800717	179	192	193	194	208	209	210	211	224	227	292	#
195	788926	144	160	161	176	177	178	179	192	193	208	292	#
196	704477	160	161	162	163	176	177	178	179	194	195	292	#
197	680159	34	51	90	106	178	192	193	194	195	209	292	#
198	636125	150	160	161	162	176	177	178	192	193	208	292	#
199	269310	197	212	214	227	228	229	293	#
200	335005	214	229	230	244	245	246	293	#
201	310605	211	226	227	228	243	244	293	#
202	281946	211	212	213	227	228	229	293	#
203	249934	197	211	212	213	228	229	293	#
204	204700	181	197	198	213	214	228	293	#
205	18799	83	#
206	55437	204	220	#
207	1082565	16	32	33	34	48	49	50	51	66	67	82	83	84	117	132	133	148	294	#
208	1183467	116	117	118	130	131	132	133	147	148	162	163	164	165	178	179	194	195	294	#
209	971261	16	32	33	34	35	48	49	50	51	52	53	65	66	68	69	70	82	294	#
210	942607	100	101	114	115	116	117	130	131	132	133	147	148	149	166	181	182	183	294	#
211	930651	0	1	11	13	16	17	18	27	28	29	32	33	34	44	45	48	49	294	#
212	899666	16	32	33	34	35	36	48	49	51	64	80	136	137	146	161	162	163	294	#
213	760360	116	131	132	133	134	143	159	174	175	189	190	191	207	223	295	#
214	1042709	109	110	124	125	126	140	141	142	143	157	158	159	172	174	295	#
215	972482	85	86	101	102	103	104	116	117	118	132	147	148	149	205	295	#
216	971441	97	98	114	131	132	133	147	148	149	163	164	165	179	180	295	#
217	927968	21	22	23	37	38	54	110	126	127	143	158	159	207	223	295	#
218	833226	38	101	116	117	118	119	133	134	135	149	150	151	152	165	295	#
219	142068	32	48	64	65	81	296	#
220	189880	34	49	50	65	66	296	#
221	175449	48	49	61	64	65	296	#
222	120463	80	#
223	1679762	88	103	104	118	119	120	121	122	134	135	136	137	138	139	140	147	150	151	152	153	154	155	164	166	167	168	169	170	171	184	185	186	201	202	297	#
224	2464784	119	130	133	134	135	136	146	147	148	149	150	162	163	164	165	176	179	180	181	195	196	197	198	209	210	211	212	214	226	228	229	230	245	246	297	#
225	2246269	84	85	99	100	101	102	103	104	105	106	115	116	117	118	119	121	122	132	133	134	135	137	147	148	149	150	165	166	167	168	181	183	197	213	297	#
226	2198926	93	105	106	108	121	122	123	124	125	136	137	138	139	140	141	153	154	155	156	170	171	187	188	199	200	201	202	203	204	216	217	218	219	231	297	#
227	2131214	60	75	76	77	89	90	91	92	94	105	106	107	108	109	123	124	125	126	137	138	139	140	141	154	155	156	169	170	171	172	188	189	205	206	297	#
228	2072601	80	81	82	84	96	97	98	99	100	101	102	108	109	113	114	115	116	117	118	119	125	129	130	131	132	133	134	135	141	149	150	151	165	166	297	#
229	350403	51	66	67	82	84	98	298	#
230	412631	66	80	81	82	98	113	298	#
231	359839	66	67	83	84	100	116	298	#
232	359418	82	98	113	114	129	130	298	#
233	331888	49	51	66	67	83	84	298	#
234	282971	35	49	51	65	66	67	298	#
235	425963	94	107	108	110	111	125	126	142	143	164	180	181	299	#
236	623862	82	83	98	114	131	132	146	147	149	163	164	165	299	#
237	614250	78	79	92	93	94	95	108	109	110	111	126	127	299	#
238	609201	135	149	150	151	152	165	166	169	180	181	196	197	299	#
239	504781	69	70	71	87	88	94	95	111	125	126	127	141	299	#
240	490676	61	63	77	78	79	93	94	95	109	110	111	192	299	#
241	58695	117	#
242	918122	11	12	28	43	44	58	72	73	74	89	90	91	105	106	107	250	251	300	#
243	1171697	73	74	75	76	89	90	91	98	105	106	107	108	113	122	123	137	138	300	#
244	1099855	59	60	61	75	76	77	90	91	92	93	94	107	108	109	122	123	139	300	#
245	1094038	61	77	93	94	106	107	108	109	122	123	124	125	126	139	140	200	201	300	#
246	1076694	27	30	42	43	46	58	59	60	61	74	75	76	91	92	107	108	126	300	#
247	1071054	218	219	231	232	233	234	235	236	237	238	247	248	249	250	251	252	255	300	#
248	201989	21	22	23	38	301	#
249	271717	6	21	22	23	301	#
250	264650	6	7	22	23	301	#
251	193925	7	22	23	39	301	#
252	119175	17	18	19	302	#
253	142438	17	18	106	302	#
254	60704	3	4	19	302	#
255	210986	21	22	23	303	#
256	180447	7	22	23	303	#
257	173167	20	21	36	303	#
258	623309	78	94	95	109	110	126	141	157	304	#
259	666591	62	78	79	93	94	95	109	110	304	#
260	635715	75	79	92	93	94	109	125	141	304	#
261	617864	63	77	78	79	93	94	109	125	304	#
262	564938	35	51	63	67	78	93	94	110	304	#
263	492159	124	125	126	141	142	143	157	158	304	#
264	871204	110	114	115	130	131	132	145	146	160	161	176	178	305	#
265	971522	66	82	83	97	98	99	113	114	129	130	131	146	305	#
266	927246	129	145	146	160	161	162	176	177	178	194	195	210	305	#
267	906164	57	58	145	146	160	161	162	177	178	179	194	195	305	#
268	874548	129	145	146	147	160	161	162	177	178	179	193	194	305	#
269	792700	96	97	98	113	115	128	129	130	131	132	145	146	305	#
270	225610	94	110	111	306	#
271	265312	94	95	110	306	#
272	260472	78	79	94	306	#
273	118557	94	111	127	306	#
274	27135	107	#
275	211153	155	156	172	173	174	307	#
276	307926	123	140	141	155	156	307	#
277	292085	141	157	172	173	174	307	#
278	132093	156	157	171	172	173	307	#
279	75593	157	172	173	189	190	307	#
280	320256	186	187	202	203	217	218	219	308	#
281	396691	200	201	216	217	218	231	233	308	#
282	377286	187	203	218	219	233	234	235	308	#
283	287869	155	170	171	172	186	187	203	308	#
284	271029	202	203	216	217	218	233	234	308	#
285	268293	58	186	203	212	227	228	229	308	#
286	19803	79	#
287	695081	178	194	195	210	211	226	227	228	242	243	244	309	#
288	862138	43	130	146	160	161	162	176	177	178	194	195	309	#
289	847041	161	162	177	178	179	193	194	195	196	211	226	309	#
290	796814	176	192	193	194	195	209	210	211	226	227	242	309	#
291	750420	161	178	179	195	209	210	211	226	227	243	244	309	#
292	747778	183	210	226	227	228	229	230	243	244	245	246	309	#
293	360115	66	81	82	98	99	112	113	310	#
294	451894	64	80	81	96	97	98	112	310	#
295	403298	112	113	114	128	129	130	145	310	#
296	341229	49	64	65	80	81	82	96	310	#
297	332426	83	99	100	114	115	130	131	310	#
298	296232	50	64	65	66	83	84	85	310	#
299	487715	211	212	213	214	226	227	228	242	243	244	311	#
300	642377	195	196	197	211	212	220	226	227	242	243	311	#
301	632545	13	29	80	194	195	211	212	213	226	242	311	#
302	567711	195	196	211	212	213	214	227	228	229	243	311	#
303	535236	196	211	212	213	226	227	228	241	242	243	311	#
304	527784	182	183	196	197	198	199	214	230	231	246	311	#
305	102566	192	193	208	209	224	225	#
306	75343	170	171	312	#
307	92167	171	172	312	#
308	495760	196	210	211	212	213	214	226	241	242	243	313	#
309	678985	74	75	179	180	195	211	226	227	242	243	313	#
310	664908	197	198	199	210	211	212	213	214	215	227	313	#
311	600809	176	192	211	212	213	226	227	228	242	243	313	#
312	558155	211	213	226	227	228	229	242	243	244	245	313	#
313	555130	180	195	196	197	198	211	212	213	214	229	313	#
314	57259	216	231	#
315	254649	94	95	110	111	314	#
316	265858	63	74	78	94	314	#
317	230405	95	110	111	126	314	#
318	223448	79	94	110	111	314	#
319	201203	79	95	189	190	314	#
320	166662	124	125	315	#
321	48402	123	124	315	#
322	405487	125	140	142	156	157	158	172	173	174	316	#
323	587701	93	108	109	125	126	132	141	157	174	316	#
324	580112	123	124	139	140	141	157	236	237	253	316	#
325	552245	99	115	116	117	133	140	154	155	156	316	#
326	539743	66	82	98	155	157	158	159	172	188	316	#
327	512084	78	92	93	94	109	110	172	173	189	316	#
328	232782	128	144	160	317	#
329	184483	112	128	129	317	#
330	734372	95	111	127	203	219	220	221	235	236	237	251	252	318	#
331	862186	220	221	222	236	237	238	250	251	252	253	254	255	318	#
332	800590	221	235	236	237	238	249	250	251	252	253	254	255	318	#
333	751641	188	204	205	219	220	221	234	235	236	237	238	253	318	#
334	747186	203	204	217	218	219	220	235	236	238	251	252	253	318	#
335	698048	78	94	95	109	110	111	124	125	126	127	141	142	318	#
336	763588	213	214	216	229	230	231	232	233	234	245	246	247	248	249	319	#
337	952045	197	211	213	214	215	225	226	227	228	229	230	243	244	245	319	#
338	911828	197	199	200	214	215	229	230	231	232	244	245	246	247	248	319	#
339	873825	196	197	211	212	213	214	215	228	229	230	238	245	246	255	319	#
340	866117	198	199	200	215	216	217	231	232	233	234	247	248	249	250	319	#
341	858642	128	144	145	160	161	176	186	218	219	234	235	236	250	251	319	#
342	996639	25	26	41	42	56	57	58	186	202	203	204	220	221	234	235	237	248	249	250	320	#
343	1387270	10	26	27	44	132	139	140	145	146	147	155	156	157	171	172	187	247	248	249	320	#
344	1251744	158	159	184	199	200	202	215	217	218	219	220	233	234	235	236	248	249	250	252	320	#
345	1223093	6	39	40	54	55	56	57	70	71	72	73	74	85	86	87	89	144	145	161	320	#
346	1155115	200	215	216	217	218	231	232	233	234	235	236	237	247	248	249	250	251	252	253	320	#
347	1123337	150	170	172	173	186	187	189	190	203	204	205	206	218	219	221	222	236	237	253	320	#
348	710554	65	81	83	84	96	97	98	99	100	112	113	128	129	321	#
349	954428	129	130	145	146	147	148	160	161	162	163	176	177	178	321	#
350	816869	80	82	96	97	98	99	112	113	114	128	129	131	144	321	#
351	797017	49	66	81	82	83	97	98	99	113	114	119	120	121	321	#
352	793730	33	48	49	50	65	66	78	81	82	83	94	111	127	321	#
353	788705	18	34	49	50	51	96	112	124	133	141	157	173	174	321	#
354	620695	152	167	168	169	170	171	172	184	185	186	187	201	203	322	#
355	804116	156	170	171	183	184	185	186	199	200	201	203	215	217	322	#
356	777442	167	168	170	171	172	182	183	184	185	186	188	199	201	322	#
357	752582	183	186	199	200	201	202	216	217	218	231	232	233	248	322	#
358	693046	140	141	155	156	157	158	171	172	173	187	188	189	204	322	#
359	668508	155	156	166	167	168	170	171	184	185	186	187	200	201	322	#
360	771502	91	92	93	107	108	109	125	126	140	141	157	323	#
361	953661	78	91	92	93	94	108	109	124	125	141	157	323	#
362	863734	76	79	92	93	94	108	109	110	111	125	127	323	#
363	844282	60	76	92	93	94	109	110	126	141	142	198	323	#
364	844195	64	92	108	124	125	138	139	140	141	154	155	323	#
365	779614	78	79	93	94	108	109	124	125	126	141	142	323	#
366	1051490	83	84	96	97	98	99	100	112	113	114	115	116	130	131	132	133	147	324	#
367	1288232	70	86	87	88	89	101	115	116	131	132	133	146	147	148	149	150	163	324	#
368	1192921	81	82	97	98	99	113	114	115	116	117	130	131	132	146	147	162	163	324	#
369	1140872	11	36	37	38	52	53	67	68	69	70	71	84	85	86	108	109	125	324	#
370	1100185	101	112	113	114	115	116	117	129	130	131	132	133	146	147	148	163	164	324	#
371	1072902	131	132	133	147	148	149	162	163	165	178	179	180	181	196	197	212	228	324	#
372	166407	87	88	91	102	103	118	325	#
373	225185	55	71	87	88	89	105	325	#
374	182391	75	76	90	91	92	93	325	#
375	130563	173	189	205	326	#
376	182132	189	205	221	326	#
377	146526	173	189	206	326	#
378	112494	204	205	206	326	#
379	93601	20	36	52	327	#
380	128866	20	21	36	327	#
381	19362	52	68	69	327	#
382	165414	10	26	42	58	328	#
383	191807	10	27	44	45	328	#
384	168817	25	26	42	58	328	#
385	154716	42	58	73	74	328	#
386	139139	25	26	42	43	328	#
387	938808	96	97	98	112	113	114	115	129	130	144	145	189	206	329	#
388	1073667	97	98	104	105	112	113	114	115	116	129	130	131	249	329	#
389	930369	82	83	96	97	98	99	112	113	114	128	129	144	160	329	#
390	915487	80	81	82	96	97	98	99	100	112	113	128	129	130	329	#
391	873421	80	82	83	96	97	98	112	113	114	128	129	130	131	329	#
392	854500	112	113	114	128	129	130	144	145	146	160	161	176	178	329	#
393	1117031	22	199	200	217	218	219	220	231	232	233	234	235	236	247	248	249	250	251	330	#
394	1263079	124	125	140	141	155	204	205	218	219	220	221	235	236	237	250	251	252	253	330	#
395	1253910	119	120	121	182	194	195	199	200	203	217	218	219	220	234	235	236	250	251	330	#
396	1145824	169	185	198	199	200	201	214	215	217	230	231	232	233	234	246	247	248	249	330	#
397	1124698	3	17	18	19	35	167	168	169	182	184	185	198	199	200	201	215	216	217	330	#
398	1085513	163	164	165	166	180	181	182	183	184	185	198	199	200	201	213	214	215	231	330	#
399	58669	168	#
400	640276	147	150	164	166	167	180	181	182	183	196	199	211	212	331	#
401	878586	147	163	164	179	180	193	194	195	196	197	211	212	213	331	#
402	872625	87	132	145	146	147	148	163	164	180	195	196	212	213	331	#
403	859984	25	163	164	179	180	181	194	195	196	197	210	226	227	331	#
404	712748	196	197	198	211	212	213	226	227	228	229	230	244	245	331	#
405	711368	119	133	134	135	147	148	149	150	164	165	166	167	181	331	#
406	232463	177	192	193	208	332	#
407	285959	179	180	193	194	332	#
408	240794	192	193	208	224	332	#
409	173584	192	208	209	224	332	#
410	284522	51	67	68	84	100	170	185	333	#
411	424696	51	52	53	67	68	84	85	333	#
412	413368	137	138	153	154	168	169	170	333	#
413	348041	83	99	100	101	115	116	132	333	#
414	337374	66	67	68	69	82	83	84	333	#
415	299164	50	51	52	66	67	68	83	333	#
416	26954	99	#
417	793618	141	142	157	211	213	226	227	228	242	244	334	#
418	762077	197	211	212	213	226	227	228	243	244	245	334	#
419	740187	179	195	196	207	210	211	212	226	227	228	334	#
420	697158	60	61	75	197	211	212	226	227	228	244	334	#
421	690763	196	212	213	226	227	228	241	242	243	244	334	#
422	621921	83	162	198	210	211	212	213	214	215	228	334	#
423	731579	126	127	139	140	141	142	154	155	157	158	335	#
424	861046	60	76	126	127	141	142	158	174	197	214	335	#
425	665260	62	78	79	93	94	95	110	111	127	143	335	#
426	628388	78	79	93	94	109	111	125	126	141	210	335	#
427	602638	94	109	110	111	125	126	127	141	142	143	335	#
428	581598	66	83	126	142	155	156	157	158	174	190	335	#
429	147018	13	28	38	336	#
430	76983	22	38	39	336	#
431	73249	156	#
432	23852	12	13	14	336	#
433	979208	117	119	133	134	135	149	150	151	165	166	167	181	182	198	199	200	216	337	#
434	1400780	78	79	94	102	110	116	117	118	132	133	148	149	161	162	176	177	193	337	#
435	1229387	98	114	115	116	117	128	129	130	131	132	133	134	144	145	148	149	150	337	#
436	1221503	117	119	133	134	148	149	150	165	166	167	168	181	184	185	200	201	217	337	#
437	1220230	113	114	119	129	130	131	132	133	134	135	147	148	149	150	151	165	193	337	#
438	1159106	132	149	165	166	179	180	181	182	195	196	197	198	210	211	212	226	227	337	#
439	168657	124	140	338	#
440	131741	124	125	338	#
441	355550	221	237	239	253	254	255	339	#
442	517695	236	237	251	252	253	254	339	#
443	504195	220	221	236	237	252	253	339	#
444	396529	222	237	238	239	254	255	339	#
445	333140	171	188	203	204	220	221	339	#
446	325265	66	67	82	83	253	254	339	#
447	74095	4	5	6	340	#
448	55916	4	5	21	340	#
449	122849	215	216	231	341	#
450	20644	214	230	231	341	#
451	861754	4	5	6	7	8	18	19	20	21	22	23	24	35	36	38	39	51	342	#
452	1199698	5	6	7	8	21	22	23	37	38	39	53	54	55	56	70	94	110	342	#
453	1081406	17	18	34	35	51	66	67	84	190	206	207	220	221	222	223	238	239	342	#
454	1052222	6	7	8	21	22	23	24	37	38	39	40	41	53	54	55	56	57	342	#
455	1027402	5	6	7	8	21	22	23	24	37	38	39	40	53	54	55	56	72	342	#
456	997207	5	7	21	22	23	30	37	38	39	52	53	54	68	69	70	85	86	342	#
457	190882	7	8	23	24	343	#
458	269388	7	24	121	122	343	#
459	254190	8	9	24	25	343	#
460	234421	7	8	9	24	343	#
461	177925	23	24	39	40	343	#
462	274358	74	75	90	106	344	#
463	335007	59	74	75	90	344	#
464	265072	43	59	75	91	344	#
465	228561	90	91	121	205	344	#
466	133461	105	106	107	121	344	#
467	238566	25	41	57	345	#
468	243776	42	57	58	345	#
469	208675	41	42	57	345	#
470	695522	163	164	210	226	227	228	229	230	241	242	243	244	245	346	#
471	981476	179	195	196	210	211	212	226	227	240	241	242	243	244	346	#
472	964795	36	194	195	196	210	211	212	225	226	227	241	242	243	346	#
473	939239	195	209	210	211	212	224	225	226	227	228	240	241	242	346	#
474	867929	161	162	163	176	177	178	179	180	194	195	196	211	212	346	#
475	830237	213	215	216	217	229	230	231	232	233	245	246	247	248	346	#
476	365706	103	119	120	136	153	171	347	#
477	452144	103	119	120	121	136	137	347	#
478	429702	101	102	117	118	119	135	347	#
479	396018	87	103	118	119	120	168	347	#
480	251080	135	136	151	152	153	168	347	#
481	219096	136	137	152	153	154	169	347	#
482	535010	204	221	222	237	238	239	253	254	255	348	#
483	584876	200	216	217	221	237	238	239	253	254	348	#
484	496626	205	206	220	221	222	237	238	253	254	348	#
485	494031	236	237	238	239	243	244	252	253	254	348	#
486	473249	206	207	221	222	237	238	239	254	255	348	#
487	449219	111	127	222	223	238	239	253	254	255	348	#
488	156839	37	53	349	#
489	140030	37	38	349	#
490	90403	52	53	349	#
491	1488027	12	13	69	72	85	86	87	88	89	101	102	103	104	105	116	117	118	119	120	134	135	151	157	172	350	#
492	1576920	9	140	155	156	157	158	170	171	172	173	174	188	189	190	191	205	206	207	222	223	238	239	254	255	350	#
493	1575812	86	102	103	104	105	117	118	119	120	121	130	131	132	133	134	136	146	147	148	149	165	172	173	188	350	#
494	1495512	58	59	74	75	85	87	88	89	90	100	101	102	103	104	105	106	117	118	119	120	124	139	140	155	350	#
495	1479553	69	70	71	72	85	86	87	88	100	101	102	103	104	115	116	117	118	119	131	132	133	135	147	149	350	#
496	1455599	40	54	55	56	69	70	71	72	84	85	86	87	88	89	100	101	102	103	118	119	120	121	133	134	350	#
497	226859	72	85	86	87	88	351	#
498	295335	59	68	69	85	86	351	#
499	281688	37	71	73	88	89	351	#
500	242700	55	56	57	71	72	351	#
501	237491	68	69	70	86	87	351	#
502	166220	69	84	86	87	88	351	#
503	514768	102	103	118	119	134	135	150	151	165	166	352	#
504	756570	132	146	147	148	149	164	165	166	180	240	352	#
505	682436	103	117	118	119	132	133	134	135	136	151	352	#
506	669911	117	118	119	133	134	135	150	151	165	166	352	#
507	628787	118	119	135	136	137	151	152	153	169	170	352	#
508	617372	69	85	102	103	116	117	118	119	133	134	352	#
509	2457549	0	1	2	16	17	18	32	33	34	35	36	48	49	50	51	52	53	64	65	66	67	68	80	81	82	83	84	85	97	98	99	113	114	115	116	130	131	132	204	205	219	220	221	235	353	#
510	2689317	65	67	80	81	82	83	84	96	97	98	99	112	113	114	115	116	119	130	131	132	145	146	147	149	160	161	162	163	176	177	178	179	184	200	213	216	217	229	230	231	232	233	247	248	353	#
511	2641992	33	49	50	61	62	66	74	80	81	82	83	96	97	98	99	100	112	113	114	115	116	128	129	130	131	132	133	134	144	145	146	147	148	149	160	161	162	163	176	177	178	179	180	194	353	#
512	2616945	31	80	83	96	97	98	99	100	112	113	114	115	116	128	130	131	144	145	146	150	160	161	162	163	164	173	177	178	179	189	190	205	206	207	220	221	223	235	236	237	238	239	254	255	353	#
513	2549360	48	54	64	68	69	70	71	80	81	82	83	84	85	86	87	96	97	98	99	100	101	102	103	112	113	114	115	116	117	118	120	129	130	131	144	145	222	236	237	238	239	253	254	255	353	#
514	2542836	115	125	126	140	141	154	155	156	157	158	170	171	172	173	174	175	186	187	188	189	190	204	205	206	207	213	216	221	222	229	230	231	232	233	237	238	239	245	246	247	248	249	253	255	353	#
515	201651	141	157	158	354	#
516	282270	126	141	144	354	#
517	160315	157	158	174	354	#
518	558471	66	67	68	82	83	99	100	115	355	#
519	722355	99	113	114	115	116	131	132	148	355	#
520	496478	67	69	83	84	85	99	123	160	355	#
521	480951	67	68	84	85	99	100	101	116	355	#
522	421631	84	85	97	98	99	100	114	233	355	#
523	398019	51	66	67	81	82	83	84	98	355	#
524	55846	110	#
525	216026	9	25	41	356	#
526	262523	25	105	106	356	#
527	217063	25	41	42	356	#
528	198816	8	9	25	356	#
529	830789	205	221	222	236	237	238	239	252	253	254	255	357	#
530	861816	220	221	222	236	237	238	239	252	253	254	255	357	#
531	843397	205	220	221	235	236	237	238	239	253	254	255	357	#
532	797247	16	33	34	49	65	222	238	239	253	254	255	357	#
533	774009	22	188	204	220	221	222	236	238	252	253	254	357	#
534	738531	206	207	221	222	223	237	238	239	253	254	255	357	#
535	690734	106	120	121	136	137	138	153	154	170	358	#
536	680809	120	136	137	138	152	153	154	155	170	358	#
537	636503	72	88	104	119	120	135	136	137	152	358	#
538	603018	89	90	105	121	122	137	138	139	153	358	#
539	555310	81	82	89	90	105	106	121	153	154	358	#
540	541702	122	137	138	151	152	153	154	167	170	358	#
541	143849	54	55	359	#
542	152361	54	70	359	#
543	192640	130	146	162	360	#
544	214229	129	130	131	360	#
545	194878	146	162	201	360	#
546	685360	64	65	80	81	82	96	97	98	99	112	113	114	128	129	130	131	132	361	#
547	1020773	112	113	119	120	128	129	130	144	145	146	160	161	162	163	176	179	180	361	#
548	986847	81	82	96	97	98	99	112	113	114	129	130	131	132	146	147	148	149	361	#
549	897807	33	49	66	67	80	81	82	83	84	97	98	99	114	210	211	226	227	361	#
550	871927	96	97	98	99	112	113	128	129	144	145	160	161	162	176	177	178	179	361	#
551	844489	67	68	83	84	85	98	99	100	101	102	113	116	117	122	136	137	138	361	#
552	184180	2	16	17	34	49	362	#
553	274314	49	50	121	137	138	362	#
554	272117	2	17	18	33	34	362	#
555	181821	18	19	34	35	50	362	#
556	555863	19	35	181	182	186	187	188	198	199	200	203	204	219	239	363	#
557	830402	182	198	199	200	201	214	215	216	217	218	230	231	232	233	363	#
558	828153	166	182	220	221	222	223	235	236	237	238	239	252	253	254	363	#
559	800702	181	182	183	184	197	198	199	214	215	216	229	230	231	247	363	#
560	799389	186	203	204	205	206	218	219	220	234	235	236	252	253	254	363	#
561	756037	166	167	181	182	183	198	199	200	204	205	215	216	231	247	363	#
562	136399	16	33	364	#
563	111437	33	34	364	#
564	204688	32	48	64	365	#
565	170238	32	33	48	365	#
566	158085	48	64	80	365	#
567	499611	75	90	91	204	221	222	223	366	#
568	555085	175	190	205	206	207	222	223	366	#
569	449251	157	158	159	167	172	223	239	366	#
570	367769	73	74	75	91	92	93	108	366	#
571	326001	58	59	74	90	91	106	107	366	#
572	309710	74	75	91	92	107	108	123	366	#
573	73996	12	246	#
574	163312	128	173	174	189	190	367	#
575	228346	97	98	112	113	128	367	#
576	218012	157	172	173	174	190	367	#
577	194053	156	157	172	173	174	367	#
578	177884	157	174	175	190	206	367	#
579	645635	74	87	90	103	104	105	118	119	120	121	122	139	368	#
580	762203	85	86	87	102	118	119	120	132	133	134	135	211	368	#
581	730902	90	104	105	106	120	121	137	138	139	153	154	155	368	#
582	713736	58	74	76	90	91	104	105	106	119	120	121	136	368	#
583	697296	118	119	133	134	135	149	150	155	165	166	167	181	368	#
584	638772	57	69	70	71	72	73	86	87	88	89	105	106	368	#
585	1351668	62	74	75	76	77	78	91	92	93	94	107	108	109	125	141	204	220	221	235	236	369	#
586	1486207	75	76	78	79	91	92	93	94	95	108	109	110	111	126	129	130	131	140	141	142	369	#
587	1363308	11	13	28	29	43	44	45	46	60	61	62	63	77	78	79	92	93	94	95	109	369	#
588	1362463	91	92	93	106	107	108	109	122	123	124	125	126	127	138	139	140	141	142	156	171	369	#
589	1353272	154	155	156	171	187	188	202	203	204	219	220	221	236	237	238	249	250	251	252	253	369	#
590	1330568	29	30	45	46	60	61	62	76	88	89	90	91	92	93	105	107	108	109	124	125	369	#
591	330596	34	36	51	67	83	84	370	#
592	429451	34	35	36	50	51	67	370	#
593	371019	36	50	51	67	83	84	370	#
594	362533	33	34	35	50	51	52	370	#
595	255777	2	17	18	34	35	36	370	#
596	218132	51	67	68	69	83	84	370	#
597	75256	197	#
598	593839	87	172	174	175	187	188	189	190	191	204	206	207	221	371	#
599	875616	139	140	154	155	156	157	158	170	171	172	173	174	186	371	#
600	864493	9	172	173	189	201	202	203	204	205	206	217	218	219	371	#
601	827613	140	156	171	172	174	175	188	189	190	191	205	206	207	371	#
602	797398	171	186	187	201	202	203	204	205	206	219	220	235	236	371	#
603	728871	184	185	186	187	201	202	203	204	205	220	221	237	238	371	#
604	187495	97	113	372	#
605	154225	98	113	372	#
606	46489	18	19	373	#
607	9722	2	18	373	#
608	191770	140	155	374	#
609	200951	139	155	374	#
610	134635	125	140	374	#
611	461274	64	65	80	81	82	96	112	375	#
612	505023	80	81	82	98	99	115	131	375	#
613	448199	64	65	80	81	82	96	108	375	#
614	431027	48	49	65	80	81	82	98	375	#
615	409950	80	96	112	113	128	144	145	375	#
616	362401	80	96	97	98	112	113	129	375	#
617	467729	80	81	82	96	97	112	113	376	#
618	512689	98	99	113	114	115	130	131	376	#
619	488261	97	112	113	114	129	150	151	376	#
620	434190	80	81	96	97	113	129	145	376	#
621	356687	34	49	50	51	66	82	83	376	#
622	313378	66	82	83	96	97	98	113	376	#
623	1452963	96	97	98	113	128	129	130	144	145	146	160	161	162	163	176	177	178	179	180	192	377	#
624	1722851	112	128	129	130	131	144	145	160	161	163	176	177	178	179	194	195	210	211	226	227	377	#
625	1639283	112	113	114	115	128	129	130	131	144	145	146	160	161	162	178	179	194	209	210	226	377	#
626	1605876	14	15	30	31	46	47	112	113	128	129	130	144	145	146	160	161	162	176	178	180	377	#
627	1456092	36	129	130	144	145	160	161	162	163	176	177	178	179	192	193	194	195	208	209	210	377	#
628	1415393	2	18	19	35	160	161	162	163	164	166	176	177	178	179	180	181	193	194	210	226	377	#
629	1929319	3	4	5	6	7	12	13	19	20	21	22	23	27	28	29	35	37	38	39	40	44	55	71	72	73	83	84	87	88	89	157	158	159	172	174	185	186	187	188	189	190	378	#
630	2429236	0	1	2	8	9	10	11	12	13	17	25	26	27	28	29	30	34	41	42	43	44	45	46	47	56	57	58	59	60	61	62	63	73	74	77	78	79	93	94	95	111	378	#
631	2387698	110	124	139	140	141	142	143	155	156	157	158	159	165	167	171	172	173	174	175	181	182	183	188	189	191	197	198	199	200	212	214	215	216	217	230	231	232	245	246	247	248	378	#
632	2336014	34	37	49	51	52	53	55	56	65	66	67	68	69	72	73	74	82	83	84	85	86	97	98	99	100	101	102	112	113	114	115	116	117	118	131	132	133	134	135	149	150	378	#
633	2290430	1	2	3	4	5	16	17	18	19	20	21	33	34	35	36	37	50	51	52	53	66	67	69	73	74	82	83	84	85	86	87	88	89	102	104	105	121	172	173	174	175	378	#
634	2267075	0	1	2	3	16	17	18	19	20	32	34	48	49	51	55	56	59	66	70	71	72	73	74	86	87	88	154	209	210	211	212	214	226	227	228	229	230	242	244	245	246	378	#
635	285547	36	51	52	53	68	84	379	#
636	394800	37	52	53	69	84	85	379	#
637	373728	8	9	10	26	68	127	379	#
638	327711	66	67	82	83	84	100	379	#
639	218943	34	35	36	51	52	68	379	#
640	174324	36	51	52	67	76	126	379	#
641	120960	76	92	181	197	380	#
642	166889	185	197	213	235	380	#
643	128870	74	75	76	91	380	#
644	551166	147	164	184	200	215	216	217	231	247	381	#
645	605524	117	132	133	147	148	163	164	179	180	381	#
646	525166	200	201	216	217	232	233	234	235	236	381	#
647	506230	215	216	217	230	231	232	245	246	247	381	#
648	459868	71	200	216	217	218	231	232	235	251	381	#
649	416206	183	184	200	201	202	203	217	233	249	381	#
650	53579	180	#
651	465134	216	217	218	231	232	233	234	248	382	#
652	617980	176	200	201	215	217	233	248	249	382	#
653	564423	217	218	219	220	233	234	247	248	382	#
654	550207	215	216	230	231	232	247	248	249	382	#
655	515032	233	234	235	247	248	249	250	251	382	#
656	504982	218	233	234	235	248	249	250	251	382	#
657	318317	173	186	188	189	203	204	205	221	237	383	#
658	438285	43	44	121	122	137	138	204	220	221	383	#
659	435920	156	157	172	173	189	205	206	219	222	383	#
660	381896	140	156	171	172	187	188	189	204	206	383	#
661	374464	169	170	171	186	194	201	202	210	218	383	#
662	328785	172	174	188	189	190	191	205	207	223	383	#
663	617992	110	122	123	124	125	126	127	384	#
664	608435	109	110	124	125	126	141	142	384	#
665	588993	108	122	123	124	125	141	142	384	#
666	520946	124	125	126	127	141	142	143	384	#
667	512587	108	109	123	124	125	139	140	384	#
668	487978	122	123	124	125	138	139	140	384	#
669	198265	230	245	385	#
670	203237	229	245	385	#
671	172881	55	56	57	71	72	73	88	112	386	#
672	234209	7	8	23	24	39	54	55	71	386	#
673	208022	39	40	41	55	56	70	71	87	386	#
674	1059177	52	68	69	84	100	109	110	116	124	125	140	141	142	154	155	158	159	387	#
675	1058282	50	53	54	66	67	68	69	70	71	84	85	86	100	101	102	103	116	387	#
676	1046720	67	68	69	70	82	83	84	85	86	99	100	101	102	103	116	117	120	387	#
677	1032368	12	108	122	123	124	125	138	139	140	141	142	155	156	171	251	252	253	387	#
678	1030461	87	103	104	107	108	120	122	123	124	125	126	140	141	142	143	156	202	387	#
679	991337	69	82	83	84	86	98	99	100	101	114	115	116	117	131	132	133	148	387	#
680	561979	202	211	218	219	220	221	388	#
681	504801	190	205	206	220	221	222	388	#
682	467980	194	195	211	226	227	243	388	#
683	417778	202	203	217	218	219	220	388	#
684	335282	202	203	204	205	220	221	388	#
685	331528	189	203	205	219	226	235	388	#
686	815639	147	149	150	163	164	165	166	167	179	180	181	182	196	197	198	213	214	389	#
687	1219498	166	182	183	198	199	200	201	214	215	217	230	231	233	246	247	248	249	389	#
688	1216887	115	130	131	146	147	148	149	162	163	164	177	178	179	180	193	194	196	389	#
689	1144996	48	132	133	147	148	149	150	163	164	165	166	180	182	198	199	215	231	389	#
690	1081802	93	108	109	110	132	147	163	165	180	181	197	213	214	215	227	228	244	389	#
691	1006919	115	116	132	135	147	148	150	163	164	165	166	179	180	181	194	195	211	389	#
692	225853	142	143	159	175	190	191	390	#
693	322123	142	143	157	158	159	172	390	#
694	311247	190	191	205	206	207	222	390	#
695	309927	126	127	142	143	158	159	390	#
696	231951	159	174	175	190	206	222	390	#
697	204379	159	174	175	190	191	206	390	#
698	2242459	3	5	6	12	13	14	19	20	21	22	23	29	30	31	35	36	37	38	39	40	45	46	47	55	56	57	60	61	62	63	71	72	76	77	78	79	91	92	93	94	95	108	109	110	111	125	391	#
699	2871285	35	50	51	54	62	69	70	73	75	76	77	78	79	86	89	90	91	93	94	95	101	102	105	106	107	108	109	110	111	120	121	122	123	124	125	137	138	139	140	141	153	154	155	156	157	171	391	#
700	2757140	7	21	35	37	46	47	51	52	53	54	62	63	68	69	70	74	75	76	77	78	79	85	86	91	92	93	94	95	106	107	108	109	110	111	122	123	125	126	127	139	141	147	162	163	178	179	391	#
701	2678511	75	76	77	89	91	92	93	94	95	104	105	106	107	108	109	110	118	119	120	121	122	123	124	125	126	129	135	136	137	138	139	140	141	151	152	153	154	155	156	157	169	170	171	172	185	254	391	#
702	2650415	9	10	26	27	29	30	31	42	43	44	45	46	47	57	58	59	60	61	62	63	74	75	76	77	78	79	89	90	91	92	93	94	95	105	106	107	108	109	122	123	124	125	138	139	140	141	391	#
703	2636138	3	20	21	37	49	59	60	62	75	76	77	78	79	89	90	91	92	93	94	95	104	105	106	107	108	109	111	120	121	122	123	125	126	141	142	156	157	170	171	172	173	174	186	187	189	205	391	#
704	407225	134	135	150	151	240	241	392	#
705	436510	8	24	40	41	135	151	392	#
706	380744	134	135	136	137	150	152	392	#
707	365569	135	149	150	165	166	189	392	#
708	361516	226	227	240	241	242	243	392	#
709	346334	103	119	134	135	150	151	392	#
710	1159446	6	7	20	21	22	23	37	38	39	52	53	69	70	71	84	85	86	87	88	103	104	118	393	#
711	1508538	21	37	52	53	54	68	69	70	71	72	78	84	85	86	94	100	101	110	115	116	117	132	393	#
712	1452403	15	40	54	55	57	69	70	71	72	73	85	86	87	88	89	90	102	103	104	119	120	215	393	#
713	1444848	53	56	69	70	71	72	73	86	87	88	102	103	104	118	119	120	121	136	182	183	199	211	393	#
714	1432299	69	71	84	85	87	89	90	100	101	102	103	104	105	116	117	118	120	121	122	133	136	152	393	#
715	1332042	54	55	69	70	71	84	85	86	87	88	100	101	102	103	104	116	117	118	119	120	134	135	393	#
716	263573	199	215	216	394	#
717	257664	200	215	216	394	#
718	206851	198	199	214	394	#
719	194407	199	214	215	394	#
720	308517	105	172	189	206	395	#
721	305249	205	206	207	223	395	#
722	228410	172	188	189	190	395	#
723	208407	157	171	172	173	395	#
724	151567	74	90	105	106	395	#
725	639002	13	14	15	28	29	30	31	44	45	46	47	61	63	396	#
726	846563	13	14	15	29	30	31	118	119	134	135	149	150	166	396	#
727	797339	13	14	15	112	180	196	221	232	234	235	236	237	250	396	#
728	764121	30	31	46	47	62	63	78	118	119	134	135	136	150	396	#
729	755400	11	12	27	28	30	41	42	43	44	45	46	59	250	396	#
730	683683	29	45	46	47	59	60	61	62	63	75	77	78	79	396	#
731	133421	20	36	52	397	#
732	94310	36	51	52	397	#
733	926825	126	127	141	142	143	155	156	157	158	159	171	172	174	398	#
734	877518	34	126	127	141	142	143	156	157	158	159	173	174	175	398	#
735	867412	78	79	94	95	109	110	111	125	126	127	141	142	143	398	#
736	812301	125	126	127	141	142	143	157	158	159	174	175	190	191	398	#
737	785456	127	143	155	156	157	158	159	171	172	173	174	175	189	398	#
738	770590	140	141	155	156	157	171	172	173	174	188	189	190	206	398	#
739	819338	0	1	2	3	16	17	18	19	20	32	33	34	35	48	49	50	399	#
740	900126	9	10	11	17	25	27	34	44	45	46	49	50	61	76	92	93	399	#
741	885974	0	2	16	17	18	33	34	48	49	50	65	66	82	83	99	112	399	#
742	843681	18	33	34	35	48	49	50	51	61	66	77	103	118	119	135	151	399	#
743	835823	0	1	3	16	17	18	19	32	33	34	48	49	50	51	65	66	399	#
744	794648	2	3	11	17	18	19	20	26	27	36	43	44	45	61	77	78	399	#
745	820233	167	171	184	185	186	187	201	202	203	204	218	219	220	221	237	400	#
746	1046977	94	152	157	169	170	171	172	185	186	188	202	217	218	219	235	400	#
747	1028729	141	157	170	182	186	199	200	202	203	204	217	218	219	234	250	400	#
748	945237	169	185	187	201	202	203	204	216	217	218	219	233	234	235	236	400	#
749	940230	203	207	219	220	221	222	223	234	235	237	238	251	252	253	254	400	#
750	938911	156	171	187	188	200	204	205	216	221	222	231	232	233	234	250	400	#
751	1006533	25	41	42	57	58	73	135	150	151	152	167	168	169	170	183	184	185	186	201	217	401	#
752	1266019	66	67	68	81	82	83	84	98	99	202	216	217	218	232	233	234	246	247	248	249	401	#
753	1099321	138	153	154	158	159	168	169	170	176	184	185	186	187	201	202	203	217	218	219	234	401	#
754	1069601	16	138	154	168	169	170	171	172	185	187	188	189	201	202	217	218	233	234	235	250	401	#
755	1044055	3	5	6	7	20	21	22	23	37	38	41	53	56	57	58	69	72	73	86	88	401	#
756	1007805	135	151	152	153	166	167	178	179	180	181	183	184	194	197	198	199	200	214	215	216	401	#
757	606167	27	43	44	60	75	76	77	78	79	92	94	95	109	402	#
758	896004	92	94	108	109	110	111	124	125	126	127	140	141	142	402	#
759	786719	75	76	77	78	91	92	93	94	107	108	109	110	111	402	#
760	715112	93	108	109	124	125	126	140	141	142	143	158	174	175	402	#
761	707573	40	41	42	43	56	57	59	60	61	75	76	77	92	402	#
762	680639	74	75	77	91	92	93	107	108	109	123	124	125	140	402	#
763	98117	52	53	68	403	#
764	101425	52	67	68	403	#
765	65250	52	53	69	403	#
766	632436	99	114	115	129	130	131	146	162	404	#
767	696346	97	113	128	129	130	145	146	147	404	#
768	646555	130	131	132	146	147	148	163	164	404	#
769	604206	114	115	116	130	131	132	133	147	404	#
770	560131	29	30	45	46	131	132	147	163	404	#
771	543632	146	162	163	164	165	177	178	179	404	#
772	214619	107	123	124	125	126	405	#
773	273882	108	123	124	139	140	405	#
774	129739	90	91	106	107	123	405	#
775	289596	204	221	236	237	252	406	#
776	320652	204	205	219	220	221	406	#
777	309946	62	236	237	252	253	406	#
778	286852	204	220	221	236	237	406	#
779	284108	221	237	238	239	254	406	#
780	251341	235	236	251	252	253	406	#
781	124515	12	28	407	#
782	56227	28	29	407	#
783	774005	119	120	123	134	135	139	150	151	167	168	408	#
784	752796	108	122	123	125	137	138	139	140	155	156	408	#
785	681631	118	119	132	135	148	149	150	151	152	167	408	#
786	678784	71	72	87	88	89	103	104	105	119	120	408	#
787	652247	88	89	104	105	120	121	136	137	152	168	408	#
788	605004	152	167	168	169	170	183	184	185	200	201	408	#
789	232208	15	31	64	409	#
790	298682	13	14	15	409	#
791	247092	15	31	47	409	#
792	149907	64	65	81	409	#
793	146175	126	141	142	410	#
794	191640	126	142	143	410	#
795	142351	125	141	154	410	#
796	134644	126	127	142	410	#
797	678274	29	128	144	145	160	161	162	176	177	192	411	#
798	899455	112	128	129	144	145	146	160	161	162	177	411	#
799	838943	145	146	159	161	162	177	178	194	195	196	411	#
800	835976	112	113	128	129	144	145	146	147	148	160	411	#
801	759815	113	128	129	144	145	160	161	176	177	178	411	#
802	681558	144	145	146	160	161	162	176	178	238	239	411	#
803	417081	35	36	50	51	52	67	68	83	412	#
804	460492	52	54	67	68	69	70	84	86	412	#
805	408577	2	3	17	34	35	36	51	67	412	#
806	373152	17	18	34	49	50	51	52	68	412	#
807	354521	35	36	50	51	52	65	66	82	412	#
808	347334	66	67	68	69	82	83	84	86	412	#
809	610754	235	236	248	249	250	251	252	253	413	#
810	627470	72	232	233	234	235	236	248	249	413	#
811	555693	216	230	231	232	233	247	248	249	413	#
812	528960	98	113	129	130	145	234	249	250	413	#
813	502844	231	232	233	247	248	249	250	251	413	#
814	476264	220	236	237	238	239	252	253	254	413	#
815	1462435	2	3	4	16	17	18	20	32	33	34	36	48	49	50	51	66	82	210	211	213	227	228	230	244	245	414	#
816	1654041	146	162	198	203	211	212	213	214	216	219	220	221	227	228	229	230	231	233	242	243	244	245	246	247	248	414	#
817	1646490	96	161	162	163	176	177	178	179	180	192	193	194	195	208	209	210	211	224	225	226	227	240	241	242	243	414	#
818	1541705	52	53	68	69	83	84	99	100	116	177	178	194	195	196	210	211	212	213	226	227	228	229	243	244	245	414	#
819	1530305	23	24	40	55	56	162	163	177	178	179	180	193	194	195	196	197	210	211	212	213	214	226	227	228	242	414	#
820	1430038	164	165	166	180	181	194	195	196	197	198	208	209	210	211	212	213	224	225	226	227	228	241	242	243	244	414	#
821	1125553	151	166	167	168	181	182	183	184	185	186	199	200	201	215	216	217	218	219	231	232	233	234	247	248	249	250	251	415	#
822	1548522	182	184	199	200	201	213	216	217	218	219	229	230	231	232	233	234	235	236	245	246	247	248	249	250	251	252	253	415	#
823	1535904	75	76	77	78	91	92	108	123	125	187	200	201	202	203	216	217	218	219	220	234	235	236	250	251	252	253	254	415	#
824	1533634	53	200	203	204	215	216	217	218	219	220	221	232	233	234	235	236	237	238	239	248	249	250	251	252	253	254	255	415	#
825	1532003	122	138	169	183	184	185	186	187	198	199	200	201	202	203	215	216	217	218	221	233	234	235	236	237	248	249	250	415	#
826	1516487	7	8	9	10	24	26	27	170	171	172	184	185	186	194	195	199	200	201	208	209	210	211	215	216	226	231	232	415	#
827	1035389	133	149	150	151	165	166	167	181	182	196	197	198	199	214	215	229	230	246	416	#
828	1341412	3	31	194	210	215	216	226	227	228	229	230	231	241	242	243	245	246	247	416	#
829	1175749	180	182	196	198	199	212	213	214	215	216	217	228	229	230	231	232	245	246	416	#
830	1168197	3	131	132	147	163	166	179	180	181	182	196	197	198	199	200	214	216	217	416	#
831	1120017	117	131	132	133	134	135	139	146	147	149	150	151	155	162	163	165	166	167	416	#
832	1109966	181	197	198	200	212	213	214	216	217	228	229	230	232	233	245	246	247	248	416	#
833	975952	112	149	162	163	165	180	181	196	197	198	212	213	214	228	229	230	231	244	417	#
834	1339280	119	120	121	130	137	146	153	161	162	163	176	177	178	180	181	193	194	210	417	#
835	1285265	130	132	144	145	146	147	148	149	162	163	164	165	179	180	193	194	195	210	417	#
836	1241316	132	145	146	147	148	161	162	163	164	165	177	178	179	180	193	194	195	210	417	#
837	1219645	155	163	164	165	179	180	196	197	198	199	200	212	213	215	216	228	231	232	417	#
838	1198620	77	181	182	184	195	196	197	198	199	200	214	215	216	223	231	232	239	255	417	#
839	380789	42	56	57	72	73	88	89	418	#
840	464278	26	42	43	57	58	59	105	418	#
841	448194	57	58	72	73	88	167	168	418	#
842	409325	62	63	73	88	89	247	248	418	#
843	372545	41	42	43	56	57	58	59	418	#
844	363605	56	57	58	72	73	88	89	418	#
845	13385	64	#
846	780650	31	47	55	71	87	132	147	148	164	213	214	228	229	230	419	#
847	1041800	99	100	115	116	117	118	132	147	148	149	163	164	165	231	419	#
848	952369	182	197	198	199	200	212	213	214	215	216	228	229	230	246	419	#
849	903725	101	115	116	129	130	131	132	133	146	147	148	149	164	165	419	#
850	891972	6	21	22	23	24	37	38	39	53	55	71	72	73	74	419	#
851	874035	197	198	199	200	213	214	215	228	229	230	231	243	244	245	419	#
852	177368	191	207	420	#
853	76682	175	191	420	#
854	1010744	53	54	68	69	70	84	85	86	101	102	103	116	118	119	159	175	190	191	204	206	207	421	#
855	1495084	0	16	52	53	68	69	84	85	86	99	100	101	102	115	116	117	226	227	242	243	244	421	#
856	1422874	87	101	102	103	115	116	117	118	119	120	133	134	135	136	142	157	158	173	174	216	232	421	#
857	1317749	63	75	76	77	78	79	91	92	93	94	95	108	109	111	112	127	142	143	158	159	174	421	#
858	1281891	63	72	73	84	85	86	87	88	100	101	102	103	104	117	118	119	120	121	133	134	135	421	#
859	1259305	59	75	87	88	101	102	103	104	105	117	118	119	120	134	135	136	150	151	152	168	169	421	#
860	125780	72	88	422	#
861	174666	71	72	422	#
862	115110	19	20	21	36	37	52	#
863	62569	232	#
864	1131557	8	9	10	11	12	13	14	25	26	27	28	29	30	41	42	43	45	46	61	62	63	181	423	#
865	1310965	9	10	11	12	25	26	27	40	41	43	44	45	59	60	76	164	214	215	233	248	249	250	423	#
866	1248099	0	11	12	13	14	15	27	28	29	30	31	43	44	46	47	60	61	62	63	75	76	92	423	#
867	1245623	11	12	13	26	27	28	29	30	41	42	43	44	45	46	57	59	60	61	76	77	91	93	423	#
868	1228739	9	10	11	12	13	25	26	27	28	29	41	42	43	44	45	46	57	58	59	60	61	74	423	#
869	1219318	6	7	8	9	10	21	22	23	24	25	26	27	37	39	41	42	43	44	57	58	59	75	423	#
870	436672	67	68	69	82	83	84	99	100	180	424	#
871	645853	83	99	113	114	115	116	117	129	131	424	#
872	580450	70	85	86	87	100	101	102	115	116	424	#
873	559500	66	69	70	71	83	84	86	102	118	424	#
874	528273	66	67	68	82	83	84	99	114	115	424	#
875	517132	51	67	69	82	83	84	85	86	101	424	#
876	1032571	36	50	51	52	53	67	68	80	81	82	83	84	85	86	97	98	99	100	102	114	115	131	228	229	425	#
877	1388278	87	101	102	103	115	117	118	119	128	129	130	131	132	133	134	147	148	149	150	151	164	165	166	180	425	#
878	1383240	80	82	83	84	96	97	98	99	100	107	113	114	115	116	128	129	130	131	145	146	160	162	176	178	425	#
879	1339367	67	68	69	81	82	83	84	85	86	102	108	111	118	122	124	125	126	127	139	140	141	142	156	171	425	#
880	1258032	30	45	46	51	52	53	61	66	67	68	69	70	77	78	82	83	85	109	110	111	124	125	126	141	425	#
881	1239190	52	65	66	68	69	82	83	84	85	86	99	100	101	115	116	117	118	131	132	147	148	149	150	165	425	#
882	446650	208	209	211	224	225	226	227	240	241	242	243	426	#
883	557685	161	163	164	178	179	180	195	211	227	228	243	426	#
884	534765	29	210	211	212	226	227	228	229	242	243	244	426	#
885	475553	193	194	195	196	208	209	210	224	225	226	240	426	#
886	395221	177	193	208	209	224	225	226	240	241	242	243	426	#
887	389018	161	163	176	178	179	180	192	193	194	208	209	426	#
888	851843	0	1	2	16	17	18	19	32	33	34	35	48	49	50	51	64	65	427	#
889	1029582	0	1	16	17	110	111	125	126	127	140	141	142	143	156	157	172	173	427	#
890	962778	16	17	32	33	44	45	46	48	49	60	61	64	65	80	81	96	97	427	#
891	882773	0	1	2	16	17	18	19	32	33	34	48	49	51	65	67	81	252	427	#
892	871928	0	2	16	17	18	32	33	34	36	48	49	51	64	65	66	112	113	427	#
893	853701	0	1	2	3	4	16	17	18	19	32	33	34	35	36	48	49	51	427	#
894	403217	179	193	194	195	428	#
895	442320	179	195	196	211	428	#
896	436289	179	194	195	210	428	#
897	238551	193	208	209	210	428	#
898	235215	163	178	179	194	428	#
899	990482	26	43	48	49	64	65	66	67	80	81	82	83	84	96	98	99	100	113	114	115	116	429	#
900	1420778	2	81	84	97	98	99	100	101	102	115	116	117	118	119	131	135	141	150	156	157	158	429	#
901	1329251	99	100	103	114	115	116	117	118	130	131	132	133	134	135	148	149	163	164	165	180	181	429	#
902	1312360	71	72	81	82	97	98	99	113	114	115	129	130	131	145	146	151	152	160	167	169	185	429	#
903	1276808	65	80	81	82	96	97	98	99	100	113	114	128	129	130	131	144	145	146	147	160	164	429	#
904	1257924	66	67	69	70	82	83	84	85	97	98	99	100	101	103	114	115	116	117	118	133	149	429	#
905	819104	0	1	2	16	17	18	33	34	49	50	51	66	430	#
906	931080	0	1	16	17	18	33	34	36	49	51	73	104	430	#
907	903618	18	33	34	35	49	50	51	66	82	89	90	105	430	#
908	900142	2	17	18	32	33	34	194	195	210	211	226	227	430	#
909	884532	0	1	2	3	4	16	17	18	19	33	34	51	430	#
910	802695	0	1	2	3	16	17	18	32	33	48	49	98	430	#
911	337248	54	70	71	86	88	431	#
912	308696	68	69	70	85	86	431	#
913	265114	54	55	70	71	72	431	#
914	211706	55	56	71	72	88	431	#
915	208611	86	87	88	103	104	431	#
916	187834	38	39	54	69	70	431	#
917	977889	92	93	107	108	109	123	124	125	126	127	140	141	142	157	158	432	#
918	1187688	75	76	77	92	93	94	95	109	110	123	124	125	126	140	141	432	#
919	1151619	16	32	77	78	79	92	93	94	95	109	110	111	125	127	143	432	#
920	1077146	93	94	95	108	109	124	125	126	135	140	150	151	166	167	183	432	#
921	1020981	93	107	108	109	123	124	125	126	127	140	141	142	143	157	158	432	#
922	966148	60	75	76	79	90	91	92	93	94	106	107	108	109	125	126	432	#
923	16521	224	#
924	86569	23	39	#
925	2664572	100	111	154	155	157	171	172	174	185	186	187	188	189	191	198	199	200	201	202	203	204	205	206	207	217	218	219	220	221	222	223	232	233	234	235	236	237	238	239	248	249	250	251	252	253	254	255	433	#
926	2901589	121	122	123	124	125	132	135	136	137	139	140	141	146	147	148	149	150	152	153	154	155	164	165	166	167	168	169	170	171	181	182	183	184	185	186	187	192	197	198	199	200	201	202	203	217	218	219	433	#
927	2848781	64	80	97	113	146	147	150	162	163	164	165	166	167	178	179	180	181	182	183	195	196	197	198	199	200	209	211	212	213	214	215	217	218	219	225	227	228	229	230	231	232	234	235	244	246	247	250	433	#
928	2826983	58	90	104	105	106	118	119	120	121	122	133	134	135	136	137	150	153	165	166	181	182	183	184	185	196	197	198	199	200	212	213	214	215	216	217	218	219	230	231	232	233	234	235	236	246	247	248	433	#
929	2799349	150	151	165	166	167	168	169	179	180	181	182	183	184	185	186	196	197	198	199	200	201	202	213	214	215	216	217	218	219	222	230	231	232	233	234	235	237	238	247	248	249	250	251	252	253	254	255	433	#
930	2709624	103	106	107	108	119	120	121	122	123	125	137	154	157	168	169	170	171	172	182	184	185	186	188	199	200	201	202	203	204	206	215	217	218	219	220	221	222	223	234	235	236	237	238	239	253	254	255	433	#
931	925506	10	11	12	13	14	15	27	28	29	30	31	44	45	46	47	144	239	254	255	434	#
932	1211004	98	112	113	114	115	128	129	130	131	144	145	160	161	176	177	192	209	210	226	434	#
933	1191667	76	77	78	93	188	204	207	220	221	222	223	236	237	238	239	252	253	254	255	434	#
934	1130464	172	187	188	189	205	206	207	221	222	223	236	237	238	239	251	252	253	254	255	434	#
935	1080123	4	11	12	13	14	15	27	28	30	41	44	57	58	59	72	73	88	89	90	434	#
936	1034294	172	174	189	190	191	206	207	222	223	236	237	238	239	250	251	252	253	254	255	434	#
937	895048	13	14	20	21	30	37	38	52	53	68	69	70	84	86	87	435	#
938	978203	69	70	83	84	85	86	87	99	100	101	115	116	117	132	133	435	#
939	916006	37	38	53	54	68	69	70	71	84	85	86	102	208	224	240	435	#
940	887689	52	53	67	68	69	84	85	101	102	103	116	117	147	148	223	435	#
941	778677	11	12	13	14	15	22	28	29	30	37	38	43	44	45	59	435	#
942	765570	6	7	8	23	24	25	37	38	39	40	41	42	55	56	122	435	#
943	702746	132	147	148	149	162	163	164	180	436	#
944	863710	115	116	117	132	133	147	148	149	436	#
945	745085	129	130	131	132	133	148	149	164	436	#
946	739963	131	132	133	147	148	149	164	165	436	#
947	649133	131	132	147	148	150	164	165	166	436	#
948	628415	101	116	117	132	147	162	163	164	436	#
949	588417	114	115	116	129	130	131	132	147	220	437	#
950	742519	85	101	102	115	116	117	131	132	133	437	#
951	717729	84	99	100	101	114	115	116	117	131	437	#
952	678367	85	101	102	116	117	130	131	132	146	437	#
953	671596	113	114	115	130	131	132	133	146	148	437	#
954	615915	96	97	98	112	113	121	128	129	130	437	#
955	588828	69	70	71	85	86	88	102	103	118	438	#
956	594773	69	70	84	85	86	100	101	102	103	438	#
957	592348	69	70	85	86	87	102	118	134	135	438	#
958	576527	68	69	70	84	85	86	87	88	100	438	#
959	570496	40	54	55	71	72	88	111	211	227	438	#
960	567325	69	84	85	86	100	101	102	117	118	438	#
961	287538	99	115	116	439	#
962	250375	99	115	131	439	#
963	216026	101	115	116	439	#
964	205843	101	116	117	439	#
965	971244	6	12	13	14	15	26	27	28	29	30	31	42	43	44	45	46	47	57	59	63	79	207	440	#
966	1248521	25	26	41	42	43	44	58	59	60	71	72	73	74	75	89	90	91	92	104	105	107	176	440	#
967	1215149	26	39	40	41	42	56	57	58	59	74	75	76	81	82	97	98	99	114	115	116	171	187	440	#
968	1160813	9	10	29	30	44	45	46	47	61	62	76	77	78	92	93	103	104	105	108	120	136	254	440	#
969	1159482	10	11	13	25	26	27	28	30	41	42	43	44	45	46	47	57	58	59	60	74	75	76	440	#
970	1106367	9	10	11	12	13	15	28	29	30	31	44	45	46	47	60	61	62	76	204	220	221	236	440	#
971	108651	234	250	441	#
972	134141	234	235	441	#
973	22547	250	251	441	#
974	129135	9	10	442	#
975	149109	8	9	442	#
976	427165	155	156	170	171	172	248	249	443	#
977	587738	171	172	188	189	205	206	222	443	#
978	496061	120	121	122	123	140	155	171	443	#
979	467729	232	233	235	248	249	250	251	443	#
980	336591	64	65	231	232	233	247	248	443	#
981	274783	140	141	155	156	157	171	172	443	#
982	94924	150	165	166	181	444	#
983	131812	151	166	167	181	444	#
984	311930	147	162	163	179	180	445	#
985	353076	162	163	164	177	178	445	#
986	330647	144	147	160	163	164	445	#
987	318037	163	164	178	179	180	445	#
988	90948	164	166	180	181	182	445	#
989	173280	16	32	446	#
990	189799	16	33	446	#
991	61043	67	83	#
992	149207	189	190	206	447	#
993	106155	189	190	191	447	#
994	287005	168	169	185	201	216	217	448	#
995	414843	167	168	183	184	199	200	448	#
996	349128	169	170	171	183	184	185	448	#
997	321968	202	203	216	217	218	219	448	#
998	321224	168	184	185	200	201	216	448	#
999	158149	138	153	154	169	170	185	448	#
