%% File generated by CATS v.2.1Wed Jun 19 19:17:57 2013

%% The CATS webpage is http://robotics.stanford.edu/CATS

%% PARAMETER SETTINGS:
% Goods: 256; Bids: 1000; Distribution: regions; Runs: 50; Seed: 1371664596
% Regions Distribution Parameters:
% Max Substitutable Bids = 5
% Removing HV Neighbor   = 0.1
% Adding DIAG Neighbor   = 0.2
% Additional Location    = 0.9
% Jump Probability       = 0.05
% Additivity             = 0.2
% Budget Factor          = 1.5
% Resale Factor          = 0.5
% Uniform Private Value:
%   Deviation            = 0.5
%   Max Good Value       = 100



goods 256
bids 1001
dummy 183

0	768109	87	88	89	90	104	105	106	107	121	122	136	137	138	256	#
1	951124	74	75	79	91	95	107	108	109	110	111	124	125	127	256	#
2	923082	76	77	93	104	105	121	137	138	152	153	154	170	185	256	#
3	868138	21	22	23	38	54	74	75	88	89	90	91	106	107	256	#
4	838554	73	74	75	90	91	105	106	107	121	122	137	138	188	256	#
5	826530	88	89	102	103	104	105	117	118	120	121	133	134	138	256	#
6	360153	38	52	53	54	55	153	154	170	186	257	#
7	518066	134	150	151	152	153	154	155	168	239	257	#
8	448731	19	35	50	51	52	53	66	67	83	257	#
9	431151	23	24	38	39	40	55	56	71	87	257	#
10	400511	152	153	166	167	169	183	184	200	216	257	#
11	395257	38	52	53	68	69	70	84	85	86	257	#
12	87005	203	204	218	258	#
13	87974	175	203	204	258	#
14	873089	116	133	135	149	150	151	152	164	165	166	167	180	181	197	213	259	#
15	1226512	149	150	152	154	155	165	166	167	168	169	170	184	186	211	212	259	#
16	1207404	162	163	164	178	179	180	181	195	196	197	211	212	220	229	236	259	#
17	1175092	101	109	116	117	122	123	124	125	132	133	139	141	149	150	232	259	#
18	1127810	133	145	147	149	150	160	161	162	163	164	165	178	179	180	194	259	#
19	1068278	120	136	150	151	152	153	154	165	166	167	168	169	170	184	186	259	#
20	305298	39	40	55	71	72	245	260	#
21	371282	55	56	57	72	89	105	260	#
22	341957	39	40	55	56	71	72	260	#
23	316687	228	244	245	247	248	253	260	#
24	303691	14	15	30	31	71	87	260	#
25	283549	39	55	56	57	72	89	260	#
26	442145	77	93	94	109	110	111	126	127	143	261	#
27	599190	109	110	111	125	126	127	140	141	157	261	#
28	553053	61	62	77	78	84	94	104	105	122	261	#
29	535465	94	109	110	125	126	141	142	143	157	261	#
30	510020	61	76	77	92	93	109	110	125	172	261	#
31	497828	11	27	43	110	111	125	126	127	143	261	#
32	490337	217	218	219	233	234	248	249	262	#
33	457637	199	200	216	217	218	233	234	262	#
34	452091	129	217	218	233	234	249	250	262	#
35	422047	60	76	203	204	218	219	220	262	#
36	386152	202	216	217	218	232	233	234	262	#
37	356257	204	216	217	219	233	234	235	262	#
38	730754	132	148	149	150	151	165	166	167	181	182	183	206	263	#
39	916372	132	133	135	147	148	149	150	151	162	166	167	168	263	#
40	912641	134	135	148	149	150	163	164	165	166	179	180	181	263	#
41	866570	132	133	134	135	148	149	150	151	166	167	183	184	263	#
42	865776	135	149	150	151	152	165	166	167	168	183	184	200	263	#
43	831538	190	203	204	205	206	218	221	222	223	238	239	255	263	#
44	234089	147	148	149	264	#
45	253048	147	148	163	264	#
46	244408	148	164	180	264	#
47	216354	148	149	150	264	#
48	556371	10	11	12	13	26	27	42	43	59	265	#
49	731944	13	14	31	46	47	62	63	79	207	265	#
50	668428	12	13	14	27	30	31	45	46	47	265	#
51	650924	13	14	27	28	29	30	46	61	62	265	#
52	623521	11	12	13	14	27	28	29	42	43	265	#
53	599154	9	10	12	13	14	26	27	42	43	265	#
54	136291	101	117	266	#
55	85308	116	117	266	#
56	58557	100	101	266	#
57	1064432	21	22	23	37	38	52	53	54	55	69	71	72	84	85	267	#
58	1230095	5	20	21	22	23	37	38	39	40	55	70	71	72	87	267	#
59	1153113	7	20	22	23	37	38	39	40	54	55	70	71	72	117	267	#
60	1120597	22	23	37	38	39	40	53	54	55	70	71	72	87	253	267	#
61	1071936	22	23	38	39	40	55	71	72	86	87	89	149	165	181	267	#
62	1004679	5	21	36	37	38	39	40	53	54	55	71	72	86	87	267	#
63	816180	20	34	35	36	50	51	65	66	80	81	82	98	268	#
64	953823	65	66	81	82	97	98	112	113	114	129	130	131	268	#
65	938428	64	65	81	82	96	97	112	113	129	130	144	146	268	#
66	927434	2	18	20	33	34	35	36	51	65	66	81	82	268	#
67	843731	66	68	69	70	81	82	85	98	113	114	129	224	268	#
68	814795	33	34	35	38	39	49	51	64	65	66	81	82	268	#
69	219227	60	61	76	209	269	#
70	276470	46	60	61	62	269	#
71	240625	177	193	194	209	269	#
72	227936	44	45	60	76	269	#
73	93657	60	75	76	91	269	#
74	667981	88	89	99	100	101	102	103	104	115	116	117	118	132	270	#
75	903359	55	56	72	87	88	103	104	105	119	120	121	135	136	270	#
76	893541	72	89	90	103	104	105	106	119	120	121	122	123	135	270	#
77	877676	100	116	125	130	131	132	133	134	147	148	149	150	164	270	#
78	849612	88	100	101	102	103	104	105	106	116	117	120	132	223	270	#
79	803043	55	56	72	73	87	88	89	103	104	105	119	120	121	270	#
80	1261379	179	192	193	194	195	196	197	210	211	212	213	215	225	226	228	229	231	242	245	246	271	#
81	1504547	125	141	154	163	179	195	196	199	212	215	216	228	229	230	231	232	244	245	246	247	271	#
82	1484805	66	77	93	94	161	176	192	193	194	195	196	209	211	212	214	228	229	230	245	246	271	#
83	1483444	114	115	128	129	130	144	145	160	161	176	177	192	193	194	195	209	211	226	241	242	271	#
84	1470281	144	145	160	161	176	177	193	194	195	211	212	219	224	226	227	228	229	235	241	244	271	#
85	1441298	112	128	129	145	160	192	209	210	211	224	225	226	227	228	229	240	241	242	244	245	271	#
86	301602	120	131	132	231	272	#
87	285488	215	216	231	246	272	#
88	221575	132	133	147	148	272	#
89	195502	114	115	129	131	272	#
90	153565	119	120	136	152	272	#
91	1408112	158	182	183	184	186	199	200	201	202	216	217	218	219	231	232	233	234	235	249	250	273	#
92	1602666	182	198	199	212	214	215	216	217	218	228	229	230	231	232	233	234	246	247	248	249	273	#
93	1554504	168	183	184	185	186	201	202	215	216	217	218	219	230	231	232	233	234	246	248	249	273	#
94	1461852	49	201	202	204	216	217	218	219	230	231	232	233	234	235	236	248	249	251	252	253	273	#
95	1455489	198	199	200	201	202	214	215	216	217	218	230	231	232	233	234	235	246	247	248	249	273	#
96	1437777	168	182	183	184	185	186	187	199	201	202	203	204	216	217	218	219	232	233	234	249	273	#
97	2607732	42	43	44	46	58	59	60	62	63	72	74	75	76	77	78	79	80	87	88	89	90	91	92	93	94	95	103	104	105	106	107	108	109	121	122	123	124	125	138	139	141	157	274	#
98	3011171	12	28	29	43	44	45	100	103	104	105	114	115	118	120	121	122	123	129	130	131	132	133	134	135	136	137	138	139	146	147	148	149	150	151	163	164	165	166	179	181	182	198	274	#
99	2921726	40	50	51	55	56	65	66	71	72	82	87	88	89	90	96	97	98	102	103	104	105	106	114	115	119	120	121	122	123	129	130	131	135	136	137	138	139	140	146	147	151	154	274	#
100	2915957	10	11	25	26	39	40	41	43	55	56	57	58	59	72	73	74	75	76	77	88	89	90	91	92	93	94	95	104	105	107	108	120	121	122	123	135	136	137	138	139	151	154	274	#
101	2873598	40	56	66	68	72	73	74	75	82	83	84	85	86	87	88	89	90	91	92	97	98	102	103	104	105	106	107	117	118	119	120	121	122	123	134	135	136	137	138	139	153	154	274	#
102	2859293	23	25	39	40	41	42	43	55	56	57	58	66	70	71	72	82	83	86	88	89	90	98	99	100	101	102	103	104	105	117	118	119	120	121	133	134	135	136	137	138	186	187	274	#
103	59224	82	#
104	609346	6	21	119	134	135	150	151	166	167	168	275	#
105	771925	3	19	20	21	35	36	37	38	52	54	275	#
106	722025	135	148	149	150	151	165	166	167	168	184	275	#
107	657675	135	151	152	166	167	168	183	198	214	230	275	#
108	651738	130	135	151	152	153	166	167	168	183	184	275	#
109	624175	6	7	21	23	24	49	65	66	77	197	275	#
110	83822	137	152	153	#
111	125685	120	#
112	2939137	2	3	4	5	6	7	13	14	15	19	20	22	24	29	31	36	37	38	39	40	44	45	46	47	51	52	60	61	62	63	65	67	68	69	76	77	80	81	98	277	#
113	3044306	13	28	29	43	44	45	59	60	61	75	76	77	78	92	93	94	203	218	219	220	221	223	229	230	231	233	234	235	236	237	238	239	248	249	250	251	252	253	254	277	#
114	2905528	4	5	6	7	17	18	19	20	21	22	32	34	36	37	38	48	49	50	51	52	64	65	66	67	68	69	80	81	82	83	84	96	97	98	112	113	114	129	130	277	#
115	2873225	18	34	47	48	49	50	51	63	64	65	66	67	68	76	77	78	80	81	82	83	88	92	93	94	95	96	97	98	99	112	113	114	115	154	170	171	185	186	201	277	#
116	2861092	3	4	5	6	18	19	20	21	22	34	36	37	38	39	49	50	51	52	65	66	67	68	69	81	82	83	97	98	113	177	193	208	209	210	224	225	226	227	241	277	#
117	2835137	0	1	2	3	4	5	6	7	8	9	18	19	20	21	22	23	24	25	26	27	28	34	36	37	39	40	41	44	51	52	65	66	67	68	69	81	83	84	100	277	#
118	682864	4	20	36	37	38	53	54	55	69	130	131	278	#
119	872885	51	52	53	54	55	68	70	83	84	99	101	278	#
120	781888	2	3	4	6	19	20	21	36	37	52	53	278	#
121	753257	44	59	60	61	75	112	128	129	130	144	145	278	#
122	750031	2	3	4	5	6	18	19	20	21	33	36	278	#
123	691296	4	5	6	18	19	20	21	33	35	36	52	278	#
124	330105	133	148	149	150	279	#
125	343296	148	149	163	164	279	#
126	324721	148	149	150	166	279	#
127	278848	133	134	149	150	279	#
128	278672	149	150	151	152	279	#
129	624487	121	125	126	132	137	138	139	140	142	155	156	157	158	173	174	280	#
130	910835	82	121	122	123	138	139	153	154	200	201	216	217	232	233	234	280	#
131	904850	108	109	123	124	125	126	127	139	140	141	142	154	155	157	171	280	#
132	842888	50	53	67	68	83	126	140	141	142	157	158	173	174	190	191	280	#
133	828990	123	138	139	140	141	142	155	156	157	158	171	173	174	190	191	280	#
134	809671	109	111	123	124	125	126	127	139	140	141	156	157	170	171	187	280	#
135	107245	219	#
136	69829	38	39	#
137	656660	105	106	122	123	124	125	126	137	138	139	141	281	#
138	843480	75	92	108	124	125	126	141	152	209	224	240	281	#
139	746469	61	78	94	95	120	121	122	123	137	138	153	281	#
140	712426	111	124	125	126	127	141	142	158	173	174	175	281	#
141	697220	138	154	155	156	192	208	209	224	225	240	241	281	#
142	687521	108	109	124	125	126	140	141	142	157	158	173	281	#
143	50317	215	#
144	162679	166	167	168	282	#
145	224976	168	169	184	282	#
146	169799	166	182	183	282	#
147	169571	151	167	168	282	#
148	472016	142	156	157	158	159	175	191	206	207	283	#
149	568077	191	206	207	219	220	221	222	236	237	283	#
150	517684	141	142	156	157	158	171	172	173	189	283	#
151	514335	124	140	145	157	158	159	161	172	173	283	#
152	510662	152	153	154	155	156	170	171	172	173	283	#
153	499133	111	126	127	141	142	143	157	159	174	283	#
154	82703	11	#
155	83995	71	#
156	85775	133	#
157	63782	163	#
158	595364	195	196	198	212	213	228	229	284	#
159	642802	180	196	197	198	212	213	228	284	#
160	578601	180	195	196	211	212	213	229	284	#
161	548659	95	195	196	211	212	213	228	284	#
162	485377	195	211	212	213	228	229	245	284	#
163	479719	165	181	182	196	197	198	213	284	#
164	60206	166	#
165	403116	128	144	145	160	161	176	285	#
166	556294	144	146	160	161	162	178	285	#
167	533662	128	144	160	161	162	178	285	#
168	486574	144	160	161	176	177	178	285	#
169	428274	131	145	146	147	160	161	285	#
170	392805	145	146	152	160	161	176	285	#
171	483283	14	15	30	31	45	46	47	61	62	76	77	78	286	#
172	709138	13	14	30	46	61	62	76	77	78	79	93	94	286	#
173	635420	14	30	45	46	60	61	62	76	77	91	92	93	286	#
174	619943	57	59	73	74	75	76	90	91	92	106	107	108	286	#
175	606356	12	13	14	30	31	47	62	63	78	79	95	111	286	#
176	563020	45	46	59	60	61	75	76	77	78	79	93	94	286	#
177	814285	128	144	145	160	176	192	209	210	224	225	226	287	#
178	823600	100	115	130	131	144	145	146	147	148	149	160	287	#
179	807661	193	194	209	210	224	225	226	227	241	242	243	287	#
180	760848	178	193	194	208	209	210	224	225	226	227	241	287	#
181	755123	41	82	97	112	113	128	129	130	144	145	160	287	#
182	724732	145	146	147	160	162	176	177	178	179	194	195	287	#
183	296283	148	164	165	180	288	#
184	339870	164	180	181	196	288	#
185	275308	149	165	166	181	288	#
186	218376	164	165	180	221	288	#
187	569290	177	178	193	194	195	209	210	211	225	227	242	248	289	#
188	850833	212	213	214	229	230	231	244	245	246	247	248	249	289	#
189	810196	130	146	162	176	177	178	179	180	193	194	196	210	289	#
190	800083	157	164	180	181	209	210	211	224	225	227	242	243	289	#
191	796014	78	79	95	194	210	211	212	213	227	228	229	245	289	#
192	757000	192	194	208	209	210	211	224	225	227	242	243	244	289	#
193	1650640	3	4	5	6	7	8	16	18	19	20	21	22	23	24	32	33	34	35	36	37	38	51	67	290	#
194	1760908	1	2	3	4	18	19	20	21	22	23	32	33	34	35	36	48	49	50	51	52	67	68	83	290	#
195	1753585	0	1	2	3	4	6	16	17	18	19	20	21	22	23	24	32	33	34	35	36	37	51	67	290	#
196	1742148	3	4	5	6	7	8	9	10	11	18	19	20	21	22	23	25	33	34	35	36	37	49	51	290	#
197	1725968	3	4	6	17	18	19	20	21	28	29	33	34	35	36	37	38	44	49	50	51	65	67	83	290	#
198	1724790	3	4	18	19	20	21	22	23	33	34	35	36	37	50	51	67	167	182	183	195	199	200	215	290	#
199	1126791	92	108	123	124	139	140	141	154	155	156	157	159	169	170	171	173	175	185	186	187	203	218	291	#
200	1597957	24	25	41	56	72	87	88	89	103	104	105	117	119	120	133	148	164	180	187	222	237	238	291	#
201	1473304	70	71	86	87	88	101	102	103	104	110	124	125	126	139	140	141	142	154	155	157	196	197	291	#
202	1454678	154	169	170	184	185	186	187	196	197	200	201	202	217	218	219	231	232	233	234	235	250	251	291	#
203	1417058	139	154	155	169	170	179	180	183	185	186	187	196	197	199	200	201	202	203	204	218	219	220	291	#
204	1392474	61	62	77	94	95	110	111	123	124	126	127	139	140	141	154	155	156	157	158	173	174	190	291	#
205	106291	53	69	292	#
206	68204	53	68	292	#
207	218981	200	201	217	293	#
208	240951	185	200	201	293	#
209	155697	201	217	233	293	#
210	141440	16	201	217	293	#
211	889109	119	134	135	136	137	151	152	153	167	168	169	170	183	186	294	#
212	1023161	102	117	118	119	120	134	135	136	150	151	152	166	167	168	294	#
213	964805	88	103	104	119	134	135	136	137	149	150	152	153	166	168	294	#
214	953531	118	119	120	121	134	135	149	150	151	152	166	167	168	183	294	#
215	937341	86	100	101	102	116	117	118	131	132	133	134	135	149	150	294	#
216	934647	116	117	118	120	134	135	136	137	150	151	152	153	167	168	294	#
217	386156	202	203	218	219	234	250	295	#
218	507015	187	188	202	203	218	219	295	#
219	503161	203	219	235	236	250	251	295	#
220	500068	203	219	220	235	236	251	295	#
221	492874	218	234	235	236	249	250	295	#
222	440142	187	202	203	218	219	220	295	#
223	86231	78	#
224	866725	8	25	27	28	41	42	43	44	56	57	58	59	73	74	75	296	#
225	1116703	40	56	71	72	73	74	88	89	90	95	103	105	122	137	138	296	#
226	1063559	12	13	28	29	41	42	43	44	45	46	56	58	59	75	91	296	#
227	1053516	12	23	25	26	28	39	40	41	42	43	44	45	56	57	58	296	#
228	1048424	48	61	62	74	75	76	77	78	90	91	92	93	100	109	115	296	#
229	1013259	28	43	44	45	46	47	56	57	58	59	60	61	74	77	78	296	#
230	381559	102	116	117	132	133	134	297	#
231	442803	117	131	132	133	134	135	297	#
232	384552	54	102	115	116	117	133	297	#
233	366597	102	117	118	133	134	150	297	#
234	354980	131	132	133	146	147	149	297	#
235	327715	86	102	117	118	119	134	297	#
236	524174	12	13	28	29	43	45	46	47	298	#
237	673809	27	28	42	43	51	52	53	66	298	#
238	530996	28	41	42	43	44	45	61	77	298	#
239	525936	10	24	25	26	27	28	42	43	298	#
240	501294	13	28	29	30	43	45	46	47	298	#
241	452601	13	14	30	31	46	119	120	136	298	#
242	581528	221	222	236	237	238	239	254	299	#
243	695750	220	221	222	236	237	238	251	299	#
244	621088	219	220	221	222	236	237	253	299	#
245	576092	219	235	236	237	250	251	253	299	#
246	564008	64	218	219	220	221	222	235	299	#
247	538599	206	221	222	237	238	253	254	299	#
248	1041840	12	13	14	15	25	26	27	28	29	30	47	63	79	94	95	110	111	127	178	202	217	218	300	#
249	1479790	6	7	20	21	22	23	37	38	46	62	63	78	79	94	95	110	111	127	144	160	161	176	300	#
250	1455961	65	79	81	94	95	96	97	98	99	100	108	109	110	111	112	113	115	128	129	130	144	145	300	#
251	1446252	141	157	158	159	169	175	180	185	186	202	217	218	222	233	234	237	238	248	249	250	253	254	300	#
252	1388739	12	13	14	28	29	30	44	60	66	67	82	98	99	100	114	115	116	130	131	132	146	148	300	#
253	1371219	11	12	13	14	27	28	29	30	31	43	44	85	86	87	101	102	103	117	118	119	133	149	300	#
254	142970	38	53	65	301	#
255	192947	65	66	81	301	#
256	100400	34	#
257	885546	195	197	212	213	214	228	229	230	244	245	246	302	#
258	949553	197	211	212	213	229	230	231	244	245	246	247	302	#
259	911812	214	215	229	230	231	232	244	245	246	247	248	302	#
260	837959	214	228	229	230	243	244	245	246	247	248	249	302	#
261	837155	212	213	214	215	216	229	230	231	232	246	247	302	#
262	799360	210	211	212	213	214	228	229	230	245	246	247	302	#
263	841783	75	103	113	117	118	119	129	134	144	149	164	165	166	183	303	#
264	1020867	38	54	147	148	149	162	163	164	165	166	178	179	180	196	303	#
265	915619	114	131	132	146	147	148	149	150	163	164	165	166	178	179	303	#
266	912659	28	103	117	118	119	136	202	204	205	218	219	220	233	234	303	#
267	899406	86	87	102	103	105	106	107	117	118	119	120	121	122	138	303	#
268	898518	131	132	147	148	149	150	151	162	163	164	165	166	182	183	303	#
269	1493111	28	30	43	59	61	62	75	77	78	89	90	91	92	93	94	95	106	109	110	122	162	178	304	#
270	1771495	93	94	95	109	110	111	123	124	125	139	140	141	142	156	160	171	200	201	218	219	220	235	304	#
271	1668373	13	29	30	46	59	60	61	62	74	75	77	78	79	91	92	93	94	95	108	109	110	111	304	#
272	1640022	10	11	12	26	27	28	29	43	44	58	59	60	62	74	75	77	78	91	92	93	107	108	304	#
273	1635311	28	29	30	44	46	60	61	62	77	78	79	93	94	95	109	110	111	125	126	127	142	178	304	#
274	1626900	30	45	46	59	60	61	62	75	76	77	78	91	92	93	94	95	109	110	111	125	140	141	304	#
275	47404	15	#
276	584376	188	203	204	205	218	219	233	234	235	305	#
277	639337	202	203	217	218	219	220	233	249	250	305	#
278	627402	185	186	202	203	204	205	218	219	220	305	#
279	592427	187	188	202	203	217	218	219	233	234	305	#
280	587981	218	219	220	234	235	236	237	252	253	305	#
281	579346	201	216	217	218	232	233	234	249	250	305	#
282	42860	31	#
283	554354	97	98	184	200	201	216	217	232	306	#
284	620193	68	83	96	97	112	113	114	115	306	#
285	590331	152	168	184	200	216	217	232	233	306	#
286	553570	215	216	217	231	232	233	248	249	306	#
287	540901	83	96	97	98	99	100	114	115	306	#
288	521792	89	200	213	214	215	216	230	232	306	#
289	644825	206	207	220	222	223	236	237	238	239	252	307	#
290	768667	205	206	207	223	236	237	238	239	253	254	307	#
291	720716	206	207	222	223	236	237	238	239	253	254	307	#
292	720647	52	68	205	207	221	222	223	237	238	239	307	#
293	713902	202	217	218	220	234	235	236	237	250	253	307	#
294	705800	220	222	223	235	236	237	238	239	253	255	307	#
295	117400	236	253	308	#
296	171870	235	236	308	#
297	79334	113	114	309	#
298	100137	96	113	309	#
299	100110	114	202	309	#
300	2112079	93	108	109	114	129	135	149	150	151	166	167	172	173	174	175	182	183	184	188	189	190	191	200	203	204	205	206	207	219	221	310	#
301	2499863	46	61	62	77	78	79	94	105	107	108	122	123	124	139	140	156	158	170	171	172	173	186	187	188	189	203	204	205	218	219	310	#
302	2291585	13	29	30	31	44	45	46	61	122	135	136	137	138	153	154	158	170	172	173	174	175	187	188	189	190	191	203	204	205	221	310	#
303	2184939	61	77	126	139	140	142	143	156	157	158	172	173	174	175	187	188	189	190	191	203	204	205	207	218	219	220	221	223	237	238	310	#
304	2167753	115	168	169	170	172	173	174	175	184	185	186	187	188	189	190	191	200	201	202	203	204	205	207	218	219	223	237	238	239	254	310	#
305	2132613	124	139	140	156	158	159	172	173	174	175	186	187	188	189	190	201	203	204	205	217	218	219	231	232	233	234	235	248	249	251	310	#
306	1131391	171	172	173	187	189	203	204	205	206	218	219	220	221	222	223	238	239	255	311	#
307	1286345	13	14	23	24	26	31	40	41	42	57	58	171	172	187	188	189	205	221	311	#
308	1280161	72	88	103	126	141	153	154	155	156	157	170	171	172	173	185	186	187	188	311	#
309	1268924	81	97	112	113	129	184	199	200	201	202	214	215	216	222	223	238	239	254	311	#
310	1188492	171	186	187	188	189	202	203	204	205	206	219	220	221	222	223	238	239	254	311	#
311	1187084	108	124	125	126	141	142	157	172	173	174	187	188	189	204	219	220	221	222	311	#
312	836821	32	33	48	49	64	65	66	82	102	119	121	134	135	136	137	312	#
313	1066632	104	105	121	122	123	138	139	153	154	155	162	163	164	171	172	312	#
314	1019809	2	18	32	33	34	35	48	49	51	52	64	65	66	82	83	312	#
315	993285	14	15	32	34	48	49	50	51	52	64	65	66	80	81	98	312	#
316	990299	32	34	48	49	64	65	80	81	82	96	97	98	112	113	115	312	#
317	961655	1	16	17	18	32	33	34	48	49	50	51	64	65	66	80	312	#
318	275836	109	110	111	125	313	#
319	381312	94	110	111	181	313	#
320	346260	93	94	110	111	313	#
321	317801	122	123	124	125	313	#
322	592875	55	67	68	69	70	85	96	112	314	#
323	637691	68	69	85	86	101	102	117	133	314	#
324	622269	37	53	54	69	70	85	101	117	314	#
325	516543	19	35	50	51	66	67	83	144	314	#
326	494044	82	96	97	112	113	129	239	255	314	#
327	475917	50	51	52	53	66	67	68	83	314	#
328	253049	11	12	13	27	28	29	315	#
329	336493	10	11	24	25	26	27	315	#
330	224390	11	12	13	29	89	153	315	#
331	216422	13	14	28	29	30	31	315	#
332	167167	80	96	112	316	#
333	182806	112	128	129	316	#
334	149271	64	80	96	316	#
335	138639	80	96	97	316	#
336	494348	0	4	16	19	20	35	36	317	#
337	601429	2	3	4	5	6	20	21	317	#
338	546809	3	6	7	19	20	21	22	317	#
339	482080	19	20	21	36	37	225	242	317	#
340	466845	18	34	35	206	207	222	223	317	#
341	449684	0	1	16	32	34	48	49	317	#
342	252352	129	144	145	318	#
343	196263	128	144	145	318	#
344	117693	145	146	147	318	#
345	194027	156	157	158	319	#
346	246982	140	156	172	319	#
347	231210	141	157	173	319	#
348	127884	158	159	175	319	#
349	23679	56	#
350	294149	70	71	86	87	320	#
351	339845	70	85	86	87	320	#
352	299424	71	86	87	88	320	#
353	295153	85	86	87	101	320	#
354	257534	86	87	103	119	320	#
355	312750	7	8	23	24	25	321	#
356	308710	7	8	23	187	199	321	#
357	304616	23	38	39	54	70	321	#
358	300464	8	9	22	23	24	321	#
359	276408	6	7	21	23	24	321	#
360	413979	6	7	22	23	122	322	#
361	380253	6	7	21	22	26	322	#
362	357336	23	39	88	104	105	322	#
363	335868	7	23	24	25	39	322	#
364	330553	6	22	37	38	39	322	#
365	237245	106	121	122	123	124	322	#
366	147134	205	221	#
367	1855023	4	90	105	106	120	121	122	123	138	139	140	151	152	153	154	155	156	167	168	169	170	172	183	185	186	187	202	203	323	#
368	2093533	91	105	106	107	120	121	122	133	134	135	138	154	155	167	168	170	172	173	174	183	184	185	186	187	188	189	202	203	323	#
369	2080368	23	28	42	43	44	59	74	75	76	77	108	109	124	140	141	142	155	156	157	158	172	173	188	189	190	191	231	247	323	#
370	2057927	70	71	72	87	88	89	91	105	107	108	109	110	118	119	120	121	122	123	137	138	139	140	154	225	226	241	242	243	323	#
371	1910676	121	138	151	152	153	154	170	172	185	186	187	188	202	203	204	205	215	216	217	218	219	220	231	232	233	248	249	250	323	#
372	1910595	19	120	134	135	136	151	152	153	154	165	166	167	168	169	170	182	183	184	185	186	200	202	216	217	231	232	233	249	323	#
373	1154647	104	105	106	120	122	123	124	135	136	137	138	140	141	154	324	#
374	1092635	56	71	72	73	88	104	105	106	107	120	121	122	137	138	324	#
375	1042326	105	106	107	110	120	121	122	123	124	125	126	136	137	138	324	#
376	1012537	90	97	98	104	105	106	107	120	121	122	123	137	138	153	324	#
377	1008153	17	73	104	105	106	107	120	121	122	123	137	138	139	153	324	#
378	984479	104	105	119	120	121	122	134	135	136	137	138	153	154	169	324	#
379	917090	177	179	180	190	191	193	194	195	208	210	211	224	226	227	325	#
380	972277	79	94	95	178	179	180	195	210	211	212	213	226	227	229	325	#
381	963477	72	73	74	88	162	178	179	195	210	211	225	226	227	242	325	#
382	960281	5	6	21	22	23	37	39	40	41	56	57	153	177	193	325	#
383	930801	162	163	178	179	193	194	195	199	210	211	212	215	231	247	325	#
384	921862	140	141	156	171	194	208	209	210	211	224	225	226	240	242	325	#
385	482241	45	60	148	149	164	165	166	182	326	#
386	619838	32	147	163	164	179	180	181	182	326	#
387	607125	27	28	43	44	60	61	76	92	326	#
388	593753	146	147	148	149	163	164	165	181	326	#
389	553863	148	164	165	166	167	180	181	183	326	#
390	511365	84	98	99	100	116	164	165	180	326	#
391	184601	12	27	49	66	327	#
392	258233	49	50	51	66	327	#
393	228009	10	11	12	27	327	#
394	201154	11	12	27	38	327	#
395	648001	182	199	215	216	217	230	231	232	233	246	247	328	#
396	798245	195	196	212	216	229	230	231	232	246	247	248	328	#
397	780474	103	118	119	135	216	217	231	232	246	247	248	328	#
398	764657	169	184	185	200	201	216	217	231	232	246	247	328	#
399	747577	198	214	216	230	231	232	245	246	247	248	249	328	#
400	676635	110	111	201	215	216	217	230	231	232	246	247	328	#
401	115566	22	#
402	506099	140	153	154	155	156	169	170	171	329	#
403	722931	107	121	122	123	137	138	153	154	329	#
404	648928	27	43	44	140	141	142	156	157	329	#
405	620491	136	152	153	154	170	184	185	186	329	#
406	602819	121	122	123	137	138	153	154	169	329	#
407	537358	51	52	140	141	154	155	156	157	329	#
408	160925	15	31	47	135	330	#
409	197367	14	30	31	47	330	#
410	138306	119	134	135	136	330	#
411	573339	48	64	80	96	97	112	113	128	129	144	145	331	#
412	835360	128	129	130	144	145	146	147	160	161	162	163	331	#
413	780174	128	129	130	144	145	160	161	176	177	192	209	331	#
414	758972	96	113	128	129	144	145	160	161	173	176	189	331	#
415	707628	96	113	114	128	129	144	145	147	161	162	176	331	#
416	695429	68	69	83	96	97	98	99	112	113	115	128	331	#
417	512992	16	17	18	32	33	34	48	49	81	332	#
418	732997	2	18	19	20	33	34	48	49	51	332	#
419	604559	1	17	18	19	33	34	35	134	178	332	#
420	579507	0	1	16	17	32	33	34	48	49	332	#
421	500511	17	18	32	33	34	48	49	80	149	332	#
422	488447	0	16	17	18	32	33	34	48	49	332	#
423	394186	76	93	94	95	109	110	333	#
424	567086	78	79	93	94	95	111	333	#
425	520670	61	78	79	92	93	94	333	#
426	499815	79	93	94	95	110	111	333	#
427	491356	75	78	92	93	94	109	333	#
428	407219	44	60	61	76	92	93	333	#
429	998764	161	176	177	178	179	192	193	194	208	209	210	211	224	225	226	227	240	241	242	334	#
430	1296210	9	10	11	12	25	26	42	210	212	225	226	227	228	229	241	242	243	244	245	334	#
431	1246765	160	161	176	177	192	193	194	208	209	210	211	215	216	224	226	227	231	241	242	334	#
432	1220153	146	147	160	161	162	163	176	178	179	180	181	194	195	196	215	216	217	232	233	334	#
433	1197332	103	105	118	119	120	134	135	192	193	194	208	209	210	211	224	225	240	241	242	334	#
434	1161270	13	14	56	57	73	74	193	208	209	210	211	212	224	225	226	227	241	242	243	334	#
435	783594	30	31	45	46	47	59	60	61	63	75	76	77	78	94	335	#
436	930942	14	15	30	31	47	63	85	86	87	88	102	103	104	105	335	#
437	919351	27	43	44	45	59	60	61	75	76	77	78	79	91	108	335	#
438	875729	28	43	58	59	61	74	75	76	77	78	90	91	108	124	335	#
439	872041	27	28	29	30	43	44	45	59	60	61	77	78	79	138	335	#
440	869425	13	14	15	29	30	31	43	44	45	46	47	59	63	75	335	#
441	187847	24	39	40	56	336	#
442	273300	7	23	24	25	336	#
443	256259	23	24	39	40	336	#
444	190812	7	23	38	39	336	#
445	104997	17	39	55	56	336	#
446	234748	16	32	58	181	337	#
447	271200	165	181	182	198	337	#
448	263080	43	58	59	75	337	#
449	221149	0	1	16	17	337	#
450	199445	16	17	32	48	337	#
451	139397	149	165	#
452	866275	34	49	50	65	66	67	68	69	81	82	83	99	338	#
453	964638	19	20	35	36	50	65	66	67	68	82	83	97	338	#
454	899365	65	66	67	68	69	81	82	83	85	86	98	99	338	#
455	851665	66	67	83	99	100	114	115	129	130	131	146	163	338	#
456	848895	49	50	65	66	67	68	69	81	82	83	98	115	338	#
457	841368	18	34	35	36	37	48	49	50	65	67	68	83	338	#
458	1397461	7	14	51	66	83	84	85	86	87	99	100	101	102	103	116	117	118	133	134	149	165	247	339	#
459	1648450	65	66	67	147	162	163	164	165	166	178	179	180	181	182	194	195	197	198	210	214	215	230	339	#
460	1630335	49	50	51	65	66	67	68	70	81	82	83	84	85	86	99	100	101	102	118	150	165	166	339	#
461	1620125	22	38	50	53	67	69	70	83	84	85	86	87	99	100	101	102	118	176	184	185	200	201	339	#
462	1587454	19	34	35	48	49	50	51	53	65	66	67	68	83	84	193	194	209	210	224	225	240	241	339	#
463	1503524	50	65	66	67	68	69	82	83	84	85	86	98	99	100	101	102	105	114	117	118	134	150	339	#
464	549209	131	132	133	134	164	180	196	340	#
465	585469	146	147	148	149	162	163	164	340	#
466	517559	102	116	117	132	148	163	164	340	#
467	478919	146	163	164	180	185	196	223	340	#
468	474038	178	180	194	195	196	211	227	340	#
469	456211	118	120	133	134	135	136	150	340	#
470	150095	76	77	93	341	#
471	192436	76	77	92	341	#
472	113745	93	109	110	341	#
473	110443	75	76	77	341	#
474	3516690	21	32	33	48	49	50	64	65	66	81	119	129	136	144	145	146	147	151	152	153	160	161	162	163	168	169	170	176	178	179	182	183	184	192	193	194	197	198	199	200	209	210	213	214	216	224	225	226	240	241	242	243	342	#
475	3783685	14	15	30	31	46	62	86	87	88	89	103	120	134	135	136	147	149	150	151	152	153	161	162	163	164	165	166	167	168	169	178	179	180	181	182	183	184	185	194	198	199	200	201	214	215	216	230	231	232	246	247	248	342	#
476	3691213	129	144	146	147	150	151	152	160	161	162	163	164	165	166	167	168	169	176	177	178	179	180	181	182	183	184	185	186	192	194	195	198	199	200	201	202	203	207	208	209	210	214	215	216	219	223	224	225	232	238	239	254	342	#
477	3638457	12	13	28	29	30	43	44	45	46	60	61	62	70	75	76	78	92	94	95	110	111	127	152	153	154	165	166	167	168	169	170	181	182	183	184	185	186	198	199	200	201	214	215	216	226	230	231	232	241	242	243	248	342	#
478	3619006	20	25	33	37	40	41	42	43	46	49	53	54	55	56	57	58	62	63	64	65	66	67	68	69	72	78	81	82	83	84	85	86	94	97	98	115	131	147	200	216	217	228	229	230	231	232	245	246	247	248	249	250	342	#
479	3608378	25	33	40	41	49	56	57	58	65	66	73	81	82	83	97	98	113	114	115	121	129	137	150	151	153	154	165	166	169	170	183	184	185	186	198	199	200	201	213	214	215	216	228	229	230	231	232	245	246	247	248	249	342	#
480	227622	118	119	134	135	136	343	#
481	330898	118	119	120	134	135	343	#
482	286345	118	119	120	135	136	343	#
483	284911	91	92	134	135	150	343	#
484	253743	117	118	133	134	135	343	#
485	227082	118	119	120	134	136	343	#
486	191732	198	199	215	344	#
487	260658	197	198	199	344	#
488	232056	182	199	200	344	#
489	190916	199	215	231	344	#
490	349148	7	8	9	23	24	25	38	39	40	345	#
491	518258	7	8	23	24	38	39	40	54	70	345	#
492	433144	7	8	23	24	39	52	68	221	222	345	#
493	432573	7	8	9	10	23	24	25	26	40	345	#
494	416187	7	23	24	39	40	41	42	57	58	345	#
495	393430	7	23	24	38	39	53	54	55	56	345	#
496	1064445	34	35	49	50	51	52	64	65	66	67	68	82	83	84	98	99	346	#
497	1175825	4	20	31	36	52	53	66	68	82	83	84	98	99	115	237	238	346	#
498	1149268	4	20	32	34	36	48	49	50	51	64	65	67	68	80	83	84	346	#
499	1130980	82	83	98	145	146	161	162	163	178	179	194	195	209	210	211	226	346	#
500	1115055	54	66	67	68	82	83	84	97	101	102	103	116	119	120	135	234	346	#
501	1100813	34	37	49	50	51	52	53	54	64	65	66	67	68	70	71	80	346	#
502	2128570	38	54	55	56	69	70	71	72	73	74	88	89	90	105	106	120	127	206	207	219	220	223	234	235	236	237	238	239	251	252	253	254	347	#
503	2314219	53	54	86	119	133	148	149	164	165	171	180	181	182	186	187	188	198	199	202	203	212	213	219	220	234	235	236	237	251	252	253	254	347	#
504	2241571	0	1	2	6	18	174	187	188	190	191	202	203	204	205	206	207	219	220	222	223	233	235	236	237	238	239	250	251	252	253	254	255	347	#
505	2188954	158	172	173	174	186	187	188	189	190	203	205	206	207	218	219	220	221	222	223	233	234	235	236	238	239	249	250	251	252	253	254	255	347	#
506	2184657	0	1	2	3	56	57	72	73	88	89	90	91	92	103	104	105	106	118	119	120	121	122	123	128	138	139	144	181	182	199	233	249	347	#
507	2173761	0	14	15	31	157	173	187	188	189	190	201	202	203	204	205	206	207	218	219	220	221	223	235	236	237	238	239	251	252	253	254	255	347	#
508	152964	186	202	348	#
509	172893	185	186	348	#
510	110448	201	202	348	#
511	727963	177	178	179	193	194	195	196	210	211	225	226	227	349	#
512	883242	163	178	179	194	195	196	197	198	210	211	212	225	349	#
513	814226	145	161	177	178	179	193	194	195	196	210	211	212	349	#
514	809914	161	176	177	178	179	194	195	210	211	225	226	227	349	#
515	784601	96	161	177	178	192	193	194	209	210	225	226	242	349	#
516	779227	130	145	146	147	161	162	177	178	179	194	210	225	349	#
517	23745	143	#
518	1096005	149	164	165	180	181	196	197	198	213	214	227	228	229	230	231	245	350	#
519	1132354	164	180	181	185	196	197	198	199	201	202	213	214	228	229	230	245	350	#
520	1131612	122	138	198	199	200	211	213	214	215	227	228	229	230	242	243	245	350	#
521	1100958	177	194	198	211	213	214	225	226	227	228	229	230	241	242	243	245	350	#
522	1076859	149	150	163	164	165	180	181	196	197	198	213	214	215	229	230	231	350	#
523	1051988	163	164	180	181	196	197	198	199	200	213	214	215	216	229	231	248	350	#
524	578894	87	88	103	104	120	121	122	138	351	#
525	585174	119	120	121	135	136	151	167	253	351	#
526	571175	86	87	88	102	103	104	118	119	351	#
527	564141	115	120	121	122	123	124	131	138	351	#
528	556638	43	44	60	121	122	138	154	155	351	#
529	548328	51	52	55	71	72	87	88	89	351	#
530	39638	109	#
531	1062754	9	25	27	28	39	40	41	42	43	56	57	58	59	74	79	95	352	#
532	1238593	61	76	77	78	79	93	94	95	110	112	128	129	144	145	160	161	352	#
533	1125749	44	45	46	47	60	61	62	76	77	78	79	92	93	94	95	111	352	#
534	1125160	28	42	43	44	45	58	59	60	61	62	74	76	77	92	93	250	352	#
535	1095322	11	27	28	29	30	41	42	43	86	87	102	103	104	223	239	255	352	#
536	1039047	27	28	29	38	39	40	41	42	43	55	56	57	58	70	166	183	352	#
537	519363	198	214	229	230	246	247	353	#
538	539035	198	214	215	230	246	247	353	#
539	508471	230	246	247	248	249	250	353	#
540	456301	195	212	214	229	230	246	353	#
541	431795	214	230	245	246	247	248	353	#
542	413026	182	183	198	199	214	215	353	#
543	95827	36	52	354	#
544	102680	35	52	354	#
545	98739	36	37	354	#
546	137955	134	135	#
547	402992	208	209	224	226	227	240	241	355	#
548	450165	176	177	192	194	208	209	224	355	#
549	426741	173	193	208	209	224	226	241	355	#
550	393582	194	208	209	210	224	240	241	355	#
551	389911	177	192	193	194	208	209	224	355	#
552	373917	212	226	227	228	241	243	244	355	#
553	1497759	4	20	32	150	151	152	153	166	167	168	169	182	183	184	185	186	199	200	201	215	231	232	356	#
554	1588812	105	122	138	182	183	199	200	212	215	216	217	229	230	231	232	233	234	246	247	248	249	250	356	#
555	1554038	123	139	151	155	167	182	183	184	185	197	198	199	200	213	214	215	229	230	231	232	247	248	356	#
556	1546383	129	135	138	151	152	153	154	169	170	183	184	185	186	190	200	201	202	206	216	217	221	222	356	#
557	1546317	181	182	183	184	186	187	197	198	199	200	201	202	203	215	216	219	230	231	232	233	248	249	356	#
558	1531010	120	135	136	137	138	151	152	153	154	167	169	170	171	183	184	185	186	187	199	200	202	203	356	#
559	1417326	33	34	50	51	52	53	66	67	68	88	101	102	103	116	117	118	120	133	134	135	149	150	357	#
560	1540042	9	10	25	72	74	87	88	89	90	92	104	105	106	107	108	122	123	124	125	126	140	141	357	#
561	1430647	68	84	87	88	101	103	104	112	115	116	117	118	119	133	134	135	143	150	158	159	174	190	357	#
562	1406329	2	18	33	34	74	87	88	89	90	91	92	103	104	105	106	107	108	119	121	122	123	124	357	#
563	1383396	1	2	3	4	5	17	18	19	33	34	35	36	37	50	51	52	53	67	68	69	84	101	357	#
564	1373615	2	3	18	19	21	22	34	35	36	37	38	50	51	52	53	54	64	65	66	67	68	84	357	#
565	194439	179	180	196	358	#
566	186091	178	179	195	358	#
567	183741	164	180	196	358	#
568	155930	195	196	197	358	#
569	56537	168	#
570	787601	143	159	173	175	189	190	191	206	207	221	222	237	359	#
571	1014932	188	203	204	205	206	219	221	222	223	237	238	254	359	#
572	900233	190	191	205	206	207	220	221	223	236	237	238	253	359	#
573	831157	190	205	206	220	221	222	236	237	238	251	253	254	359	#
574	806653	173	188	189	190	202	203	204	205	206	219	220	246	359	#
575	790457	159	173	174	175	188	189	190	191	206	207	223	238	359	#
576	202798	236	251	252	253	360	#
577	272276	251	252	253	254	360	#
578	244387	237	252	253	254	360	#
579	222489	235	236	237	250	360	#
580	197774	10	11	253	361	#
581	274028	11	12	28	361	#
582	151628	10	146	147	361	#
583	111859	251	252	253	361	#
584	730902	189	205	221	222	235	236	237	253	362	#
585	703988	203	219	220	221	235	236	237	253	362	#
586	700915	205	206	221	222	237	238	253	254	362	#
587	683064	218	219	220	234	235	236	250	251	362	#
588	643094	206	221	222	223	237	238	239	253	362	#
589	637178	205	220	221	223	236	237	238	239	362	#
590	755104	48	64	65	67	80	81	82	83	96	97	363	#
591	800058	53	67	68	69	70	82	83	84	97	99	363	#
592	769564	48	64	65	80	81	82	83	96	97	112	363	#
593	744449	30	31	47	67	81	82	83	84	97	99	363	#
594	726960	67	68	69	81	82	83	84	85	97	100	363	#
595	707832	59	65	67	68	80	81	82	83	96	97	363	#
596	1367428	3	4	5	18	19	20	32	33	34	48	49	50	51	60	65	67	82	83	98	364	#
597	1375331	30	31	32	33	48	49	50	51	65	66	67	68	82	83	84	85	100	101	116	364	#
598	1339427	16	32	33	34	48	49	50	51	65	66	67	68	121	138	139	140	225	241	242	364	#
599	1324434	34	48	49	50	51	52	53	65	66	67	68	82	83	84	98	99	114	115	129	364	#
600	1321447	1	2	17	18	19	32	33	34	49	50	51	65	66	67	82	83	98	146	164	364	#
601	1313331	2	3	17	18	19	20	32	33	34	48	49	50	51	64	65	66	67	82	83	364	#
602	98475	121	138	365	#
603	109851	121	122	365	#
604	1446199	154	169	170	171	172	185	186	200	201	202	217	219	220	233	234	235	236	237	249	250	251	366	#
605	1435531	76	77	154	156	170	171	172	173	185	186	187	188	189	190	201	202	203	204	205	221	237	366	#
606	1359154	22	38	39	173	188	189	190	191	204	205	206	207	219	220	221	222	235	236	237	238	252	366	#
607	1355126	185	188	200	201	202	204	217	219	220	221	222	233	234	235	236	237	238	249	250	251	252	366	#
608	1348695	140	141	156	157	159	171	172	173	174	186	187	188	189	190	191	205	221	235	236	237	251	366	#
609	1339617	21	138	154	169	170	171	172	173	185	186	188	201	202	203	204	217	218	219	234	235	250	366	#
610	85641	126	142	367	#
611	80929	125	126	367	#
612	513252	105	119	120	121	122	147	368	#
613	423332	89	90	105	106	122	123	368	#
614	368561	90	105	106	121	122	137	368	#
615	362210	114	129	130	145	146	147	368	#
616	326920	67	104	105	120	121	145	368	#
617	320768	103	104	119	120	121	135	368	#
618	57008	242	#
619	76818	23	#
620	1332605	103	104	105	119	120	121	133	134	135	136	137	149	150	151	152	165	166	167	192	209	224	240	369	#
621	1726796	113	114	116	130	131	132	133	134	147	148	149	150	165	166	180	181	182	195	196	197	198	212	369	#
622	1583425	131	132	147	161	194	195	196	197	208	209	210	211	212	215	224	225	226	240	241	242	243	244	369	#
623	1570954	33	34	49	65	66	119	136	149	152	165	166	167	168	169	180	181	182	183	197	198	199	200	369	#
624	1561205	33	49	65	66	82	83	84	85	98	99	101	102	114	116	117	132	133	134	149	150	151	166	369	#
625	1533584	149	150	160	165	166	167	176	181	182	192	193	194	195	199	208	209	215	224	225	240	241	242	369	#
626	83481	236	#
627	281859	245	246	247	370	#
628	206269	247	248	249	370	#
629	171126	29	45	246	370	#
630	412239	164	165	181	200	201	250	371	#
631	525048	164	165	166	167	180	181	371	#
632	423507	164	165	166	180	181	183	371	#
633	394579	231	233	235	248	249	250	371	#
634	367117	164	165	166	181	183	184	371	#
635	337390	200	201	202	216	217	233	371	#
636	851766	8	9	24	25	26	33	41	49	57	58	64	65	66	80	372	#
637	1109666	2	18	19	34	48	49	50	65	66	67	81	82	83	97	372	#
638	1085739	33	34	49	64	65	80	81	82	96	97	112	113	129	144	372	#
639	1073197	1	2	18	19	20	32	33	34	36	48	49	50	64	65	372	#
640	1040855	33	34	48	49	50	51	64	65	66	67	68	80	81	83	372	#
641	951522	9	10	11	12	26	27	28	40	41	42	43	58	59	74	372	#
642	758449	43	44	58	59	60	76	77	78	93	94	109	373	#
643	808527	78	93	94	95	109	110	125	126	141	142	143	373	#
644	801622	76	93	94	109	110	124	125	139	140	141	142	373	#
645	781061	10	26	27	40	41	42	43	44	59	60	76	373	#
646	740958	25	40	41	42	56	57	58	74	75	76	91	373	#
647	740708	90	91	94	106	107	108	109	110	213	214	229	373	#
648	1184275	165	166	181	182	183	197	198	199	200	213	214	215	216	230	231	232	233	248	374	#
649	1400820	124	138	139	140	141	154	155	171	182	183	197	198	199	200	213	215	216	232	374	#
650	1366819	182	197	198	213	214	215	216	229	230	231	232	233	234	241	246	247	248	250	374	#
651	1317338	48	49	151	167	182	183	198	199	200	215	216	231	232	233	236	247	248	253	374	#
652	1314435	115	141	166	182	183	196	197	198	199	200	213	214	215	230	231	232	246	247	374	#
653	1227542	166	182	198	199	200	213	214	215	216	230	231	232	233	245	246	247	248	249	374	#
654	23917	89	#
655	582866	149	164	165	166	180	181	195	196	212	375	#
656	699111	147	162	163	178	179	180	195	211	212	375	#
657	670520	32	33	148	164	165	179	180	181	182	375	#
658	659025	50	51	66	67	83	148	149	164	180	375	#
659	643583	3	19	29	148	149	164	180	181	245	375	#
660	633793	133	148	149	150	164	165	166	167	181	375	#
661	238099	54	60	70	76	376	#
662	248849	38	54	70	71	376	#
663	237352	60	76	92	108	376	#
664	228946	70	85	86	101	376	#
665	156638	29	45	60	61	376	#
666	415198	129	130	131	144	145	146	162	377	#
667	487411	129	130	131	132	133	146	163	377	#
668	467769	97	98	115	130	131	132	147	377	#
669	461076	130	146	161	162	176	177	192	377	#
670	457986	129	130	145	146	161	162	179	377	#
671	392030	129	130	131	145	146	147	162	377	#
672	842355	82	84	98	100	114	115	129	130	131	132	133	134	145	149	378	#
673	1034485	98	102	112	115	118	119	120	131	132	133	134	135	147	148	378	#
674	1025409	4	5	19	20	34	35	52	68	83	84	85	86	100	115	378	#
675	1019760	144	145	146	160	161	162	176	177	178	179	193	194	195	211	378	#
676	1002065	114	115	130	131	132	133	147	148	149	162	163	164	178	179	378	#
677	962007	66	82	98	114	115	129	130	131	132	145	147	148	160	162	378	#
678	159517	14	15	30	379	#
679	144577	14	15	31	379	#
680	700177	27	43	180	181	182	196	197	198	213	214	380	#
681	759642	20	21	36	180	195	196	197	198	213	214	380	#
682	726047	163	164	165	180	195	196	197	198	212	213	380	#
683	724601	164	180	195	196	197	198	213	228	229	245	380	#
684	724106	3	4	18	19	33	34	35	42	43	51	380	#
685	703325	8	9	10	11	26	27	28	42	43	44	380	#
686	1557951	160	161	177	178	179	180	192	193	194	195	196	197	208	209	210	211	212	225	226	227	229	241	242	243	244	381	#
687	1944070	107	122	123	124	138	139	140	154	161	176	177	178	179	180	193	194	195	196	197	211	212	213	229	245	246	381	#
688	1766267	160	161	176	177	178	179	180	181	193	194	195	196	197	198	209	211	212	224	225	226	229	230	231	241	242	381	#
689	1755999	177	178	180	192	193	194	195	196	197	199	211	212	213	215	216	226	229	230	231	232	233	235	246	248	250	381	#
690	1734741	149	165	181	182	183	194	195	197	199	211	212	213	214	215	216	229	230	231	232	244	245	246	247	248	249	381	#
691	1724503	125	133	140	141	149	150	151	152	153	154	156	157	169	170	171	172	184	185	192	200	208	209	224	237	238	381	#
692	1273342	137	139	140	141	152	153	155	156	168	169	170	171	174	184	185	186	187	201	217	234	382	#
693	1460850	108	123	124	125	140	141	142	155	156	157	158	159	172	173	174	175	187	188	204	205	382	#
694	1436153	105	118	119	120	122	123	125	134	139	140	141	142	156	157	158	159	171	172	173	174	382	#
695	1409924	91	105	107	119	120	122	123	124	135	136	139	140	141	155	156	171	172	187	188	189	382	#
696	1382801	82	98	114	115	137	153	156	158	169	170	171	172	173	174	186	187	188	204	205	221	382	#
697	1372441	100	114	115	116	128	129	130	131	137	138	144	152	153	167	168	169	184	185	186	187	382	#
698	1395644	55	70	71	72	85	86	87	88	89	102	103	118	119	120	133	134	136	150	151	152	167	383	#
699	1545086	87	88	102	103	105	118	119	120	121	122	123	124	136	137	138	139	152	154	168	170	246	383	#
700	1510538	70	71	86	87	88	89	90	102	103	118	119	120	134	136	137	138	150	228	230	245	246	383	#
701	1438501	70	71	85	86	87	88	89	96	98	101	102	103	112	113	114	115	116	129	131	132	148	383	#
702	1417266	70	72	85	86	87	88	102	103	104	117	118	119	120	134	136	137	138	150	152	199	200	383	#
703	1388650	2	17	18	19	32	33	132	133	134	148	149	150	166	167	182	183	199	210	225	242	243	383	#
704	290379	215	216	217	218	232	384	#
705	416826	215	232	247	248	249	384	#
706	384840	214	215	230	232	248	384	#
707	331662	202	203	204	218	219	384	#
708	306986	216	217	232	234	248	384	#
709	187870	216	217	221	233	234	384	#
710	74467	118	119	385	#
711	89810	117	118	385	#
712	50360	103	119	385	#
713	3352902	100	116	117	118	130	131	132	133	134	135	146	148	149	150	151	161	162	164	165	166	167	169	178	179	180	181	182	183	184	194	195	196	197	198	199	200	209	210	211	212	214	215	216	217	224	225	226	227	228	229	231	232	244	245	246	247	248	386	#
714	4169527	10	11	27	28	29	42	43	50	51	66	75	76	77	91	92	93	124	125	149	150	165	166	167	169	170	171	172	173	182	183	184	185	186	188	199	200	201	202	203	204	205	206	215	216	217	218	219	220	221	222	231	232	234	246	247	248	250	386	#
715	3918510	54	55	70	72	85	86	87	99	102	103	116	117	118	120	149	150	154	165	168	169	170	179	180	181	182	183	184	185	186	187	188	195	196	197	199	200	202	203	204	205	211	212	214	215	216	217	218	219	220	221	227	231	232	234	246	247	248	386	#
716	3855761	1	2	3	19	133	134	135	148	149	150	151	152	153	158	164	165	166	167	168	169	170	171	172	173	174	182	183	184	185	186	199	200	201	202	203	205	214	215	216	217	218	220	221	222	231	232	233	234	235	236	237	238	246	247	248	250	254	386	#
717	3785058	54	55	69	70	71	72	86	87	99	100	101	102	103	104	115	116	117	118	119	120	133	134	135	136	137	148	149	150	151	152	153	154	165	166	167	168	169	170	182	183	184	185	186	199	200	201	202	203	215	216	217	218	231	232	234	246	248	386	#
718	3748006	8	13	25	27	28	29	40	41	42	43	44	55	56	57	59	60	73	89	116	117	133	149	154	165	166	167	169	170	181	182	183	184	185	186	196	197	199	200	201	202	203	214	215	216	217	218	231	232	233	234	235	236	246	247	248	250	251	386	#
719	361554	88	103	104	119	120	387	#
720	388571	72	88	103	104	120	387	#
721	366822	88	103	104	105	121	387	#
722	294264	119	135	136	151	152	387	#
723	289160	72	88	89	103	104	387	#
724	256352	87	103	104	120	136	387	#
725	270949	82	98	99	114	131	388	#
726	376348	68	69	81	82	83	388	#
727	366228	81	82	98	99	115	388	#
728	365013	83	98	99	100	115	388	#
729	348475	113	114	131	147	163	388	#
730	316754	98	100	115	131	132	388	#
731	551107	169	183	184	185	186	187	199	200	201	215	389	#
732	807659	150	165	166	167	168	182	183	184	198	200	389	#
733	763400	166	167	168	169	182	183	184	185	190	191	389	#
734	693032	3	19	20	37	184	185	186	200	201	216	389	#
735	652510	167	168	169	170	182	183	184	185	186	187	389	#
736	603800	169	182	183	184	185	186	200	201	202	216	389	#
737	90066	181	#
738	348283	18	34	35	49	50	51	191	390	#
739	509787	1	2	17	18	19	34	35	390	#
740	479495	2	17	18	34	35	50	51	390	#
741	476880	50	65	66	67	159	174	175	390	#
742	474842	19	20	35	36	37	51	66	390	#
743	469354	48	49	50	64	65	66	82	390	#
744	404509	221	222	237	252	253	391	#
745	464815	221	222	236	237	253	391	#
746	397835	206	221	222	223	237	391	#
747	381537	235	236	237	251	252	391	#
748	209565	169	170	186	202	252	391	#
749	695210	81	82	97	112	113	121	137	138	139	153	154	155	169	170	392	#
750	939538	19	72	89	103	105	106	119	120	121	122	136	137	138	154	392	#
751	914652	51	65	66	67	80	81	82	96	97	98	112	186	202	218	392	#
752	869089	154	167	168	169	170	171	172	183	184	185	186	200	201	202	392	#
753	863521	105	106	107	121	122	123	136	137	138	152	153	154	168	184	392	#
754	836525	121	137	153	154	155	156	169	170	171	172	186	188	202	204	392	#
755	68532	202	#
756	1834963	2	17	18	88	99	100	101	104	105	114	116	117	130	131	132	133	134	144	145	146	147	150	161	162	195	196	212	238	393	#
757	2182041	25	26	41	42	132	133	134	135	136	137	150	151	152	153	164	165	166	167	168	170	180	181	182	183	184	185	186	202	393	#
758	2056018	70	71	73	75	87	88	89	90	91	105	106	107	121	122	135	136	137	138	151	152	154	167	168	170	183	184	200	248	393	#
759	2042064	48	49	64	114	116	129	130	131	132	133	145	146	147	150	151	160	161	162	163	164	165	166	167	176	180	181	182	183	393	#
760	2004822	0	30	89	90	104	105	106	107	114	120	121	131	132	133	134	135	136	137	151	152	153	154	166	167	168	182	183	184	393	#
761	1973176	165	166	180	181	182	184	185	195	196	197	200	201	202	212	213	214	215	216	217	218	228	229	230	231	234	244	245	253	393	#
762	405735	230	231	246	247	394	#
763	360991	231	246	247	248	394	#
764	300441	140	156	214	230	394	#
765	300437	215	231	232	246	394	#
766	674973	77	93	235	236	237	251	252	253	395	#
767	739855	221	236	237	238	251	252	253	254	395	#
768	694778	232	233	235	237	250	251	252	253	395	#
769	681367	220	221	235	236	237	251	252	253	395	#
770	637261	204	220	235	236	237	250	251	252	395	#
771	628227	233	235	236	237	250	251	252	253	395	#
772	186603	46	47	63	396	#
773	237457	30	46	47	396	#
774	176924	47	63	79	396	#
775	263264	221	222	237	397	#
776	299063	237	238	239	397	#
777	280222	166	222	238	397	#
778	131156	221	239	255	397	#
779	70305	196	#
780	2082637	107	139	140	153	154	155	156	157	168	169	170	171	184	185	186	187	202	203	204	216	217	218	219	220	231	232	233	234	235	249	250	251	398	#
781	2426105	54	55	70	98	185	186	188	189	190	200	201	202	203	204	205	206	207	218	219	220	221	222	223	234	235	236	237	238	251	252	253	254	398	#
782	2410802	128	129	144	145	146	147	160	161	162	163	176	177	179	180	184	193	200	204	216	217	218	219	220	231	232	233	234	235	236	247	248	249	398	#
783	2288043	34	35	36	50	51	65	66	173	188	189	202	203	204	205	215	216	217	218	219	220	221	222	233	234	235	236	237	238	249	251	252	253	398	#
784	2251899	117	132	133	158	173	186	187	188	189	190	199	200	202	203	204	205	215	216	217	218	219	220	221	231	232	233	234	235	236	237	251	253	398	#
785	2247598	52	53	89	90	91	92	107	121	122	123	124	157	158	173	174	188	189	190	202	203	204	205	206	219	220	221	222	235	236	238	251	253	398	#
786	1513696	1	2	3	4	5	17	18	19	20	33	34	35	36	48	49	51	64	65	66	80	81	159	175	246	399	#
787	1748465	2	3	4	5	6	7	17	18	19	20	21	22	23	33	34	35	36	37	49	51	65	66	81	82	399	#
788	1726249	3	4	5	20	21	22	36	37	38	39	40	52	53	75	76	77	78	79	93	94	95	109	110	111	399	#
789	1692405	1	2	3	17	18	19	31	46	47	167	181	182	183	197	198	199	213	214	215	227	228	231	232	244	399	#
790	1666711	1	3	11	16	17	18	19	33	34	35	49	51	64	65	66	76	77	78	81	82	93	94	109	110	399	#
791	1647538	0	16	17	18	19	20	21	32	33	34	35	36	37	48	49	65	66	166	182	183	185	199	200	201	399	#
792	581109	74	90	105	106	107	108	109	122	123	400	#
793	704946	106	121	122	123	138	139	140	186	187	400	#
794	674908	90	106	107	121	122	123	124	137	138	400	#
795	650124	121	122	123	124	138	139	140	156	157	400	#
796	599661	91	96	107	108	109	110	123	124	125	400	#
797	541406	49	66	76	91	92	94	108	109	110	400	#
798	174834	212	229	401	#
799	145363	195	212	401	#
800	67493	213	229	401	#
801	959597	182	183	184	198	199	213	214	215	229	230	231	247	248	249	250	402	#
802	1209071	91	107	108	123	124	215	231	235	236	237	247	248	249	250	251	402	#
803	1122510	182	199	215	219	231	232	233	234	235	236	247	248	249	250	251	402	#
804	1122403	124	125	141	142	157	172	173	174	215	216	231	232	233	247	248	402	#
805	1088601	34	35	49	50	52	64	65	81	166	167	181	182	183	199	215	402	#
806	1052774	88	165	166	167	180	181	182	183	198	199	214	215	231	247	248	402	#
807	177102	151	152	153	403	#
808	233877	137	153	154	403	#
809	129625	150	151	152	403	#
810	97937	136	152	168	403	#
811	205880	148	149	178	404	#
812	237188	178	194	210	404	#
813	172871	133	149	185	404	#
814	80217	148	163	164	404	#
815	352382	103	104	105	106	122	405	#
816	350006	106	122	123	138	139	405	#
817	330845	41	56	72	105	106	405	#
818	304413	88	103	104	118	119	405	#
819	286290	89	90	104	105	106	405	#
820	254712	102	103	118	119	136	405	#
821	372813	8	24	25	104	105	121	137	406	#
822	501424	105	121	136	137	138	139	154	406	#
823	479933	89	104	105	120	121	138	139	406	#
824	439361	121	137	138	153	154	169	170	406	#
825	403259	89	104	105	106	145	160	176	406	#
826	351645	10	11	25	26	27	41	43	406	#
827	898759	72	89	90	103	104	105	106	118	119	120	121	134	135	136	137	138	149	150	407	#
828	1262544	44	60	61	78	104	105	106	119	120	121	137	138	154	170	171	172	187	188	407	#
829	1188948	75	76	91	92	93	119	135	136	137	149	150	151	153	165	166	167	181	183	407	#
830	1085505	90	103	104	106	118	119	134	135	138	150	151	152	153	154	167	183	233	250	407	#
831	1078305	101	146	149	161	162	163	164	165	177	178	181	182	193	194	197	198	215	216	407	#
832	1037792	102	103	104	117	118	119	134	135	136	137	138	151	152	154	166	167	182	183	407	#
833	844420	18	19	23	68	69	84	85	101	115	116	117	132	133	408	#
834	1000756	6	7	8	9	20	21	22	23	24	25	26	37	38	408	#
835	983881	3	19	20	35	36	37	52	53	54	68	69	84	85	408	#
836	947533	21	22	36	37	52	53	54	55	69	85	101	116	181	408	#
837	941979	83	84	85	101	102	106	116	117	122	137	138	154	155	408	#
838	917021	1	52	53	68	69	84	85	86	87	101	102	103	117	408	#
839	3801596	1	2	5	6	7	8	9	10	11	12	13	14	15	16	17	18	19	20	21	22	23	25	26	27	28	30	31	32	33	34	35	36	37	38	40	41	42	43	44	45	46	47	49	50	51	52	55	56	57	58	59	60	62	63	65	66	67	68	70	74	75	76	81	82	97	98	409	#
840	4576418	7	12	20	22	23	28	36	37	39	40	41	43	44	53	54	55	56	57	58	59	68	69	70	72	73	74	83	85	86	88	89	90	103	104	106	107	108	109	119	120	123	124	125	130	131	135	139	140	141	142	146	147	154	156	157	158	162	163	164	170	171	173	178	179	186	189	409	#
841	4503767	1	2	3	18	19	24	28	33	34	35	36	39	40	41	43	44	49	50	51	55	56	57	58	59	60	67	68	80	81	82	97	98	110	111	112	113	114	115	128	129	130	131	133	150	166	167	181	182	196	199	200	201	212	213	214	215	216	230	231	232	246	247	248	249	250	251	409	#
842	4282259	5	6	7	8	9	21	22	23	25	26	33	39	40	41	42	43	54	55	56	57	58	59	68	69	70	71	73	74	85	86	87	88	89	90	102	104	105	106	107	118	120	123	124	179	184	194	195	199	200	212	213	214	215	216	221	222	229	230	231	232	238	239	245	246	247	248	409	#
843	4232940	6	7	8	9	10	11	12	13	18	21	22	23	25	26	27	28	34	35	36	37	38	39	40	41	42	43	51	52	53	54	55	56	57	58	59	68	70	74	159	161	162	163	175	176	177	178	179	191	192	193	194	195	205	207	208	209	211	212	221	222	223	237	238	239	240	254	409	#
844	4203988	1	2	6	7	16	17	18	19	21	22	23	32	33	34	35	36	37	38	39	40	41	51	52	53	54	55	56	57	68	69	70	72	73	74	75	85	86	89	100	101	102	116	117	130	131	132	183	197	199	200	212	213	214	215	216	218	228	230	231	232	233	234	247	248	250	251	409	#
845	218128	171	172	187	410	#
846	266407	171	186	187	410	#
847	198941	140	156	171	410	#
848	159165	156	172	188	410	#
849	355633	75	92	93	108	124	411	#
850	375201	92	93	108	124	125	411	#
851	318852	124	125	126	127	141	411	#
852	283683	58	59	75	76	92	411	#
853	258353	76	77	92	93	109	411	#
854	256836	59	75	76	92	93	411	#
855	156244	114	130	412	#
856	189616	129	130	412	#
857	162190	114	131	412	#
858	776008	86	88	89	102	103	104	118	119	120	121	132	138	148	149	196	413	#
859	1144719	148	149	152	164	165	166	168	180	181	182	183	184	197	198	199	413	#
860	1079296	10	11	131	132	133	147	148	149	161	162	163	164	165	178	179	413	#
861	1011297	35	36	38	52	53	54	55	69	70	71	86	87	88	89	105	413	#
862	992403	149	164	165	180	181	182	195	196	197	198	199	212	213	228	229	413	#
863	948852	38	41	53	54	55	56	58	70	71	72	88	89	90	106	107	413	#
864	284440	176	192	208	209	210	224	240	414	#
865	337320	176	177	192	193	194	209	210	414	#
866	307192	176	177	192	224	225	240	241	414	#
867	291937	73	161	176	177	192	194	208	414	#
868	273823	209	210	224	225	240	241	242	414	#
869	231251	192	208	209	210	224	225	240	414	#
870	118108	12	27	#
871	116960	162	#
872	380890	34	35	49	50	51	66	67	82	415	#
873	561414	35	51	66	67	68	69	83	84	415	#
874	516433	50	52	53	66	68	82	83	84	415	#
875	456060	19	34	35	49	51	52	67	83	415	#
876	452971	2	16	17	18	19	33	34	49	415	#
877	439800	18	19	34	35	36	50	51	66	415	#
878	215756	104	105	106	122	416	#
879	323196	105	106	107	122	416	#
880	258650	72	88	89	104	416	#
881	212446	90	91	106	107	416	#
882	269458	41	56	71	72	87	113	417	#
883	321042	41	42	57	58	59	75	417	#
884	315242	41	56	57	70	71	72	417	#
885	253155	41	56	57	58	72	73	417	#
886	213291	96	97	112	113	114	222	417	#
887	1722486	20	30	55	71	72	73	87	88	89	90	104	105	106	119	121	122	123	135	136	137	138	154	194	211	226	227	241	242	418	#
888	1969822	88	101	104	105	117	118	119	120	121	122	123	124	135	136	137	138	140	152	154	213	214	228	229	230	244	245	246	247	418	#
889	1868479	10	11	12	13	14	15	26	27	28	29	30	42	43	44	45	46	47	60	61	62	77	78	93	94	110	125	126	143	418	#
890	1849962	40	55	56	73	79	86	88	89	90	94	95	101	102	104	105	110	111	120	121	122	123	126	127	137	138	142	143	158	418	#
891	1802267	20	21	37	40	53	54	55	56	68	69	70	71	72	73	86	87	88	89	90	104	105	119	120	121	122	136	137	138	418	#
892	1771949	89	90	105	121	122	126	129	135	136	137	138	142	143	144	145	151	152	158	159	172	173	174	189	190	200	201	202	206	418	#
893	124746	188	#
894	1269651	11	12	13	14	15	21	26	27	28	29	42	43	44	45	59	60	61	107	419	#
895	1413488	4	5	6	20	21	34	35	37	38	39	50	51	52	53	66	67	68	69	419	#
896	1384652	10	11	12	13	28	43	44	59	60	61	102	103	114	117	129	131	133	144	419	#
897	1357660	11	12	28	29	43	44	45	56	57	58	59	60	61	75	77	78	92	94	419	#
898	1326000	10	11	12	13	14	26	27	28	29	41	42	43	44	45	58	59	61	78	419	#
899	1320776	28	42	43	44	45	58	59	60	61	74	77	78	90	92	93	94	133	149	419	#
900	784081	162	179	195	196	210	211	212	213	214	215	226	228	229	230	246	420	#
901	1040921	115	129	130	131	145	147	148	153	160	161	162	176	177	178	179	420	#
902	1016751	119	134	135	136	147	148	149	152	153	154	164	165	180	181	196	420	#
903	1004829	176	184	192	198	199	200	201	208	209	210	214	228	229	230	246	420	#
904	1001970	182	183	198	199	214	215	230	232	233	235	236	248	249	250	251	420	#
905	974726	12	28	182	183	195	198	199	212	213	214	215	229	230	231	246	420	#
906	162346	17	32	33	49	50	421	#
907	222801	32	33	48	49	66	421	#
908	215736	33	34	49	117	118	421	#
909	119194	40	56	422	#
910	80122	41	56	422	#
911	1056592	7	9	10	11	24	25	26	27	41	42	58	187	213	221	222	229	423	#
912	1267416	9	10	11	12	24	25	26	27	28	42	43	58	59	150	166	167	423	#
913	1210553	9	10	11	12	25	26	27	28	40	41	42	43	44	57	58	59	423	#
914	1198363	36	50	51	52	190	205	206	220	221	222	223	236	237	238	239	254	423	#
915	1178364	8	9	10	11	12	13	14	25	26	27	28	29	42	43	58	74	423	#
916	1164923	193	194	195	196	198	199	212	213	214	215	229	230	231	246	247	248	423	#
917	751782	40	41	42	43	58	59	60	74	76	90	93	424	#
918	844433	28	44	58	59	60	61	77	78	93	94	109	424	#
919	826030	26	27	28	41	42	43	58	59	60	73	74	424	#
920	820506	12	23	24	25	26	27	40	41	42	43	59	424	#
921	814652	8	25	26	28	41	42	43	58	59	60	74	424	#
922	795563	7	10	23	24	25	26	27	42	43	167	168	424	#
923	628246	186	202	203	217	218	219	220	221	234	236	425	#
924	780044	163	165	179	180	181	196	202	217	218	219	425	#
925	717904	135	186	202	203	215	216	217	218	219	234	425	#
926	678304	188	202	203	204	218	219	220	221	222	238	425	#
927	672231	81	188	189	203	204	205	218	219	220	221	425	#
928	623526	203	204	215	216	217	218	219	232	234	250	425	#
929	600301	164	179	180	195	196	197	212	213	426	#
930	743156	138	154	162	163	179	180	195	196	426	#
931	699364	147	163	179	180	181	195	211	212	426	#
932	625723	162	163	179	195	196	197	211	226	426	#
933	611930	164	180	181	195	196	211	212	228	426	#
934	603986	195	196	211	212	226	227	228	243	426	#
935	200658	128	144	427	#
936	103455	128	129	427	#
937	728519	16	17	19	33	34	35	50	51	52	65	428	#
938	873622	34	35	50	51	52	66	67	82	83	95	428	#
939	844588	48	50	51	64	65	66	67	81	82	83	428	#
940	766583	19	20	22	35	37	38	51	52	67	154	428	#
941	709148	34	50	51	64	65	66	67	83	98	99	428	#
942	706136	22	34	35	36	38	39	51	52	53	66	428	#
943	986775	31	38	39	40	54	55	70	71	87	99	100	101	102	115	116	131	429	#
944	1138468	28	37	52	53	55	56	68	69	70	82	83	84	97	98	100	101	429	#
945	1120333	54	67	68	69	70	83	85	86	101	102	166	182	197	198	213	228	429	#
946	1117677	68	69	81	82	83	84	85	86	97	98	99	100	101	102	115	116	429	#
947	1095959	7	21	22	23	28	37	38	39	40	44	54	55	56	70	71	87	429	#
948	1062417	57	67	68	78	81	82	83	97	98	99	100	115	131	147	148	163	429	#
949	304087	53	68	83	84	430	#
950	360507	51	52	68	84	430	#
951	347463	14	52	68	83	430	#
952	275098	37	52	53	68	430	#
953	265630	52	53	68	83	430	#
954	466621	72	88	89	104	105	119	120	431	#
955	472438	105	119	120	121	137	139	140	431	#
956	454889	56	57	58	72	88	104	105	431	#
957	440296	72	89	105	121	122	137	138	431	#
958	402875	71	72	88	89	104	105	120	431	#
959	380485	72	88	89	124	140	156	157	431	#
960	1029399	2	3	4	5	18	19	20	22	32	34	35	36	37	38	48	49	50	51	52	53	54	432	#
961	1378251	5	6	21	22	34	35	37	38	39	50	52	53	54	61	69	70	77	86	93	108	109	432	#
962	1194211	2	3	4	5	6	11	19	20	21	22	23	35	36	37	38	39	52	53	54	69	70	432	#
963	1184073	21	22	23	24	36	37	38	39	52	53	54	55	56	57	69	71	72	89	90	106	122	432	#
964	1177539	4	5	6	19	20	21	22	23	35	36	37	38	39	52	53	54	55	71	72	87	189	432	#
965	1139053	2	3	4	5	6	18	19	21	22	23	34	35	36	37	38	39	51	52	53	54	67	432	#
966	490527	206	222	223	235	236	237	238	239	255	433	#
967	647946	22	37	38	236	237	238	239	253	255	433	#
968	600463	217	218	232	233	234	235	249	250	251	433	#
969	584523	96	112	113	221	222	223	237	238	239	433	#
970	582598	45	46	60	61	221	235	236	237	253	433	#
971	580489	221	222	223	236	237	238	239	253	255	433	#
972	940906	5	20	21	22	52	53	54	55	68	69	70	71	86	87	434	#
973	1103962	7	22	23	39	40	54	55	56	69	70	71	86	87	103	434	#
974	1060816	71	86	87	88	102	103	105	106	117	118	119	120	133	134	434	#
975	1022763	7	23	39	54	55	70	71	86	87	103	119	126	143	185	434	#
976	1014859	19	20	21	22	23	35	36	37	38	39	50	51	52	53	434	#
977	1009224	4	5	6	7	20	21	22	23	38	39	40	53	54	55	434	#
978	226496	132	133	149	435	#
979	189172	133	149	165	435	#
980	172633	117	133	134	435	#
981	1744283	12	14	15	26	27	28	29	30	31	43	44	59	73	74	75	76	89	90	91	92	106	107	122	123	182	183	199	200	215	216	436	#
982	1994578	41	57	73	74	75	76	77	89	90	91	92	93	94	95	105	106	107	108	121	122	123	124	125	126	138	140	141	142	156	157	436	#
983	1983674	16	17	18	19	20	27	28	29	32	33	34	35	43	44	50	51	52	53	59	62	67	77	78	79	83	94	102	116	117	118	436	#
984	1978987	75	76	91	92	105	106	107	108	121	122	123	124	138	139	140	142	144	145	146	147	154	160	161	162	163	176	177	178	240	241	436	#
985	1972730	6	22	23	101	102	103	104	117	118	119	120	150	166	182	183	196	197	198	199	200	201	212	213	214	215	216	228	230	231	245	436	#
986	1960901	40	41	54	55	56	57	73	74	75	76	77	87	89	90	91	92	103	105	106	107	108	119	120	121	122	123	124	140	141	157	436	#
987	16596	64	#
988	726792	25	26	28	41	42	43	44	58	59	75	91	437	#
989	878825	8	24	25	26	40	41	42	43	44	92	108	437	#
990	803753	11	12	27	28	43	44	45	60	61	153	250	437	#
991	765690	11	12	28	43	44	45	59	60	61	75	91	437	#
992	715095	27	29	41	42	43	44	45	59	60	61	78	437	#
993	658931	8	25	26	27	28	41	43	57	58	59	60	437	#
994	51933	239	#
995	313028	72	88	89	90	103	438	#
996	386297	88	102	103	104	119	438	#
997	375960	72	88	89	103	166	438	#
998	330840	87	88	89	90	105	438	#
999	316744	89	103	104	105	119	438	#
1000	275259	34	35	56	72	89	438	#
