%% File generated by CATS v.2.1Wed Jun 19 19:18:01 2013

%% The CATS webpage is http://robotics.stanford.edu/CATS

%% PARAMETER SETTINGS:
% Goods: 256; Bids: 1000; Distribution: regions; Runs: 50; Seed: 1371664596
% Regions Distribution Parameters:
% Max Substitutable Bids = 5
% Removing HV Neighbor   = 0.1
% Adding DIAG Neighbor   = 0.2
% Additional Location    = 0.9
% Jump Probability       = 0.05
% Additivity             = 0.2
% Budget Factor          = 1.5
% Resale Factor          = 0.5
% Normal Private Value:
%   Mean                 = 0
%   Standard Deviation   = 30



goods 256
bids 1002
dummy 187

0	1513932	12	13	28	29	31	44	45	46	47	60	61	62	63	75	76	77	78	91	92	93	94	95	109	128	129	144	256	#
1	1914419	42	43	44	45	46	58	59	60	61	74	75	76	89	90	91	92	93	104	105	106	107	108	109	123	138	139	256	#
2	1910368	5	6	22	38	54	97	99	100	112	113	114	115	128	129	130	131	144	145	146	147	150	161	163	164	165	227	256	#
3	1881905	10	11	26	27	28	29	42	43	44	45	46	60	61	76	77	91	92	107	123	139	148	162	163	164	178	179	256	#
4	1657232	27	28	29	43	44	45	46	56	57	58	59	60	61	62	74	75	76	77	90	91	92	106	107	108	123	124	256	#
5	1653316	33	43	44	45	46	49	57	58	59	60	61	62	63	64	65	74	75	76	80	81	91	238	239	253	254	255	256	#
6	172517	153	154	257	#
7	194927	153	169	257	#
8	148180	221	222	258	#
9	132147	222	238	258	#
10	97769	205	221	258	#
11	125374	225	226	259	#
12	137784	210	226	259	#
13	85611	225	241	259	#
14	2068692	42	43	44	57	58	59	60	61	62	63	73	74	75	76	77	78	82	90	91	92	93	94	96	97	98	105	106	107	108	112	113	114	123	124	130	138	140	260	#
15	2674606	10	11	12	13	14	26	27	28	29	42	43	58	59	60	61	74	75	76	89	90	91	92	94	106	107	108	110	121	122	123	124	125	139	141	168	182	183	260	#
16	2583675	41	42	43	56	57	58	59	60	61	62	71	72	73	74	75	76	77	88	89	90	91	93	94	105	106	107	108	109	110	121	122	123	126	127	139	142	179	260	#
17	2546899	15	45	46	60	61	62	77	93	94	108	109	110	111	121	122	123	124	125	126	139	140	141	142	157	158	159	172	173	174	175	186	187	188	189	190	191	207	260	#
18	2533622	11	12	72	73	74	89	90	91	93	101	102	104	105	106	107	108	109	121	122	123	124	125	126	127	138	140	141	143	157	158	159	172	173	174	189	204	205	260	#
19	2463322	42	43	57	58	59	72	73	74	75	76	77	78	79	90	91	92	93	94	95	105	106	108	109	110	111	124	125	126	127	141	142	157	158	177	178	194	243	260	#
20	767237	155	171	172	174	188	189	190	191	205	206	207	223	261	#
21	801528	156	157	172	189	190	191	206	207	223	238	239	255	261	#
22	799559	38	54	70	156	172	173	188	204	205	206	207	223	261	#
23	789695	141	158	174	189	190	191	205	206	207	222	223	238	261	#
24	783829	154	155	156	171	172	173	186	187	188	189	203	205	261	#
25	728883	174	188	189	190	191	204	205	206	207	222	223	239	261	#
26	1181933	116	117	118	120	121	122	133	134	135	136	150	151	152	166	167	168	182	183	184	199	200	215	216	217	232	262	#
27	1747820	6	14	15	22	30	31	44	46	47	59	60	61	62	63	77	79	94	95	200	215	216	230	231	232	248	262	#
28	1488653	68	82	83	84	96	97	98	99	100	101	112	113	114	115	116	117	129	131	132	133	148	149	150	164	165	262	#
29	1405909	35	50	51	52	53	54	66	67	68	69	70	71	81	83	84	85	86	88	89	101	102	119	120	121	135	262	#
30	1350924	70	85	86	98	99	101	102	103	112	113	114	115	116	117	118	119	129	130	131	132	133	137	147	148	163	262	#
31	1334245	53	69	85	86	101	103	115	116	117	118	119	132	133	134	135	148	149	150	151	152	163	164	165	166	168	262	#
32	319206	192	193	208	209	263	#
33	314692	177	178	193	194	263	#
34	272725	176	192	208	209	263	#
35	246813	176	192	193	208	263	#
36	133919	57	72	73	264	#
37	197133	55	71	72	264	#
38	82839	57	58	180	264	#
39	1364895	130	134	146	147	148	151	162	163	164	167	168	178	179	180	181	182	194	195	196	197	211	213	265	#
40	1487744	113	114	129	130	131	146	147	148	149	163	164	178	179	180	192	193	194	195	196	210	211	227	265	#
41	1422208	135	147	148	150	151	163	164	165	178	179	180	181	193	194	195	196	209	210	211	224	225	241	265	#
42	1385070	73	74	75	89	90	91	92	104	105	120	121	134	135	136	137	151	152	153	154	168	171	219	265	#
43	1365067	82	83	97	98	99	100	112	113	114	115	116	128	129	130	131	132	146	147	148	163	164	179	265	#
44	1364044	113	115	130	131	144	145	146	147	148	152	160	161	162	163	164	167	168	178	179	180	194	195	265	#
45	20991	205	#
46	165951	201	217	218	233	266	#
47	225062	217	232	233	234	266	#
48	180656	217	218	232	233	266	#
49	121871	203	204	218	234	266	#
50	534716	2	3	4	5	6	17	18	20	36	267	#
51	625546	2	3	4	5	20	21	22	38	70	267	#
52	625051	1	2	3	16	17	32	48	64	219	267	#
53	600618	1	2	3	4	12	17	18	28	44	267	#
54	557915	1	2	3	16	17	18	32	33	48	267	#
55	519839	3	4	5	6	19	20	22	37	38	267	#
56	411528	51	52	53	68	69	70	85	86	101	268	#
57	574425	38	49	50	51	52	53	54	66	82	268	#
58	539296	52	53	54	55	68	69	70	93	94	268	#
59	468521	19	35	36	50	51	52	65	66	81	268	#
60	424420	54	55	69	70	71	86	87	88	102	268	#
61	335491	69	82	84	85	100	101	102	117	118	268	#
62	784686	123	124	125	139	140	141	157	171	172	173	187	188	189	205	221	269	#
63	1036324	154	170	186	187	188	202	203	204	205	206	207	217	218	220	221	269	#
64	1027785	59	74	75	156	170	171	172	186	188	189	200	205	206	216	217	269	#
65	922769	137	138	140	141	153	154	157	158	164	170	171	172	173	179	189	269	#
66	893529	121	122	123	124	137	138	139	140	153	154	155	169	170	171	172	269	#
67	881361	122	124	137	138	139	140	141	142	154	155	157	170	171	173	187	269	#
68	805	71	#
69	1580771	7	8	9	10	11	12	23	24	25	26	27	28	37	38	39	40	44	56	57	72	73	87	88	89	103	104	246	247	248	270	#
70	2039658	72	73	74	86	87	88	89	90	91	101	102	103	104	105	106	107	118	119	134	169	171	172	186	187	188	189	202	203	218	270	#
71	1948361	75	76	92	184	197	200	202	203	212	213	214	215	216	217	218	228	229	230	231	232	233	234	244	245	246	247	248	249	250	270	#
72	1937453	9	184	187	200	201	202	203	211	212	213	216	217	218	219	228	229	230	231	232	233	234	235	245	246	247	248	249	250	251	270	#
73	1901073	11	12	13	28	29	44	45	59	60	98	114	200	211	212	213	214	215	216	228	229	230	231	232	233	245	246	247	248	249	270	#
74	1870508	23	24	38	39	40	54	55	56	69	70	71	72	85	86	87	91	102	103	106	107	119	122	123	220	221	236	237	238	252	270	#
75	77701	195	211	271	#
76	63112	180	195	271	#
77	1054772	10	66	67	68	69	81	82	83	97	98	99	100	113	114	115	130	131	147	272	#
78	1219517	50	66	67	68	69	83	98	99	112	113	114	115	131	137	138	153	154	171	272	#
79	1134200	16	17	32	33	48	64	80	81	96	97	112	113	114	128	130	131	147	235	272	#
80	1123446	68	83	84	85	98	99	100	112	113	114	115	128	129	210	211	226	227	242	272	#
81	1111922	52	53	54	55	57	67	68	69	70	71	72	84	85	86	87	100	119	120	272	#
82	1096515	52	68	69	83	84	98	99	100	114	115	116	131	132	203	218	219	233	234	272	#
83	1306931	0	1	2	3	4	5	6	16	17	18	19	20	32	33	36	48	49	52	273	#
84	1461691	0	1	2	15	16	17	18	19	30	31	32	33	48	49	50	64	65	80	273	#
85	1392018	0	1	2	3	4	16	17	19	32	33	34	48	49	64	65	66	80	84	273	#
86	1383459	1	2	3	16	17	18	32	33	48	49	50	64	144	160	161	192	208	223	273	#
87	1371618	2	3	4	19	20	21	35	36	37	49	50	51	52	53	67	68	69	84	273	#
88	1366696	2	3	4	5	6	8	9	20	22	23	24	25	26	40	41	56	72	217	273	#
89	2191408	37	53	54	69	70	153	154	155	156	157	159	169	170	171	172	173	174	175	186	187	188	189	190	202	203	204	205	206	207	218	219	220	221	222	223	236	237	238	239	252	253	254	255	274	#
90	2902945	4	5	6	19	20	21	22	23	24	66	82	98	105	110	111	121	122	123	126	138	139	141	142	143	151	152	153	154	155	156	157	158	159	168	170	171	172	173	175	186	187	188	203	274	#
91	2878506	1	2	3	4	5	18	19	34	35	59	60	61	76	77	92	109	110	123	124	125	126	141	142	156	157	158	172	173	174	175	186	188	189	190	191	203	205	207	218	219	221	222	238	274	#
92	2757142	1	2	3	16	18	19	34	89	90	101	116	117	133	142	149	153	154	155	156	157	158	159	165	166	171	172	173	174	175	179	180	181	182	189	190	197	209	210	224	225	226	240	241	274	#
93	2720617	4	20	35	36	50	52	53	54	64	65	66	67	68	69	70	72	81	82	83	84	85	86	87	88	89	97	98	99	101	102	103	104	105	106	107	108	112	113	114	115	118	119	133	274	#
94	2715430	96	122	126	127	138	139	141	142	152	153	154	155	156	157	158	168	170	171	172	186	187	188	189	190	191	203	204	205	206	207	218	219	220	221	222	223	236	238	239	243	244	245	255	274	#
95	894383	23	24	39	40	41	42	55	56	57	66	71	72	73	80	81	226	227	275	#
96	1189738	5	6	7	8	22	23	24	25	38	39	40	41	42	54	58	75	91	275	#
97	1187903	8	24	40	41	42	56	57	58	71	72	73	74	75	76	77	91	93	275	#
98	1024231	5	6	22	23	24	38	39	40	41	42	53	54	56	57	70	71	72	275	#
99	1021435	25	26	41	42	43	58	60	74	75	90	190	206	207	218	223	234	235	275	#
100	1004680	55	56	57	58	70	71	72	74	86	88	89	90	123	138	171	186	187	275	#
101	2712399	6	139	154	155	156	169	170	171	172	184	185	186	187	188	189	199	200	201	202	203	204	205	206	213	214	215	216	217	218	219	220	221	230	231	232	233	234	235	236	237	249	250	251	252	276	#
102	2809372	39	55	56	71	72	143	149	153	159	164	165	169	178	179	180	181	182	183	184	185	186	187	188	195	196	200	201	202	203	204	215	216	217	218	219	230	231	232	233	234	235	247	249	250	276	#
103	2781585	27	28	42	43	44	45	46	153	169	170	171	173	184	185	186	187	188	189	190	191	200	201	202	203	204	205	206	216	217	218	219	232	233	234	235	236	237	238	249	250	251	252	253	254	276	#
104	2757386	0	1	2	16	17	32	33	48	49	64	184	187	188	189	197	201	202	203	204	205	213	215	217	218	219	220	228	229	230	231	233	234	235	236	244	245	246	247	249	250	251	252	254	255	276	#
105	2706807	49	64	65	66	67	70	148	163	164	165	166	178	179	180	181	182	183	184	185	194	195	197	198	199	200	201	211	213	214	215	216	226	227	228	229	230	231	241	242	243	244	245	246	247	276	#
106	2687086	155	157	167	171	172	180	181	182	183	184	185	186	187	188	197	198	199	200	201	202	203	204	205	212	213	214	215	216	217	218	219	229	230	231	232	233	234	235	245	246	247	249	250	251	276	#
107	868940	67	163	164	165	179	180	181	182	197	198	211	213	214	228	229	246	277	#
108	1118285	62	164	165	178	179	180	181	183	185	195	196	197	198	199	200	213	277	#
109	1091237	134	148	149	150	162	164	165	177	178	179	180	194	195	196	211	227	277	#
110	1084714	114	115	131	146	147	148	163	164	165	178	179	180	194	195	196	204	277	#
111	1063836	97	113	129	163	164	165	166	167	181	182	183	191	197	198	199	213	277	#
112	1040921	44	45	116	117	132	133	147	148	149	150	163	164	165	179	180	196	277	#
113	300688	153	154	169	170	171	278	#
114	342228	115	153	169	185	249	278	#
115	338991	152	153	169	170	186	278	#
116	330125	151	152	153	154	168	278	#
117	291693	153	154	155	171	172	278	#
118	277046	155	171	187	202	203	278	#
119	1720811	122	123	124	125	136	137	138	139	140	141	142	154	155	156	157	158	171	172	173	174	187	188	189	203	204	205	279	#
120	1830096	18	19	33	34	49	64	65	66	82	91	92	107	123	137	138	139	153	154	155	169	170	171	186	187	202	203	279	#
121	1815720	18	25	34	90	91	92	105	106	107	109	123	124	125	126	139	140	141	142	143	156	157	158	159	173	174	189	279	#
122	1815325	91	92	104	105	107	108	121	122	123	124	125	137	138	139	140	152	153	154	155	170	171	172	173	186	187	203	279	#
123	1792510	76	92	107	108	123	124	125	126	139	140	141	142	143	157	158	159	171	172	173	175	189	196	201	205	217	221	279	#
124	1727790	121	123	137	138	139	154	155	156	157	158	159	171	172	186	187	188	189	200	201	202	203	217	218	219	232	233	279	#
125	1000449	13	14	15	28	31	42	43	44	45	46	47	60	61	62	63	77	78	79	94	95	280	#
126	1477504	42	43	44	45	46	56	57	58	60	61	73	74	75	76	77	91	92	93	107	108	280	#
127	1337104	27	29	43	45	46	50	59	60	61	62	66	67	77	80	81	92	93	94	123	139	280	#
128	1266156	25	40	41	42	43	44	56	57	58	59	60	74	75	76	90	91	92	104	105	108	280	#
129	1181909	10	11	29	42	43	44	45	46	47	60	61	62	63	76	77	159	175	203	218	234	280	#
130	1179251	61	62	77	78	79	92	93	94	95	108	109	111	124	125	127	140	141	142	143	230	280	#
131	997799	28	44	45	58	59	60	61	74	77	202	218	219	233	234	235	236	252	281	#
132	1250043	67	82	83	173	186	187	188	189	202	203	218	219	235	242	251	252	253	281	#
133	1143298	169	186	188	203	204	205	219	220	221	234	235	236	237	249	250	251	252	281	#
134	1132690	154	169	170	171	184	186	187	200	201	202	203	216	218	219	233	234	235	281	#
135	1119778	26	39	40	41	42	43	44	55	56	58	59	72	73	74	75	76	91	281	#
136	1113457	13	14	31	44	45	46	47	60	61	62	75	76	77	78	94	95	110	281	#
137	48176	124	#
138	49646	30	31	282	#
139	64223	9	31	282	#
140	685825	133	149	163	164	165	166	179	180	181	197	198	213	229	283	#
141	905318	132	147	148	149	163	164	165	178	179	180	181	195	196	283	#
142	893026	109	110	125	126	127	140	141	142	147	158	163	173	174	283	#
143	868244	9	33	148	164	178	179	180	181	182	195	196	198	211	283	#
144	827198	164	165	177	178	179	180	181	195	196	197	211	227	228	283	#
145	792396	213	214	215	216	228	229	230	231	243	244	245	246	247	283	#
146	796370	118	119	132	133	134	135	149	150	151	154	155	171	172	173	194	209	210	284	#
147	1185158	49	123	138	139	140	154	155	156	170	172	183	186	187	188	202	203	205	284	#
148	1056394	36	52	53	83	99	177	193	194	209	210	211	225	226	227	240	241	242	284	#
149	1053661	126	141	142	157	158	169	171	172	173	174	185	186	187	188	189	190	191	284	#
150	1047289	132	134	135	146	147	148	149	150	151	152	163	164	165	181	197	224	240	284	#
151	999278	148	149	160	161	163	164	165	176	177	178	179	181	193	194	195	210	211	284	#
152	680993	38	54	55	70	71	72	73	86	87	88	89	103	104	105	118	119	120	121	285	#
153	969904	11	12	13	27	89	104	119	120	121	135	136	137	150	151	152	153	168	169	285	#
154	928670	39	40	53	54	55	56	57	58	67	68	69	70	71	72	83	85	88	101	285	#
155	851692	5	22	23	38	39	54	55	69	70	71	86	87	88	102	104	133	134	150	285	#
156	780218	85	101	102	103	104	105	117	118	119	120	121	133	134	135	136	149	151	152	285	#
157	762206	51	56	57	70	72	87	88	101	103	117	118	119	134	135	136	151	161	167	285	#
158	427523	7	8	9	10	24	25	26	96	112	286	#
159	562024	66	81	82	83	97	112	113	129	130	286	#
160	480635	7	8	9	24	25	40	41	42	43	286	#
161	470003	7	8	9	23	24	40	56	72	250	286	#
162	465148	10	11	12	25	26	78	79	107	108	286	#
163	444959	7	8	9	10	24	25	41	123	167	286	#
164	181642	50	65	66	287	#
165	165468	34	49	50	287	#
166	152579	64	65	66	287	#
167	81865	48	85	288	#
168	95759	33	48	288	#
169	64875	85	101	288	#
170	291715	18	69	70	73	74	75	87	90	289	#
171	338500	70	71	72	86	101	102	103	149	289	#
172	278181	36	52	53	54	69	70	87	103	289	#
173	253185	52	53	68	70	71	87	103	118	289	#
174	615454	84	99	100	115	116	117	118	133	134	148	149	290	#
175	854830	2	84	85	86	101	102	115	116	117	131	133	290	#
176	789381	82	83	84	85	86	100	101	116	177	193	209	290	#
177	766048	68	83	84	85	86	98	99	101	114	115	147	290	#
178	743697	114	115	116	129	130	131	132	146	147	148	163	290	#
179	736603	133	134	148	149	163	164	179	180	181	195	196	290	#
180	451976	86	102	164	179	180	194	195	211	228	291	#
181	664321	148	149	164	165	180	181	198	211	227	291	#
182	636311	163	164	179	180	181	194	195	196	211	291	#
183	603713	148	163	164	165	178	179	180	195	211	291	#
184	506805	211	212	227	228	229	230	244	245	246	291	#
185	403266	102	103	104	117	118	119	133	134	150	291	#
186	832526	103	116	117	118	119	132	133	134	135	136	148	150	151	152	166	292	#
187	986687	115	116	117	131	132	133	134	136	150	151	152	164	165	170	171	292	#
188	956672	84	98	99	100	101	103	114	115	116	117	118	133	134	150	166	292	#
189	911551	103	104	117	118	133	134	135	136	150	151	152	165	166	167	182	292	#
190	897137	116	117	119	132	133	135	150	151	165	166	167	181	182	197	254	292	#
191	875748	104	105	119	120	121	122	134	135	136	137	138	151	152	167	168	292	#
192	1411685	7	8	9	10	11	22	23	24	25	26	27	28	38	39	40	41	42	43	44	45	59	60	293	#
193	1497656	13	28	29	44	45	46	47	59	60	61	62	63	76	77	78	79	91	92	93	94	241	242	293	#
194	1472826	7	8	9	10	11	12	25	26	27	28	41	42	43	58	59	76	77	78	91	92	93	220	293	#
195	1461569	10	11	12	25	26	27	28	41	42	43	44	45	46	58	60	135	136	150	194	195	210	249	293	#
196	1403317	56	57	58	59	60	61	62	74	75	76	77	90	91	92	93	108	109	177	194	195	211	228	293	#
197	1339283	9	10	11	12	13	14	22	23	24	25	26	28	29	39	40	41	42	45	90	106	231	255	293	#
198	593653	181	197	198	212	213	228	229	230	231	246	294	#
199	598375	25	41	197	198	212	213	229	230	231	245	294	#
200	588361	212	215	228	229	230	231	232	245	246	247	294	#
201	576171	165	181	183	184	197	198	199	201	213	217	294	#
202	540710	197	206	212	213	214	215	222	229	231	246	294	#
203	537993	165	166	179	180	181	182	197	198	199	213	294	#
204	408099	38	54	55	56	70	71	86	87	103	252	295	#
205	564032	204	220	236	237	238	239	252	253	254	255	295	#
206	550097	8	20	21	24	37	38	39	40	56	175	295	#
207	524389	5	6	22	23	38	39	40	54	55	70	295	#
208	510027	37	39	53	54	55	97	113	114	130	146	295	#
209	475287	3	70	71	87	116	132	133	147	148	163	295	#
210	295063	229	230	231	245	246	247	296	#
211	360022	66	229	230	231	245	246	296	#
212	263987	228	229	230	243	244	245	296	#
213	249643	214	229	230	231	232	246	296	#
214	221805	212	213	229	230	245	246	296	#
215	203925	214	228	229	230	231	232	296	#
216	14123	254	#
217	1401106	37	38	39	52	53	54	55	56	66	67	68	69	70	72	80	81	82	83	84	85	99	100	115	116	297	#
218	1576916	6	7	8	21	22	23	24	38	39	40	41	53	54	55	56	57	69	70	71	72	85	86	87	102	297	#
219	1567774	16	18	32	33	34	48	49	54	56	57	58	64	65	70	71	72	73	74	86	87	102	103	104	169	297	#
220	1484522	67	68	83	84	98	100	101	102	114	115	116	117	118	119	130	131	132	133	135	146	147	186	203	219	297	#
221	1417674	34	35	49	50	51	52	64	65	66	67	68	81	82	83	84	96	97	98	99	100	114	115	130	131	297	#
222	1409178	3	4	5	6	18	19	20	22	23	33	34	35	36	38	39	40	41	42	52	57	58	74	75	227	297	#
223	877213	37	38	39	51	52	53	54	68	90	106	177	178	179	195	298	#
224	1132526	164	177	178	179	180	181	182	193	194	195	196	198	209	211	298	#
225	1059070	59	60	75	76	90	91	92	104	105	106	107	109	121	122	298	#
226	1007979	58	60	61	73	74	75	76	77	78	80	88	89	90	91	298	#
227	1003896	50	52	53	54	66	67	68	69	81	82	83	84	97	99	298	#
228	932125	144	145	161	177	178	179	193	194	195	209	210	211	225	226	298	#
229	737430	76	104	105	120	121	136	137	225	226	240	241	242	243	299	#
230	954620	89	105	119	120	121	123	136	137	138	139	153	169	170	299	#
231	861204	120	121	136	137	153	154	209	210	225	226	240	241	242	299	#
232	829664	133	177	192	194	208	209	210	224	225	226	227	240	241	299	#
233	784581	91	107	123	177	192	193	208	224	225	240	241	242	243	299	#
234	764738	76	92	93	106	107	108	109	110	122	123	124	125	139	299	#
235	213939	167	168	182	300	#
236	214776	182	183	184	300	#
237	203607	167	181	182	300	#
238	102393	166	167	168	300	#
239	109050	145	146	#
240	2986858	12	13	14	15	26	27	28	29	30	31	42	43	45	46	47	60	61	62	67	68	77	81	82	83	84	97	98	99	100	113	114	115	129	130	131	146	147	148	149	163	164	165	178	179	180	301	#
241	2962384	16	17	20	32	33	34	35	36	49	50	65	66	67	76	77	82	83	92	93	96	97	99	100	106	107	108	109	110	112	113	114	115	116	121	122	123	128	129	130	131	138	146	147	148	154	301	#
242	2892351	16	29	33	37	38	45	46	47	49	50	54	61	62	63	66	67	68	71	80	81	82	83	84	85	97	98	99	100	113	114	115	116	128	129	130	131	132	133	134	144	147	148	150	160	161	301	#
243	2830830	11	12	13	14	15	28	29	30	31	45	46	61	62	77	93	104	105	106	120	121	122	123	136	137	138	139	152	153	154	155	161	162	168	169	170	172	177	178	179	193	194	195	209	210	211	301	#
244	2795477	14	15	25	29	30	31	41	42	45	46	47	56	57	58	59	61	62	63	72	73	74	75	76	77	78	79	88	89	92	93	94	95	108	109	110	111	124	125	126	127	141	142	157	237	253	301	#
245	2782661	7	8	9	10	11	12	13	14	15	23	24	26	27	28	29	30	39	40	41	42	43	45	46	56	57	58	59	60	61	62	75	76	77	78	91	92	93	94	95	107	108	109	110	111	124	301	#
246	332486	94	95	110	136	302	#
247	334460	93	94	95	109	302	#
248	295082	78	93	94	95	302	#
249	233118	136	137	151	152	302	#
250	167658	110	111	126	142	302	#
251	426136	1	2	17	18	32	33	48	303	#
252	614971	2	16	17	18	33	49	50	303	#
253	565832	16	32	33	48	49	64	65	303	#
254	547608	1	2	3	16	17	18	33	303	#
255	515324	2	16	18	33	34	49	190	303	#
256	504239	0	1	2	16	32	33	34	303	#
257	63487	63	79	304	#
258	87282	79	95	304	#
259	63119	179	#
260	337547	162	176	177	178	192	193	305	#
261	462605	164	165	178	179	180	196	305	#
262	380505	177	178	193	194	208	209	305	#
263	359473	161	162	176	177	178	194	305	#
264	260065	176	177	192	193	194	210	305	#
265	190433	128	144	160	161	162	176	305	#
266	476916	47	62	63	78	79	93	94	306	#
267	569876	60	76	77	92	93	109	110	306	#
268	488611	61	77	78	92	93	94	142	306	#
269	456669	44	60	61	62	76	92	108	306	#
270	389694	47	63	78	79	95	111	127	306	#
271	386758	31	46	47	62	63	79	184	306	#
272	141386	148	164	307	#
273	134871	148	163	307	#
274	134767	103	164	307	#
275	382537	116	133	148	149	150	165	166	205	308	#
276	491961	109	125	135	150	151	166	181	182	308	#
277	450861	148	163	164	165	180	181	195	196	308	#
278	351968	20	36	148	149	150	163	165	166	308	#
279	345789	133	134	149	150	151	165	166	167	308	#
280	330024	71	87	102	103	116	117	118	133	308	#
281	73149	188	204	309	#
282	64101	188	203	309	#
283	24521	204	220	309	#
284	399601	47	216	217	230	231	232	247	248	310	#
285	568691	200	217	230	231	232	233	248	249	310	#
286	464091	214	215	229	230	231	232	246	247	310	#
287	462438	216	229	230	231	232	246	247	248	310	#
288	460334	14	30	31	46	47	232	248	250	310	#
289	437977	191	198	199	200	201	207	215	216	310	#
290	96054	46	#
291	337572	192	193	208	209	224	225	241	311	#
292	455408	177	178	192	193	194	208	210	311	#
293	449457	192	193	208	224	240	241	242	311	#
294	404489	177	192	193	204	208	209	220	311	#
295	398669	193	208	209	225	226	241	242	311	#
296	374919	208	209	210	211	224	225	226	311	#
297	861180	68	82	83	84	97	98	99	114	115	312	#
298	847052	50	66	67	80	81	82	83	84	97	312	#
299	800038	52	67	68	80	81	82	83	97	98	312	#
300	776868	80	81	82	83	97	113	114	130	167	312	#
301	744130	67	68	82	83	84	85	92	93	100	312	#
302	709001	66	67	68	69	70	83	84	85	212	312	#
303	133892	2	#
304	107586	83	99	313	#
305	118448	99	100	313	#
306	289295	90	91	92	93	101	109	314	#
307	371654	72	76	88	92	104	235	314	#
308	356133	58	59	75	90	91	92	314	#
309	343834	74	75	86	90	91	106	314	#
310	273509	92	93	94	95	109	125	314	#
311	242142	69	85	86	87	101	102	314	#
312	589962	89	105	193	209	210	224	225	226	240	241	315	#
313	758432	89	90	104	105	106	107	108	109	121	137	315	#
314	621380	194	195	208	209	210	224	225	240	241	242	315	#
315	590729	87	88	89	90	98	104	105	106	114	121	315	#
316	586237	208	209	224	225	226	227	240	241	242	243	315	#
317	570493	178	193	194	210	211	225	226	227	241	242	315	#
318	191673	33	34	35	316	#
319	214037	32	33	34	316	#
320	164875	3	19	35	316	#
321	118676	34	35	235	316	#
322	12052	247	#
323	490908	3	4	5	19	20	21	22	35	36	51	52	69	317	#
324	631223	3	4	18	19	33	34	35	36	50	52	254	255	317	#
325	627437	5	21	22	23	37	38	39	54	55	70	71	72	317	#
326	567240	3	4	18	19	20	21	22	33	34	35	36	52	317	#
327	552618	3	4	5	6	20	22	57	71	72	73	169	185	317	#
328	523848	35	36	37	38	50	51	52	53	54	68	69	70	317	#
329	776091	30	31	46	47	63	77	78	79	93	94	110	111	126	127	318	#
330	1108162	44	45	46	47	59	60	61	62	76	77	78	79	92	109	318	#
331	1077903	14	15	28	29	30	31	45	46	47	60	61	62	134	151	318	#
332	1065150	13	14	24	29	30	31	40	45	46	47	60	61	62	77	318	#
333	1013962	13	14	15	29	30	31	44	45	46	47	60	61	62	63	318	#
334	963988	45	46	60	61	62	77	78	79	93	94	108	109	110	111	318	#
335	733264	123	209	225	226	227	240	241	242	243	244	245	246	319	#
336	808686	200	214	215	216	229	230	231	232	245	246	247	248	319	#
337	793007	123	135	136	137	138	139	150	151	152	153	168	226	319	#
338	767485	42	43	58	59	60	213	229	230	245	246	247	248	319	#
339	728988	212	224	225	226	227	228	229	242	243	244	245	246	319	#
340	723317	9	10	25	26	179	195	211	212	226	227	228	242	319	#
341	724098	58	72	73	74	87	88	89	90	103	104	118	119	132	133	134	320	#
342	1034743	6	73	89	90	105	106	107	108	109	121	123	124	125	139	141	320	#
343	933747	28	43	44	45	46	57	58	59	60	61	75	76	77	78	90	320	#
344	918249	57	58	59	60	72	73	74	88	89	90	108	109	110	254	255	320	#
345	892026	49	50	51	64	65	66	67	100	102	116	117	118	132	133	134	320	#
346	844829	14	15	29	30	31	58	72	73	74	88	89	104	105	125	169	320	#
347	337677	99	115	116	130	131	146	147	321	#
348	414691	40	84	98	99	100	116	117	321	#
349	404138	113	114	128	129	130	146	147	321	#
350	398115	83	98	99	115	116	117	255	321	#
351	396746	147	148	163	164	179	180	195	321	#
352	336925	100	116	121	122	123	132	161	321	#
353	572483	205	206	221	222	223	237	238	239	253	254	255	322	#
354	671804	188	190	191	205	206	207	221	222	223	237	239	322	#
355	630360	173	188	189	190	206	221	222	223	237	238	239	322	#
356	610197	14	19	31	47	153	154	207	223	238	239	254	322	#
357	583899	190	206	221	222	223	237	238	239	253	254	255	322	#
358	572133	189	190	206	207	221	222	223	237	238	239	255	322	#
359	273773	58	74	90	91	323	#
360	339125	90	91	107	108	323	#
361	242832	89	90	91	106	323	#
362	193327	57	58	72	166	323	#
363	181040	65	73	74	90	323	#
364	15762	221	#
365	57500	109	#
366	781713	59	60	76	77	92	93	108	110	324	#
367	730233	43	44	59	60	76	77	92	93	324	#
368	709414	73	74	75	76	91	92	93	108	324	#
369	683354	74	75	76	77	91	92	93	109	324	#
370	648040	77	78	92	93	94	109	110	111	324	#
371	548621	93	110	111	124	125	126	127	141	324	#
372	519858	123	138	139	155	156	157	171	172	188	325	#
373	627117	122	123	138	139	155	234	235	250	251	325	#
374	605425	171	172	186	187	188	190	205	206	221	325	#
375	597412	153	154	155	156	171	172	187	188	205	325	#
376	564269	139	140	155	156	172	174	188	189	205	325	#
377	547217	125	126	141	142	157	158	172	173	174	325	#
378	911580	173	174	186	187	188	189	190	191	203	205	206	207	221	222	223	326	#
379	1072823	173	174	190	191	200	206	207	216	217	223	233	234	235	249	251	326	#
380	967419	157	173	189	190	191	205	206	207	221	222	223	238	239	254	255	326	#
381	927551	156	172	174	188	189	190	191	205	206	207	221	222	223	238	239	326	#
382	920139	190	191	206	207	220	221	222	223	236	237	238	239	252	253	255	326	#
383	906867	114	115	174	190	191	205	206	207	221	222	223	236	237	238	253	326	#
384	257592	118	132	133	134	148	149	165	327	#
385	367988	88	89	104	134	135	150	151	327	#
386	346907	150	164	165	179	181	197	198	327	#
387	307682	116	117	133	149	165	177	193	327	#
388	275480	132	133	147	148	149	164	165	327	#
389	259192	100	115	116	118	133	148	149	327	#
390	467903	44	54	70	86	87	101	102	328	#
391	525145	39	54	55	56	69	70	72	328	#
392	490577	70	71	86	87	102	163	164	328	#
393	479688	101	102	116	117	133	149	151	328	#
394	442465	54	57	70	71	72	85	86	328	#
395	428529	86	87	88	89	101	102	104	328	#
396	506495	49	50	66	67	68	82	329	#
397	525096	50	65	66	67	68	84	329	#
398	507219	17	33	34	49	65	66	329	#
399	439278	66	67	68	81	82	97	329	#
400	436551	33	49	50	66	81	82	329	#
401	396374	68	69	83	84	85	99	329	#
402	343426	214	215	216	231	232	330	#
403	398892	216	217	230	231	232	330	#
404	389891	215	216	230	231	232	330	#
405	328845	215	229	230	231	248	330	#
406	308654	216	231	232	247	248	330	#
407	304561	213	214	229	230	231	330	#
408	881413	96	112	113	128	129	130	146	147	148	149	163	164	165	179	195	331	#
409	1171436	0	16	133	148	149	162	163	164	165	178	179	180	181	195	196	331	#
410	1042133	66	133	134	146	147	148	149	150	151	163	164	165	181	182	198	331	#
411	949614	24	117	130	132	133	147	148	149	163	164	165	179	194	195	211	331	#
412	923697	9	10	25	38	43	54	55	107	133	148	149	164	165	166	174	331	#
413	913304	131	134	147	148	149	150	163	164	165	166	179	180	195	196	211	331	#
414	157240	12	28	112	128	144	145	146	332	#
415	224147	14	28	29	30	31	44	45	332	#
416	195285	128	144	145	146	147	160	161	332	#
417	218754	68	84	100	116	333	#
418	290433	65	68	84	100	333	#
419	278133	67	68	84	100	333	#
420	251452	67	68	83	84	333	#
421	104411	100	115	116	131	333	#
422	1560011	116	117	118	132	133	134	144	145	146	147	148	149	150	151	152	160	161	162	163	164	165	166	167	176	177	178	179	180	182	192	193	194	195	196	209	334	#
423	2131194	98	114	115	117	118	119	129	130	131	133	134	146	147	148	149	162	163	164	165	178	179	180	181	182	194	195	196	197	198	210	211	212	213	226	227	334	#
424	2092580	98	99	112	113	114	115	128	129	130	131	144	145	146	147	149	160	161	162	163	164	165	176	177	178	179	180	181	192	194	208	210	224	226	227	240	334	#
425	2069438	133	134	149	163	164	165	167	168	179	180	181	182	183	184	185	195	197	198	199	200	201	210	211	212	213	215	216	217	226	227	228	229	232	244	245	334	#
426	2024141	0	1	16	17	18	19	33	66	67	81	82	83	84	97	98	99	101	115	116	117	118	119	130	131	132	133	134	141	142	146	147	148	149	163	164	334	#
427	2017533	62	63	118	133	134	138	147	148	150	154	155	156	157	158	159	163	164	165	166	167	168	171	172	173	174	175	179	180	181	182	183	188	189	198	199	334	#
428	46338	248	#
429	301734	16	18	33	34	50	335	#
430	443314	2	3	18	125	141	335	#
431	375195	16	17	32	33	48	335	#
432	304486	34	49	50	65	66	335	#
433	281007	16	18	32	33	90	335	#
434	692059	44	59	60	148	164	167	180	181	182	195	197	198	199	213	336	#
435	1006175	178	179	180	181	194	195	196	198	210	211	226	227	228	244	336	#
436	965812	11	12	25	27	28	41	42	43	44	58	59	60	76	92	336	#
437	925934	40	41	42	43	44	45	46	60	61	62	76	77	78	94	336	#
438	869092	29	30	45	46	61	150	164	165	177	178	179	194	195	245	336	#
439	853587	150	165	181	182	197	198	211	212	213	214	215	228	229	252	336	#
440	240151	96	97	112	113	128	337	#
441	318414	66	81	96	97	112	337	#
442	311813	96	112	113	129	130	337	#
443	299237	82	98	113	114	130	337	#
444	276202	112	128	129	144	160	337	#
445	204587	81	96	97	112	113	337	#
446	183966	115	131	147	338	#
447	210502	130	131	147	338	#
448	106604	147	148	163	338	#
449	693541	84	100	120	121	123	136	137	138	139	153	339	#
450	718119	105	106	107	120	121	136	137	138	238	239	339	#
451	697036	89	105	121	122	137	138	139	152	153	168	339	#
452	633717	66	67	68	69	81	82	84	85	86	183	339	#
453	624966	119	120	121	134	136	152	153	170	231	232	339	#
454	602403	121	122	123	124	137	138	139	140	155	171	339	#
455	935005	116	117	132	133	134	148	149	150	151	164	165	166	167	180	181	182	197	198	213	340	#
456	1178639	39	53	54	55	133	149	150	165	180	181	182	196	197	198	212	213	214	228	229	340	#
457	1177547	45	117	118	133	134	137	150	151	152	153	154	165	167	168	169	170	171	172	186	340	#
458	1125219	100	115	116	118	129	130	131	132	133	147	148	163	164	165	178	179	180	181	182	340	#
459	1123894	8	101	102	103	117	118	133	134	150	164	165	180	181	197	198	212	213	229	230	340	#
460	1091951	115	116	132	133	134	135	148	149	150	151	163	165	166	167	168	181	182	183	184	340	#
461	350871	107	123	138	139	154	155	341	#
462	434605	123	138	154	155	171	172	341	#
463	427708	91	105	106	107	122	123	341	#
464	414977	12	153	154	155	171	187	341	#
465	374168	123	138	139	153	154	171	341	#
466	323884	138	139	154	155	156	171	341	#
467	97000	143	159	342	#
468	83253	159	175	342	#
469	105743	128	129	343	#
470	157213	128	144	343	#
471	114963	129	130	343	#
472	251757	41	57	72	344	#
473	196759	25	41	57	344	#
474	174783	72	73	88	344	#
475	147594	41	57	251	344	#
476	536957	8	9	25	41	42	58	345	#
477	501257	41	42	43	58	74	75	345	#
478	475937	26	41	42	43	44	58	345	#
479	424064	9	10	25	40	41	42	345	#
480	421335	10	11	26	42	43	60	345	#
481	410696	7	8	9	24	25	40	345	#
482	200146	128	129	144	346	#
483	177604	112	128	129	346	#
484	171861	128	129	130	346	#
485	116557	144	145	200	346	#
486	535486	216	232	233	234	235	249	250	251	347	#
487	601403	186	202	203	218	219	234	235	251	347	#
488	567366	184	199	200	215	216	217	232	233	347	#
489	490606	203	219	234	235	236	237	250	251	347	#
490	476660	120	121	202	218	219	234	235	251	347	#
491	444691	202	217	218	233	234	249	250	251	347	#
492	112032	189	190	348	#
493	101995	174	190	348	#
494	298520	208	224	240	241	242	349	#
495	350141	176	192	193	208	209	349	#
496	334451	224	225	226	227	242	349	#
497	305559	210	226	240	241	242	349	#
498	258742	224	225	240	241	242	349	#
499	181128	225	226	241	242	243	349	#
500	334352	214	215	229	230	231	245	246	350	#
501	439457	212	228	229	230	231	232	244	350	#
502	346654	213	214	229	230	231	246	247	350	#
503	337663	211	228	229	244	245	246	247	350	#
504	314135	54	212	228	229	244	245	246	350	#
505	244270	197	213	214	215	216	229	231	350	#
506	629281	12	28	29	41	42	43	44	45	60	61	86	351	#
507	839444	25	26	41	42	56	57	58	72	75	76	91	351	#
508	790352	13	14	28	29	43	44	45	46	59	60	76	351	#
509	785318	41	43	57	58	59	60	73	74	75	76	91	351	#
510	747454	28	43	44	45	46	59	60	61	62	76	77	351	#
511	648744	26	29	30	42	43	44	45	46	58	60	62	351	#
512	1106846	0	1	17	18	33	34	49	50	64	65	66	80	81	82	96	97	113	203	204	352	#
513	1290268	0	1	2	16	17	18	32	33	34	49	50	51	64	65	66	67	68	80	186	352	#
514	1264061	0	16	17	18	29	32	33	34	36	43	44	45	46	48	50	51	52	64	68	352	#
515	1239681	16	32	33	48	49	50	64	65	66	67	68	69	80	81	84	97	98	113	114	352	#
516	1186604	0	1	2	3	16	17	18	32	33	34	48	49	64	65	66	80	81	97	208	352	#
517	1182794	32	33	48	49	50	64	65	80	220	233	235	236	237	249	250	251	252	253	254	352	#
518	103916	116	132	353	#
519	151706	116	133	353	#
520	25531	132	148	353	#
521	414007	1	16	17	32	33	48	49	354	#
522	544461	0	1	2	3	16	17	19	354	#
523	434352	0	16	17	18	32	33	49	354	#
524	419214	16	17	18	32	33	34	49	354	#
525	382729	1	16	17	18	32	33	49	354	#
526	347113	34	49	50	51	65	66	81	354	#
527	291424	162	176	177	178	355	#
528	267435	161	177	178	179	355	#
529	217123	128	144	161	162	355	#
530	201797	160	161	177	193	355	#
531	157006	144	160	176	177	355	#
532	328027	10	11	12	28	44	45	356	#
533	482461	12	28	29	43	44	60	356	#
534	442396	44	46	59	60	61	75	356	#
535	400408	28	29	30	31	44	60	356	#
536	355534	45	46	61	225	240	241	356	#
537	340241	10	11	12	28	29	70	356	#
538	188391	49	50	357	#
539	190713	33	49	357	#
540	136998	50	66	357	#
541	537687	106	107	122	123	124	139	140	141	155	156	157	358	#
542	788274	122	123	124	125	128	140	141	142	158	159	174	358	#
543	762762	124	140	141	142	151	167	185	216	232	233	248	358	#
544	697282	91	107	108	109	122	123	124	125	138	140	141	358	#
545	655697	75	76	77	90	91	92	106	107	108	123	124	358	#
546	640929	107	121	122	123	124	137	138	140	153	154	170	358	#
547	263437	63	78	79	93	94	95	110	359	#
548	363614	78	79	94	95	110	111	127	359	#
549	343035	76	77	78	79	93	94	95	359	#
550	342207	60	61	76	77	78	93	94	359	#
551	273220	78	79	94	95	110	111	126	359	#
552	262357	63	78	79	94	110	254	255	359	#
553	288882	121	123	124	137	138	360	#
554	331705	120	121	122	136	138	360	#
555	269402	105	121	137	138	154	360	#
556	217458	108	123	124	125	126	360	#
557	204614	92	107	108	124	141	360	#
558	409985	154	171	172	188	189	204	220	361	#
559	582655	121	122	123	137	138	154	171	361	#
560	579655	153	154	170	171	186	187	188	361	#
561	532039	153	154	155	169	170	171	186	361	#
562	401628	144	172	174	188	189	191	205	361	#
563	322367	139	154	155	156	157	172	173	361	#
564	291691	34	49	50	145	362	#
565	347605	50	51	66	82	362	#
566	264833	32	33	34	48	362	#
567	201732	144	145	146	161	362	#
568	86613	15	#
569	377138	172	173	174	175	188	189	363	#
570	405401	158	174	188	189	190	191	363	#
571	329134	141	158	174	175	189	190	363	#
572	317081	119	172	173	174	188	189	363	#
573	311380	188	189	190	203	204	205	363	#
574	304234	173	174	189	197	198	199	363	#
575	246013	150	166	182	198	364	#
576	272430	166	167	168	182	364	#
577	198466	151	166	167	182	364	#
578	172818	134	150	166	167	364	#
579	160310	167	181	182	198	364	#
580	409392	103	119	135	136	150	151	152	153	166	167	182	198	365	#
581	612977	135	136	151	152	167	168	180	181	182	197	213	229	365	#
582	596533	136	137	138	152	153	167	168	170	171	187	188	203	365	#
583	593108	165	166	181	182	183	184	185	197	198	199	200	201	365	#
584	571844	118	119	120	135	136	151	152	153	169	170	246	247	365	#
585	567191	120	134	135	136	150	151	152	167	168	182	197	198	365	#
586	549748	45	46	47	61	63	78	79	95	111	127	366	#
587	664661	78	79	92	93	94	109	110	111	125	127	366	#
588	656262	91	92	93	94	95	107	108	109	110	111	366	#
589	618024	29	45	46	59	60	61	62	63	76	79	366	#
590	548968	94	109	110	111	124	125	126	127	141	142	366	#
591	543237	29	30	45	46	47	60	61	62	63	79	366	#
592	901746	6	22	23	37	38	39	40	54	55	56	154	155	228	229	241	242	243	244	367	#
593	1320197	89	91	92	93	105	106	119	120	121	122	123	137	138	154	177	194	242	243	367	#
594	1188485	122	123	135	136	137	138	139	153	154	155	156	170	171	172	173	188	189	203	367	#
595	1105146	5	6	17	21	22	33	38	48	54	139	153	154	155	156	157	158	170	171	367	#
596	1064979	163	164	178	179	195	203	209	210	211	218	219	225	226	228	241	242	243	244	367	#
597	1047838	179	192	193	194	195	208	209	210	211	224	225	226	227	240	241	242	243	244	367	#
598	523840	89	103	104	105	106	119	120	121	122	368	#
599	699770	89	90	91	105	106	107	126	127	198	368	#
600	675465	64	65	66	80	82	90	105	106	107	368	#
601	654864	57	72	87	88	89	105	106	121	122	368	#
602	639499	105	120	121	122	123	136	137	139	221	368	#
603	547339	72	88	89	104	119	120	121	122	136	368	#
604	524122	193	194	210	223	237	238	239	252	253	254	255	369	#
605	724927	156	172	189	205	206	221	222	237	238	239	255	369	#
606	638544	96	164	178	179	193	194	209	210	224	225	226	369	#
607	583245	205	206	207	223	237	238	239	252	253	254	255	369	#
608	568600	189	190	204	205	206	207	222	223	238	239	255	369	#
609	554070	178	179	180	192	193	194	195	210	211	226	227	369	#
610	247426	174	190	191	207	370	#
611	258179	191	206	207	223	370	#
612	241432	190	191	206	207	370	#
613	228538	174	190	206	223	370	#
614	180433	142	158	173	174	370	#
615	713363	7	162	176	177	178	179	180	192	193	194	195	196	209	371	#
616	1008305	147	150	163	164	165	179	181	195	196	210	211	226	242	371	#
617	927947	162	163	176	177	178	179	192	193	194	208	210	225	226	371	#
618	853030	9	160	176	177	192	193	194	208	209	210	224	225	240	371	#
619	849567	163	166	177	178	179	180	181	182	194	195	196	197	210	371	#
620	845877	52	69	85	150	160	165	176	177	181	192	193	194	209	371	#
621	954380	112	113	114	197	211	212	213	227	228	229	242	243	244	245	246	372	#
622	962815	23	66	80	81	82	97	98	112	113	114	128	129	130	156	157	372	#
623	953583	76	77	212	213	214	215	216	228	229	230	231	243	244	245	246	372	#
624	946713	58	59	73	74	75	228	233	234	235	242	243	244	245	250	251	372	#
625	927263	42	58	73	74	89	90	105	224	225	228	229	241	242	243	244	372	#
626	907298	82	97	99	112	113	114	115	128	129	130	131	146	147	163	179	372	#
627	1007323	97	112	113	128	129	130	144	145	146	147	148	160	161	162	163	164	176	177	178	179	180	181	194	195	196	373	#
628	1509793	81	82	83	84	97	98	99	100	113	114	115	116	129	130	131	132	133	146	147	148	149	163	164	179	180	373	#
629	1477924	16	17	32	33	34	35	51	52	53	65	66	67	68	69	80	81	82	83	84	85	96	97	113	114	129	373	#
630	1446322	29	76	92	96	97	99	100	101	112	113	114	115	116	117	128	129	130	131	144	145	146	147	163	224	240	373	#
631	1445320	62	63	68	69	84	85	101	144	145	160	161	162	176	177	178	192	193	194	195	196	208	209	211	224	225	373	#
632	1403445	56	78	93	94	95	108	109	110	111	124	125	128	129	141	142	144	145	146	156	157	160	161	176	177	192	373	#
633	322530	206	220	221	222	237	238	374	#
634	416059	221	222	237	238	254	255	374	#
635	366294	191	205	206	207	221	223	374	#
636	348485	188	203	204	220	221	237	374	#
637	301963	220	221	222	236	237	238	374	#
638	293704	103	205	206	221	222	237	374	#
639	389008	206	221	222	223	236	237	238	239	253	375	#
640	478100	204	220	221	222	235	236	237	238	253	375	#
641	439663	189	190	191	205	206	207	221	223	239	375	#
642	439236	206	220	221	222	237	238	239	253	255	375	#
643	404857	73	74	189	204	205	206	207	222	223	375	#
644	399031	218	219	234	235	236	237	238	253	254	375	#
645	185452	33	34	35	376	#
646	206804	33	34	48	376	#
647	179608	19	34	35	376	#
648	222617	132	133	134	149	377	#
649	274557	148	149	163	165	377	#
650	197240	132	133	134	148	377	#
651	148017	118	134	150	151	377	#
652	119494	118	132	133	217	377	#
653	923698	12	13	28	29	30	31	43	44	45	46	47	60	61	62	63	75	76	77	378	#
654	1246899	45	46	60	61	62	75	76	77	79	91	92	93	95	107	109	110	111	125	378	#
655	1243700	11	12	13	14	15	23	24	26	27	28	31	40	41	42	43	57	58	74	378	#
656	1222944	42	43	44	45	46	58	59	60	61	62	75	76	77	78	92	100	116	117	378	#
657	1184885	3	4	43	59	60	63	75	76	77	79	91	92	93	94	95	107	108	110	378	#
658	1181832	75	76	77	90	91	92	93	94	95	108	109	110	124	125	126	141	157	158	378	#
659	338393	208	224	225	240	241	242	379	#
660	327642	210	224	225	226	240	241	379	#
661	282553	192	208	209	210	224	225	379	#
662	273699	209	224	225	226	240	241	379	#
663	240742	117	118	133	242	243	244	379	#
664	154560	100	116	117	132	133	241	379	#
665	693224	163	164	165	177	178	179	180	196	380	#
666	594850	163	178	179	192	193	194	195	196	380	#
667	590271	146	147	148	149	163	178	179	180	380	#
668	496524	164	165	179	180	181	182	195	196	380	#
669	466491	144	145	161	162	163	177	178	179	380	#
670	456531	162	176	177	178	179	192	194	208	380	#
671	2057295	2	3	4	5	6	16	17	18	19	20	21	22	23	32	33	34	35	36	37	38	39	40	49	50	51	52	53	56	57	65	66	68	69	82	381	#
672	2662032	1	2	3	4	13	16	17	18	19	20	28	29	33	34	35	36	43	44	45	46	48	49	50	52	59	60	61	62	65	68	69	75	76	91	381	#
673	2408052	0	2	4	16	17	18	19	20	32	33	34	35	36	48	49	50	64	65	66	67	68	81	82	83	84	85	98	99	114	115	161	177	178	193	381	#
674	2392205	0	1	2	3	4	5	6	16	17	18	19	20	32	33	34	35	36	48	49	50	51	52	64	65	66	68	80	81	82	97	113	192	208	209	381	#
675	2324688	2	3	4	5	6	16	18	19	20	21	22	32	33	34	35	36	48	49	50	51	64	65	66	80	81	82	93	96	97	109	110	112	113	126	381	#
676	2246381	1	2	3	4	5	6	17	18	19	20	33	34	35	36	49	50	51	52	53	65	66	67	68	69	70	81	82	83	84	86	98	112	113	114	381	#
677	811163	81	82	96	97	112	113	127	128	129	130	142	143	158	159	174	382	#
678	1021065	50	66	80	81	82	97	111	113	125	126	127	128	129	130	143	382	#
679	1008630	69	84	85	128	129	130	144	145	146	160	161	162	177	178	194	382	#
680	931451	67	68	69	82	83	84	96	97	98	112	113	114	128	129	130	382	#
681	902766	9	10	25	26	82	97	98	112	113	128	129	130	131	146	147	382	#
682	893312	50	65	66	82	96	97	98	112	113	114	128	129	130	144	147	382	#
683	344175	210	225	226	227	242	243	383	#
684	446273	210	211	225	226	227	242	383	#
685	417096	208	209	224	240	241	242	383	#
686	381764	193	209	210	211	226	227	383	#
687	359745	193	208	209	224	225	241	383	#
688	353727	225	226	242	243	244	245	383	#
689	278725	133	134	135	136	151	384	#
690	248463	120	121	136	137	152	384	#
691	234664	135	150	151	166	167	384	#
692	179270	119	135	151	152	167	384	#
693	151038	117	118	133	134	150	384	#
694	140581	117	118	133	134	151	384	#
695	471443	0	16	18	32	33	48	385	#
696	528227	16	17	32	33	48	49	385	#
697	418275	16	17	32	48	54	64	385	#
698	395657	1	16	18	19	33	49	385	#
699	388593	1	16	17	18	33	49	385	#
700	379514	0	1	16	17	18	33	385	#
701	656882	155	156	172	188	189	204	205	206	221	222	237	386	#
702	726170	172	188	189	190	204	205	206	207	221	222	223	386	#
703	692392	187	188	189	202	203	204	205	206	218	219	234	386	#
704	683535	122	172	188	190	204	205	206	207	220	221	223	386	#
705	681290	11	12	28	172	173	174	188	189	204	205	244	386	#
706	651786	220	221	222	235	236	237	238	239	252	253	254	386	#
707	790233	3	4	6	17	18	19	20	21	22	35	37	38	39	54	55	71	387	#
708	1000653	4	5	6	22	23	24	38	39	40	41	55	56	72	88	226	242	387	#
709	878238	3	4	5	6	18	19	20	21	22	23	33	35	37	38	49	54	387	#
710	801695	1	2	16	17	18	33	34	35	49	51	123	124	140	141	142	158	387	#
711	798846	0	1	2	3	16	17	18	19	32	33	34	35	36	48	49	50	387	#
712	795845	40	54	55	56	69	70	71	72	87	103	218	219	234	235	250	251	387	#
713	275352	25	83	84	99	100	388	#
714	365000	66	67	82	83	99	388	#
715	349570	66	67	82	83	84	388	#
716	207690	84	85	100	116	117	388	#
717	205096	8	9	10	25	41	388	#
718	158181	53	68	69	84	85	388	#
719	220891	18	19	233	389	#
720	266223	18	19	35	389	#
721	221534	233	249	250	389	#
722	173381	19	35	51	389	#
723	785146	2	17	18	19	20	33	148	162	176	177	178	390	#
724	851478	0	1	2	3	16	17	18	32	33	34	48	390	#
725	814103	3	18	19	20	32	33	208	209	220	225	236	390	#
726	808520	0	1	16	17	18	32	33	34	48	49	50	390	#
727	716162	66	67	68	145	161	162	176	177	178	194	210	390	#
728	690707	77	145	161	162	177	178	192	193	194	208	209	390	#
729	395920	117	132	133	148	163	164	391	#
730	432602	148	163	164	165	179	180	391	#
731	431445	82	97	132	148	163	164	391	#
732	409790	148	163	164	165	166	179	391	#
733	324885	117	133	134	149	150	165	391	#
734	253253	101	116	117	133	134	150	391	#
735	447355	106	121	122	123	124	125	138	139	140	392	#
736	646454	105	106	107	121	122	137	138	153	169	392	#
737	591527	93	95	109	110	111	125	126	141	255	392	#
738	566606	121	122	136	137	138	139	152	153	154	392	#
739	532350	105	106	115	116	121	122	133	137	138	392	#
740	457306	93	109	124	125	139	140	141	155	157	392	#
741	1185146	112	113	114	128	129	130	131	144	145	146	147	148	149	160	161	163	164	178	179	218	234	393	#
742	1506111	163	164	165	169	179	180	181	182	185	186	194	195	196	197	198	201	202	210	211	218	227	393	#
743	1453770	49	99	100	114	115	130	131	147	163	176	177	178	179	180	187	194	195	196	208	209	210	393	#
744	1367689	147	148	162	163	164	165	176	177	178	179	180	181	182	195	196	197	210	211	226	227	228	393	#
745	1316098	154	169	170	185	186	187	188	200	202	203	204	217	218	219	233	234	235	249	250	251	252	393	#
746	1289373	113	114	115	130	131	132	145	146	147	148	149	163	164	165	179	180	195	196	210	211	227	393	#
747	210770	14	30	31	47	394	#
748	229543	14	31	46	47	394	#
749	227344	14	15	30	31	394	#
750	219818	30	203	218	219	394	#
751	2913851	5	6	20	21	22	23	37	38	39	40	42	55	58	59	71	145	161	162	169	177	178	181	182	183	184	185	186	192	193	194	197	198	199	200	201	202	208	209	210	217	224	225	226	227	228	229	230	240	241	242	246	395	#
752	3278677	102	114	115	116	117	118	119	132	133	134	135	141	146	147	148	150	151	152	156	157	163	164	165	166	179	180	181	186	196	197	202	211	212	213	214	215	217	218	228	229	230	231	232	233	234	244	245	246	247	248	249	395	#
753	3259809	3	5	6	21	22	23	24	38	144	145	147	148	160	161	163	164	176	177	178	179	180	192	193	194	197	198	208	209	210	211	212	213	214	215	224	225	226	227	228	229	230	231	240	241	242	243	244	245	246	247	248	395	#
754	3258940	33	130	146	147	148	149	150	151	153	163	164	165	167	169	170	172	177	178	179	180	183	184	186	188	195	196	200	202	203	212	213	214	215	216	217	218	219	230	231	232	233	234	235	244	245	246	247	248	249	250	251	395	#
755	3246380	148	160	161	163	164	165	176	177	178	179	180	181	185	192	193	194	195	196	197	198	200	201	202	208	209	210	211	212	213	214	215	216	217	224	225	226	227	228	229	230	231	232	240	241	242	243	244	245	246	247	248	395	#
756	3240566	8	22	23	24	38	39	40	41	42	54	55	56	57	58	70	71	72	73	74	82	83	88	98	99	103	104	105	108	109	124	125	139	140	141	142	157	158	177	180	181	194	195	196	208	210	224	225	226	240	241	242	395	#
757	365364	153	154	155	156	171	396	#
758	402412	153	154	155	171	187	396	#
759	390206	136	152	153	154	171	396	#
760	334616	139	154	155	171	172	396	#
761	283262	141	156	157	158	172	396	#
762	278022	139	152	154	155	172	396	#
763	782663	156	172	187	188	203	204	218	219	220	234	235	397	#
764	913215	9	84	216	217	232	233	234	235	249	250	251	397	#
765	838882	135	151	152	203	219	235	236	250	251	252	253	397	#
766	813068	156	157	171	172	173	186	187	189	203	205	206	397	#
767	715233	202	203	204	217	218	219	220	234	235	236	251	397	#
768	699441	155	156	157	171	172	173	187	189	203	204	205	397	#
769	416377	122	123	124	136	137	138	139	153	398	#
770	530587	108	122	123	124	140	141	157	172	398	#
771	519927	152	153	169	170	186	202	203	218	398	#
772	463551	121	122	123	124	125	137	138	139	398	#
773	443582	121	123	124	137	138	139	141	204	398	#
774	411377	120	122	123	136	137	138	139	153	398	#
775	436206	16	17	18	33	34	80	81	168	399	#
776	623201	0	1	2	3	4	16	17	33	399	#
777	578543	25	136	137	152	153	168	169	186	399	#
778	469125	66	80	81	82	83	84	97	98	399	#
779	437723	17	18	19	33	34	35	48	50	399	#
780	435755	18	33	34	49	50	51	65	66	399	#
781	1113884	153	154	169	170	185	186	187	201	202	203	204	205	206	217	218	219	232	400	#
782	1330020	169	183	184	185	186	200	201	202	203	204	217	218	219	220	232	233	234	400	#
783	1222038	153	154	157	169	170	171	172	184	185	186	199	200	201	202	203	218	234	400	#
784	1217464	46	61	62	66	81	97	113	169	170	172	186	188	202	203	204	218	219	400	#
785	1215038	156	157	158	178	179	199	200	201	215	217	231	232	233	234	248	249	250	400	#
786	1201101	40	137	153	154	169	170	171	172	184	185	186	187	188	201	202	203	219	400	#
787	963424	0	1	3	4	5	16	17	18	19	32	33	35	36	48	49	401	#
788	1007858	0	1	3	4	16	17	18	19	32	33	34	35	48	49	50	401	#
789	998064	13	14	15	16	17	18	30	31	32	33	34	50	161	177	194	401	#
790	997363	0	1	16	17	18	33	34	35	49	50	51	52	66	82	83	401	#
791	934721	0	1	2	3	16	17	18	19	32	33	34	35	48	49	51	401	#
792	923875	2	3	4	5	6	18	20	21	22	23	33	35	36	38	40	401	#
793	2148338	75	76	77	91	92	93	94	95	104	106	107	108	109	110	111	120	121	122	123	124	125	126	127	137	138	139	140	141	154	155	157	171	402	#
794	2444117	26	42	91	92	93	101	107	108	109	110	121	122	123	124	125	126	137	138	139	140	141	142	155	156	157	158	171	172	173	188	189	232	402	#
795	2358974	25	41	57	58	72	75	91	92	93	94	95	107	108	109	110	111	122	123	124	125	126	138	139	140	141	142	158	173	174	233	234	255	402	#
796	2357651	89	90	106	107	108	109	121	122	123	124	125	126	138	139	140	141	142	155	156	157	158	171	172	173	174	186	187	188	189	203	204	220	402	#
797	2298581	10	11	25	26	41	42	58	59	60	61	74	75	76	77	78	89	90	91	92	104	105	107	108	109	121	122	123	124	125	137	138	139	402	#
798	2280045	54	55	75	90	91	107	122	123	135	136	138	139	141	152	153	154	155	157	158	169	170	171	172	173	174	175	185	186	187	188	203	204	402	#
799	273314	186	203	218	219	235	403	#
800	298260	203	219	220	235	236	403	#
801	278738	186	202	203	204	218	403	#
802	274475	217	218	219	232	234	403	#
803	236836	202	203	217	218	219	403	#
804	228336	203	219	235	236	251	403	#
805	142332	19	42	404	#
806	212709	26	42	404	#
807	954336	74	89	90	91	92	103	104	105	106	107	119	120	121	122	123	135	405	#
808	986490	27	42	43	57	58	59	60	61	74	75	76	90	91	92	107	109	405	#
809	983423	27	28	43	44	76	89	90	91	92	93	104	105	106	107	109	110	405	#
810	961224	75	89	90	91	92	93	105	106	107	110	122	123	124	137	138	154	405	#
811	913040	58	59	73	74	75	76	77	90	91	92	93	107	108	109	110	111	405	#
812	887805	107	122	123	124	125	138	139	140	141	154	155	156	157	171	172	189	405	#
813	57984	130	#
814	349575	83	98	99	100	115	116	406	#
815	500472	82	98	99	114	115	116	406	#
816	426934	114	115	130	131	146	147	406	#
817	401229	64	80	81	82	97	98	406	#
818	393320	100	101	114	115	116	117	406	#
819	307009	65	66	67	82	83	99	406	#
820	180053	82	98	407	#
821	184459	82	83	407	#
822	124610	77	93	408	#
823	174605	92	93	408	#
824	172959	76	77	408	#
825	635995	170	172	186	187	188	203	204	205	218	219	221	409	#
826	745254	189	204	205	219	220	221	222	235	236	237	253	409	#
827	693134	97	155	156	172	186	187	188	203	204	205	219	409	#
828	653345	172	184	186	187	188	200	201	202	203	204	220	409	#
829	650756	188	203	204	205	206	220	221	235	236	250	251	409	#
830	649323	34	36	52	186	202	203	204	205	206	218	219	409	#
831	55302	98	#
832	156172	171	#
833	671515	144	160	161	162	176	177	178	194	210	211	410	#
834	728936	84	112	128	129	144	145	160	161	176	186	410	#
835	631306	161	162	177	178	193	194	209	210	211	226	410	#
836	629229	4	5	177	178	193	194	209	210	211	226	410	#
837	620671	160	161	162	176	177	178	193	194	209	210	410	#
838	594725	96	112	128	129	144	145	160	161	177	193	410	#
839	85965	94	95	411	#
840	92994	93	94	411	#
841	39143	79	95	411	#
842	1439771	44	45	58	59	60	61	75	76	77	78	79	92	93	94	95	108	109	110	111	124	125	126	127	141	143	159	160	412	#
843	1822193	9	25	26	40	41	42	43	45	56	57	58	59	60	61	71	72	73	74	75	76	77	89	90	91	93	107	108	412	#
844	1791060	76	91	92	93	94	108	109	110	125	126	127	141	143	156	157	158	159	170	171	172	173	174	175	187	188	189	205	412	#
845	1765560	12	25	26	27	28	41	42	43	44	45	46	57	58	59	60	61	73	74	75	76	77	90	91	93	94	110	111	412	#
846	1651129	17	41	76	77	78	93	94	95	107	108	109	110	111	124	125	139	140	155	170	171	172	186	187	188	201	202	204	412	#
847	1647758	25	40	41	43	44	45	55	56	57	58	59	60	71	72	74	75	76	89	90	91	92	105	107	108	109	124	148	412	#
848	220685	61	162	177	178	193	413	#
849	220030	177	178	179	193	194	413	#
850	168453	162	178	192	193	194	413	#
851	142751	161	162	176	177	194	413	#
852	154959	108	109	124	140	#
853	178133	197	213	214	230	231	414	#
854	189896	214	215	230	231	247	414	#
855	185000	213	214	229	245	246	414	#
856	1075136	75	76	78	92	93	94	95	106	107	108	109	110	111	123	124	125	126	142	149	415	#
857	1247695	42	44	45	58	60	75	76	77	91	92	107	108	123	124	191	205	206	207	222	415	#
858	1239015	79	93	94	95	109	110	111	124	125	126	127	141	142	143	157	158	159	200	248	415	#
859	1212299	45	60	61	75	76	91	92	93	107	108	109	124	125	126	139	140	141	142	157	415	#
860	1197781	79	91	92	93	94	95	108	109	110	111	124	125	126	127	142	143	158	159	175	415	#
861	1192440	61	62	63	78	79	90	91	92	93	94	95	109	110	111	126	127	142	143	159	415	#
862	66193	126	#
863	1550226	19	22	35	36	38	51	52	54	67	68	69	70	85	86	87	88	101	102	108	117	122	123	124	138	139	140	141	416	#
864	1698381	57	58	69	74	75	76	77	85	91	92	93	105	106	107	108	109	121	122	123	124	125	138	139	141	154	158	171	416	#
865	1665395	42	53	58	74	75	76	77	78	88	89	90	91	92	93	96	97	105	107	108	109	110	113	123	124	125	126	129	416	#
866	1656384	33	48	49	50	64	65	66	67	68	69	70	82	83	84	85	86	87	88	99	101	102	104	114	115	117	130	146	416	#
867	1636297	3	4	5	6	19	20	21	22	23	24	35	36	38	39	40	52	55	56	57	72	74	87	88	89	90	103	104	416	#
868	1619291	92	93	107	108	109	110	122	123	124	125	138	141	142	154	157	158	170	171	173	174	208	217	232	233	234	249	250	416	#
869	218683	210	225	226	417	#
870	270989	45	226	227	417	#
871	179350	225	226	241	417	#
872	69728	193	194	210	417	#
873	474599	9	10	25	26	27	76	418	#
874	438530	9	25	26	27	41	42	418	#
875	433639	8	9	10	215	216	232	418	#
876	324092	9	10	26	140	141	157	418	#
877	316742	58	59	74	75	76	91	418	#
878	300892	27	43	58	59	60	75	418	#
879	956814	43	77	93	94	95	110	111	126	127	141	142	143	419	#
880	1071251	94	95	110	111	126	127	142	143	159	232	233	249	419	#
881	969459	45	61	77	92	93	94	108	109	110	124	126	127	419	#
882	941272	109	110	122	123	124	125	126	127	140	141	142	157	419	#
883	875097	42	43	44	45	59	60	73	74	75	89	90	91	419	#
884	857188	109	110	124	125	126	127	140	141	142	158	159	175	419	#
885	360957	39	40	55	56	72	420	#
886	447537	22	23	40	41	42	420	#
887	389623	24	39	40	41	55	420	#
888	366815	40	41	55	56	77	420	#
889	337841	37	38	53	54	55	420	#
890	295561	72	73	112	113	130	420	#
891	290765	130	186	202	203	204	219	421	#
892	407026	153	169	186	188	202	203	421	#
893	352099	202	218	219	234	235	250	421	#
894	349295	172	186	188	203	204	219	421	#
895	320289	169	186	188	201	202	203	421	#
896	264256	156	172	188	204	205	220	421	#
897	707260	91	92	93	105	106	107	108	123	422	#
898	719729	91	92	93	108	109	125	141	157	422	#
899	697629	75	88	89	91	104	105	107	123	422	#
900	660316	74	75	76	91	92	93	108	109	422	#
901	568604	91	106	107	108	109	110	123	124	422	#
902	531916	57	91	107	108	124	125	126	141	422	#
903	329830	133	134	148	149	163	423	#
904	391149	131	147	148	163	164	423	#
905	361691	133	147	148	149	164	423	#
906	332422	117	118	133	149	150	423	#
907	331329	132	133	149	150	165	423	#
908	317116	118	133	134	149	150	423	#
909	207121	66	67	68	424	#
910	159209	67	68	69	424	#
911	149250	66	67	83	424	#
912	144935	66	80	81	424	#
913	277444	181	197	198	199	213	425	#
914	325092	181	197	198	212	213	425	#
915	311903	166	181	182	183	197	425	#
916	267775	197	198	212	213	228	425	#
917	259880	198	199	200	201	202	425	#
918	217296	197	213	229	245	246	425	#
919	891728	6	144	145	146	160	161	163	176	177	178	179	192	193	194	208	209	210	236	426	#
920	1228474	1	2	3	4	5	6	17	18	19	20	21	22	23	24	33	34	48	49	426	#
921	1119677	155	156	172	188	189	204	219	220	222	235	236	237	238	251	252	253	254	255	426	#
922	1067768	113	114	128	129	130	131	144	145	146	147	148	160	161	164	177	180	181	196	426	#
923	1062552	77	78	93	94	109	110	111	113	114	125	129	130	145	146	147	148	160	163	426	#
924	1042728	21	22	23	24	39	40	55	132	148	162	164	177	178	179	180	195	209	210	426	#
925	3485819	19	35	40	64	80	151	152	153	154	161	162	163	164	169	170	171	176	177	178	179	186	187	192	193	194	195	196	199	200	201	202	203	208	209	210	211	212	213	214	215	216	217	218	219	224	225	229	230	231	232	233	234	235	245	246	247	248	249	427	#
926	3779708	10	11	12	13	14	15	26	27	28	29	30	42	43	44	45	46	58	59	60	76	91	92	137	153	169	184	185	186	187	188	197	199	200	201	202	203	205	213	214	215	216	217	218	219	228	229	230	231	232	233	234	235	244	245	246	247	248	249	427	#
927	3624611	153	169	170	171	180	181	185	186	187	188	194	195	197	200	201	202	203	204	210	211	212	213	214	215	216	217	218	219	224	225	226	227	228	229	230	231	232	233	234	235	236	237	238	240	241	242	243	244	245	246	247	248	249	250	251	252	253	254	427	#
928	3577962	13	14	15	29	30	31	42	43	44	45	46	47	59	60	61	62	115	130	131	153	154	155	156	160	161	162	169	170	171	176	177	178	186	187	188	189	192	193	194	195	196	201	202	203	209	211	217	218	219	220	225	227	232	233	234	235	249	250	427	#
929	3573982	13	14	15	25	30	31	41	57	58	169	170	171	172	174	181	184	185	186	187	188	189	197	198	199	200	201	202	203	204	213	214	215	216	217	218	219	220	221	229	230	231	232	233	234	235	236	237	244	245	246	247	248	249	250	251	252	253	254	427	#
930	3572859	89	95	103	104	105	120	121	135	136	137	141	151	152	153	156	157	158	159	169	170	172	173	185	186	188	199	200	201	202	203	204	214	215	216	217	218	219	221	224	225	226	231	232	233	234	235	236	237	238	246	247	248	249	250	251	252	253	254	427	#
931	886965	47	61	62	63	76	77	78	79	92	93	94	95	108	111	124	127	428	#
932	1063965	46	47	61	62	63	77	93	109	156	187	202	203	204	218	233	234	428	#
933	1063720	58	59	68	69	75	76	91	92	93	107	108	109	124	125	126	141	428	#
934	1016849	45	59	60	61	62	75	76	90	91	92	94	107	108	109	110	111	428	#
935	1005212	61	76	77	90	92	93	94	95	106	107	108	109	110	111	126	127	428	#
936	992518	90	92	106	107	108	109	111	122	123	124	125	126	127	141	142	158	428	#
937	196079	219	235	236	250	251	429	#
938	210770	234	235	250	251	252	429	#
939	200215	234	235	236	250	251	429	#
940	191252	220	235	236	251	252	429	#
941	242786	7	8	9	24	25	430	#
942	280331	9	11	25	26	27	430	#
943	260936	7	8	23	24	40	430	#
944	173188	7	8	9	10	24	430	#
945	155394	8	9	10	24	85	430	#
946	1451003	2	3	18	32	33	34	56	106	155	171	172	173	174	175	185	188	189	201	202	203	205	221	431	#
947	1671638	125	140	141	155	156	157	158	159	172	173	174	175	187	188	189	202	203	204	205	206	221	250	431	#
948	1603599	142	155	156	158	171	172	173	174	187	188	189	203	204	205	206	220	221	222	236	237	252	253	431	#
949	1592010	126	127	142	143	154	155	156	157	158	159	171	172	173	174	175	188	189	190	204	205	206	221	431	#
950	1529611	123	138	139	154	155	156	157	158	169	170	171	172	173	174	175	187	189	190	205	206	221	222	431	#
951	1503149	3	5	18	19	20	95	109	110	111	127	139	140	141	143	156	157	158	159	172	173	174	175	431	#
952	165619	161	177	178	193	432	#
953	229975	162	177	178	194	432	#
954	198287	144	145	161	177	432	#
955	123588	177	178	193	194	432	#
956	309079	131	147	148	163	433	#
957	298175	113	130	131	147	433	#
958	238718	146	147	163	179	433	#
959	204584	163	178	179	180	433	#
960	198492	4	20	147	148	433	#
961	107421	34	35	434	#
962	114516	18	34	434	#
963	83693	19	35	434	#
964	1542261	0	1	2	16	17	18	19	20	32	33	34	35	48	49	50	51	64	65	66	67	80	81	82	96	97	98	112	435	#
965	1848925	48	50	64	65	66	67	68	80	81	82	83	84	96	97	98	99	100	114	115	116	131	132	133	148	150	165	251	435	#
966	1843304	0	1	2	16	17	18	32	33	34	48	49	50	64	65	66	67	80	81	82	83	97	98	99	114	115	116	230	435	#
967	1741835	0	1	2	5	16	17	18	19	20	32	33	34	35	48	49	50	64	65	66	67	80	81	82	83	84	97	99	435	#
968	1734534	0	1	16	17	32	33	34	35	48	49	50	51	52	64	65	66	67	68	69	80	81	82	83	85	96	97	98	435	#
969	1712275	16	17	32	33	34	38	48	50	64	65	66	80	81	82	83	84	97	98	99	100	113	114	115	116	117	129	130	435	#
970	72406	102	#
971	560999	90	180	195	211	227	228	229	244	245	436	#
972	696746	211	212	213	227	228	229	244	245	246	436	#
973	608635	228	229	230	243	244	245	246	247	248	436	#
974	597599	195	211	227	228	229	230	242	243	244	436	#
975	594665	42	58	73	74	83	89	90	106	107	436	#
976	592430	11	12	13	14	89	213	229	245	246	436	#
977	120794	5	20	21	437	#
978	155195	21	22	23	437	#
979	143512	28	44	438	#
980	175011	43	44	438	#
981	39320	12	28	438	#
982	1123753	119	120	135	192	208	209	210	211	224	225	226	227	228	229	240	241	242	243	244	439	#
983	1268088	58	59	60	61	89	104	105	106	119	120	121	122	135	136	137	151	152	167	168	439	#
984	1263356	3	19	35	162	177	178	193	194	208	209	210	224	225	226	234	235	240	249	250	439	#
985	1220486	167	181	182	197	210	211	212	213	214	226	227	228	229	230	231	244	245	246	247	439	#
986	1220108	177	189	193	194	195	204	205	209	210	220	221	225	236	237	238	239	253	254	255	439	#
987	1207339	163	164	176	177	178	179	180	192	193	194	195	196	208	209	210	211	224	225	226	439	#
988	214769	22	23	38	440	#
989	199302	6	22	38	440	#
990	187065	6	21	22	440	#
991	151790	5	22	23	440	#
992	271389	185	201	202	217	231	232	248	441	#
993	352390	200	201	202	217	218	232	233	441	#
994	308838	181	197	198	199	231	247	248	441	#
995	291953	183	184	185	200	201	217	218	441	#
996	2529566	153	169	170	181	182	183	184	185	186	197	198	199	200	201	202	203	204	211	212	213	214	215	216	217	218	219	227	228	229	230	231	232	233	234	235	243	244	246	247	248	249	250	251	442	#
997	2768296	42	58	74	89	90	153	157	158	159	169	170	171	172	173	174	175	184	185	186	187	188	189	190	200	201	202	203	204	205	215	216	217	218	219	231	232	233	234	235	247	249	250	251	442	#
998	2683486	0	16	17	32	33	42	48	58	64	74	75	76	91	92	107	108	122	123	138	139	151	152	153	154	155	167	168	169	170	171	172	184	185	186	187	188	202	203	205	218	234	235	250	442	#
999	2601826	38	39	41	42	43	54	55	56	57	58	70	71	72	73	74	75	87	88	89	90	91	104	105	120	121	136	184	185	200	201	212	213	214	215	216	217	228	229	230	231	232	246	247	442	#
1000	2594482	3	4	5	20	45	46	59	61	67	75	76	77	83	84	91	92	93	100	110	118	132	134	148	150	164	165	179	180	181	184	197	198	200	201	212	213	214	215	216	217	228	229	230	442	#
1001	2569207	165	169	174	175	180	181	183	184	185	186	195	197	199	200	201	202	211	212	213	214	215	216	217	222	226	227	228	229	230	231	232	233	234	235	242	243	244	245	246	247	248	249	250	442	#
