%% File generated by CATS v.2.1Wed Jun 19 19:18:04 2013

%% The CATS webpage is http://robotics.stanford.edu/CATS

%% PARAMETER SETTINGS:
% Goods: 256; Bids: 1000; Distribution: regions; Runs: 50; Seed: 1371664596
% Regions Distribution Parameters:
% Max Substitutable Bids = 5
% Removing HV Neighbor   = 0.1
% Adding DIAG Neighbor   = 0.2
% Additional Location    = 0.9
% Jump Probability       = 0.05
% Additivity             = 0.2
% Budget Factor          = 1.5
% Resale Factor          = 0.5
% Normal Private Value:
%   Mean                 = 0
%   Standard Deviation   = 30



goods 256
bids 1004
dummy 190

0	1762427	23	24	71	72	88	130	131	132	133	145	146	147	148	149	150	160	162	164	165	166	181	182	197	212	213	214	253	254	255	256	#
1	1900793	51	52	53	59	66	67	68	69	81	82	83	84	96	97	98	99	100	114	115	116	117	130	131	132	148	163	164	179	180	256	#
2	1865290	143	157	158	159	172	173	174	175	188	189	190	191	204	205	206	207	217	220	221	222	223	236	237	238	239	252	253	254	255	256	#
3	1827127	98	99	101	102	104	114	115	116	117	118	119	120	130	131	132	133	134	135	146	147	148	149	150	163	164	165	166	179	182	256	#
4	1822599	85	87	101	103	104	114	117	118	119	120	130	131	132	133	134	135	136	137	147	148	149	150	151	164	165	166	180	181	182	256	#
5	1812373	123	139	140	175	187	188	190	191	204	205	206	207	218	219	220	221	222	223	229	230	236	237	238	239	246	252	253	254	255	256	#
6	800823	34	50	51	66	67	68	82	83	84	85	98	99	113	114	115	257	#
7	853866	65	66	67	68	82	83	84	85	98	99	113	115	116	159	174	257	#
8	819784	51	66	67	81	82	83	84	97	98	113	114	115	197	213	214	257	#
9	814028	82	83	84	85	98	99	100	101	102	116	117	118	133	148	149	257	#
10	802939	0	16	17	18	33	34	35	49	50	51	52	66	67	68	69	257	#
11	802413	50	51	65	66	67	68	82	83	84	85	99	100	115	116	132	257	#
12	440167	14	15	29	30	31	45	46	47	61	62	77	78	258	#
13	568175	15	30	31	81	97	98	112	113	128	129	144	177	258	#
14	556482	10	11	12	13	14	15	27	29	30	31	43	46	258	#
15	552155	29	30	44	45	46	47	61	62	63	78	79	143	258	#
16	551124	12	13	28	29	30	31	44	45	46	47	61	62	258	#
17	549263	59	60	62	75	76	77	78	92	93	108	109	110	258	#
18	823237	60	76	77	90	92	93	105	106	107	108	109	121	122	123	124	259	#
19	1064102	91	106	107	109	110	119	120	121	122	123	135	136	151	152	173	259	#
20	1028333	84	85	97	98	99	113	114	115	116	123	124	129	130	131	140	259	#
21	972224	33	34	41	42	49	50	58	66	72	73	74	82	90	98	104	259	#
22	936216	73	74	88	89	90	91	92	106	107	108	122	123	124	140	243	259	#
23	921620	25	26	57	58	73	74	89	90	91	105	106	107	122	123	124	259	#
24	882299	44	61	87	88	103	118	119	120	134	135	136	151	260	#
25	1110463	117	118	119	128	134	135	136	150	151	152	153	154	260	#
26	993797	87	88	89	103	104	119	120	121	122	135	136	195	260	#
27	989218	27	39	40	41	42	43	44	56	58	59	73	74	260	#
28	839677	102	118	119	135	136	151	184	199	201	215	216	231	260	#
29	818971	68	69	70	73	86	87	88	89	103	104	105	106	260	#
30	215376	45	61	77	155	156	169	170	171	172	#
31	42456	16	#
32	233486	114	115	130	131	132	261	#
33	288095	21	22	132	133	148	261	#
34	278684	98	99	114	115	116	261	#
35	246115	114	115	116	130	146	261	#
36	197685	114	130	131	223	239	261	#
37	161059	114	115	130	146	162	261	#
38	394923	23	90	173	190	191	262	#
39	422704	173	174	175	190	191	262	#
40	389399	172	173	188	189	190	262	#
41	266568	70	128	175	191	207	262	#
42	182296	90	91	92	106	107	262	#
43	193568	222	223	238	263	#
44	279666	207	223	239	263	#
45	234860	223	238	239	263	#
46	157791	221	222	237	263	#
47	1009559	4	5	6	7	8	20	21	22	23	35	38	39	40	53	54	55	56	71	72	264	#
48	1293450	4	5	6	7	8	9	20	21	22	33	34	35	36	38	39	52	68	171	187	264	#
49	1125934	8	9	24	25	33	38	39	40	41	53	54	55	56	57	71	72	73	88	89	264	#
50	1111136	0	1	2	3	4	5	6	16	17	18	19	20	21	34	35	36	37	50	53	264	#
51	1096801	2	3	4	19	20	21	22	35	36	37	38	52	53	72	73	74	88	103	104	264	#
52	1090590	9	24	25	39	40	41	54	55	56	57	71	72	88	142	143	157	158	174	230	264	#
53	446301	236	239	251	252	255	265	#
54	499014	235	236	250	251	252	265	#
55	410790	236	237	238	251	252	265	#
56	379957	234	235	236	250	251	265	#
57	222197	223	239	253	254	255	265	#
58	201198	237	238	253	254	255	265	#
59	84521	92	93	109	266	#
60	95557	91	92	93	266	#
61	169583	45	60	61	62	267	#
62	226355	60	61	62	120	267	#
63	207752	44	45	59	61	267	#
64	172960	28	44	60	61	267	#
65	1279966	6	7	8	9	10	19	20	21	22	23	24	25	26	35	36	38	39	40	41	57	58	59	73	74	75	268	#
66	1704240	7	8	23	39	45	46	47	61	62	63	78	79	94	119	134	135	150	151	167	168	182	183	199	230	231	268	#
67	1488824	1	2	3	4	7	19	20	21	22	36	57	58	60	61	72	73	74	75	76	77	89	91	92	105	166	268	#
68	1458076	10	11	12	26	27	28	43	44	59	60	73	74	75	76	77	78	89	90	91	92	93	105	106	107	121	268	#
69	1448203	22	25	38	39	40	41	42	54	55	56	57	58	59	60	72	73	74	75	89	90	91	105	106	121	141	268	#
70	1432753	10	25	26	41	42	57	58	59	71	72	73	74	75	88	89	90	91	105	106	107	108	109	121	122	123	268	#
71	347984	10	26	41	42	43	57	58	269	#
72	518605	28	44	57	58	59	73	74	269	#
73	477821	43	59	74	75	76	90	91	269	#
74	421520	10	11	26	27	28	41	42	269	#
75	420438	41	57	58	74	75	78	91	269	#
76	406696	12	21	27	28	42	43	59	269	#
77	2555939	51	65	66	67	77	81	82	92	93	96	97	98	99	108	109	110	111	114	115	116	117	126	127	130	131	143	145	146	147	160	161	162	163	176	177	178	179	192	193	194	195	209	210	270	#
78	2836804	7	22	23	24	25	39	50	65	66	67	80	81	82	83	97	98	99	102	112	113	114	115	116	117	118	119	127	130	131	133	143	146	158	159	162	174	183	199	200	213	215	237	238	270	#
79	2801259	20	21	22	23	35	36	39	49	51	52	64	65	66	67	68	69	80	81	82	83	96	97	98	99	113	202	215	216	217	218	220	221	230	231	232	233	234	236	237	249	250	251	252	270	#
80	2715398	7	8	9	23	24	25	26	27	39	40	42	43	54	55	56	72	107	122	123	130	131	145	146	147	161	162	163	176	177	178	179	192	193	194	195	197	208	209	210	211	224	225	241	270	#
81	2710840	33	34	35	48	49	50	51	52	64	65	66	67	68	69	80	81	82	83	84	85	86	96	97	98	99	101	112	113	114	115	116	117	129	130	131	132	133	145	146	147	148	154	233	270	#
82	2655726	97	98	101	114	115	116	117	118	128	129	130	131	132	133	134	135	136	144	145	146	147	148	149	150	160	162	163	165	166	176	178	179	192	193	194	195	208	209	210	224	225	226	240	270	#
83	118219	241	#
84	280000	179	200	216	217	218	271	#
85	295241	202	203	218	219	235	271	#
86	237707	162	178	179	194	195	271	#
87	212445	93	108	199	200	216	271	#
88	486176	163	178	179	194	195	196	211	227	272	#
89	449298	193	210	211	225	226	227	242	243	272	#
90	414027	12	180	195	196	212	226	227	228	272	#
91	402445	65	80	81	96	97	98	180	196	272	#
92	378536	162	178	179	194	195	209	210	225	272	#
93	371154	196	210	211	212	213	227	228	229	272	#
94	135416	48	49	50	66	273	#
95	155817	51	65	66	67	273	#
96	154904	32	48	49	50	273	#
97	95639	49	50	66	82	273	#
98	252925	77	78	192	208	224	240	274	#
99	377413	177	192	193	194	210	226	274	#
100	318863	192	193	208	224	225	240	274	#
101	295819	208	210	224	225	226	241	274	#
102	263773	193	208	210	224	225	226	274	#
103	240342	45	61	62	76	77	104	274	#
104	1034345	12	139	155	157	164	171	172	173	175	188	189	190	191	204	205	206	207	219	220	222	238	275	#
105	1406857	44	59	60	61	77	181	188	189	197	204	205	206	207	220	221	222	223	235	237	239	255	275	#
106	1371327	6	187	188	189	204	205	206	207	219	220	221	222	223	234	235	237	238	239	253	254	255	275	#
107	1270409	108	122	123	124	139	140	141	142	154	155	156	157	171	172	173	189	205	221	222	236	237	275	#
108	1267298	30	45	46	47	182	189	191	203	204	205	206	207	219	220	221	222	223	235	236	237	239	275	#
109	1238249	103	104	119	120	127	143	157	158	159	173	174	175	188	189	190	191	204	205	206	207	222	275	#
110	623825	123	124	168	169	183	184	199	201	206	217	276	#
111	888545	165	167	168	169	182	183	184	199	200	215	276	#
112	799771	143	158	173	174	175	190	206	222	223	238	276	#
113	757600	149	165	166	168	180	181	182	183	184	199	276	#
114	754688	136	152	153	154	168	169	183	184	185	199	276	#
115	671498	152	153	167	168	169	170	184	185	186	197	276	#
116	43230	224	#
117	943461	92	107	108	109	123	124	138	139	140	152	153	154	167	168	184	277	#
118	1167998	134	135	136	151	167	168	176	183	184	185	199	200	201	215	216	277	#
119	1154645	125	126	127	136	137	138	139	140	141	142	152	153	154	168	169	277	#
120	1039653	137	138	139	153	154	167	168	169	183	184	185	199	200	201	202	277	#
121	966270	123	124	137	139	152	153	154	155	167	168	170	171	172	188	189	277	#
122	959318	119	120	135	136	137	138	139	151	152	153	154	168	169	170	185	277	#
123	82951	38	54	55	278	#
124	120837	37	38	54	278	#
125	113677	251	#
126	141486	128	129	279	#
127	169178	129	145	279	#
128	70488	112	128	279	#
129	1132193	1	2	3	4	19	20	137	138	139	140	141	142	153	154	155	156	158	171	172	222	280	#
130	1463478	174	175	190	191	204	205	206	207	220	221	222	223	235	236	237	238	239	252	254	255	280	#
131	1455636	10	120	121	122	123	135	136	137	138	139	151	152	153	154	155	167	168	183	184	199	280	#
132	1366857	48	64	65	120	121	135	136	137	138	139	151	152	154	155	167	168	171	172	183	187	280	#
133	1332972	152	153	155	168	169	170	171	172	173	184	185	186	187	188	189	199	201	202	203	206	280	#
134	1331986	0	1	2	3	4	5	16	17	18	19	20	21	32	33	34	48	49	50	51	255	280	#
135	213902	33	40	281	#
136	188653	33	240	281	#
137	183903	24	40	281	#
138	423116	202	218	233	234	235	250	282	#
139	476385	170	186	202	218	219	234	282	#
140	398494	201	202	217	218	233	234	282	#
141	394627	202	203	204	217	218	234	282	#
142	328134	217	218	219	234	235	251	282	#
143	307351	232	235	249	250	251	252	282	#
144	74088	178	193	194	208	209	#
145	777567	192	214	217	218	229	230	231	232	233	234	245	246	247	248	249	283	#
146	1006788	25	129	210	211	212	213	226	228	229	241	242	243	244	245	246	283	#
147	928104	213	215	216	229	231	232	233	234	245	246	247	248	249	250	251	283	#
148	917962	215	216	230	231	232	233	243	244	245	246	248	249	250	251	252	283	#
149	852635	181	196	197	198	211	212	213	214	228	229	230	245	246	247	248	283	#
150	851568	194	195	196	211	212	214	227	228	229	230	244	245	246	247	248	283	#
151	470412	55	59	158	159	175	284	#
152	520777	41	58	59	74	90	284	#
153	325427	126	127	143	157	158	284	#
154	301298	158	159	174	175	190	284	#
155	163154	86	143	159	174	175	284	#
156	160266	39	54	55	56	57	284	#
157	891602	168	183	184	185	199	200	201	202	215	216	217	232	285	#
158	907838	182	183	184	199	200	201	215	216	217	232	244	245	285	#
159	874508	136	152	168	169	183	184	199	200	201	215	217	218	285	#
160	839995	199	200	201	215	216	217	218	231	232	233	234	249	285	#
161	811972	200	215	216	217	230	231	232	233	234	248	249	250	285	#
162	783340	183	184	185	200	201	202	216	217	232	233	234	249	285	#
163	1139063	14	15	29	30	31	45	46	47	60	61	62	63	75	77	78	79	91	92	93	94	107	108	109	110	286	#
164	1367812	11	12	13	14	26	27	28	29	30	31	43	44	46	60	61	62	63	76	77	91	92	121	195	196	286	#
165	1352477	75	76	77	90	91	92	106	107	108	123	124	137	138	140	142	143	152	153	154	155	156	157	158	172	286	#
166	1344894	59	61	62	63	75	76	77	78	79	89	90	91	92	93	94	107	108	109	110	111	123	124	138	140	286	#
167	1329529	30	42	43	44	45	46	47	59	61	62	63	74	75	76	77	78	79	80	90	92	93	94	96	97	286	#
168	1328863	29	30	31	43	44	45	46	47	59	60	61	62	75	76	77	78	91	92	93	94	107	108	123	138	286	#
169	304398	46	47	62	63	287	#
170	350049	47	62	63	77	287	#
171	300081	46	61	62	63	287	#
172	183914	30	46	47	62	287	#
173	149258	45	46	47	62	287	#
174	38113	188	204	288	#
175	47653	172	188	288	#
176	219332	118	134	135	136	289	#
177	292523	117	118	119	135	289	#
178	282125	118	119	135	151	289	#
179	116680	133	134	135	150	289	#
180	291563	141	142	143	182	290	#
181	266858	58	182	183	198	290	#
182	225450	125	140	141	142	290	#
183	222509	125	141	142	158	290	#
184	182445	127	142	143	158	290	#
185	56115	234	250	291	#
186	55458	249	250	291	#
187	103054	115	#
188	43647	98	114	292	#
189	59119	98	113	292	#
190	1761067	13	27	28	29	43	44	45	46	59	60	61	183	199	212	213	214	215	216	228	229	230	231	232	233	244	245	246	247	248	249	250	293	#
191	2176050	18	114	116	117	118	130	131	132	133	134	135	147	148	149	150	161	165	199	210	215	216	226	227	228	229	230	231	232	245	246	247	293	#
192	2107537	72	73	74	89	151	152	166	167	168	169	183	184	185	186	199	200	201	215	216	217	218	227	230	231	232	233	234	247	248	249	250	293	#
193	1978671	149	152	164	165	166	167	168	183	184	185	199	200	201	202	203	215	216	217	218	230	231	232	233	234	235	246	247	248	249	250	251	293	#
194	1950870	13	29	128	137	151	153	166	167	168	169	182	183	184	185	186	193	199	200	201	202	203	208	209	210	211	224	225	226	227	240	241	293	#
195	1923033	184	187	199	200	201	202	203	210	214	216	217	218	219	225	226	228	229	230	232	233	234	235	242	243	244	246	247	248	249	250	251	293	#
196	285806	123	138	139	140	155	294	#
197	424966	103	119	135	136	139	294	#
198	293497	155	156	171	225	226	294	#
199	293476	107	123	124	139	140	294	#
200	184775	124	125	140	141	142	294	#
201	249739	197	198	213	214	229	295	#
202	252271	181	197	198	214	230	295	#
203	178146	166	182	198	213	214	295	#
204	167168	198	213	214	230	246	295	#
205	73537	30	#
206	1203884	104	106	120	121	122	123	124	137	138	139	140	141	142	143	153	154	155	156	169	171	172	185	187	296	#
207	1522226	106	120	122	123	136	137	138	139	140	154	155	168	170	171	172	185	186	187	188	202	203	204	219	296	#
208	1517469	50	64	65	66	80	81	82	83	96	97	153	168	169	170	183	184	185	186	187	199	200	201	202	296	#
209	1453764	90	93	103	106	107	108	109	117	118	119	120	121	122	123	124	134	135	136	137	138	139	140	150	296	#
210	1397570	74	90	105	106	107	108	109	110	121	122	123	124	136	137	138	139	140	152	153	154	155	156	170	296	#
211	1379727	37	38	54	105	108	120	121	123	124	135	136	137	138	139	140	150	151	153	154	169	188	189	205	296	#
212	134956	149	164	165	297	#
213	201503	165	166	182	297	#
214	191953	163	164	165	297	#
215	49981	133	149	150	297	#
216	274720	135	151	167	183	298	#
217	377824	151	166	167	182	298	#
218	237058	166	167	183	184	298	#
219	161503	133	135	150	151	298	#
220	43146	218	#
221	786447	7	22	23	38	39	52	53	54	55	56	69	70	71	86	299	#
222	923390	54	55	70	71	72	73	85	86	87	88	101	102	104	120	299	#
223	910417	84	85	86	87	100	101	102	116	117	118	132	133	134	150	299	#
224	868902	37	52	53	54	68	69	70	84	85	86	87	99	101	102	299	#
225	843074	3	18	19	20	33	34	35	36	37	48	49	50	51	53	299	#
226	832793	21	22	37	38	40	52	53	54	55	56	57	58	69	70	299	#
227	72216	162	#
228	3186	5	6	22	#
229	231313	105	121	137	300	#
230	302641	105	120	121	300	#
231	277242	105	121	122	300	#
232	56998	123	137	138	300	#
233	553188	32	33	49	50	64	65	66	67	80	81	96	97	301	#
234	695275	80	81	96	97	98	113	114	115	116	129	130	145	301	#
235	668948	51	52	53	67	68	69	70	84	86	99	102	171	301	#
236	665327	32	33	34	48	49	50	64	65	66	80	151	152	301	#
237	637801	64	66	67	80	81	82	83	96	197	213	214	229	301	#
238	597346	18	25	33	34	41	49	50	51	65	66	67	68	301	#
239	111357	14	29	302	#
240	85599	28	29	302	#
241	67799	14	30	302	#
242	233611	5	21	22	38	39	303	#
243	348985	5	20	21	25	188	303	#
244	322505	4	7	20	21	22	303	#
245	251602	21	22	38	39	40	303	#
246	87637	132	#
247	160237	211	212	213	304	#
248	149827	212	213	214	304	#
249	137928	212	213	229	304	#
250	131999	195	211	212	304	#
251	155917	185	186	201	305	#
252	187988	168	185	186	305	#
253	146864	170	186	187	305	#
254	109054	30	201	217	305	#
255	207260	220	237	238	239	306	#
256	270425	203	204	220	237	306	#
257	222940	238	239	254	255	306	#
258	200861	238	239	253	254	306	#
259	124344	117	#
260	1581391	2	3	4	5	6	7	19	20	21	22	23	35	36	37	38	39	40	48	49	50	51	52	53	54	55	69	71	72	307	#
261	1946112	3	4	5	18	19	20	21	33	34	35	49	50	51	52	66	67	68	69	70	83	84	189	190	205	206	221	222	223	307	#
262	1818520	0	1	16	17	18	32	33	34	48	49	50	64	65	66	80	81	82	83	91	96	97	106	107	123	124	138	139	140	307	#
263	1817975	19	34	35	36	48	49	51	52	64	65	66	67	68	69	70	81	82	83	84	96	97	98	99	115	117	130	146	227	307	#
264	1808752	1	2	3	4	7	18	19	20	21	22	23	24	33	34	35	36	38	39	40	50	51	52	65	66	67	83	84	85	307	#
265	1782660	5	20	21	22	23	33	34	35	36	37	38	39	40	48	49	50	51	52	53	54	55	66	67	70	82	86	87	103	307	#
266	291899	106	121	122	123	308	#
267	330027	106	107	122	123	308	#
268	212544	121	137	138	153	308	#
269	191727	121	122	123	139	308	#
270	188881	78	93	123	124	308	#
271	240478	39	40	55	56	309	#
272	321773	53	54	55	71	309	#
273	208743	55	56	71	72	309	#
274	198459	22	23	24	39	309	#
275	154109	25	40	41	57	309	#
276	432232	57	72	73	88	89	104	105	120	135	150	310	#
277	593250	103	119	134	135	148	149	150	166	182	198	310	#
278	495685	72	87	88	89	90	91	92	103	104	219	310	#
279	465493	23	39	40	43	44	45	50	56	57	66	310	#
280	429778	73	88	89	90	105	121	137	138	153	154	310	#
281	425265	56	57	58	71	72	73	85	86	87	88	310	#
282	76632	124	139	140	155	156	172	#
283	248658	121	122	123	311	#
284	231927	123	138	139	311	#
285	200564	89	105	121	311	#
286	173068	106	121	122	311	#
287	309195	85	101	102	103	118	119	312	#
288	277027	18	34	117	118	134	135	312	#
289	268294	29	45	85	100	101	116	312	#
290	221285	17	54	55	70	86	102	312	#
291	140449	70	85	86	100	101	102	312	#
292	2657646	0	1	2	3	5	17	18	19	20	21	33	34	35	36	37	38	48	49	50	51	52	64	65	66	67	68	70	80	81	82	83	84	85	86	96	97	101	102	112	113	118	128	129	134	185	313	#
293	3433572	17	33	34	35	48	50	51	57	58	59	64	65	66	67	73	74	75	76	80	81	82	83	84	85	90	91	92	96	97	98	99	100	101	106	112	113	114	115	116	119	120	121	122	130	178	313	#
294	3116754	0	1	16	17	18	33	34	35	36	48	50	51	52	64	65	66	67	68	80	81	82	83	84	85	96	97	98	99	100	101	102	112	113	114	115	116	117	128	129	130	131	144	145	146	203	313	#
295	3116124	1	2	3	4	16	17	18	19	20	32	33	34	35	48	49	50	51	52	64	65	66	67	80	81	82	83	84	85	96	97	98	99	100	101	113	114	115	116	130	131	133	134	150	165	166	313	#
296	3107807	1	2	3	4	5	17	18	19	20	21	33	34	35	50	51	52	64	65	66	67	80	81	82	83	84	85	96	97	98	99	100	112	113	115	116	128	129	144	145	161	162	173	179	194	195	313	#
297	3076163	1	3	4	17	18	19	20	21	32	33	34	35	38	50	51	52	53	54	65	66	67	68	69	70	82	83	84	85	86	87	88	89	99	101	102	103	104	117	118	119	120	135	136	223	239	313	#
298	69857	163	164	179	314	#
299	95801	164	165	180	314	#
300	73087	147	163	179	314	#
301	65824	163	178	179	314	#
302	96487	224	240	#
303	703344	135	136	137	151	152	153	167	168	169	184	185	315	#
304	907003	103	118	119	120	121	134	135	136	151	152	167	315	#
305	845297	121	122	135	136	137	151	152	166	167	182	183	315	#
306	824930	110	126	135	136	151	152	153	166	167	168	169	315	#
307	690720	118	120	134	135	136	137	138	151	153	167	183	315	#
308	683589	120	121	136	137	151	152	153	154	155	156	169	315	#
309	55501	234	#
310	312272	7	21	22	23	39	55	316	#
311	401325	5	21	139	153	154	155	316	#
312	380224	37	38	39	54	55	71	316	#
313	365403	23	24	39	85	86	102	316	#
314	303848	7	8	9	25	113	129	316	#
315	264512	54	55	56	72	73	74	316	#
316	1020819	102	104	118	119	120	132	133	134	135	136	137	150	151	152	215	231	232	233	248	249	317	#
317	1368289	88	183	184	199	200	214	215	216	230	231	232	233	234	235	245	246	247	248	249	250	317	#
318	1322269	101	102	103	117	118	119	120	121	135	136	150	151	165	166	167	183	184	199	200	201	317	#
319	1314850	11	26	27	28	42	58	67	68	71	72	73	83	84	88	92	93	99	100	103	104	317	#
320	1277948	184	200	214	216	229	230	231	232	233	234	235	236	237	245	246	247	248	249	250	252	317	#
321	1273704	86	102	103	117	118	119	120	130	131	132	133	134	135	136	137	145	146	150	151	152	317	#
322	229091	10	11	12	26	27	318	#
323	314425	9	10	11	25	27	318	#
324	303202	11	27	43	44	59	318	#
325	269886	10	11	25	26	27	318	#
326	89058	12	13	14	29	45	318	#
327	108427	33	#
328	95590	65	#
329	777823	45	60	61	63	75	76	77	78	79	91	92	93	94	107	108	109	110	123	124	139	319	#
330	1105342	4	5	6	20	35	44	45	46	47	58	59	60	61	62	74	77	78	80	92	96	319	#
331	1066754	44	45	46	60	61	62	76	77	78	79	94	100	101	102	109	110	116	117	126	132	319	#
332	1039118	74	75	76	89	91	92	105	106	107	108	109	122	123	124	137	138	139	140	154	155	319	#
333	1009513	58	59	62	63	74	75	78	79	90	91	92	93	94	95	105	106	107	108	109	110	319	#
334	995141	41	44	46	58	59	60	61	62	76	77	78	79	92	93	94	95	107	108	109	123	319	#
335	150254	11	12	28	320	#
336	212574	9	10	11	320	#
337	130897	27	28	231	320	#
338	57325	12	13	28	320	#
339	29206	32	139	#
340	434365	20	35	36	50	51	52	67	68	69	321	#
341	537284	51	66	68	70	83	84	85	86	99	321	#
342	499441	17	18	34	49	50	51	52	67	68	321	#
343	495896	35	36	37	51	52	53	54	68	69	321	#
344	456268	3	4	5	6	20	21	22	36	37	321	#
345	368805	33	34	35	49	50	51	65	66	68	321	#
346	366125	133	148	149	165	166	181	322	#
347	455138	117	131	132	133	134	148	322	#
348	430378	166	167	168	182	183	198	322	#
349	423961	103	180	181	196	197	212	322	#
350	408566	116	117	133	148	149	150	322	#
351	374360	133	134	148	149	150	246	322	#
352	434936	7	8	22	24	37	38	39	56	323	#
353	481219	7	22	23	24	39	55	56	72	323	#
354	459239	21	22	23	24	38	39	40	54	323	#
355	448926	38	54	55	56	57	71	72	73	323	#
356	406586	8	24	25	26	40	41	42	57	323	#
357	401814	40	56	57	72	73	74	75	89	323	#
358	936409	72	73	74	88	89	90	91	92	104	105	106	107	122	123	324	#
359	1032583	102	103	104	116	117	118	119	120	121	122	123	135	136	139	324	#
360	973859	71	72	73	74	88	89	90	104	105	106	107	121	122	123	324	#
361	958192	73	89	105	106	107	119	120	121	122	123	124	135	137	154	324	#
362	922053	38	39	55	56	72	74	88	89	90	91	106	107	122	123	324	#
363	874407	0	28	41	44	57	58	59	60	73	74	76	89	90	91	324	#
364	331119	91	92	106	107	108	123	124	325	#
365	381206	75	90	91	105	106	107	122	325	#
366	378696	107	123	124	138	139	155	171	325	#
367	378215	44	60	61	76	91	92	241	325	#
368	300267	92	107	123	124	138	140	156	325	#
369	263650	75	91	92	107	108	109	123	325	#
370	1214007	148	149	165	166	180	181	182	197	198	200	201	212	213	214	215	216	217	231	232	233	234	248	249	250	326	#
371	1528367	52	68	69	83	84	99	100	101	116	117	118	119	131	132	133	135	146	147	148	149	150	163	165	182	326	#
372	1489559	137	152	153	154	165	166	167	168	169	170	181	182	183	184	198	199	200	201	202	215	217	233	234	235	326	#
373	1473426	118	135	151	152	168	169	170	183	184	185	199	200	203	218	219	220	232	233	234	235	236	248	249	250	326	#
374	1437698	26	27	43	136	151	152	154	167	168	169	170	183	184	185	186	199	200	201	202	203	204	215	216	218	326	#
375	1433057	27	118	119	120	121	131	132	133	134	135	136	137	138	139	148	149	150	151	152	154	161	166	182	183	326	#
376	82840	46	168	327	#
377	118693	26	168	327	#
378	1642587	32	33	34	48	49	64	67	82	83	98	99	115	146	162	185	200	201	214	215	216	217	218	219	229	230	231	232	247	248	328	#
379	1949542	1	16	17	18	19	20	21	32	33	34	35	36	48	49	50	51	52	64	65	66	67	68	69	80	81	82	120	135	151	328	#
380	1892649	1	2	3	16	17	18	19	32	33	34	35	36	37	48	49	50	51	52	53	64	65	66	69	103	104	119	134	135	199	328	#
381	1861198	135	136	151	152	153	154	165	166	168	182	183	186	198	199	200	201	202	214	215	216	217	218	230	231	232	233	234	248	249	328	#
382	1838322	166	182	195	198	200	201	211	212	213	214	216	222	226	227	228	229	230	231	232	233	238	239	244	245	246	247	248	249	255	328	#
383	1797707	80	81	96	112	113	121	137	166	167	183	184	185	186	199	200	201	202	203	217	218	219	220	233	234	236	237	238	254	255	328	#
384	776282	206	220	221	222	236	237	252	253	254	329	#
385	689664	220	221	222	223	235	236	237	238	251	329	#
386	677235	220	221	234	235	236	237	251	252	253	329	#
387	675849	220	222	223	234	235	236	237	238	252	329	#
388	666284	123	139	221	235	236	237	250	251	252	329	#
389	639360	184	200	205	220	221	222	223	237	238	329	#
390	181272	200	201	216	330	#
391	229795	199	200	201	330	#
392	204479	216	217	232	330	#
393	75949	201	202	217	330	#
394	402008	167	168	169	184	185	186	201	202	203	331	#
395	591194	167	168	182	183	184	185	199	200	201	331	#
396	562191	152	168	184	185	186	199	200	201	217	331	#
397	524227	153	167	168	169	183	184	185	186	201	331	#
398	510690	97	98	115	152	167	168	169	185	201	331	#
399	449488	53	69	170	171	186	187	188	202	203	331	#
400	1132396	107	121	123	137	138	139	152	153	154	155	169	170	171	184	185	186	187	201	202	217	332	#
401	1212837	11	27	43	44	169	182	183	184	185	198	199	201	202	214	215	216	217	218	234	235	332	#
402	1181131	104	120	133	134	135	136	150	151	152	153	166	167	168	169	182	183	184	185	198	199	332	#
403	1180139	116	123	124	136	137	138	139	152	153	154	155	169	170	171	174	175	189	190	205	206	332	#
404	1176285	137	138	154	165	167	168	169	170	171	182	183	184	185	186	199	200	201	217	233	234	332	#
405	1163279	72	87	88	89	104	118	120	135	136	137	138	151	152	153	154	167	168	184	185	199	332	#
406	742660	86	87	102	103	104	117	118	119	120	121	122	134	135	136	150	333	#
407	1074209	94	103	117	118	119	120	134	135	136	151	152	167	168	240	241	333	#
408	1009768	100	101	116	117	118	119	120	121	134	135	149	150	151	152	166	333	#
409	973777	101	102	103	118	119	134	135	136	137	149	150	151	152	166	167	333	#
410	953555	23	38	39	56	71	72	87	88	103	104	135	149	150	166	182	333	#
411	947970	67	68	69	70	83	84	85	86	99	100	101	102	115	116	117	333	#
412	329115	113	114	115	130	131	132	133	146	334	#
413	491258	82	83	84	98	99	114	115	130	334	#
414	466385	98	100	113	114	115	130	131	132	334	#
415	358226	98	113	114	115	129	130	131	132	334	#
416	355001	114	115	130	131	132	146	162	178	334	#
417	342820	62	132	133	134	135	147	148	150	334	#
418	1053147	43	44	49	53	54	66	67	68	69	70	83	85	86	100	101	117	118	135	335	#
419	1197862	6	22	23	24	37	38	39	40	52	53	54	55	56	68	69	70	83	84	335	#
420	1158348	37	52	53	54	67	68	69	70	82	83	84	85	98	99	100	101	102	115	335	#
421	1139897	5	6	7	9	21	22	23	24	25	37	38	39	52	53	54	55	68	84	335	#
422	1098653	51	52	53	54	55	66	67	68	69	70	71	72	184	199	200	215	216	217	335	#
423	1058072	70	83	84	85	86	87	88	89	98	99	100	101	102	114	115	116	117	118	335	#
424	1402375	23	133	147	148	163	164	165	166	179	180	181	182	183	184	196	197	214	220	221	222	236	237	238	239	254	255	336	#
425	1780938	104	119	120	121	134	135	136	149	150	151	152	165	167	168	183	184	185	186	199	200	215	216	217	232	233	249	336	#
426	1716283	187	191	202	203	205	206	207	210	218	219	220	221	222	223	226	227	235	236	237	238	239	251	252	253	254	255	336	#
427	1678478	0	72	87	88	159	173	174	187	188	189	202	203	204	205	206	220	221	235	236	237	238	251	252	253	254	255	336	#
428	1580103	40	162	177	178	179	193	194	195	196	197	210	211	220	221	224	225	227	233	234	235	236	249	250	251	252	253	336	#
429	1577255	153	155	169	170	171	185	186	187	201	203	204	216	217	218	219	220	221	233	234	235	236	237	249	250	251	252	336	#
430	96112	230	#
431	1357263	145	161	162	176	177	178	179	192	193	194	208	209	210	224	225	226	227	240	241	243	337	#
432	1280225	84	85	86	101	145	160	161	162	176	177	178	192	193	194	208	209	210	224	225	226	337	#
433	1268453	145	160	162	176	178	179	192	193	194	195	208	209	210	211	224	225	226	240	241	246	337	#
434	1261613	112	128	129	144	145	146	160	161	176	177	178	192	193	194	208	209	210	224	225	226	337	#
435	1247826	176	177	179	192	193	194	195	198	208	209	210	211	212	213	214	224	226	227	228	243	337	#
436	1234379	146	162	178	193	194	195	209	210	211	212	224	225	226	227	228	229	241	242	243	246	337	#
437	1802483	139	140	154	155	156	169	170	171	172	185	186	187	188	201	202	203	204	205	216	217	218	219	220	221	232	233	234	235	236	237	238	239	250	251	252	253	254	255	338	#
438	2291281	39	40	56	89	92	102	104	105	106	107	108	117	118	119	120	121	122	123	134	135	150	151	166	167	182	183	199	200	204	205	206	207	216	220	221	235	236	237	338	#
439	2289787	61	62	77	78	92	94	107	122	123	124	128	129	137	138	139	140	154	155	156	168	170	171	178	183	185	186	194	202	203	217	218	219	220	235	237	250	251	252	338	#
440	2278746	1	2	120	121	124	128	129	135	136	137	138	140	141	142	143	144	145	152	153	154	155	167	168	169	183	184	185	186	199	200	201	202	203	213	216	217	219	234	338	#
441	2277206	0	16	76	138	153	154	167	168	169	170	171	183	184	185	186	187	188	199	200	201	202	203	217	218	219	220	231	232	233	234	235	236	237	248	249	250	251	252	338	#
442	2275609	42	43	59	75	76	91	110	123	136	152	154	155	156	167	168	169	170	171	183	184	185	186	187	199	200	201	202	203	216	217	218	219	232	233	246	247	248	249	338	#
443	275782	151	167	168	339	#
444	330462	151	167	199	339	#
445	269789	152	168	185	339	#
446	220142	166	167	182	339	#
447	127694	237	#
448	603287	180	181	197	198	210	211	212	213	214	227	228	229	230	246	247	340	#
449	854745	24	59	74	75	172	192	193	209	210	211	212	224	225	226	227	340	#
450	812612	163	178	179	195	211	212	213	214	226	227	228	229	230	246	247	340	#
451	809900	42	43	97	98	162	178	194	195	209	210	211	212	224	227	228	340	#
452	752456	182	183	197	198	199	213	214	215	228	229	230	231	245	246	247	340	#
453	686683	165	178	180	181	194	195	196	197	209	210	211	212	213	214	226	340	#
454	337605	87	103	104	119	120	341	#
455	309361	103	119	120	136	137	341	#
456	307469	87	88	89	104	180	341	#
457	292044	120	121	122	123	135	341	#
458	285081	70	85	86	87	103	341	#
459	260855	88	103	104	119	135	341	#
460	52065	233	#
461	207175	183	199	342	#
462	201239	199	215	342	#
463	79742	183	184	342	#
464	602665	33	48	49	50	65	87	88	103	343	#
465	577401	16	32	33	49	50	51	52	226	343	#
466	576764	17	32	33	48	49	50	51	67	343	#
467	513143	87	88	103	104	118	120	135	136	343	#
468	456520	48	49	50	64	65	80	81	96	343	#
469	438626	32	33	34	35	48	49	50	66	343	#
470	72955	163	164	179	344	#
471	23578	156	172	179	344	#
472	321735	145	146	160	162	163	345	#
473	365539	129	145	160	161	176	345	#
474	304202	129	145	160	161	177	345	#
475	255583	146	162	163	178	193	345	#
476	199409	147	148	162	163	239	345	#
477	155330	114	130	131	146	162	345	#
478	225255	13	14	15	29	31	346	#
479	233230	3	19	31	147	163	346	#
480	219012	12	13	28	29	44	346	#
481	176942	13	14	15	29	213	346	#
482	159155	13	14	29	30	45	346	#
483	158567	14	15	30	31	46	346	#
484	215724	2	3	5	19	20	21	347	#
485	317981	0	1	5	21	210	211	347	#
486	314995	2	4	19	20	35	36	347	#
487	299909	2	4	18	19	20	36	347	#
488	296063	2	19	34	35	51	68	347	#
489	205118	1	2	3	16	18	19	347	#
490	137514	144	145	348	#
491	132865	145	161	348	#
492	354721	162	177	178	179	193	195	349	#
493	481337	139	163	179	195	196	197	349	#
494	397696	145	160	161	162	176	177	349	#
495	368059	147	163	179	195	196	212	349	#
496	323093	162	163	177	178	179	193	349	#
497	248553	161	162	177	178	192	193	349	#
498	319878	184	185	199	200	350	#
499	389640	183	199	200	216	350	#
500	378835	184	194	199	200	350	#
501	277694	184	185	200	201	350	#
502	264322	170	184	185	186	350	#
503	1141037	142	143	164	165	181	182	197	213	225	226	227	228	229	241	242	243	244	245	246	247	351	#
504	1423923	81	97	126	160	176	177	178	192	193	194	208	209	224	225	226	240	241	242	243	244	351	#
505	1313287	145	160	176	178	179	192	193	195	196	208	209	210	211	224	225	226	227	241	242	243	351	#
506	1220253	193	194	195	209	210	211	215	224	225	226	229	230	231	241	242	243	244	245	246	247	351	#
507	1218266	178	179	193	194	195	208	209	210	211	224	225	226	227	228	240	241	242	243	244	245	351	#
508	1186563	25	41	133	149	150	151	163	164	165	166	167	180	181	182	183	197	198	213	236	252	351	#
509	82273	11	12	352	#
510	74412	12	13	352	#
511	395554	95	111	126	127	143	158	159	353	#
512	509945	94	110	111	126	127	143	158	353	#
513	431958	78	94	95	111	127	143	158	353	#
514	417035	111	127	142	143	158	159	246	353	#
515	387223	143	158	159	173	174	175	191	353	#
516	383909	111	127	142	143	157	158	159	353	#
517	645858	52	121	123	124	137	138	139	140	141	154	155	201	354	#
518	876015	73	74	75	88	89	90	91	105	106	119	120	121	354	#
519	844115	168	169	183	184	185	199	200	201	202	203	216	217	354	#
520	785795	19	35	51	52	53	65	66	67	68	69	84	85	354	#
521	773324	121	123	136	137	138	139	140	151	152	153	154	169	354	#
522	772881	121	122	123	124	137	138	139	154	155	171	187	188	354	#
523	411573	130	131	132	145	146	160	355	#
524	398036	130	145	146	160	176	192	355	#
525	389385	98	114	130	131	132	146	355	#
526	349758	130	131	132	133	146	149	355	#
527	303590	100	116	132	133	150	166	355	#
528	267990	113	129	144	145	146	160	355	#
529	351491	197	198	202	214	228	229	230	356	#
530	408244	197	212	213	214	228	229	230	356	#
531	375800	180	181	196	197	198	213	214	356	#
532	371625	127	182	195	196	197	198	211	356	#
533	341185	179	180	195	196	197	198	214	356	#
534	332399	200	201	202	217	218	234	250	356	#
535	1004508	0	28	44	45	46	59	60	61	75	76	217	218	219	220	234	235	236	237	250	251	252	357	#
536	1408037	115	116	132	186	187	189	203	204	205	218	219	220	221	232	234	235	236	237	249	250	251	357	#
537	1407025	11	12	25	26	27	28	40	41	42	43	44	45	47	58	59	60	61	62	63	74	126	357	#
538	1404967	103	104	203	206	218	219	220	221	222	231	232	233	234	235	236	237	248	249	250	251	252	357	#
539	1264155	22	23	47	63	130	145	146	160	161	162	163	178	179	219	220	234	235	236	251	252	253	357	#
540	1260285	14	15	27	28	29	30	31	38	44	45	46	47	59	61	62	63	77	78	79	93	110	357	#
541	213816	3	191	205	206	207	358	#
542	166642	3	4	19	20	35	358	#
543	358742	0	1	16	17	33	34	359	#
544	334685	0	1	2	3	24	25	359	#
545	321543	0	1	16	58	114	130	359	#
546	293994	0	16	17	30	32	33	359	#
547	274607	0	1	16	17	32	33	359	#
548	215424	20	34	35	50	51	52	359	#
549	76933	106	#
550	909586	27	28	41	42	43	44	58	59	60	75	76	77	360	#
551	1000638	27	29	42	43	44	45	47	59	61	62	63	78	360	#
552	984684	10	14	24	25	26	27	28	29	41	42	43	58	360	#
553	955226	27	41	42	43	44	58	59	60	74	75	91	107	360	#
554	896367	10	11	16	17	26	27	32	41	42	43	58	59	360	#
555	872335	5	7	21	22	23	24	25	38	54	76	77	97	360	#
556	1142318	36	75	76	145	146	162	178	179	192	193	194	195	196	208	210	211	212	213	225	226	227	228	243	361	#
557	1504957	82	83	84	97	98	99	100	113	114	115	128	129	130	131	144	145	146	147	160	161	162	163	177	361	#
558	1460816	145	146	151	158	160	161	174	176	180	190	191	193	194	195	196	206	207	208	210	211	224	225	226	361	#
559	1285189	28	43	44	59	60	61	72	73	74	75	76	77	88	89	90	91	92	93	103	104	105	106	108	361	#
560	1283634	80	86	98	99	113	114	128	129	132	144	145	146	147	148	160	161	162	163	164	178	179	180	193	361	#
561	1257438	112	128	129	178	179	192	193	194	195	208	209	210	211	224	225	226	227	229	240	241	243	244	245	361	#
562	804734	152	168	169	170	184	185	186	187	201	202	217	218	233	362	#
563	965269	153	154	167	168	169	170	184	185	199	200	201	202	203	362	#
564	960547	152	153	166	167	168	169	170	184	185	186	200	201	202	362	#
565	907298	94	124	139	140	141	152	153	168	217	233	234	235	251	362	#
566	892205	152	168	169	170	184	185	199	200	201	202	216	217	234	362	#
567	889885	152	168	169	184	185	186	187	199	200	201	202	215	216	362	#
568	2562307	8	9	10	11	12	13	14	15	24	25	26	27	28	29	30	31	41	43	44	45	46	58	59	60	61	73	74	75	76	77	78	79	89	90	93	94	105	106	107	108	109	123	124	138	140	363	#
569	3005157	11	23	27	28	37	38	39	43	44	53	54	55	56	57	58	59	60	61	71	72	73	74	87	88	89	90	91	103	104	105	106	120	121	136	152	170	171	186	202	203	220	235	236	237	252	363	#
570	2927719	25	41	58	74	80	105	107	108	121	122	123	124	137	138	139	140	153	154	155	156	165	170	171	178	182	186	187	188	189	193	194	195	203	209	210	211	219	223	224	225	226	227	228	230	242	363	#
571	2785011	11	12	24	25	26	27	28	38	39	40	41	42	43	44	55	56	57	58	59	60	61	71	72	74	75	76	91	93	105	106	107	108	122	142	143	157	158	159	168	169	173	174	175	190	191	363	#
572	2764344	9	44	49	58	59	60	74	75	76	90	91	93	106	107	108	109	110	123	124	138	139	140	141	142	157	158	168	169	170	173	174	175	184	185	186	189	190	191	202	204	205	206	221	222	251	363	#
573	2735195	9	10	11	12	20	26	27	28	29	34	35	36	44	49	50	51	52	53	65	66	67	68	69	81	82	83	84	85	86	97	98	99	100	101	102	103	114	115	116	117	118	119	133	135	136	363	#
574	363704	195	196	197	198	211	212	213	214	364	#
575	518080	197	212	213	214	229	230	245	246	364	#
576	482819	166	182	197	198	212	213	214	228	364	#
577	369020	118	135	180	194	195	196	211	212	364	#
578	351013	181	196	197	198	212	213	214	228	364	#
579	222981	180	181	196	197	198	213	214	229	364	#
580	632083	51	64	65	66	80	81	82	83	96	97	98	99	112	113	114	365	#
581	841147	80	81	82	96	97	98	112	113	115	128	129	144	145	146	160	365	#
582	819420	32	33	48	49	55	64	65	71	80	81	97	98	112	113	129	365	#
583	803504	51	52	66	67	68	69	80	81	82	83	84	98	99	100	115	365	#
584	795732	51	66	67	68	80	82	83	98	99	100	113	114	115	233	249	365	#
585	795132	96	98	112	113	128	129	144	145	146	147	160	161	162	177	193	365	#
586	1297599	7	19	20	22	23	24	35	36	37	38	39	40	52	53	54	55	56	67	68	69	70	72	366	#
587	1627195	22	23	37	38	39	51	52	53	54	55	67	68	69	72	83	84	87	88	103	104	119	230	366	#
588	1517889	5	6	22	23	24	39	55	56	57	188	202	203	204	218	220	233	234	235	236	250	251	252	366	#
589	1454536	0	1	7	8	17	18	20	21	22	23	24	33	34	36	37	38	39	50	53	54	55	69	366	#
590	1438542	1	2	4	5	16	17	18	19	20	32	33	34	35	44	48	49	50	51	52	60	63	66	366	#
591	1425142	5	7	21	22	23	24	35	37	38	39	40	41	52	53	55	56	57	68	69	70	73	84	366	#
592	287501	68	83	84	99	367	#
593	293013	30	67	68	84	367	#
594	239896	67	82	83	91	367	#
595	225149	82	98	99	115	367	#
596	586051	99	100	101	102	117	118	119	132	133	134	148	149	150	368	#
597	838223	133	134	135	150	164	165	166	167	168	169	182	198	214	368	#
598	836594	114	116	130	131	132	133	134	135	136	146	149	150	151	368	#
599	833607	81	82	83	84	97	98	99	100	113	115	116	117	132	368	#
600	823368	102	106	107	117	118	119	121	122	123	132	133	164	180	368	#
601	781462	84	85	86	99	100	101	102	118	119	120	134	135	150	368	#
602	177629	133	149	150	369	#
603	235219	117	133	150	369	#
604	174677	133	149	165	369	#
605	59379	133	135	150	369	#
606	182740	96	97	98	370	#
607	156802	81	96	97	370	#
608	111723	80	96	97	370	#
609	391223	167	182	183	199	215	371	#
610	329782	165	166	167	168	182	371	#
611	301345	168	169	184	185	199	371	#
612	274570	166	167	182	183	184	371	#
613	158478	152	168	185	372	#
614	220953	168	184	199	372	#
615	217538	152	153	169	372	#
616	171246	185	186	202	372	#
617	1121472	67	68	69	83	84	85	86	87	99	101	102	117	118	134	135	150	373	#
618	1320784	22	23	24	38	39	54	55	87	88	104	119	120	121	135	136	137	373	#
619	1184180	38	53	54	55	69	70	84	85	86	87	100	101	102	117	194	195	373	#
620	1159166	21	50	51	52	68	81	82	83	84	85	97	98	99	115	116	132	373	#
621	1046935	3	19	20	35	51	52	68	69	83	84	85	99	100	101	115	201	373	#
622	1040379	89	103	104	105	116	119	120	121	132	133	134	135	136	148	149	150	373	#
623	134347	142	158	374	#
624	98926	158	159	374	#
625	92082	142	143	374	#
626	327078	4	5	6	20	21	375	#
627	383210	20	35	36	52	188	375	#
628	376070	20	21	22	36	49	375	#
629	328730	4	5	6	20	36	375	#
630	316714	3	4	20	36	153	375	#
631	248113	4	5	6	21	22	375	#
632	556819	117	131	132	133	148	149	165	376	#
633	506874	116	117	131	132	133	148	149	376	#
634	460452	99	114	115	130	131	132	133	376	#
635	323006	117	118	133	149	164	165	181	376	#
636	227484	116	117	118	133	135	150	216	376	#
637	224656	146	147	148	149	162	163	164	376	#
638	726563	13	14	29	44	45	59	61	62	75	77	152	377	#
639	739055	44	59	60	61	74	75	89	90	91	106	107	377	#
640	738696	11	12	13	28	29	43	44	45	59	60	61	377	#
641	709944	88	104	105	119	120	121	135	136	137	152	153	377	#
642	705058	43	45	58	59	60	61	74	75	76	91	92	377	#
643	675974	13	14	30	44	45	46	59	61	62	77	92	377	#
644	343235	167	168	183	184	185	378	#
645	508579	135	151	152	167	168	378	#
646	472168	152	167	168	183	184	378	#
647	419766	152	166	167	168	169	378	#
648	389010	167	183	184	199	200	378	#
649	189470	77	92	168	185	201	378	#
650	650114	0	16	32	33	34	35	48	49	50	64	65	66	379	#
651	781445	0	1	16	32	33	48	49	50	64	65	66	80	379	#
652	771651	1	2	16	17	32	33	48	118	119	120	135	136	379	#
653	742769	20	35	50	51	66	67	68	82	168	183	184	199	379	#
654	717036	0	1	2	16	17	32	33	48	49	50	66	82	379	#
655	694862	0	1	16	17	32	48	133	135	136	148	150	151	379	#
656	1402481	43	44	46	58	59	60	61	62	75	76	77	78	79	91	92	93	94	95	107	108	110	126	127	131	143	380	#
657	1706791	18	27	28	29	34	42	43	44	45	46	58	59	60	61	62	75	76	77	90	92	106	216	231	232	248	380	#
658	1686712	9	14	24	25	26	27	28	29	40	41	42	43	44	57	58	59	60	61	74	75	76	90	91	92	108	380	#
659	1647141	40	41	42	58	59	60	61	74	75	76	90	91	92	124	200	201	216	217	218	232	233	234	249	250	252	380	#
660	1559257	12	13	14	27	28	29	30	40	41	42	43	44	45	46	47	56	57	58	61	62	63	76	77	78	163	380	#
661	1517037	7	8	9	10	23	24	25	26	27	39	40	41	42	43	44	57	58	59	73	74	75	90	91	92	93	380	#
662	2089527	35	51	52	53	65	66	67	68	69	70	82	83	84	85	86	97	98	99	100	112	113	114	115	128	129	130	131	238	239	254	255	381	#
663	2181906	51	67	68	81	82	83	84	85	97	98	99	100	101	112	113	114	115	116	128	129	130	131	132	145	146	147	148	160	161	162	176	381	#
664	2150633	64	65	73	80	81	82	83	84	96	97	98	99	100	112	113	115	116	128	129	132	144	145	146	148	160	161	176	178	192	193	194	381	#
665	2143310	81	82	83	84	97	98	99	100	112	113	114	115	116	117	128	129	130	131	133	134	144	145	146	147	148	160	161	162	163	164	176	381	#
666	2124544	189	190	200	201	204	205	206	216	217	218	219	220	221	222	231	232	233	234	235	236	237	238	239	248	249	250	251	252	253	254	255	381	#
667	2112722	116	117	118	119	132	133	134	135	136	137	148	150	152	168	175	189	190	191	206	207	220	222	223	236	237	238	239	252	253	254	255	381	#
668	196895	11	32	48	64	382	#
669	250728	17	32	33	49	382	#
670	204310	33	48	49	50	382	#
671	200216	49	64	65	81	382	#
672	125896	11	12	27	28	382	#
673	533082	177	193	194	208	209	210	211	224	225	226	383	#
674	700237	165	166	224	225	226	227	240	241	242	243	383	#
675	677791	161	177	192	193	194	209	224	225	226	227	383	#
676	639768	84	100	209	210	224	225	226	232	233	234	383	#
677	601904	162	178	193	209	210	211	224	225	226	242	383	#
678	572272	162	163	178	193	194	195	209	210	211	226	383	#
679	1036476	170	171	172	184	185	186	187	188	202	204	226	227	228	229	230	231	246	384	#
680	1165398	165	166	167	168	169	171	183	184	185	186	187	199	200	201	202	203	204	384	#
681	1153393	151	152	167	168	169	184	185	186	200	201	202	203	218	219	220	235	240	384	#
682	1143603	171	173	175	186	187	188	189	190	191	204	205	206	220	221	222	235	237	384	#
683	1110018	35	36	52	68	137	138	154	169	170	171	186	187	188	202	203	204	220	384	#
684	1062607	189	190	204	205	206	212	213	214	220	221	229	230	231	237	246	247	248	384	#
685	377510	144	145	160	161	162	176	178	385	#
686	487471	178	179	192	193	194	195	210	385	#
687	434055	176	177	192	193	209	210	226	385	#
688	419740	145	160	161	176	177	192	193	385	#
689	374086	129	144	145	146	160	176	192	385	#
690	282078	147	162	163	178	179	193	194	385	#
691	809493	26	27	30	43	44	45	46	58	59	60	61	62	75	90	91	139	140	147	163	164	386	#
692	1185495	11	12	13	14	15	27	28	29	30	44	45	46	58	59	60	61	62	63	79	94	386	#
693	1184128	100	101	116	117	120	131	132	133	134	135	147	148	149	150	163	165	166	178	179	182	386	#
694	1178877	9	10	11	12	14	26	27	41	42	43	56	57	58	59	60	73	74	75	76	92	386	#
695	1155608	131	132	133	134	135	148	149	150	151	163	164	165	166	167	178	179	180	181	196	197	386	#
696	1111428	2	3	9	10	11	19	24	25	26	27	40	41	42	43	57	60	61	62	76	77	386	#
697	201465	124	139	140	155	170	171	187	387	#
698	260461	107	123	124	139	140	155	156	387	#
699	199579	93	108	123	124	139	140	156	387	#
700	145873	138	139	140	154	155	156	157	387	#
701	135054	155	156	169	170	171	172	187	387	#
702	518891	87	88	89	103	104	105	120	121	135	388	#
703	689797	88	89	90	91	103	104	105	106	107	388	#
704	549510	103	119	120	121	135	136	137	151	152	388	#
705	514060	88	89	104	105	119	120	121	122	135	388	#
706	508229	40	56	72	73	74	88	89	104	105	388	#
707	504997	105	120	121	122	136	203	204	219	235	388	#
708	269436	70	85	86	87	389	#
709	335654	86	87	103	119	389	#
710	232709	85	86	149	165	389	#
711	193967	53	54	69	70	389	#
712	240081	20	35	36	51	52	390	#
713	314408	51	67	68	69	84	390	#
714	269929	52	53	68	69	70	390	#
715	248423	20	35	36	37	38	390	#
716	156742	20	22	36	37	38	390	#
717	140811	173	174	175	190	391	#
718	186316	143	159	174	223	391	#
719	167434	146	162	173	190	391	#
720	54041	160	#
721	143208	68	84	392	#
722	35933	68	69	392	#
723	452440	89	129	145	146	147	148	161	162	177	393	#
724	576789	114	128	129	130	145	146	160	161	177	393	#
725	530897	129	145	146	162	163	178	179	192	193	393	#
726	487465	133	146	147	148	149	163	165	166	182	393	#
727	468546	113	114	129	145	146	147	160	161	177	393	#
728	464896	114	129	130	145	146	162	163	164	180	393	#
729	38979	28	#
730	1623806	37	53	54	69	70	106	118	119	120	122	123	124	135	139	140	152	153	154	155	156	157	168	169	170	171	172	173	174	184	185	199	201	394	#
731	2132150	136	137	151	152	164	165	166	167	168	182	183	184	198	199	201	202	203	215	217	218	219	220	226	231	232	233	234	235	248	249	250	251	394	#
732	2092481	86	87	102	103	104	118	119	120	135	136	151	160	161	167	176	178	192	193	194	195	208	209	210	224	225	226	227	240	241	242	243	244	394	#
733	2089859	58	59	73	74	75	76	88	89	90	91	103	104	105	106	107	108	119	120	122	123	124	135	136	137	138	139	140	152	153	154	155	165	394	#
734	2055201	152	153	154	155	168	169	170	171	183	184	185	186	189	201	202	205	217	218	219	220	221	222	233	234	235	236	237	238	239	252	253	255	394	#
735	2028983	88	103	104	117	118	119	120	132	133	134	135	136	137	138	139	147	148	149	150	151	153	154	165	166	170	171	182	186	209	210	226	243	394	#
736	160733	137	138	139	154	155	170	395	#
737	231526	105	121	137	138	154	170	395	#
738	153015	137	138	139	154	155	171	395	#
739	98812	128	144	396	#
740	121462	128	129	396	#
741	256318	50	51	52	67	69	397	#
742	348826	35	51	52	67	68	397	#
743	311934	51	65	66	67	82	397	#
744	263663	50	51	66	67	194	397	#
745	259655	17	33	34	49	50	397	#
746	140153	68	69	70	86	221	397	#
747	36187	150	#
748	1596239	155	156	157	165	169	170	171	172	173	182	183	184	185	186	187	188	199	200	201	202	203	204	218	219	220	221	234	235	398	#
749	1929789	171	184	187	199	200	201	202	203	215	216	217	218	219	220	221	222	231	232	233	234	235	236	247	248	249	250	251	252	398	#
750	1910376	117	118	120	135	151	165	166	167	168	171	182	183	184	185	186	187	188	189	199	200	201	202	203	215	217	218	219	234	398	#
751	1909768	54	55	70	71	72	86	131	132	133	137	148	149	166	167	168	182	183	184	185	199	200	201	202	203	216	217	233	234	398	#
752	1849986	58	156	172	183	184	185	186	187	188	199	200	201	202	203	204	205	215	216	217	218	219	220	221	234	235	236	237	251	398	#
753	1797271	81	117	152	153	168	169	178	183	184	185	186	187	192	193	194	199	200	201	202	208	209	210	215	216	217	218	224	240	398	#
754	49689	114	196	399	#
755	62192	196	197	399	#
756	1034138	28	29	44	60	61	62	63	76	77	78	79	92	93	94	95	108	143	158	400	#
757	1223689	28	44	45	46	47	58	59	60	61	62	75	76	77	92	128	233	248	249	400	#
758	1177255	43	44	45	60	61	62	76	77	78	79	92	93	94	107	109	110	111	126	400	#
759	1152826	9	10	11	24	25	41	42	43	44	57	58	59	60	75	91	92	93	107	400	#
760	1095157	28	29	44	45	46	47	58	59	60	61	62	63	78	79	93	94	108	109	400	#
761	1086141	40	61	63	75	77	78	79	90	91	92	93	94	106	107	108	109	110	126	400	#
762	797520	1	2	19	29	33	35	44	45	46	48	49	50	64	65	66	81	401	#
763	1129959	0	1	16	17	18	33	34	49	50	51	52	65	66	68	81	84	401	#
764	1118352	16	18	32	33	34	35	51	52	53	54	69	117	133	148	150	172	401	#
765	1096807	0	1	2	3	4	5	6	16	17	19	20	21	35	51	67	68	401	#
766	1072447	0	1	16	32	33	49	65	66	80	81	82	97	197	209	214	225	401	#
767	1064442	1	3	4	17	18	19	20	21	34	35	36	37	51	52	69	122	401	#
768	200106	186	187	203	402	#
769	166491	114	115	203	402	#
770	121478	87	187	188	402	#
771	96544	168	185	186	402	#
772	259063	53	54	55	70	71	403	#
773	337973	53	54	69	70	86	403	#
774	316669	37	53	54	55	56	403	#
775	276238	53	125	140	141	157	403	#
776	204053	54	55	71	72	88	403	#
777	185350	39	40	55	56	71	403	#
778	212110	210	215	226	404	#
779	223680	215	231	232	404	#
780	169032	80	226	227	404	#
781	401413	14	29	30	31	46	47	405	#
782	451281	28	29	43	44	45	61	405	#
783	380816	15	30	31	46	47	63	405	#
784	356396	14	15	30	171	172	187	405	#
785	346103	14	15	30	31	45	46	405	#
786	335914	30	45	46	47	62	63	405	#
787	101012	121	#
788	278139	80	96	97	113	129	406	#
789	303795	98	113	114	115	129	406	#
790	252081	82	96	97	98	113	406	#
791	213031	44	60	76	80	81	406	#
792	137228	81	96	97	112	113	406	#
793	336098	84	100	101	116	117	118	407	#
794	464194	99	100	116	131	132	148	407	#
795	444595	98	115	118	119	135	136	407	#
796	434315	43	44	100	116	117	133	407	#
797	313963	84	100	189	204	205	206	407	#
798	282719	101	102	117	118	133	135	407	#
799	97612	57	#
800	149554	165	181	197	198	408	#
801	213110	182	197	198	214	408	#
802	189567	165	180	181	197	408	#
803	131542	182	198	207	214	408	#
804	108069	148	149	165	182	408	#
805	304723	66	67	82	83	98	409	#
806	287178	50	65	66	82	98	409	#
807	254025	51	66	67	83	99	409	#
808	215157	67	81	82	83	99	409	#
809	205796	98	99	114	115	130	409	#
810	112313	51	60	61	66	67	409	#
811	1157822	8	9	10	11	12	13	14	24	26	27	28	29	30	42	45	46	61	62	63	78	94	410	#
812	1447269	8	9	10	11	12	24	25	26	27	28	41	42	43	44	58	59	68	74	84	85	100	410	#
813	1379868	11	12	13	14	15	26	27	28	29	30	31	43	44	59	60	61	76	77	92	107	108	410	#
814	1369630	10	11	12	13	14	15	29	30	31	46	62	78	144	145	146	219	235	236	251	252	253	410	#
815	1366868	30	46	61	62	63	77	78	92	93	108	110	126	127	145	160	161	162	176	177	192	193	410	#
816	1360903	11	14	15	27	28	30	41	42	43	44	45	46	57	58	59	60	61	76	77	92	93	410	#
817	141637	193	209	210	224	411	#
818	169524	179	193	194	195	411	#
819	127479	192	193	209	224	411	#
820	1673265	9	66	67	68	81	82	83	84	85	86	97	98	99	100	101	102	113	114	115	117	118	119	120	134	135	136	137	138	139	150	152	155	166	412	#
821	2124187	3	4	13	14	19	20	27	28	29	30	34	35	36	37	45	46	47	50	51	52	53	64	65	66	67	68	81	82	83	84	99	100	167	412	#
822	2087451	90	91	92	105	106	107	108	121	122	123	124	137	138	139	140	141	142	143	153	154	155	156	157	158	171	173	174	175	187	188	189	190	206	412	#
823	2053037	33	34	36	37	38	48	49	50	51	52	53	54	64	65	66	67	68	69	81	83	84	85	97	99	100	116	117	118	119	133	135	150	188	412	#
824	2010163	1	16	17	18	33	34	35	37	38	49	50	51	52	53	64	65	66	67	68	69	70	81	82	83	84	85	86	97	98	99	100	102	115	412	#
825	2005765	8	9	25	41	57	58	74	139	140	141	142	143	154	155	156	157	158	159	170	171	172	173	174	175	186	187	188	189	190	191	202	203	204	412	#
826	160322	167	168	169	185	413	#
827	87771	185	201	202	217	413	#
828	64007	92	#
829	293448	125	126	127	240	241	414	#
830	294303	110	111	125	126	127	414	#
831	266892	125	126	141	157	173	414	#
832	227247	0	110	126	137	138	414	#
833	201505	177	193	210	225	241	414	#
834	77123	192	193	208	224	240	414	#
835	1131572	170	185	186	187	188	189	202	203	204	217	218	219	220	221	235	236	237	238	415	#
836	1418441	68	84	85	100	101	203	204	220	221	222	235	236	237	238	239	253	254	255	415	#
837	1317585	189	203	204	205	206	217	219	220	221	222	223	234	235	236	237	238	239	250	415	#
838	1284822	141	156	157	172	173	174	187	188	189	190	204	205	220	221	235	236	237	252	415	#
839	1278470	113	129	187	202	203	204	205	217	218	219	220	221	233	234	235	236	237	249	415	#
840	1190392	55	56	57	71	72	88	161	177	219	220	221	222	235	236	237	250	251	252	415	#
841	370384	35	50	51	52	66	67	68	69	82	416	#
842	491222	20	33	34	35	36	49	50	52	65	416	#
843	454008	35	36	52	54	67	68	69	70	86	416	#
844	434286	35	51	66	67	68	69	81	82	84	416	#
845	426310	81	82	96	97	98	114	205	206	222	416	#
846	394138	51	64	65	66	67	68	80	81	82	416	#
847	1809918	35	48	51	52	64	66	68	80	81	82	83	84	85	96	97	98	99	112	113	115	116	117	118	119	132	162	163	164	417	#
848	2104839	24	39	40	56	66	68	82	83	84	96	97	98	99	100	102	112	113	114	115	116	117	118	119	128	130	131	132	146	417	#
849	1928989	2	3	4	18	19	20	21	34	35	74	85	86	87	95	99	100	101	102	103	104	113	114	115	116	117	118	119	120	417	#
850	1921245	72	73	87	88	89	100	101	102	103	104	105	115	116	117	118	119	120	123	124	133	134	135	136	137	138	140	148	150	417	#
851	1898378	9	86	87	103	104	119	120	123	134	135	136	137	138	150	151	154	168	169	170	171	183	184	186	187	199	201	215	216	417	#
852	1878479	50	51	66	67	68	80	81	82	83	84	96	97	98	99	112	113	114	115	128	129	130	144	145	160	161	176	177	193	417	#
853	997888	137	152	153	167	168	169	183	184	185	186	199	200	201	216	418	#
854	1078689	151	152	153	165	166	167	168	169	182	183	184	185	200	201	418	#
855	1042715	151	165	166	167	168	169	182	183	184	185	199	200	201	202	418	#
856	1009055	92	151	166	167	168	182	183	184	185	198	199	200	201	216	418	#
857	969692	105	106	120	121	137	153	154	167	168	169	170	171	172	252	418	#
858	968347	136	151	168	169	170	185	186	187	199	200	201	202	215	216	418	#
859	838364	3	18	19	20	33	34	35	36	37	50	51	52	53	68	69	96	200	216	419	#
860	1244071	136	152	153	167	168	183	184	185	199	200	201	215	216	217	231	232	233	249	419	#
861	1176504	34	35	51	52	53	54	67	68	69	70	84	85	98	99	100	115	116	146	419	#
862	1174936	83	99	183	184	199	200	201	202	215	216	217	231	232	233	247	248	249	250	419	#
863	1133065	0	1	16	17	18	19	32	33	34	48	49	50	51	64	65	66	67	82	419	#
864	1089755	18	34	35	49	50	51	52	53	64	65	66	67	68	69	83	84	99	100	419	#
865	944978	68	81	84	96	97	98	99	112	113	114	115	116	128	129	130	144	146	147	162	420	#
866	1337282	0	1	2	16	17	18	19	20	35	52	68	98	100	101	115	116	117	132	133	420	#
867	1278805	67	68	81	82	83	84	97	98	99	112	113	114	115	116	124	132	140	141	142	420	#
868	1225293	65	67	80	81	82	83	84	85	97	98	99	100	113	114	115	116	128	129	245	420	#
869	1169946	81	97	98	99	112	113	114	115	116	117	129	130	131	132	146	162	163	178	194	420	#
870	1118186	33	34	35	48	49	50	65	66	67	81	82	83	84	96	97	98	99	112	115	420	#
871	1526086	125	126	127	141	143	156	172	188	204	220	221	222	235	236	237	238	239	250	251	252	253	254	255	421	#
872	1633903	173	175	189	190	191	206	207	219	220	221	222	223	233	234	235	236	237	238	239	250	252	254	255	421	#
873	1624541	83	84	85	173	187	188	189	204	205	220	221	222	234	235	236	237	238	239	250	252	253	254	255	421	#
874	1477807	174	175	189	190	191	203	204	205	206	207	220	221	222	223	235	236	237	238	239	252	253	254	255	421	#
875	1418523	81	82	174	175	188	190	204	205	206	207	219	220	221	222	223	236	237	238	239	252	253	254	255	421	#
876	1412497	185	186	201	202	203	204	205	219	220	221	222	223	234	235	236	237	238	239	251	252	253	254	255	421	#
877	238070	236	252	253	422	#
878	316889	235	236	252	422	#
879	225310	253	254	255	422	#
880	859014	206	207	219	220	221	222	223	234	235	236	237	238	239	251	252	423	#
881	1055279	111	127	143	157	158	159	173	174	189	190	204	205	206	207	221	423	#
882	1040290	173	189	190	191	204	205	206	207	220	221	222	223	236	238	239	423	#
883	1038520	29	143	158	159	174	175	189	190	191	205	206	207	223	239	255	423	#
884	988032	158	159	172	173	174	175	188	189	190	203	204	205	206	221	222	423	#
885	951772	190	191	205	206	207	220	221	222	223	236	237	238	239	247	248	423	#
886	218596	91	107	122	123	424	#
887	218438	106	107	123	124	424	#
888	184064	90	91	106	122	424	#
889	156362	58	74	90	91	424	#
890	124208	92	107	177	193	424	#
891	381643	203	204	205	219	220	235	236	425	#
892	528268	216	217	220	234	235	236	250	425	#
893	483971	138	139	155	220	221	235	251	425	#
894	392750	173	174	188	189	190	205	221	425	#
895	306041	170	171	187	202	203	204	219	425	#
896	238148	201	202	203	204	216	217	219	425	#
897	839087	136	137	138	151	152	153	156	166	167	168	169	170	171	172	185	186	187	188	196	212	426	#
898	1234837	136	137	139	151	152	153	154	167	168	169	170	171	184	185	186	199	200	201	215	217	426	#
899	1185316	104	118	119	120	129	135	136	151	152	165	166	167	168	182	183	184	198	200	201	241	426	#
900	1162062	102	103	117	118	119	120	133	134	135	136	137	150	151	152	153	167	168	169	185	186	426	#
901	1157941	75	76	92	163	164	165	166	178	179	180	181	182	183	184	195	196	198	199	200	215	426	#
902	1139848	134	135	136	137	151	152	153	154	167	168	169	170	171	183	184	185	199	200	201	216	426	#
903	173083	0	16	427	#
904	166750	0	1	427	#
905	105439	16	17	427	#
906	978877	2	3	4	18	19	20	21	22	23	33	35	36	39	49	50	51	52	64	65	66	67	81	130	428	#
907	1372240	1	2	3	4	16	17	18	19	20	21	22	33	34	35	36	49	50	52	107	108	109	110	123	428	#
908	1309223	7	8	9	10	11	12	22	23	24	25	26	37	38	39	40	41	42	43	53	54	55	59	71	428	#
909	1308877	6	7	8	9	10	22	23	24	25	26	38	39	40	41	54	55	56	57	58	71	72	73	74	428	#
910	1282195	3	4	7	18	19	20	21	22	36	37	38	134	150	166	167	168	183	184	199	230	245	246	247	428	#
911	1198261	48	49	50	51	64	65	66	67	80	81	82	83	117	133	149	150	151	164	165	166	167	180	182	428	#
912	369264	222	223	237	238	239	429	#
913	405125	222	223	238	239	254	429	#
914	398100	223	238	239	254	255	429	#
915	350741	206	207	222	223	238	429	#
916	343795	221	222	223	237	238	429	#
917	243626	219	220	221	237	238	429	#
918	454054	44	59	74	75	76	430	#
919	489778	42	43	44	45	59	430	#
920	487188	42	43	44	59	60	430	#
921	434777	74	77	90	91	92	430	#
922	371775	74	75	90	91	92	430	#
923	251403	60	61	76	77	92	430	#
924	838987	110	111	126	127	142	143	157	158	159	173	174	190	431	#
925	849332	40	41	57	58	74	156	157	158	174	175	190	206	431	#
926	844719	140	141	142	143	157	158	159	173	174	190	191	206	431	#
927	809402	141	142	157	158	173	174	175	188	189	190	191	204	431	#
928	805856	63	76	79	92	93	94	109	110	111	125	126	141	431	#
929	766284	125	141	157	173	174	175	189	190	191	205	206	207	431	#
930	220298	119	120	133	134	135	150	432	#
931	324690	117	118	134	135	136	150	432	#
932	322031	100	116	117	118	119	135	432	#
933	222845	120	133	135	149	150	166	432	#
934	124727	118	119	135	203	433	#
935	186508	101	102	118	119	433	#
936	151396	102	118	134	135	433	#
937	866936	1	17	18	20	32	33	34	35	50	52	69	114	130	167	168	434	#
938	1086122	39	84	99	100	101	114	115	116	117	130	152	167	168	185	201	434	#
939	1036521	17	18	20	29	33	34	35	44	45	50	51	59	60	61	66	434	#
940	963379	2	3	18	19	20	21	34	35	51	52	68	69	70	74	84	434	#
941	944500	0	1	2	3	4	18	19	20	21	22	23	33	34	35	78	434	#
942	908426	37	51	52	53	68	69	70	85	86	128	129	218	219	234	235	434	#
943	505073	118	119	133	134	135	148	149	150	435	#
944	627244	86	87	88	103	118	119	120	135	435	#
945	544328	120	131	132	133	135	148	149	150	435	#
946	537181	65	86	102	118	135	149	150	151	435	#
947	504492	85	86	101	102	103	104	118	119	435	#
948	503485	100	101	116	131	132	147	148	163	435	#
949	1430839	64	65	66	67	68	80	81	82	83	84	85	96	97	98	99	112	113	114	115	130	146	159	175	436	#
950	1523072	80	81	82	83	84	85	86	98	99	100	115	118	121	135	136	137	182	200	215	216	232	233	248	436	#
951	1506968	50	51	66	67	82	83	97	98	143	158	159	203	217	218	219	220	233	234	235	236	250	251	252	436	#
952	1470659	53	64	67	68	69	80	81	82	83	84	96	97	98	99	113	114	115	116	117	131	132	133	134	436	#
953	1382669	48	49	51	64	65	66	67	68	69	80	81	82	83	84	85	97	98	100	101	115	116	132	148	436	#
954	1357508	48	50	51	64	65	66	80	81	82	84	96	97	98	99	112	113	114	115	116	129	130	131	146	436	#
955	1355736	87	88	89	103	104	105	106	118	119	120	121	122	123	134	135	137	138	150	153	154	155	166	170	437	#
956	1706538	78	79	87	99	103	104	115	118	119	120	121	134	135	136	149	150	165	166	182	184	199	200	215	437	#
957	1625103	84	87	100	101	103	104	116	117	119	120	121	132	134	135	136	137	150	151	152	153	162	163	164	437	#
958	1525669	104	105	117	119	120	121	132	133	134	135	136	147	148	149	150	151	152	163	165	166	167	179	183	437	#
959	1517912	83	84	85	86	87	99	100	101	102	103	104	117	118	119	120	133	134	135	136	149	150	151	166	437	#
960	1515204	40	49	50	55	56	72	86	102	103	104	118	119	120	132	133	134	135	148	149	150	233	249	250	437	#
961	360005	117	133	148	216	217	218	234	438	#
962	456465	199	200	201	216	217	218	232	438	#
963	441445	217	233	234	235	249	250	251	438	#
964	430489	115	116	132	133	134	135	166	438	#
965	420534	216	217	232	233	234	249	250	438	#
966	343893	117	133	134	147	148	149	163	438	#
967	811445	58	72	73	74	87	88	89	90	103	104	118	119	439	#
968	1150793	85	87	103	104	119	120	135	136	151	152	167	168	439	#
969	872134	57	64	65	71	72	73	89	90	233	234	250	251	439	#
970	862905	87	88	103	104	117	119	120	133	135	150	151	166	439	#
971	836200	87	101	103	104	117	118	119	120	121	135	136	151	439	#
972	771681	88	104	119	120	121	135	136	137	138	150	151	152	439	#
973	185162	73	88	89	90	105	106	440	#
974	262136	74	89	90	105	106	122	440	#
975	259782	41	57	73	89	105	106	440	#
976	181197	75	89	90	91	105	106	440	#
977	135952	81	82	98	441	#
978	180226	84	98	99	441	#
979	171232	65	81	82	441	#
980	124796	50	66	82	441	#
981	460237	30	46	47	60	61	62	63	78	79	93	94	442	#
982	655249	14	15	29	30	44	45	46	47	59	62	63	442	#
983	622101	62	63	78	79	93	94	108	109	110	111	126	442	#
984	613141	43	44	45	46	47	59	60	61	62	63	77	442	#
985	576202	63	79	93	94	95	109	110	111	126	127	143	442	#
986	571625	77	78	79	94	123	124	125	140	141	142	143	442	#
987	231842	65	81	97	443	#
988	207913	49	64	65	443	#
989	126529	81	82	97	443	#
990	97446	80	96	97	443	#
991	1608656	12	13	14	15	27	28	29	30	31	41	42	43	44	45	46	58	59	60	61	62	63	74	76	226	241	242	243	444	#
992	1776279	6	7	8	9	11	12	22	23	24	25	26	27	37	38	39	40	41	42	55	56	57	58	71	73	74	90	106	444	#
993	1709295	9	25	26	27	28	41	42	43	44	57	58	59	60	61	62	63	73	74	78	87	88	89	90	91	92	197	198	444	#
994	1675548	7	8	9	10	22	23	24	25	26	27	38	39	41	42	43	44	57	58	59	72	73	74	75	76	88	89	90	444	#
995	1657877	4	5	13	14	19	20	21	28	29	35	36	44	45	46	51	59	60	61	62	116	117	142	188	189	204	205	220	444	#
996	1636955	7	8	9	10	22	23	24	25	26	27	41	42	44	56	57	58	59	60	99	153	154	168	169	170	185	201	222	444	#
997	70499	53	69	#
998	1423832	127	143	155	156	157	158	159	171	172	173	174	175	187	188	189	190	191	202	203	204	205	206	207	219	220	221	222	234	235	236	237	238	252	445	#
999	2062731	14	29	45	72	175	187	188	189	191	203	204	205	206	207	219	220	221	222	223	232	233	235	236	237	238	239	249	250	251	252	253	254	255	445	#
1000	2039366	99	115	124	131	132	133	134	135	136	148	149	150	151	152	153	165	166	167	168	169	170	184	185	186	201	204	220	234	235	236	237	251	252	445	#
1001	1999638	118	119	126	130	134	135	150	172	175	187	188	189	190	191	202	203	204	205	206	207	219	220	221	222	223	235	236	237	238	239	252	254	255	445	#
1002	1877327	69	105	106	119	120	121	122	123	124	125	135	136	137	139	140	141	142	143	155	156	157	158	172	173	189	200	214	215	216	230	231	232	255	445	#
1003	1872196	25	26	39	40	41	42	53	54	55	56	57	58	59	69	71	72	73	74	75	88	90	91	104	106	107	174	175	191	206	207	221	222	223	445	#
