%% File generated by CATS v.2.1Wed Jun 19 19:19:07 2013

%% The CATS webpage is http://robotics.stanford.edu/CATS

%% PARAMETER SETTINGS:
% Goods: 256; Bids: 1000; Distribution: arbitrary; Runs: 50; Seed: 1371664721
% Arbitrary Distribution Parameters:
% Max Substitutable Bids = 5
% Removing HV Neighbor   = 0.1
% Adding DIAG Neighbor   = 0.2
% Additional Location    = 0.9
% Additivity             = 0.2
% Budget Factor          = 1.5
% Resale Factor          = 0.5
% Uniform Private Value:
%   Deviation            = 0.5
%   Max Good Value       = 100



goods 256
bids 1000
dummy 180

0	1926439	11	17	19	24	29	49	55	59	60	71	75	80	81	86	90	96	98	126	138	164	172	193	199	219	222	223	225	232	237	248	256	#
1	2479899	11	19	39	49	54	72	78	84	86	90	97	121	128	151	154	161	168	172	180	186	188	219	225	226	227	230	232	235	237	248	256	#
2	2411660	14	24	34	47	50	53	65	84	92	95	101	106	108	112	114	134	165	172	179	194	210	222	230	234	235	248	249	251	254	255	256	#
3	2238162	2	17	29	64	65	71	73	80	98	99	103	106	108	113	114	125	128	130	131	139	140	141	151	173	180	188	206	214	227	254	256	#
4	2191964	1	9	17	19	23	39	45	49	52	64	65	68	81	84	90	96	98	109	140	168	175	178	180	185	195	205	220	222	226	249	256	#
5	2178385	1	3	15	17	23	25	29	47	49	67	78	90	92	103	119	120	128	130	138	149	160	165	175	177	178	188	208	214	225	229	256	#
6	57011	169	#
7	505395	29	112	155	170	174	257	#
8	451922	39	67	105	155	208	257	#
9	361464	3	29	36	67	148	257	#
10	348642	38	138	154	170	179	257	#
11	323728	6	151	153	174	187	257	#
12	287546	62	65	92	112	231	257	#
13	631328	18	25	29	90	122	139	142	153	186	205	210	258	#
14	841315	4	18	80	121	128	143	155	180	220	229	241	258	#
15	828583	44	72	86	88	90	128	158	173	175	180	220	258	#
16	815724	50	70	90	122	173	210	219	220	223	235	252	258	#
17	787817	54	72	95	115	148	153	175	190	212	223	254	258	#
18	762438	10	81	83	117	141	177	178	180	208	210	252	258	#
19	454167	7	56	104	153	207	259	#
20	482297	55	56	136	176	211	259	#
21	419832	0	7	25	52	82	259	#
22	389847	153	155	160	200	204	259	#
23	361290	104	139	141	207	239	259	#
24	343181	38	67	104	154	160	259	#
25	560975	13	17	19	104	121	122	130	223	228	244	260	#
26	766992	15	50	71	82	146	173	213	220	222	228	260	#
27	689255	13	34	46	47	106	130	163	177	195	244	260	#
28	686957	9	61	78	92	97	104	128	141	170	193	260	#
29	683188	36	64	98	102	130	142	163	186	189	207	260	#
30	678948	14	24	112	115	137	144	164	221	223	245	260	#
31	15768	135	#
32	221355	108	152	261	#
33	199599	122	152	261	#
34	192344	108	186	261	#
35	127378	102	194	212	262	#
36	190657	102	148	247	262	#
37	147328	150	194	250	262	#
38	2865681	2	3	5	8	11	17	22	24	28	29	32	39	45	66	72	73	92	106	108	115	135	143	146	148	153	164	166	171	174	176	191	195	201	202	208	213	215	216	222	234	235	249	250	251	263	#
39	3560908	4	6	8	13	30	31	39	55	70	76	77	79	86	88	93	106	107	112	124	125	127	128	134	144	145	161	164	168	181	187	192	194	198	202	206	212	213	216	220	224	239	242	244	247	263	#
40	3206648	3	6	13	14	27	28	29	34	43	57	59	61	66	72	74	81	92	93	108	116	122	129	133	134	138	145	146	154	171	174	178	184	189	192	194	195	201	208	218	226	232	238	249	251	263	#
41	3168448	28	30	39	52	63	64	70	72	79	81	93	97	107	111	127	129	134	138	145	148	164	167	168	171	172	173	179	200	202	213	215	217	223	224	230	233	236	237	240	242	243	244	245	251	263	#
42	3138290	4	8	13	25	29	30	31	35	40	52	53	55	60	61	69	101	107	108	109	111	124	128	129	133	141	147	154	161	169	176	181	188	189	191	192	198	201	222	226	228	248	251	252	254	263	#
43	3092369	2	5	6	10	17	21	28	49	57	60	69	70	74	81	95	97	107	112	117	119	125	130	145	149	150	160	177	187	189	191	193	198	202	206	209	211	212	213	218	220	224	232	235	248	263	#
44	440258	70	81	99	142	187	264	#
45	541616	9	68	81	134	156	264	#
46	452443	74	157	187	200	255	264	#
47	426834	4	17	53	142	201	264	#
48	321448	3	70	193	198	249	264	#
49	252988	53	99	170	183	210	264	#
50	2050030	2	4	12	18	20	26	30	43	62	90	91	95	98	110	115	119	129	134	148	167	181	184	187	193	199	209	227	232	243	265	#
51	2332428	20	28	35	45	46	57	70	82	98	106	108	110	115	117	128	134	141	149	153	172	174	175	177	186	192	209	219	238	251	265	#
52	2164286	2	8	12	24	53	68	72	98	99	101	104	108	115	121	124	131	134	152	169	170	176	177	193	202	206	210	231	246	252	265	#
53	2155075	1	2	21	28	35	36	51	57	59	90	93	97	98	113	116	122	136	138	141	149	154	172	181	186	193	200	202	209	247	265	#
54	2147893	10	12	20	41	47	52	55	59	69	71	89	103	106	119	121	122	124	131	146	154	172	178	180	194	208	222	232	235	243	265	#
55	2138183	2	21	22	28	37	43	49	69	95	107	110	115	116	119	133	143	147	164	167	184	191	192	198	202	207	208	218	225	232	265	#
56	631690	65	66	78	97	144	147	153	171	188	192	210	255	266	#
57	935901	26	50	82	89	93	108	142	155	171	201	210	251	266	#
58	833619	2	20	27	33	42	78	82	123	147	165	216	238	266	#
59	805043	15	23	44	78	83	99	157	166	175	192	200	221	266	#
60	795597	11	47	51	89	93	95	126	131	138	170	188	250	266	#
61	734838	19	36	60	97	131	135	150	188	209	211	229	251	266	#
62	366426	63	134	155	253	267	#
63	316678	19	63	155	231	267	#
64	316161	7	63	71	193	267	#
65	272619	24	122	198	253	267	#
66	261747	5	65	98	134	267	#
67	1552799	21	38	67	71	81	83	84	113	145	147	154	156	157	172	175	178	182	211	212	234	268	#
68	1779591	2	37	58	64	72	79	80	90	124	140	169	175	182	186	187	201	204	216	242	249	268	#
69	1668842	39	41	50	59	84	108	127	128	130	134	151	152	154	167	205	208	212	239	241	252	268	#
70	1630306	4	18	27	35	36	41	45	66	73	74	100	109	126	145	146	147	154	157	167	172	268	#
71	1625028	24	27	39	54	58	64	84	106	116	127	130	152	157	167	189	195	198	241	245	253	268	#
72	1624903	14	28	34	47	74	75	125	166	167	169	171	174	176	178	187	219	235	236	238	242	268	#
73	9286	228	#
74	435953	33	37	121	207	217	220	269	#
75	408032	33	68	78	93	196	235	269	#
76	403250	31	71	115	121	122	233	269	#
77	388805	72	79	99	205	215	217	269	#
78	385669	37	88	123	148	194	232	269	#
79	345943	29	103	136	207	244	251	269	#
80	379604	13	22	36	76	129	270	#
81	454690	32	118	128	129	209	270	#
82	341222	76	85	136	154	174	270	#
83	330438	22	119	213	221	241	270	#
84	318909	9	13	28	47	103	270	#
85	296410	36	62	143	172	236	270	#
86	763639	26	28	30	55	60	105	124	146	159	171	232	241	271	#
87	1004306	34	35	105	107	130	144	165	170	195	203	208	237	271	#
88	961057	2	14	28	32	35	74	98	115	116	146	161	175	271	#
89	950397	1	19	38	56	66	89	95	124	125	130	176	183	271	#
90	920612	0	13	42	84	93	101	146	167	172	184	246	249	271	#
91	840093	23	24	55	71	85	136	146	163	170	176	199	227	271	#
92	903278	2	98	119	143	156	157	159	163	189	209	218	252	272	#
93	1076717	43	71	86	92	93	133	139	142	156	187	201	229	272	#
94	967890	1	2	5	17	110	151	159	165	174	181	188	253	272	#
95	921684	26	43	52	57	80	112	113	115	128	157	185	187	272	#
96	829306	12	23	40	52	141	163	165	181	209	235	250	255	272	#
97	824087	19	70	82	89	112	120	127	140	174	205	225	252	272	#
98	1281419	2	3	6	17	23	63	72	106	125	130	145	175	176	184	187	189	213	240	246	273	#
99	1636939	3	23	41	56	71	79	80	84	107	125	130	140	157	195	196	210	215	217	242	273	#
100	1481339	15	17	28	31	71	98	101	111	112	124	137	148	156	161	200	203	235	240	252	273	#
101	1446655	0	12	16	23	67	68	80	81	89	105	140	150	159	170	176	187	201	210	233	273	#
102	1418168	12	35	37	47	55	79	89	94	95	125	135	136	146	161	176	199	203	215	240	273	#
103	1394661	8	15	22	28	56	96	107	110	118	125	140	141	143	145	152	181	208	228	230	273	#
104	10944	143	#
105	292723	5	83	127	157	180	274	#
106	412716	25	27	127	193	235	274	#
107	374108	17	74	155	180	230	274	#
108	356175	63	79	82	84	157	274	#
109	340065	68	83	123	138	202	274	#
110	123443	119	127	135	275	#
111	179264	11	135	141	275	#
112	135425	66	#
113	176625	66	169	276	#
114	166938	169	204	276	#
115	160018	44	66	276	#
116	1014726	10	32	36	54	56	57	67	76	82	92	123	184	193	229	238	243	247	277	#
117	1394246	10	16	29	35	40	56	66	70	74	79	108	110	124	129	155	206	251	277	#
118	1310555	14	26	38	41	71	77	121	126	129	165	186	187	193	211	215	238	254	277	#
119	1301941	2	10	18	20	35	53	57	71	82	107	121	129	147	152	158	187	250	277	#
120	1269034	14	16	23	27	42	67	95	137	149	155	196	198	223	230	239	244	250	277	#
121	1225322	2	21	25	26	34	49	69	121	124	151	167	172	193	211	222	236	247	277	#
122	633804	27	110	123	146	201	209	211	278	#
123	573277	88	112	164	191	202	211	240	278	#
124	527238	1	13	38	164	172	201	206	278	#
125	526560	0	123	135	149	203	204	249	278	#
126	511747	0	16	110	137	172	179	215	278	#
127	481859	27	75	132	166	168	200	227	278	#
128	1350685	11	12	26	31	43	49	56	80	84	88	108	143	154	156	186	191	226	233	279	#
129	1396952	7	8	12	27	33	39	42	60	61	72	97	128	141	191	192	200	226	244	279	#
130	1366953	25	55	77	85	111	112	116	122	127	138	146	154	177	178	181	186	202	230	279	#
131	1324772	37	44	48	49	66	73	82	84	87	131	153	165	170	182	213	238	244	251	279	#
132	1304922	9	14	43	72	77	83	90	94	116	127	128	155	181	184	191	232	244	253	279	#
133	1299230	17	38	48	69	103	122	138	146	153	156	175	186	220	233	237	242	244	246	279	#
134	978884	45	74	109	137	150	166	195	205	220	230	233	239	280	#
135	1043152	4	85	105	108	109	118	150	182	195	222	224	249	280	#
136	1007102	22	35	69	84	124	127	133	157	166	177	206	251	280	#
137	1004570	27	67	87	131	137	138	165	177	201	228	233	244	280	#
138	956182	4	26	36	68	69	110	116	127	146	150	200	222	280	#
139	927311	18	58	67	83	89	94	131	137	138	201	219	239	280	#
140	681594	56	77	89	100	139	160	189	206	223	281	#
141	780895	1	21	59	79	80	156	173	189	249	281	#
142	663378	62	66	68	100	121	127	175	198	204	281	#
143	660651	15	77	95	153	174	184	186	210	239	281	#
144	597054	18	46	62	68	89	150	160	222	248	281	#
145	579924	35	45	56	63	105	108	121	205	245	281	#
146	383880	110	129	229	251	282	#
147	419537	56	110	227	251	282	#
148	333405	87	92	110	188	282	#
149	250006	28	69	174	229	282	#
150	211707	23	60	75	129	282	#
151	866277	2	11	39	60	76	155	158	173	200	218	224	231	240	283	#
152	1220294	2	39	107	108	146	153	155	170	193	218	221	224	249	283	#
153	1167497	20	23	69	76	111	141	178	186	201	206	218	222	224	283	#
154	1152049	10	39	42	44	50	64	76	108	129	146	154	201	246	283	#
155	1100959	16	31	39	44	66	89	116	123	133	142	146	166	240	283	#
156	1098545	33	44	88	97	109	115	122	129	170	221	231	240	254	283	#
157	653255	66	76	169	182	203	205	212	223	224	238	284	#
158	746697	52	66	92	101	114	127	149	195	226	250	284	#
159	721414	64	67	73	74	75	101	128	146	169	218	284	#
160	709561	102	103	123	171	190	202	203	231	234	237	284	#
161	708186	19	43	130	163	174	182	185	204	224	233	284	#
162	652963	27	63	76	107	143	147	169	184	224	237	284	#
163	422154	2	83	95	110	112	285	#
164	416917	55	76	83	88	140	285	#
165	367102	2	12	40	54	221	285	#
166	342746	9	50	77	95	147	285	#
167	342434	22	75	100	106	112	285	#
168	263964	6	110	202	242	254	285	#
169	561509	47	61	63	134	158	168	188	193	218	286	#
170	766438	47	50	80	168	186	197	201	210	224	286	#
171	709604	6	56	115	134	156	183	190	246	255	286	#
172	699348	30	62	118	127	150	168	175	210	235	286	#
173	649118	41	48	55	68	73	158	185	213	226	286	#
174	507569	21	27	30	31	38	51	61	145	238	286	#
175	944615	1	7	8	11	20	26	123	125	156	191	199	206	217	218	219	287	#
176	1321688	13	52	63	74	112	132	136	157	191	203	219	223	232	237	242	287	#
177	1245732	4	11	44	59	68	73	79	82	94	95	123	156	189	195	197	287	#
178	1186438	3	11	15	23	27	68	75	91	95	129	133	159	203	206	234	287	#
179	1183396	11	18	50	66	75	95	107	119	138	186	208	243	247	248	252	287	#
180	1172648	7	16	41	45	52	96	104	115	123	129	146	167	184	241	251	287	#
181	355707	20	22	33	47	96	209	239	288	#
182	496243	33	47	109	116	162	202	225	288	#
183	460137	3	21	22	62	109	134	227	288	#
184	428339	96	123	159	164	183	204	217	288	#
185	427373	20	33	45	70	181	188	239	288	#
186	404449	26	111	141	167	214	227	239	288	#
187	119795	131	223	#
188	101369	131	#
189	1235118	29	30	32	42	48	49	57	66	89	97	98	101	151	158	190	192	198	199	236	290	#
190	1686350	15	24	26	39	40	66	101	106	107	112	127	176	183	190	225	227	241	250	255	290	#
191	1621823	16	23	26	29	40	43	55	69	98	129	132	159	181	191	193	197	198	241	252	290	#
192	1577322	4	5	15	35	40	47	48	53	66	97	99	127	136	150	159	172	176	182	236	290	#
193	1498673	45	68	76	81	83	101	104	118	131	159	164	172	182	197	199	224	225	226	239	290	#
194	1459825	0	15	22	42	49	59	61	89	102	108	125	141	160	164	172	179	192	196	237	290	#
195	196717	33	43	90	291	#
196	176781	28	43	138	291	#
197	140036	33	106	176	291	#
198	115672	90	106	178	291	#
199	1208653	19	27	85	90	127	137	142	150	153	163	167	184	188	195	204	219	251	252	292	#
200	1683115	14	25	82	85	103	108	115	127	128	135	147	161	168	189	191	219	237	251	292	#
201	1571724	1	3	61	84	102	120	130	131	140	175	195	196	202	206	211	213	219	241	292	#
202	1511447	7	10	28	59	72	81	110	122	154	194	195	208	215	221	230	231	241	244	292	#
203	1461966	25	26	39	44	90	92	109	113	127	131	147	181	184	211	223	228	237	251	292	#
204	1386003	7	10	15	27	65	77	108	115	142	145	148	153	157	180	188	194	196	211	292	#
205	3016567	4	5	10	15	18	23	31	43	47	51	80	84	88	94	97	99	100	103	108	109	111	120	125	126	128	138	146	153	155	160	164	165	168	171	181	182	184	187	190	193	197	209	231	235	240	246	293	#
206	3532751	4	5	7	8	9	15	42	43	47	51	53	59	64	68	69	71	79	84	88	90	91	92	94	98	110	114	117	119	126	139	143	154	155	156	165	168	174	201	203	220	230	241	247	249	252	254	293	#
207	3260196	3	5	7	13	23	52	62	64	72	89	91	101	102	106	109	115	117	118	120	123	125	130	131	145	147	149	154	155	159	160	171	180	185	194	195	200	201	210	212	214	227	230	236	243	252	254	293	#
208	3255198	7	17	18	21	24	32	34	42	47	53	63	76	79	80	88	106	107	109	117	118	128	136	139	155	160	179	182	183	185	190	193	195	200	203	209	214	216	219	224	232	233	241	245	247	252	253	293	#
209	3226753	0	4	8	21	27	29	37	43	47	70	71	81	84	90	91	96	105	110	111	119	128	137	139	145	154	158	168	169	176	180	181	190	194	195	201	203	209	214	219	220	234	238	240	241	246	253	293	#
210	3222668	6	10	11	21	24	34	35	37	42	43	47	71	76	79	80	89	90	96	98	101	102	103	106	108	109	133	136	139	141	145	149	162	164	184	187	195	205	209	213	231	234	236	246	251	252	253	293	#
211	137766	22	65	94	255	294	#
212	181208	71	94	144	226	294	#
213	147284	42	89	91	255	294	#
214	948087	28	55	59	65	102	145	151	154	155	162	174	202	250	253	295	#
215	1264205	51	59	74	79	89	118	130	137	187	190	197	230	242	251	295	#
216	1110321	10	29	35	145	149	159	162	231	234	241	244	247	251	252	295	#
217	1099435	12	13	14	19	63	65	86	99	152	155	208	220	221	250	295	#
218	1079156	4	34	50	69	110	117	136	139	152	154	164	210	214	253	295	#
219	1021762	4	10	19	56	65	78	89	111	140	148	160	189	231	234	295	#
220	2503303	18	51	69	72	75	76	78	95	103	110	114	119	127	130	143	150	151	154	157	161	170	172	174	177	200	204	210	216	222	235	240	242	249	254	296	#
221	2736079	3	11	12	23	24	25	27	29	45	49	55	71	72	77	79	84	106	110	117	127	137	143	151	154	162	167	172	174	199	224	225	235	240	241	296	#
222	2617147	0	10	20	21	26	29	43	47	49	50	51	59	73	74	89	112	114	121	130	143	145	146	148	163	171	172	174	181	190	199	214	226	235	240	296	#
223	2604207	24	40	47	59	64	69	70	75	95	104	109	110	111	112	115	116	124	129	136	143	146	150	151	159	163	170	187	191	203	221	228	242	249	254	296	#
224	2579959	15	30	43	49	53	54	67	69	70	73	84	86	90	94	95	106	112	116	130	143	146	147	159	162	163	172	174	187	191	210	224	230	233	236	296	#
225	2467939	18	32	41	59	64	67	76	77	78	80	89	91	93	104	114	145	146	152	159	163	170	177	185	189	191	201	205	217	221	224	234	235	240	248	296	#
226	389885	26	189	205	208	222	247	297	#
227	532639	23	25	103	140	168	222	297	#
228	484235	1	77	88	156	163	189	297	#
229	483555	87	100	131	158	246	247	297	#
230	472184	26	47	63	111	143	152	297	#
231	322648	114	144	145	175	208	250	297	#
232	215889	170	190	298	#
233	218478	125	190	298	#
234	186231	170	231	298	#
235	275453	168	234	237	299	#
236	258605	195	237	246	299	#
237	181655	73	126	168	299	#
238	161576	56	58	234	299	#
239	2435011	5	27	40	47	53	61	68	69	77	78	97	111	112	115	117	127	129	130	133	135	146	149	154	157	163	171	172	180	184	187	191	200	217	223	300	#
240	2902733	3	20	21	29	42	47	50	56	68	74	75	79	80	89	93	96	98	99	108	115	129	135	136	140	157	169	173	186	187	206	208	225	240	247	300	#
241	2767689	9	19	20	21	22	29	36	43	47	57	66	82	84	97	108	113	129	133	141	144	146	149	155	169	172	180	183	184	187	203	217	233	243	247	300	#
242	2738271	1	5	9	22	27	33	42	66	74	77	79	97	112	113	142	145	149	150	154	157	160	167	168	182	188	189	200	210	222	224	227	241	243	245	300	#
243	2680675	7	19	33	34	53	55	62	66	78	84	85	100	102	112	129	130	134	136	150	151	160	171	172	187	194	203	206	210	220	227	233	241	244	247	300	#
244	2669001	2	5	10	19	21	24	33	39	43	60	66	68	75	76	84	92	104	110	117	130	133	134	140	145	149	155	173	186	193	196	210	222	223	235	300	#
245	1717282	3	16	23	59	62	67	72	73	76	78	94	99	124	131	134	148	163	170	184	196	203	209	237	242	245	250	255	301	#
246	2242623	26	35	40	50	64	68	75	77	94	99	121	124	128	131	134	140	144	148	167	187	202	216	219	224	225	241	245	301	#
247	2225053	1	8	15	42	49	68	69	77	105	117	121	124	134	147	149	161	172	174	181	183	187	203	222	227	229	245	246	301	#
248	2034195	1	18	23	33	40	43	47	70	73	77	79	86	115	134	148	155	156	167	176	196	201	206	227	231	242	248	255	301	#
249	2020920	7	24	25	28	32	33	35	40	64	67	70	75	78	86	102	129	140	149	157	158	160	167	170	212	241	243	253	301	#
250	1937923	8	14	18	24	37	43	63	66	67	72	73	80	103	105	116	146	148	149	159	161	188	195	204	206	211	235	249	301	#
251	133678	155	#
252	2857407	3	7	9	15	18	30	49	52	61	63	74	95	96	99	110	117	124	130	133	135	138	143	149	150	153	155	160	161	165	176	178	181	183	185	187	194	198	200	210	212	219	224	227	236	249	250	254	302	#
253	3683243	0	5	11	12	15	23	32	33	35	37	41	49	51	56	59	69	79	81	82	88	100	112	118	132	142	143	145	147	150	152	155	168	176	180	187	190	194	195	204	208	217	220	227	228	230	232	254	302	#
254	3628102	1	2	4	7	10	18	24	34	39	41	49	61	65	66	67	73	74	81	86	93	94	97	109	112	118	137	140	142	143	145	154	161	168	190	191	196	198	204	205	224	228	231	238	239	249	253	254	302	#
255	3549735	5	18	20	28	33	37	39	42	54	56	63	69	90	92	93	96	100	102	109	115	118	123	139	140	152	160	168	169	170	172	179	181	187	194	198	201	202	206	211	213	229	230	231	234	251	253	254	302	#
256	3533735	2	15	20	23	25	34	49	53	58	59	61	65	72	77	93	94	95	98	112	119	126	132	138	139	140	156	161	166	172	173	177	179	180	187	191	192	196	198	201	204	211	227	228	230	235	249	253	302	#
257	3459196	1	5	7	11	18	24	26	30	32	33	34	36	45	53	58	61	69	82	94	97	98	102	107	108	115	122	131	142	152	154	156	158	160	161	181	187	195	198	211	219	220	224	227	231	232	243	249	302	#
258	1159590	4	8	14	24	32	52	103	106	118	136	172	187	214	216	217	233	252	303	#
259	1429899	0	24	39	41	66	68	72	80	92	104	107	123	146	159	221	239	245	303	#
260	1410789	14	27	39	47	58	83	106	121	146	189	195	204	208	219	232	242	247	303	#
261	1392921	2	4	68	81	102	103	109	116	118	125	133	174	195	202	206	216	221	303	#
262	1175782	1	9	23	27	38	82	84	100	114	122	186	197	205	214	219	245	255	303	#
263	1165724	20	38	39	52	84	90	95	103	106	132	135	136	142	143	181	235	242	303	#
264	262404	160	162	202	249	304	#
265	275614	19	90	202	207	304	#
266	267959	51	160	183	248	304	#
267	221961	5	84	162	193	304	#
268	141290	67	91	154	249	304	#
269	110133	21	38	189	#
270	126117	209	254	#
271	185036	72	199	241	305	#
272	125618	46	164	199	305	#
273	1231140	7	19	31	34	45	54	71	89	99	140	160	171	199	218	227	229	232	237	248	306	#
274	1748256	43	54	65	98	107	113	114	131	148	150	155	175	226	229	230	232	237	239	242	306	#
275	1637445	13	17	27	38	39	57	61	79	81	101	128	150	166	178	212	234	237	247	251	306	#
276	1562086	10	17	23	25	30	54	61	114	126	140	148	172	185	187	195	198	234	242	253	306	#
277	1535983	9	12	23	24	27	32	41	68	70	105	153	155	170	175	183	199	221	223	251	306	#
278	1506192	1	27	77	81	89	98	112	120	143	153	188	201	218	221	223	224	227	229	234	306	#
279	807639	15	77	104	144	146	154	159	162	169	175	178	307	#
280	871813	50	84	94	102	104	194	210	230	235	236	239	307	#
281	809826	4	15	47	75	82	88	146	178	211	226	249	307	#
282	785758	22	38	41	52	59	67	92	165	175	226	245	307	#
283	729332	33	51	79	97	104	143	146	151	166	236	237	307	#
284	720857	5	15	49	68	81	114	123	137	143	214	240	307	#
285	391380	48	131	156	195	308	#
286	372223	156	178	182	241	308	#
287	295295	85	164	184	195	308	#
288	256381	48	98	111	249	308	#
289	209183	88	131	238	248	308	#
290	1366813	3	17	39	41	73	93	108	127	147	149	170	175	188	191	202	205	213	216	238	246	249	250	254	309	#
291	1925301	25	35	41	57	71	73	86	98	108	153	157	175	177	186	188	189	194	198	199	213	230	234	246	309	#
292	1862103	25	27	49	56	61	78	102	105	122	123	124	128	131	136	138	139	146	161	167	198	202	203	219	309	#
293	1749914	11	12	13	19	27	39	56	67	85	108	116	127	148	149	177	178	183	186	190	210	212	220	223	309	#
294	1745071	53	56	57	59	62	86	95	105	125	127	128	137	143	150	152	164	176	188	195	219	230	234	247	309	#
295	1702039	10	21	32	34	37	59	82	121	129	134	142	147	152	154	157	158	167	168	170	171	190	195	223	309	#
296	339453	30	68	72	97	126	142	310	#
297	440703	30	85	97	99	154	220	310	#
298	435537	16	35	53	139	142	227	310	#
299	410841	33	72	93	116	180	231	310	#
300	350749	8	63	67	97	206	235	310	#
301	306591	44	76	80	126	185	242	310	#
302	4877309	10	13	14	17	20	21	22	27	28	31	34	35	42	43	50	51	52	53	59	60	62	67	69	72	74	78	81	86	87	88	90	96	97	100	103	106	107	109	111	114	115	123	125	128	129	130	131	137	140	150	157	159	160	161	165	171	172	178	181	185	187	194	207	208	216	217	221	227	228	236	238	239	240	241	246	250	254	311	#
303	5816022	6	9	14	20	25	34	37	39	40	41	43	56	57	58	62	64	68	71	72	76	77	82	84	86	87	88	100	103	105	110	117	119	120	123	129	131	132	136	140	145	148	151	153	154	155	157	161	164	165	169	170	173	178	179	181	184	189	190	191	194	198	199	202	205	207	219	224	226	230	233	236	239	240	241	244	249	250	311	#
304	5802597	1	4	9	10	14	19	20	26	27	30	41	42	43	44	47	52	55	56	57	60	63	70	71	74	76	77	79	80	84	87	104	105	106	107	108	112	113	116	117	122	125	126	130	131	133	134	136	139	142	148	151	154	155	157	158	159	160	164	172	190	191	195	198	199	203	207	212	216	218	219	221	222	228	229	241	246	251	311	#
305	5800647	1	2	9	10	17	20	22	26	34	35	38	41	42	43	44	47	51	52	55	56	62	64	68	71	77	79	80	84	85	90	96	97	100	105	110	116	121	130	131	134	143	146	148	153	156	158	161	162	165	168	170	172	176	178	179	181	187	195	196	199	200	201	202	203	206	207	208	210	217	220	226	235	237	239	241	245	247	311	#
306	5736289	1	2	10	12	15	20	25	28	34	35	38	40	42	43	44	47	52	55	62	71	72	75	77	78	81	84	86	88	92	97	100	104	110	111	113	116	124	133	141	142	146	147	151	152	154	156	157	159	160	161	162	163	172	176	177	179	187	189	190	191	192	194	197	198	202	217	218	222	226	232	234	235	236	243	247	251	254	311	#
307	5709977	0	2	12	32	34	35	36	42	47	56	60	64	66	69	76	77	78	79	80	81	84	85	88	89	90	96	98	104	106	107	108	110	112	117	120	122	123	125	126	129	130	137	146	147	148	151	152	155	157	159	160	164	165	172	178	179	180	186	190	192	194	198	200	206	211	213	216	217	219	221	222	225	232	236	240	245	247	311	#
308	79281	83	174	#
309	563799	25	29	47	85	109	202	207	217	222	244	312	#
310	815985	10	33	47	49	69	122	132	168	169	237	312	#
311	797013	4	12	39	47	75	93	186	206	223	244	312	#
312	755468	12	25	35	93	113	114	149	178	209	242	312	#
313	751618	13	58	75	85	116	127	143	152	202	210	312	#
314	742605	17	29	79	85	108	135	152	167	189	244	312	#
315	63327	44	76	94	#
316	717591	24	40	74	104	126	148	153	163	179	181	251	252	313	#
317	884902	35	44	78	90	149	153	155	179	192	198	236	252	313	#
318	871540	20	43	46	77	91	131	138	156	163	185	201	227	313	#
319	863431	2	18	20	37	40	62	139	155	168	182	188	207	313	#
320	854360	54	86	93	127	166	173	179	191	197	211	213	218	313	#
321	812477	45	114	115	178	192	195	207	211	212	220	251	254	313	#
322	974801	47	55	71	87	90	140	141	169	186	229	247	314	#
323	957287	24	53	55	74	80	92	118	129	152	198	240	314	#
324	933671	34	47	85	118	155	162	174	197	241	244	247	314	#
325	932067	34	41	53	55	74	84	87	137	148	186	251	314	#
326	873314	42	74	87	92	115	141	169	210	231	251	252	314	#
327	861954	47	77	104	105	110	130	169	171	209	231	239	314	#
328	129316	247	#
329	267245	94	95	234	250	255	315	#
330	392946	94	102	170	186	239	315	#
331	297662	64	114	127	250	254	315	#
332	200312	26	185	229	242	255	315	#
333	260504	58	113	198	316	#
334	313970	170	198	204	316	#
335	207702	58	118	178	316	#
336	197048	97	101	113	316	#
337	198953	31	175	216	317	#
338	126743	64	114	216	317	#
339	940568	19	21	49	62	71	80	141	172	183	186	195	318	#
340	895816	3	16	27	54	105	128	141	150	195	205	255	318	#
341	887562	48	49	56	62	63	79	160	186	210	231	241	318	#
342	859832	23	29	47	80	87	122	132	161	163	187	234	318	#
343	806239	49	65	79	122	139	153	167	175	246	247	252	318	#
344	795112	21	53	80	102	134	153	199	201	208	234	235	318	#
345	303050	116	118	145	205	229	319	#
346	426844	27	58	85	145	165	319	#
347	358331	100	134	190	205	245	319	#
348	345564	45	57	83	115	118	319	#
349	321175	10	86	88	229	252	319	#
350	319894	28	93	116	181	198	319	#
351	2903451	5	10	13	27	32	35	37	45	47	60	61	68	71	78	81	87	91	100	102	107	112	116	119	122	124	128	132	136	138	165	169	170	174	190	198	200	213	217	220	221	222	230	231	244	247	320	#
352	3512788	3	5	7	15	16	21	23	28	31	36	38	43	47	51	53	54	57	63	68	70	72	78	85	89	102	104	118	129	131	145	146	156	165	177	179	180	191	206	208	216	218	230	237	242	246	320	#
353	3482638	3	10	18	21	24	28	43	47	49	53	60	64	70	71	73	74	80	84	107	118	119	121	127	131	146	151	165	167	170	180	191	195	202	205	206	209	218	226	228	230	231	233	241	251	252	320	#
354	3454885	1	5	9	18	19	23	24	36	41	42	43	44	47	52	53	64	66	71	81	82	101	103	104	107	109	122	135	140	153	154	155	176	179	180	190	195	201	207	218	219	220	225	231	247	253	320	#
355	3359985	13	21	24	31	40	43	46	47	49	82	87	88	89	91	99	101	107	110	114	117	120	123	124	131	132	145	150	156	157	161	165	169	176	180	187	194	201	211	218	226	229	234	241	242	243	320	#
356	3340607	1	6	12	23	28	45	47	52	57	60	68	79	81	84	87	92	98	99	101	103	109	114	128	131	141	145	150	153	154	156	175	191	197	201	206	208	213	215	217	225	233	242	243	250	251	320	#
357	273887	19	71	96	103	149	158	321	#
358	400856	22	40	58	71	179	250	321	#
359	379046	32	41	69	149	219	229	321	#
360	369096	0	103	184	211	227	252	321	#
361	358575	19	76	90	92	144	197	321	#
362	308244	100	158	166	183	202	221	321	#
363	37032	184	#
364	683951	47	60	61	70	73	144	153	199	204	205	219	236	322	#
365	1013108	18	47	50	56	60	65	93	108	153	175	203	206	322	#
366	957994	21	47	48	87	95	123	171	172	190	204	214	246	322	#
367	941310	53	85	134	141	144	175	177	179	180	199	204	241	322	#
368	863731	5	13	72	75	81	87	93	102	116	156	218	219	322	#
369	842886	7	12	27	32	67	99	139	171	199	201	245	255	322	#
370	705621	1	8	23	44	68	115	153	164	196	243	323	#
371	901315	51	68	86	98	136	168	188	195	204	242	323	#
372	877864	13	42	44	68	71	72	85	126	153	245	323	#
373	790019	74	102	107	136	153	195	201	205	243	246	323	#
374	789405	25	79	96	124	128	161	164	215	239	245	323	#
375	754119	17	21	66	78	115	121	134	205	221	229	323	#
376	760317	16	67	84	100	133	149	168	174	203	210	220	324	#
377	917979	82	114	134	168	170	199	214	235	238	240	244	324	#
378	904780	3	16	50	72	121	124	179	181	205	225	244	324	#
379	867964	33	47	62	99	112	139	149	155	188	198	232	324	#
380	857487	3	47	66	73	75	87	158	172	174	215	243	324	#
381	801691	2	32	67	84	88	110	113	117	184	231	246	324	#
382	2023652	6	17	26	36	38	47	61	72	102	150	165	166	167	171	179	183	185	186	191	196	215	216	221	225	229	234	245	250	325	#
383	2158716	10	14	36	71	72	76	84	103	112	119	148	150	157	158	165	169	171	186	189	199	201	202	203	212	216	226	234	246	325	#
384	2114881	1	6	27	34	36	38	49	56	60	80	94	95	103	125	132	149	150	154	155	158	169	192	201	205	214	226	243	247	325	#
385	2089617	14	17	21	22	47	71	81	83	84	87	100	117	121	150	166	167	169	171	178	179	185	195	197	216	228	229	243	244	325	#
386	2073832	2	5	11	17	34	54	61	81	102	104	115	125	144	155	157	184	186	193	199	200	215	216	226	228	243	244	245	251	325	#
387	2046758	2	5	10	15	21	22	31	47	49	62	72	92	95	100	116	141	161	171	175	179	185	189	205	212	214	215	237	255	325	#
388	488759	92	110	125	153	180	200	326	#
389	596884	156	157	180	198	205	252	326	#
390	445015	92	110	163	194	215	230	326	#
391	425184	9	77	144	153	173	219	326	#
392	399059	26	49	110	111	209	210	326	#
393	389095	141	142	155	162	200	209	326	#
394	1195988	8	16	71	86	94	116	127	135	150	155	161	165	168	175	185	199	222	226	244	327	#
395	1563356	3	28	49	64	89	106	117	122	142	150	151	156	169	171	177	190	201	208	218	327	#
396	1456210	16	25	28	29	56	71	73	91	99	103	110	112	127	138	164	187	189	224	227	327	#
397	1445336	1	12	18	25	41	56	95	106	115	138	158	175	177	183	215	217	230	244	246	327	#
398	1433232	15	36	72	82	86	113	125	129	149	150	155	167	175	187	206	217	240	242	253	327	#
399	1425395	5	9	35	39	45	52	76	100	110	127	141	155	164	165	175	180	187	208	239	327	#
400	507910	68	80	135	172	181	220	246	328	#
401	582086	60	107	124	136	157	172	183	328	#
402	506375	2	19	48	68	81	184	214	328	#
403	425399	62	77	119	133	151	181	197	328	#
404	381179	21	84	120	133	167	171	246	328	#
405	375857	95	158	184	199	220	236	239	328	#
406	758340	2	7	14	42	112	118	126	135	158	206	244	329	#
407	953816	14	22	42	49	55	73	79	155	189	192	227	329	#
408	887335	2	70	118	162	166	170	178	185	218	237	242	329	#
409	871309	0	2	9	15	23	42	146	171	191	203	248	329	#
410	847115	42	129	146	149	158	169	178	188	237	245	248	329	#
411	818842	41	42	65	89	93	117	128	160	162	171	235	329	#
412	2516734	1	13	20	21	26	31	32	50	51	63	70	79	80	95	109	116	134	135	138	156	157	158	161	164	171	172	180	181	189	200	204	208	209	211	216	237	252	253	330	#
413	3052092	1	2	6	27	46	60	63	66	68	99	101	106	113	116	117	119	122	127	130	135	138	140	150	152	162	164	165	167	176	177	180	182	195	204	216	226	235	241	330	#
414	2917762	5	14	16	21	26	27	31	37	50	64	68	73	79	95	96	98	104	108	109	113	119	127	136	146	167	172	179	183	195	213	215	218	234	235	240	250	251	253	330	#
415	2869599	1	6	15	19	21	25	27	37	41	48	49	50	57	60	66	95	101	128	130	136	138	144	146	148	163	167	169	175	181	188	195	208	209	210	215	246	250	251	330	#
416	2852532	1	3	9	13	14	19	23	25	29	46	49	60	63	68	74	78	94	98	112	114	116	127	146	153	155	162	164	165	177	179	189	190	199	212	219	226	237	244	330	#
417	2816362	1	4	7	17	20	24	32	38	42	49	63	64	68	77	78	83	86	92	95	96	98	106	111	134	140	153	155	164	180	188	190	204	209	221	223	224	251	252	330	#
418	357973	38	82	97	122	124	171	331	#
419	525415	66	82	213	219	220	224	331	#
420	447597	33	149	165	171	222	254	331	#
421	429089	54	94	105	122	145	171	331	#
422	384844	38	89	137	161	167	217	331	#
423	343429	58	97	137	156	167	213	331	#
424	1333004	19	27	47	64	83	84	88	101	109	110	133	138	159	167	185	190	196	213	225	332	#
425	1474562	2	22	35	38	85	101	110	128	133	153	158	160	173	180	186	191	202	216	241	332	#
426	1448048	13	21	30	38	49	72	78	90	93	106	122	161	175	185	187	190	212	220	237	332	#
427	1447202	2	14	32	44	72	83	91	107	117	121	132	172	190	192	215	216	222	228	248	332	#
428	1435332	14	34	43	47	102	103	106	110	130	153	159	164	165	182	196	206	237	239	255	332	#
429	1388401	11	12	24	34	37	53	73	84	88	109	113	121	128	129	144	146	199	226	254	332	#
430	1275912	11	14	21	38	60	77	91	98	109	130	138	150	162	168	175	188	195	212	240	244	333	#
431	1510085	65	67	84	89	103	105	108	114	120	129	141	151	183	187	198	213	229	233	244	255	333	#
432	1494549	0	13	15	26	34	42	57	59	83	86	107	118	126	129	171	188	193	208	222	251	333	#
433	1489359	21	24	32	34	59	60	79	107	115	116	128	137	138	154	184	187	219	225	226	244	333	#
434	1455186	2	11	12	14	18	26	27	47	57	112	149	151	152	156	191	200	216	245	249	254	333	#
435	1439671	13	16	47	49	62	64	76	104	124	128	167	171	192	195	204	208	213	222	233	239	333	#
436	156166	179	205	334	#
437	105585	188	205	334	#
438	10221	216	#
439	659260	9	12	34	57	80	147	151	187	202	232	335	#
440	820954	18	27	35	96	113	172	187	198	210	245	335	#
441	790360	85	90	104	146	147	151	164	236	247	248	335	#
442	758021	9	10	35	50	58	93	224	237	253	254	335	#
443	705123	23	48	50	72	80	143	144	146	222	243	335	#
444	689918	54	82	122	151	153	198	199	202	231	244	335	#
445	983346	6	22	70	87	152	156	193	198	218	223	229	238	244	252	336	#
446	1117839	43	44	115	121	127	146	182	186	188	195	205	223	241	254	336	#
447	1064417	41	42	50	58	69	76	88	118	146	178	183	193	196	238	336	#
448	1058917	0	11	20	23	25	36	56	70	83	106	151	162	195	197	336	#
449	1040229	6	20	24	37	92	135	177	191	193	195	206	213	242	247	336	#
450	1033779	0	4	41	60	69	76	105	115	122	126	127	135	182	193	336	#
451	33235	80	#
452	393460	14	23	108	132	227	337	#
453	430367	23	82	124	153	187	337	#
454	340859	14	56	60	195	244	337	#
455	338176	1	67	76	108	193	337	#
456	328035	1	21	176	227	228	337	#
457	1161170	9	14	28	30	41	59	132	165	168	176	182	212	238	338	#
458	1226992	41	51	67	146	148	149	175	186	190	198	214	231	232	338	#
459	1007909	30	61	79	90	95	117	129	142	158	168	195	200	244	338	#
460	974299	4	19	42	46	50	59	120	159	214	232	237	242	255	338	#
461	967132	46	47	51	97	106	131	132	152	157	176	186	213	238	338	#
462	930059	14	28	132	144	150	158	169	176	190	200	205	210	221	338	#
463	765972	48	55	98	101	162	164	165	230	339	#
464	788161	6	16	55	98	170	226	230	241	339	#
465	728379	18	24	66	81	98	101	130	177	339	#
466	712276	16	28	50	80	102	164	235	240	339	#
467	610981	26	186	194	204	209	224	230	241	339	#
468	506830	32	33	55	60	119	131	232	240	339	#
469	393402	7	45	101	125	340	#
470	356852	55	56	101	133	340	#
471	346874	81	94	125	231	340	#
472	342144	7	35	106	173	340	#
473	331436	45	182	211	246	340	#
474	71599	187	#
475	510909	11	22	58	80	90	99	105	171	178	183	341	#
476	763523	21	51	53	90	94	151	159	183	241	246	341	#
477	715546	40	57	67	79	80	81	114	126	172	240	341	#
478	706747	13	22	85	98	117	162	183	198	246	248	341	#
479	704113	59	127	136	169	175	176	183	222	246	254	341	#
480	695523	0	11	18	43	128	178	219	222	228	243	341	#
481	40612	213	#
482	5439	57	73	#
483	210308	78	129	159	343	#
484	264393	64	129	188	343	#
485	223310	84	159	166	343	#
486	159018	4	78	80	343	#
487	67805	176	#
488	409304	24	71	89	166	170	344	#
489	528939	24	25	108	183	242	344	#
490	470255	44	71	155	205	249	344	#
491	442395	68	102	141	170	200	344	#
492	412670	89	117	166	215	219	344	#
493	319976	109	121	162	166	249	344	#
494	706843	15	49	55	99	100	149	161	229	255	345	#
495	809507	42	47	70	93	125	156	161	167	201	345	#
496	687857	70	99	100	115	123	155	214	223	251	345	#
497	686210	10	18	108	111	126	129	149	165	191	345	#
498	673336	29	36	48	96	101	125	132	229	235	345	#
499	614428	29	72	76	98	99	161	176	184	187	345	#
500	322591	35	207	238	251	346	#
501	399045	106	155	203	207	346	#
502	369157	35	86	152	160	346	#
503	288274	36	121	152	238	346	#
504	283534	93	199	232	251	346	#
505	606624	10	22	29	32	33	54	60	75	89	100	142	196	245	347	#
506	886560	29	43	70	84	114	121	124	143	151	168	201	211	242	347	#
507	874695	10	13	42	54	67	117	122	129	143	198	210	231	242	347	#
508	815131	2	43	63	70	109	121	142	162	176	182	199	231	236	347	#
509	798273	24	56	59	63	125	139	162	174	201	213	245	249	252	347	#
510	777839	14	19	21	27	47	89	97	100	103	116	138	191	213	347	#
511	2160532	0	9	12	29	30	37	73	74	78	99	110	115	117	121	133	152	164	171	195	209	222	231	237	240	241	244	249	348	#
512	2277469	4	12	14	41	49	50	52	98	121	122	130	136	150	152	159	169	179	181	186	190	193	222	231	233	239	240	255	348	#
513	2109969	16	18	30	35	53	59	71	86	91	98	103	107	117	133	136	139	152	168	183	188	190	195	207	209	210	230	233	348	#
514	2048752	4	26	35	36	37	86	87	105	106	110	125	126	130	136	156	167	186	189	196	200	204	211	231	241	244	247	248	348	#
515	2045612	3	9	15	28	29	40	41	57	66	68	80	81	86	87	111	114	128	141	171	176	187	199	206	207	231	245	249	348	#
516	2033167	12	18	32	39	41	49	52	54	74	76	90	94	111	119	130	131	138	139	142	168	171	190	218	220	222	233	244	348	#
517	464780	31	39	47	126	225	229	245	349	#
518	570447	36	39	76	129	180	197	225	349	#
519	564577	29	35	132	159	176	224	245	349	#
520	564237	39	76	112	167	184	211	227	349	#
521	479486	47	59	81	126	153	163	242	349	#
522	456070	2	79	102	115	225	229	230	349	#
523	186818	75	158	182	214	350	#
524	238579	86	109	158	169	350	#
525	337968	41	138	181	208	214	230	351	#
526	452442	25	29	124	224	230	249	351	#
527	416658	32	120	135	149	187	208	351	#
528	404197	36	65	151	154	170	214	351	#
529	401652	82	138	193	204	219	238	351	#
530	330968	0	177	178	181	202	218	351	#
531	763595	15	21	29	60	72	106	191	196	227	231	352	#
532	748945	44	76	129	138	151	168	196	235	248	249	352	#
533	744064	7	8	11	35	70	88	114	127	219	231	352	#
534	709320	3	12	42	72	145	149	158	168	170	224	352	#
535	707976	32	43	151	159	173	191	192	195	197	238	352	#
536	703507	7	23	29	121	139	168	224	232	238	255	352	#
537	33386	158	#
538	38567	194	#
539	84476	30	#
540	1096745	16	41	49	53	87	160	163	166	167	175	183	203	216	243	353	#
541	1256608	16	67	98	142	145	147	191	194	196	198	211	215	219	228	353	#
542	1068778	10	24	50	67	83	109	112	149	166	185	196	227	238	247	353	#
543	1046904	3	8	26	41	66	67	100	112	115	140	193	194	238	244	353	#
544	1034323	41	74	80	86	88	132	147	161	165	175	184	204	217	241	353	#
545	973063	2	36	41	91	101	106	116	154	167	179	183	210	212	225	353	#
546	927871	7	67	82	84	94	106	117	137	163	167	178	213	253	354	#
547	1052690	18	21	35	59	79	113	140	148	155	158	178	206	214	354	#
548	1038805	10	64	84	98	106	113	119	122	131	152	204	223	255	354	#
549	973903	4	35	45	128	153	167	168	170	178	208	213	230	255	354	#
550	947519	70	95	104	106	120	148	152	154	163	190	200	240	242	354	#
551	901932	20	94	147	150	153	168	182	187	190	239	246	251	253	354	#
552	728725	11	17	39	50	55	75	84	92	163	240	355	#
553	986171	56	109	141	146	163	195	231	237	246	254	355	#
554	939222	23	30	39	51	76	84	129	149	159	201	355	#
555	822285	0	13	15	19	50	65	76	78	231	235	355	#
556	778493	10	11	39	94	130	141	175	194	247	250	355	#
557	733405	8	39	60	67	119	125	128	159	194	235	355	#
558	611832	17	73	103	104	109	122	145	147	160	167	356	#
559	791800	12	75	110	122	126	150	168	196	247	249	356	#
560	775251	81	88	101	145	165	196	197	216	239	255	356	#
561	727931	15	37	64	76	103	118	128	166	179	227	356	#
562	725016	86	90	104	150	160	165	172	230	249	250	356	#
563	707800	12	25	26	30	49	118	120	167	214	227	356	#
564	138652	241	#
565	1381655	13	46	47	58	64	72	74	77	81	110	113	116	127	142	197	198	217	357	#
566	1569329	1	18	36	40	47	66	72	80	81	124	127	137	140	170	201	206	248	357	#
567	1510524	7	28	33	42	48	53	66	84	110	125	146	158	170	190	193	206	242	357	#
568	1461037	47	52	72	74	75	81	96	119	140	154	164	172	189	193	195	214	225	357	#
569	1399935	24	31	47	59	64	77	96	105	117	129	156	163	164	170	192	202	230	357	#
570	1382955	35	41	42	47	48	61	64	102	152	156	159	200	213	225	230	231	253	357	#
571	654121	6	21	25	133	149	157	207	228	229	234	358	#
572	840061	25	122	143	159	161	172	189	216	230	244	358	#
573	806899	8	24	146	164	172	197	205	220	229	253	358	#
574	754840	6	7	9	15	70	106	108	134	223	231	358	#
575	745206	1	5	87	88	136	146	158	198	199	207	358	#
576	691975	9	21	40	128	145	169	199	228	231	252	358	#
577	962609	14	17	25	33	41	44	91	115	142	149	169	170	210	359	#
578	1040769	12	14	25	75	77	94	98	110	131	134	174	195	199	359	#
579	1026376	19	28	38	44	49	128	138	146	172	183	204	232	249	359	#
580	989693	5	17	19	69	84	95	149	159	186	206	232	245	249	359	#
581	963901	48	82	103	146	151	155	169	216	224	226	234	242	253	359	#
582	962913	1	20	39	89	114	133	142	149	164	185	189	201	243	359	#
583	1582506	4	10	20	26	31	35	41	43	50	71	80	82	88	93	95	96	101	144	160	169	179	186	211	220	221	223	251	360	#
584	2041921	0	4	36	85	104	110	111	117	120	121	125	134	144	145	154	161	162	164	179	181	186	196	210	222	223	232	246	360	#
585	2028298	4	14	20	21	30	54	56	58	71	74	80	84	93	115	136	137	145	146	157	158	165	187	200	211	222	232	235	360	#
586	1975132	5	27	32	52	66	69	101	108	111	119	133	146	156	166	174	179	189	193	196	197	204	208	211	222	227	238	246	360	#
587	1969754	35	43	49	50	72	87	89	91	107	111	112	115	133	134	140	145	151	179	185	189	192	197	200	208	217	220	240	360	#
588	1956246	14	18	31	49	68	72	79	85	90	95	98	107	113	115	154	158	165	181	189	196	213	218	228	235	242	248	253	360	#
589	503089	28	41	132	135	154	190	237	361	#
590	604859	16	28	59	66	105	159	191	361	#
591	595191	15	27	63	110	116	135	191	361	#
592	525521	62	66	88	115	154	203	237	361	#
593	475238	10	38	41	43	151	164	182	361	#
594	474724	0	7	33	97	211	217	237	361	#
595	601799	6	11	50	92	124	175	218	241	362	#
596	727610	13	25	41	92	141	171	233	254	362	#
597	700377	84	89	112	159	186	196	241	252	362	#
598	637001	6	30	72	105	198	214	219	223	362	#
599	622314	14	50	72	102	129	136	139	245	362	#
600	573332	15	67	125	135	141	175	189	210	362	#
601	1353498	14	18	36	54	55	63	71	73	76	101	123	131	154	179	199	213	222	223	225	233	238	363	#
602	1869814	8	18	55	68	94	98	105	131	136	150	153	156	172	179	195	202	216	222	229	233	251	363	#
603	1808137	2	14	22	29	30	39	42	69	76	86	101	164	170	173	187	190	202	206	209	231	239	363	#
604	1655717	10	36	42	79	86	94	101	106	113	139	152	161	173	195	199	206	209	210	216	222	236	363	#
605	1640897	32	45	66	67	73	82	96	100	108	115	120	140	143	144	150	156	189	195	210	211	213	363	#
606	1622029	6	16	28	32	35	51	72	96	98	101	104	146	156	172	173	188	196	204	222	242	247	363	#
607	433237	9	90	110	165	230	246	364	#
608	458959	85	118	133	143	162	165	364	#
609	416579	100	104	132	202	226	230	364	#
610	399223	43	90	133	138	162	220	364	#
611	396786	22	71	110	141	214	231	364	#
612	346861	9	61	69	83	132	221	364	#
613	594958	1	107	175	187	197	225	365	#
614	625478	7	77	100	183	186	225	365	#
615	540708	1	91	100	157	201	219	365	#
616	490774	36	67	107	129	185	197	365	#
617	459383	1	6	16	152	175	176	365	#
618	429003	25	29	54	59	108	187	365	#
619	70912	72	#
620	412766	23	43	46	84	116	133	139	366	#
621	510587	2	33	43	51	72	194	202	366	#
622	496518	10	12	15	115	139	151	197	366	#
623	487295	1	31	69	116	193	199	254	366	#
624	440068	23	100	127	154	155	239	244	366	#
625	398560	31	37	72	92	124	133	229	366	#
626	473674	57	117	124	147	164	189	210	239	251	367	#
627	691614	13	56	65	147	171	220	232	241	251	367	#
628	619347	63	73	124	144	164	172	194	236	242	367	#
629	605587	10	16	28	158	172	183	194	219	239	367	#
630	544888	17	48	57	81	144	181	189	195	250	367	#
631	530831	28	75	113	121	135	147	189	198	251	367	#
632	443029	106	129	182	183	233	368	#
633	393894	4	59	123	228	233	368	#
634	379835	35	58	111	182	183	368	#
635	365643	41	51	129	202	214	368	#
636	363038	43	44	50	106	205	368	#
637	344660	32	72	134	183	248	368	#
638	791608	6	22	24	35	52	64	104	153	170	183	195	204	216	369	#
639	1183141	6	21	47	66	79	86	87	104	145	148	159	185	225	369	#
640	1170564	12	14	17	27	52	56	130	156	159	161	193	224	254	369	#
641	1160949	6	17	31	56	72	94	130	145	151	159	167	201	243	369	#
642	1043087	20	27	39	66	86	117	121	133	170	205	209	227	243	369	#
643	991771	34	48	56	58	94	99	106	142	167	180	215	216	230	369	#
644	227165	69	72	183	185	370	#
645	280693	35	144	161	183	370	#
646	241992	3	32	72	145	370	#
647	197546	72	100	185	247	370	#
648	193384	46	69	133	214	370	#
649	129619	7	#
650	1150983	3	16	38	60	86	108	119	124	133	190	192	195	196	206	253	371	#
651	1357174	3	16	49	82	106	128	152	168	175	190	215	220	223	242	255	371	#
652	1224870	4	7	35	69	71	82	88	129	146	173	192	203	207	216	255	371	#
653	1193100	40	49	57	70	71	74	101	113	117	119	128	158	168	206	251	371	#
654	1111577	6	12	50	85	114	125	129	148	155	166	167	168	169	196	216	371	#
655	1083893	3	32	40	60	115	124	133	148	156	165	185	192	210	231	237	371	#
656	691301	3	68	77	108	135	152	208	372	#
657	612329	28	81	133	152	170	214	252	372	#
658	572601	47	50	77	127	177	213	225	372	#
659	551851	3	173	180	201	208	214	246	372	#
660	544825	12	68	73	106	177	183	224	372	#
661	504579	4	75	135	138	140	198	232	372	#
662	644189	29	57	73	87	92	116	120	141	153	168	242	373	#
663	932910	3	35	84	97	105	116	140	145	194	203	231	373	#
664	824492	21	57	91	92	117	134	190	219	227	241	246	373	#
665	800440	8	23	27	29	35	62	112	132	166	172	191	373	#
666	796078	13	36	55	73	75	87	112	117	128	153	241	373	#
667	720432	3	15	27	36	63	110	141	144	145	175	210	373	#
668	2673889	1	4	8	9	12	16	19	23	25	34	35	49	67	68	69	71	85	99	109	121	143	149	154	155	172	175	176	177	184	192	219	225	237	239	251	374	#
669	2750849	4	9	19	26	32	35	44	49	53	56	59	63	69	71	72	75	88	97	108	129	137	141	149	151	154	157	160	161	167	176	177	183	219	221	251	374	#
670	2699209	0	17	26	31	34	53	56	59	63	68	75	77	84	88	95	110	119	123	131	138	145	149	150	163	169	183	184	186	187	193	210	218	232	241	255	374	#
671	2554601	4	15	19	38	44	45	49	51	53	60	70	84	86	88	105	117	118	122	130	133	138	149	150	164	167	169	177	193	195	201	208	213	225	240	255	374	#
672	2546485	19	30	35	51	58	63	72	76	79	84	88	94	95	98	108	123	129	131	137	139	141	158	167	175	176	181	189	193	194	206	215	218	219	226	232	374	#
673	2434928	1	2	26	27	29	31	37	38	45	47	49	54	63	66	68	73	78	88	94	96	115	121	134	141	150	151	157	187	197	212	225	226	247	250	255	374	#
674	658054	52	67	72	106	107	150	152	166	375	#
675	700765	1	16	23	72	127	129	168	201	375	#
676	606643	1	9	12	16	38	47	150	180	375	#
677	588225	31	43	70	137	143	152	193	226	375	#
678	578521	4	52	53	59	98	135	207	239	375	#
679	539382	5	84	87	107	111	161	174	207	375	#
680	499842	1	28	30	144	182	222	236	238	376	#
681	649520	122	131	144	173	187	191	203	237	376	#
682	591700	28	80	81	104	123	131	136	140	376	#
683	567474	16	17	30	45	98	152	154	174	376	#
684	565914	27	75	92	95	118	132	182	238	376	#
685	534478	0	59	104	131	141	147	209	238	376	#
686	41478	45	#
687	97634	10	103	215	377	#
688	122586	10	30	87	377	#
689	1862288	3	11	23	27	32	38	41	68	77	79	87	113	121	128	134	168	172	176	195	199	214	231	251	378	#
690	1844058	3	4	28	43	47	69	74	77	78	91	105	118	123	124	148	155	172	184	208	239	246	247	252	378	#
691	1810893	2	4	34	46	59	61	68	83	86	87	107	122	128	132	152	172	174	175	177	194	212	229	248	378	#
692	1779612	12	30	58	75	77	78	82	84	90	95	108	113	123	128	164	168	174	186	194	196	226	243	246	378	#
693	1775535	0	3	4	23	26	38	40	66	73	79	81	82	90	113	117	132	144	145	158	159	160	174	194	378	#
694	1749702	3	15	21	24	25	30	64	73	77	81	118	122	129	136	144	148	153	154	174	178	182	183	244	378	#
695	664891	35	79	81	104	108	110	180	379	#
696	611579	35	72	138	161	162	169	208	379	#
697	587346	81	137	159	177	180	194	245	379	#
698	471441	1	33	35	108	125	162	225	379	#
699	446633	51	90	104	135	159	172	197	379	#
700	421501	63	77	79	104	167	226	250	379	#
701	63320	115	#
702	466556	4	29	160	188	212	213	242	380	#
703	611381	13	89	93	106	140	155	213	380	#
704	567247	108	110	134	147	153	226	242	380	#
705	516623	107	117	126	130	135	160	187	380	#
706	495266	44	97	134	147	204	212	243	380	#
707	491255	4	29	89	91	128	166	202	380	#
708	202977	67	137	381	#
709	126728	67	97	381	#
710	77979	137	171	381	#
711	71177	160	#
712	801573	10	13	24	25	51	64	97	128	163	164	206	382	#
713	914591	31	45	50	63	117	128	148	164	195	212	240	382	#
714	907460	0	7	13	36	48	106	157	174	186	214	224	382	#
715	901067	71	83	138	145	146	163	164	187	195	218	248	382	#
716	852847	50	51	56	63	79	125	151	157	188	197	212	382	#
717	846780	10	40	46	64	74	129	130	164	169	195	196	382	#
718	1103196	32	37	45	76	94	108	114	165	184	185	202	203	208	233	235	236	254	383	#
719	1439022	4	47	79	82	83	88	112	149	156	162	165	166	179	207	209	231	242	383	#
720	1413169	2	4	30	58	110	111	115	122	141	167	177	187	192	207	215	233	251	383	#
721	1309191	5	7	14	31	92	108	115	123	155	164	167	168	203	208	235	239	245	383	#
722	1239695	47	69	76	79	80	87	106	118	122	135	152	162	164	233	241	246	254	383	#
723	1222133	2	32	66	103	112	113	129	131	160	164	169	177	181	209	217	220	245	383	#
724	432694	8	26	36	45	117	153	167	184	234	245	384	#
725	561118	1	2	5	126	153	205	210	212	220	233	384	#
726	538785	5	58	100	126	141	184	204	209	249	255	384	#
727	528160	8	20	116	125	186	205	210	217	228	254	384	#
728	505485	37	45	61	87	170	185	228	232	233	245	384	#
729	467710	16	19	40	45	47	82	103	104	195	234	384	#
730	2071062	3	15	30	33	66	77	81	82	85	93	113	114	119	125	129	139	147	148	149	187	193	206	210	225	235	245	253	255	385	#
731	2264912	7	8	15	59	61	66	67	74	84	86	98	117	133	142	145	152	156	162	167	173	179	190	193	196	199	241	243	251	385	#
732	2203015	6	23	27	58	61	80	84	105	112	117	120	127	129	130	139	150	169	187	191	192	198	206	211	214	220	221	247	249	385	#
733	2153742	2	7	10	21	75	77	83	91	95	102	107	121	142	150	162	185	190	191	193	196	197	220	229	230	235	240	242	247	385	#
734	2112488	32	34	47	48	51	56	59	67	74	81	90	92	114	121	125	142	146	167	174	185	190	198	199	232	238	242	247	254	385	#
735	2086670	1	7	11	18	50	51	52	61	84	92	100	110	122	125	126	128	131	140	154	167	169	190	198	200	206	229	243	254	385	#
736	540387	12	15	40	63	76	103	242	244	386	#
737	694230	19	47	63	70	149	151	195	203	386	#
738	650072	8	15	93	103	130	132	154	186	386	#
739	641377	18	40	71	114	117	141	168	245	386	#
740	615678	15	55	62	117	123	131	133	245	386	#
741	508387	16	37	114	140	154	213	227	244	386	#
742	283391	20	28	74	147	168	387	#
743	417305	35	74	84	121	215	387	#
744	411570	119	154	161	168	176	387	#
745	410574	7	17	43	147	157	387	#
746	392186	28	35	193	195	253	387	#
747	371984	17	20	71	94	167	387	#
748	779431	21	46	72	101	110	111	163	194	230	231	236	388	#
749	1086744	0	1	38	68	72	82	101	121	150	172	193	388	#
750	961282	21	33	50	72	81	116	148	154	155	174	182	388	#
751	840072	13	19	33	158	186	194	233	235	238	242	245	388	#
752	823326	45	81	108	110	129	140	150	154	213	230	240	388	#
753	808339	74	76	102	132	159	163	198	203	208	237	238	388	#
754	296072	17	93	108	389	#
755	259972	13	93	166	389	#
756	206029	11	108	207	389	#
757	158365	17	42	109	389	#
758	753952	1	63	83	109	124	160	178	179	204	221	252	390	#
759	999713	47	68	86	103	108	119	128	183	195	204	209	390	#
760	845384	1	14	40	77	133	146	167	173	215	220	221	390	#
761	838215	23	28	91	109	119	140	173	175	189	215	238	390	#
762	802537	31	47	71	89	102	143	160	179	203	207	244	390	#
763	799945	37	61	118	122	130	179	200	242	247	249	252	390	#
764	88315	109	#
765	421048	78	145	160	163	236	238	391	#
766	571896	35	118	155	225	235	238	391	#
767	490030	21	71	83	95	146	236	391	#
768	483596	17	115	145	224	226	255	391	#
769	441059	25	63	109	160	164	169	391	#
770	404258	29	65	103	107	163	166	391	#
771	287439	56	173	201	392	#
772	311173	79	173	224	392	#
773	235516	14	56	255	392	#
774	172219	9	57	201	392	#
775	603369	2	8	50	56	88	150	232	393	#
776	527527	2	7	27	41	126	165	227	393	#
777	511235	2	11	39	71	170	181	232	393	#
778	506746	35	50	57	73	75	190	206	393	#
779	501609	56	79	104	117	166	237	244	393	#
780	487953	46	88	108	109	117	126	173	393	#
781	274406	7	50	57	201	214	394	#
782	400466	40	41	197	201	251	394	#
783	398016	7	31	93	112	198	394	#
784	276711	16	50	92	234	244	394	#
785	223321	8	12	151	208	214	394	#
786	913452	19	39	78	86	87	115	138	139	158	185	195	200	233	235	253	395	#
787	1288305	9	39	56	83	89	123	127	130	134	144	193	210	220	227	241	395	#
788	1220389	54	67	71	78	87	105	120	134	136	142	166	213	234	247	248	395	#
789	1190407	34	43	55	66	98	115	124	142	144	165	168	181	191	205	235	395	#
790	1189574	8	16	28	79	80	86	107	119	140	141	144	166	234	236	255	395	#
791	1171506	29	63	81	94	99	118	121	129	139	144	175	194	233	241	248	395	#
792	309586	4	241	246	396	#
793	357212	4	45	186	396	#
794	344383	13	145	241	396	#
795	416345	131	137	148	181	397	#
796	360742	27	131	141	232	397	#
797	323675	74	130	148	213	397	#
798	298586	27	137	250	252	397	#
799	255193	60	160	181	227	397	#
800	142034	86	88	126	398	#
801	99960	52	77	126	398	#
802	1527931	4	6	34	35	74	79	87	95	117	131	141	145	146	178	194	197	399	#
803	1335244	27	35	55	65	77	92	98	114	126	156	193	197	211	214	222	241	399	#
804	1266078	27	42	65	87	103	113	145	146	158	163	165	192	197	201	209	249	399	#
805	1217216	0	4	7	18	47	53	83	84	140	149	170	209	220	222	228	249	399	#
806	1216364	27	66	70	77	80	87	93	95	114	132	158	209	231	235	243	246	399	#
807	1213853	6	52	54	74	93	112	114	120	134	146	178	179	200	206	209	241	399	#
808	2061161	13	39	40	52	58	85	91	95	96	122	124	134	139	142	149	152	163	171	174	183	193	196	231	236	237	242	243	246	400	#
809	2118939	16	34	51	53	56	57	64	85	90	110	114	123	124	134	137	141	151	153	166	170	179	202	217	231	237	242	243	248	400	#
810	2104820	18	22	30	39	41	44	52	67	81	100	118	121	130	134	140	153	160	173	176	195	200	201	204	209	228	240	241	250	400	#
811	2104715	16	39	41	43	51	56	66	98	110	114	115	122	129	133	134	148	158	165	167	198	202	212	214	222	223	232	242	252	400	#
812	2101870	13	20	28	37	56	66	67	68	86	89	95	125	134	135	138	147	180	188	190	192	198	208	215	217	225	240	242	253	400	#
813	2034016	2	18	23	33	40	51	61	66	86	100	110	131	133	139	140	141	160	182	196	197	199	206	211	216	222	223	237	242	400	#
814	474831	106	120	137	157	226	237	401	#
815	585846	30	152	166	169	191	237	401	#
816	564298	39	56	113	137	227	233	401	#
817	518596	58	106	112	130	152	227	401	#
818	446342	40	55	57	59	120	124	401	#
819	320811	46	54	137	157	226	250	401	#
820	292060	5	36	116	126	246	402	#
821	383015	5	111	126	140	180	402	#
822	359002	149	156	179	246	251	402	#
823	356407	61	67	116	129	219	402	#
824	317204	36	56	126	153	206	402	#
825	237663	10	31	33	126	190	402	#
826	2091410	6	17	24	28	30	38	39	47	67	71	82	90	91	98	104	110	115	128	133	141	145	171	175	188	209	210	213	216	220	226	238	248	255	403	#
827	2649302	3	15	17	41	49	65	67	70	72	81	107	113	118	142	148	153	156	172	175	181	186	188	194	198	201	205	206	213	225	226	228	243	244	403	#
828	2537072	4	23	42	75	81	85	91	113	121	136	138	139	142	157	163	164	165	166	168	172	186	196	201	203	206	210	213	226	230	237	243	245	254	403	#
829	2499474	0	1	4	9	14	23	35	42	46	56	59	64	66	68	70	80	82	106	108	128	129	145	147	149	195	196	206	220	232	233	237	245	246	403	#
830	2477613	5	8	21	22	28	39	71	78	90	120	125	133	172	177	178	180	182	186	187	197	201	203	204	206	211	216	226	234	237	244	245	251	252	403	#
831	2428563	2	4	11	20	38	50	51	54	75	77	98	110	113	117	131	138	141	147	150	159	165	170	185	188	195	196	199	210	224	226	237	242	251	403	#
832	552901	23	26	79	149	179	188	228	404	#
833	486301	26	62	69	110	111	132	158	404	#
834	478200	41	127	147	168	179	193	208	404	#
835	476722	0	83	102	117	183	211	228	404	#
836	469804	12	94	111	125	158	188	242	404	#
837	369837	23	31	58	66	170	181	207	404	#
838	597436	1	59	90	153	217	231	243	405	#
839	598104	40	59	89	135	161	175	242	405	#
840	595959	90	106	149	170	175	199	243	405	#
841	522370	2	82	111	206	208	243	250	405	#
842	516212	1	7	14	19	93	131	203	405	#
843	448950	20	63	93	153	202	225	230	405	#
844	160672	211	232	239	406	#
845	210005	11	172	239	406	#
846	175264	9	159	232	406	#
847	52980	135	211	217	406	#
848	141821	112	#
849	749380	0	16	27	52	94	99	101	125	179	407	#
850	759963	0	27	33	69	90	117	169	191	224	407	#
851	643004	16	68	119	138	144	176	215	223	224	407	#
852	622475	17	74	99	179	185	203	216	223	224	407	#
853	621556	9	21	52	83	97	137	145	160	200	407	#
854	581517	0	27	52	73	87	109	117	228	250	407	#
855	1315720	21	36	56	62	68	69	84	85	88	90	128	137	171	197	245	408	#
856	1227026	34	36	63	68	69	92	105	119	130	146	148	155	183	200	221	408	#
857	1181951	19	26	34	94	126	150	151	153	195	197	198	219	231	233	241	408	#
858	1157251	18	23	26	56	64	66	115	117	128	132	137	200	219	230	238	408	#
859	1129158	28	35	65	67	132	144	152	155	159	171	186	207	233	245	249	408	#
860	1127232	3	4	6	36	50	64	73	117	128	147	174	215	237	242	252	408	#
861	404910	55	79	99	188	194	204	409	#
862	520554	13	69	72	157	165	194	409	#
863	508469	71	79	91	107	147	237	409	#
864	484375	35	47	167	204	232	237	409	#
865	448623	55	77	101	173	219	230	409	#
866	403385	51	91	168	187	188	189	409	#
867	260227	50	145	410	#
868	230070	7	145	410	#
869	227876	23	50	410	#
870	336249	6	15	24	32	115	173	411	#
871	460627	32	76	89	155	195	243	411	#
872	458558	3	21	63	173	181	190	411	#
873	451835	15	122	152	154	162	252	411	#
874	371628	24	92	139	155	179	192	411	#
875	309418	6	22	31	72	89	166	411	#
876	59518	103	132	412	#
877	60233	103	246	412	#
878	1346735	13	19	24	31	97	101	109	116	142	143	147	152	163	179	183	191	203	208	212	232	247	413	#
879	1701888	4	13	19	22	30	46	60	111	112	119	131	132	161	176	191	192	195	196	208	241	243	413	#
880	1678954	7	34	35	47	76	83	92	94	100	101	109	163	168	179	181	195	213	220	237	238	254	413	#
881	1600694	15	28	31	69	104	120	132	153	164	170	175	183	194	195	196	205	213	217	236	247	252	413	#
882	1587761	23	34	39	46	51	99	104	116	117	121	128	129	141	147	173	176	181	190	208	238	243	413	#
883	1569727	34	41	50	75	79	84	90	93	100	101	107	111	116	131	136	144	153	224	238	250	254	413	#
884	894646	1	29	31	43	44	78	93	133	148	163	165	172	182	246	249	414	#
885	1198726	4	14	19	42	56	58	92	94	119	137	147	152	161	219	246	414	#
886	1155677	10	14	34	36	43	112	147	149	156	180	195	202	218	222	233	414	#
887	1125205	79	91	93	141	151	152	153	161	165	169	194	216	225	226	253	414	#
888	1103462	11	31	59	69	92	108	151	153	172	182	212	220	226	240	245	414	#
889	1096640	20	29	59	76	92	94	99	104	108	136	195	212	216	235	245	414	#
890	362858	7	32	158	181	193	223	415	#
891	492611	13	29	32	89	208	215	415	#
892	400563	24	31	172	181	185	236	415	#
893	388183	7	46	141	173	193	220	415	#
894	347904	144	168	179	185	193	206	415	#
895	301156	66	126	158	171	205	255	415	#
896	394044	64	70	187	192	206	416	#
897	517686	27	64	146	157	231	416	#
898	415428	61	70	74	131	146	416	#
899	405788	34	125	146	171	192	416	#
900	402233	76	77	179	206	251	416	#
901	376614	109	121	141	187	194	416	#
902	1056771	1	15	17	28	73	80	93	99	103	144	150	151	158	178	232	242	243	255	417	#
903	1457881	11	14	42	55	59	60	81	87	97	125	146	167	168	170	187	242	246	255	417	#
904	1406824	6	25	35	42	60	65	76	105	118	149	154	175	178	187	192	237	239	251	417	#
905	1399424	0	7	15	21	23	35	38	71	81	106	108	158	179	188	232	234	237	245	417	#
906	1376810	1	2	18	21	25	45	67	72	79	97	111	146	165	181	188	224	241	246	417	#
907	1347395	12	24	28	36	37	39	67	80	94	114	125	150	151	168	191	195	243	255	417	#
908	244599	77	108	147	418	#
909	264845	33	77	164	418	#
910	227417	22	108	204	418	#
911	107842	105	147	249	418	#
912	1271997	3	5	8	29	32	38	44	48	53	57	69	97	132	140	152	153	174	178	193	253	419	#
913	1659688	13	38	50	57	67	87	119	123	125	136	141	147	152	166	174	177	181	206	207	210	419	#
914	1640860	7	12	21	29	34	44	54	56	66	69	100	140	155	157	166	182	200	223	238	251	419	#
915	1579475	16	35	47	48	49	76	91	97	108	113	120	131	139	142	152	186	196	219	225	230	419	#
916	1577084	0	6	15	44	54	57	72	98	137	138	142	146	152	156	165	171	177	193	228	229	419	#
917	1531867	3	7	8	13	35	44	54	67	69	92	103	109	111	156	171	181	219	229	230	253	419	#
918	358765	50	227	245	255	420	#
919	472072	50	190	198	247	420	#
920	268212	24	87	112	245	420	#
921	266063	126	152	196	255	420	#
922	202441	6	143	216	227	420	#
923	528476	4	15	27	96	118	152	421	#
924	491157	9	96	140	148	155	237	421	#
925	414394	5	27	43	63	67	223	421	#
926	401927	15	61	126	155	173	195	421	#
927	378028	4	43	99	111	121	158	421	#
928	377104	62	118	130	160	227	230	421	#
929	1179805	1	34	35	54	74	83	86	96	106	118	119	136	174	179	202	207	228	241	422	#
930	1549212	0	25	35	50	59	80	82	86	102	129	136	172	181	185	199	200	238	246	422	#
931	1457997	6	46	48	94	97	101	102	118	131	139	140	149	155	161	180	185	191	218	422	#
932	1420157	2	10	21	46	51	72	73	91	106	121	125	128	145	152	155	172	193	208	422	#
933	1396915	0	9	25	97	101	108	127	131	133	146	153	172	179	180	199	212	223	255	422	#
934	1390112	23	25	28	60	64	68	74	88	105	115	125	151	154	155	191	207	211	231	422	#
935	771380	41	69	72	126	133	136	138	159	206	219	423	#
936	793209	29	34	95	103	118	125	129	138	190	195	423	#
937	789151	43	103	125	136	143	164	177	206	208	219	423	#
938	768475	49	54	151	170	182	186	193	197	206	239	423	#
939	762240	35	55	78	125	131	159	164	211	218	239	423	#
940	710799	16	62	72	116	127	164	188	193	213	214	423	#
941	687354	24	30	31	33	60	88	90	151	170	191	216	244	424	#
942	1000816	1	67	73	76	90	113	119	129	145	152	174	218	424	#
943	992075	15	22	48	56	99	106	124	152	154	191	194	211	424	#
944	949729	1	11	24	33	48	97	138	168	174	179	201	224	424	#
945	868294	23	32	49	56	60	67	92	108	173	176	190	209	424	#
946	858846	32	34	78	133	134	145	170	199	200	215	244	247	424	#
947	780736	11	58	80	90	123	143	154	166	170	178	204	214	248	425	#
948	963656	28	30	105	107	115	152	177	179	189	194	204	217	219	425	#
949	940444	12	71	75	80	98	131	136	154	186	195	220	250	253	425	#
950	936869	17	24	42	85	105	129	178	202	206	210	214	217	237	425	#
951	887872	11	20	30	35	55	68	134	147	155	162	206	208	220	425	#
952	855415	0	2	24	47	57	92	96	129	170	186	212	230	250	425	#
953	99941	48	240	426	#
954	78178	163	240	426	#
955	69844	16	48	426	#
956	43759	236	#
957	520444	101	127	167	182	183	233	427	#
958	620544	0	2	3	183	191	237	427	#
959	570758	39	172	198	205	221	233	427	#
960	542999	2	69	125	143	167	246	427	#
961	440408	80	113	127	235	236	248	427	#
962	354498	35	38	46	68	101	251	427	#
963	2027640	7	16	40	47	51	60	61	78	87	88	97	110	122	127	148	149	152	179	180	187	193	216	229	231	232	234	241	242	249	428	#
964	2277583	5	6	8	20	23	26	32	60	65	68	69	81	108	117	142	146	158	167	175	183	187	206	214	226	231	232	239	241	248	428	#
965	2256804	3	8	16	36	47	51	55	64	67	68	71	75	99	106	122	148	149	158	167	177	180	195	197	220	221	225	237	242	250	428	#
966	2187594	5	12	14	16	29	40	46	53	69	71	87	103	110	126	128	133	145	146	148	157	175	176	187	188	191	196	198	239	242	428	#
967	2170975	1	3	23	35	37	40	46	65	92	94	106	110	119	148	151	152	161	165	170	175	176	186	188	206	221	227	228	231	238	428	#
968	2131154	7	26	40	46	56	73	82	106	114	120	132	148	157	158	167	172	178	187	188	190	195	213	214	220	224	231	232	241	254	428	#
969	3996790	7	12	15	21	29	31	33	41	42	43	49	52	56	59	62	63	82	95	103	105	124	130	133	134	136	137	143	153	155	160	162	166	168	170	173	175	183	184	191	196	199	200	203	208	209	212	214	215	218	221	222	225	229	230	237	238	243	244	248	249	253	254	429	#
970	4808441	4	5	7	14	15	19	35	36	37	41	44	47	48	49	54	56	57	63	64	67	69	70	71	72	74	88	91	105	108	124	135	136	137	140	152	154	155	170	178	182	183	186	187	190	191	194	197	200	201	202	203	207	216	220	221	222	226	230	242	248	249	254	429	#
971	4757799	2	4	20	27	28	35	37	47	49	54	56	61	64	67	73	78	80	83	84	91	98	105	110	112	130	136	137	140	146	151	152	158	159	161	162	163	166	168	169	170	180	182	183	184	187	190	191	192	196	199	200	206	209	213	220	226	230	233	236	237	246	249	429	#
972	4752373	4	5	11	15	21	27	28	33	37	42	48	49	56	63	66	67	72	78	88	91	95	98	105	109	110	111	115	117	119	121	123	124	126	136	137	140	141	142	144	145	146	147	153	154	155	163	166	170	173	176	186	192	194	200	209	225	226	236	237	241	246	254	429	#
973	4674830	1	2	4	5	7	9	11	15	19	20	21	22	27	28	29	35	41	43	49	50	52	53	56	59	60	67	73	84	89	91	95	105	109	111	117	123	134	136	141	143	155	156	160	162	168	170	177	180	182	189	190	194	200	212	220	222	225	227	229	231	233	241	429	#
974	4638624	1	2	4	5	11	19	21	28	29	31	34	42	47	53	56	70	71	73	74	81	85	87	97	98	104	105	110	117	124	128	134	136	138	140	144	149	154	155	161	164	168	169	173	178	182	188	191	192	194	200	203	204	206	208	209	216	231	233	239	246	248	254	429	#
975	1855197	3	7	10	11	23	34	44	83	87	93	95	127	142	153	155	168	170	172	176	210	212	215	216	217	226	228	232	238	246	248	252	255	430	#
976	2513753	3	7	23	34	39	47	71	78	92	117	128	137	149	153	159	165	168	175	179	180	194	196	204	211	212	222	223	233	237	238	240	248	430	#
977	2381287	9	14	16	17	18	20	23	39	49	51	59	64	68	72	76	81	83	93	94	99	107	121	127	141	159	170	187	193	216	233	235	252	430	#
978	2364018	18	19	28	43	64	71	81	92	94	105	115	118	130	136	142	146	159	164	166	171	183	196	210	215	226	227	230	234	235	245	247	252	430	#
979	2314422	4	7	23	26	35	39	41	58	61	65	78	91	110	122	126	134	146	149	159	170	175	176	178	179	193	201	202	204	222	233	250	255	430	#
980	2305333	13	20	28	65	70	73	81	88	91	92	103	115	127	141	148	154	155	163	164	176	183	195	215	216	220	222	225	238	247	249	252	253	430	#
981	188129	48	92	97	175	176	431	#
982	256723	15	37	73	151	176	431	#
983	1093757	7	8	10	60	65	80	90	93	116	128	153	158	166	198	213	215	217	243	432	#
984	1510216	2	6	7	29	34	47	48	50	93	107	111	148	183	191	215	216	222	226	432	#
985	1457498	6	28	29	30	39	47	78	99	114	159	174	177	190	194	215	220	234	241	432	#
986	1370216	1	7	21	22	31	62	69	77	106	109	121	148	155	158	194	202	203	227	432	#
987	1369242	30	67	80	87	106	108	129	139	148	156	181	193	197	202	204	213	227	233	432	#
988	1341201	25	28	34	37	58	90	95	106	163	168	177	181	183	194	200	215	240	244	432	#
989	129505	51	54	148	433	#
990	167489	54	89	121	433	#
991	272295	112	181	242	434	#
992	371159	112	224	237	434	#
993	169302	117	171	181	434	#
994	585797	51	118	127	162	180	215	218	234	237	238	435	#
995	766351	10	17	29	86	97	106	113	132	174	237	435	#
996	758440	36	48	90	128	160	198	222	238	239	242	435	#
997	741413	19	47	64	95	118	133	148	223	224	241	435	#
998	741018	53	103	112	113	129	150	151	174	225	234	435	#
999	728482	34	66	71	127	182	192	205	220	228	244	435	#
