%% File generated by CATS v.2.1Wed Jun 19 19:19:09 2013

%% The CATS webpage is http://robotics.stanford.edu/CATS

%% PARAMETER SETTINGS:
% Goods: 256; Bids: 1000; Distribution: arbitrary; Runs: 50; Seed: 1371664721
% Arbitrary Distribution Parameters:
% Max Substitutable Bids = 5
% Removing HV Neighbor   = 0.1
% Adding DIAG Neighbor   = 0.2
% Additional Location    = 0.9
% Additivity             = 0.2
% Budget Factor          = 1.5
% Resale Factor          = 0.5
% Uniform Private Value:
%   Deviation            = 0.5
%   Max Good Value       = 100



goods 256
bids 1004
dummy 187

0	790960	8	14	20	49	64	73	75	88	99	143	168	188	211	256	#
1	1053905	5	50	51	63	70	75	82	88	157	168	184	204	238	256	#
2	1047168	5	8	23	31	33	35	86	93	126	168	188	200	251	256	#
3	965652	10	14	36	59	64	97	105	164	191	200	218	222	233	256	#
4	964294	13	14	25	50	53	71	130	179	188	189	222	231	233	256	#
5	962442	4	29	51	56	70	75	90	129	144	155	160	188	200	256	#
6	45075	58	91	#
7	607579	5	20	21	30	43	129	131	147	154	235	242	257	#
8	867930	5	20	21	44	50	64	85	112	157	230	247	257	#
9	834852	14	30	63	64	72	112	116	123	162	163	239	257	#
10	775788	21	104	121	145	185	190	194	197	199	229	244	257	#
11	775290	39	89	95	105	115	131	140	147	249	251	255	257	#
12	750708	14	19	43	66	80	88	110	118	165	214	224	257	#
13	720242	18	23	107	121	136	154	197	203	258	#
14	700465	7	20	23	47	101	120	143	148	258	#
15	680967	2	20	47	63	67	113	201	203	258	#
16	654190	6	101	121	133	223	238	239	245	258	#
17	617868	34	123	136	140	160	185	197	214	258	#
18	609036	19	29	62	88	100	107	224	241	258	#
19	267775	26	94	199	259	#
20	273749	1	94	120	259	#
21	248057	36	199	222	259	#
22	169811	26	187	241	259	#
23	1957803	4	12	22	36	40	41	57	62	86	87	94	109	137	138	152	160	179	183	184	222	225	229	230	242	243	247	249	252	260	#
24	2317537	2	12	24	29	62	65	69	92	97	146	150	156	157	159	160	169	172	178	185	188	196	198	205	219	228	244	245	246	260	#
25	2277877	9	37	55	60	62	67	75	85	86	94	109	113	137	158	164	173	179	181	185	208	214	222	223	228	244	248	249	253	260	#
26	2194501	14	36	51	62	77	82	86	131	132	133	134	135	150	153	160	168	169	183	190	205	215	222	226	232	237	241	249	250	260	#
27	2154402	5	8	12	16	20	26	28	29	50	51	62	66	88	134	143	160	162	184	189	198	213	215	219	222	241	242	252	253	260	#
28	2152684	5	29	35	36	40	41	53	56	63	65	85	92	115	118	126	133	139	141	142	178	181	186	189	190	205	206	209	241	260	#
29	945177	0	1	10	34	37	47	58	79	80	148	161	177	199	261	#
30	1065514	9	14	38	79	100	103	105	131	151	185	191	220	250	261	#
31	1010407	4	47	90	98	107	114	120	149	154	223	232	241	253	261	#
32	1006906	16	62	67	70	80	113	123	159	170	171	199	203	210	261	#
33	1006499	14	41	62	74	80	81	99	110	120	152	155	161	183	261	#
34	990648	32	34	48	103	113	131	151	153	183	196	203	216	239	261	#
35	1421188	6	22	54	99	120	130	132	136	159	162	165	169	178	200	209	216	240	241	262	#
36	1590161	33	36	44	54	70	72	98	103	113	146	171	174	186	202	214	217	221	222	262	#
37	1574372	0	8	10	22	36	45	58	63	84	132	134	146	147	161	162	169	189	214	262	#
38	1536044	8	55	75	79	107	118	137	140	146	156	165	171	179	180	189	193	206	244	262	#
39	1488076	8	19	21	27	34	44	46	62	76	86	94	95	108	112	148	178	228	229	262	#
40	1486276	6	11	19	50	57	65	81	92	96	105	119	165	171	179	180	202	216	231	262	#
41	119293	160	#
42	98082	13	#
43	237749	108	153	239	263	#
44	244458	23	108	111	263	#
45	214426	108	204	239	263	#
46	183269	0	139	153	263	#
47	407448	27	76	171	238	255	264	#
48	510909	76	125	171	177	180	264	#
49	488074	56	73	76	131	249	264	#
50	441397	57	157	166	238	250	264	#
51	352538	27	135	171	212	221	264	#
52	313556	31	110	161	208	255	264	#
53	332992	58	87	104	113	126	137	170	265	#
54	490578	52	67	85	125	146	153	170	265	#
55	439734	7	77	79	113	143	165	203	265	#
56	424105	11	35	58	149	156	181	205	265	#
57	408941	25	75	137	142	161	181	214	265	#
58	849279	41	55	65	89	136	200	206	216	231	233	237	242	266	#
59	865273	12	36	59	76	118	124	131	136	169	192	234	237	266	#
60	861799	55	84	86	151	160	165	181	203	236	240	243	247	266	#
61	850648	25	28	39	45	87	94	118	152	168	224	234	242	266	#
62	810302	3	8	104	135	162	164	169	177	200	204	219	231	266	#
63	784573	4	36	46	65	68	69	73	98	102	150	178	206	266	#
64	877752	9	19	21	26	39	75	76	100	125	236	267	#
65	893004	9	44	63	119	124	132	162	186	189	220	267	#
66	825043	2	19	26	44	63	118	125	195	236	253	267	#
67	815812	19	32	72	74	76	78	103	166	182	248	267	#
68	786976	32	67	105	106	113	122	125	136	146	202	267	#
69	689255	94	113	114	121	133	149	173	182	235	236	267	#
70	732979	20	47	50	51	83	164	212	213	221	234	268	#
71	866691	10	23	72	115	130	137	171	173	201	234	268	#
72	850700	50	51	54	62	120	171	211	232	233	238	268	#
73	749548	29	44	47	95	106	121	177	208	219	253	268	#
74	704020	47	83	101	112	123	146	159	176	221	225	268	#
75	688894	20	83	98	106	115	147	211	216	243	245	268	#
76	279631	58	82	115	127	269	#
77	390943	10	102	127	216	269	#
78	258059	82	115	141	241	269	#
79	221785	15	58	128	230	269	#
80	1394146	12	26	55	79	85	91	117	127	132	138	142	146	155	170	190	197	208	213	217	254	270	#
81	1692212	0	9	12	27	28	33	57	70	94	98	109	141	147	153	190	192	200	226	249	251	270	#
82	1671467	4	12	21	29	39	57	70	74	79	105	127	128	133	134	151	176	222	226	229	241	270	#
83	1572241	11	29	54	68	78	80	87	90	119	127	131	158	164	166	168	181	210	213	250	252	270	#
84	1564794	0	9	17	55	59	81	84	91	101	115	120	132	144	149	153	177	185	192	197	231	270	#
85	1535191	0	41	45	49	55	63	70	79	109	111	127	151	189	192	216	217	221	225	239	249	270	#
86	377774	91	93	105	113	164	212	271	#
87	420017	10	16	21	164	222	253	271	#
88	398525	49	93	124	165	230	243	271	#
89	322420	108	138	212	225	231	253	271	#
90	313424	91	132	144	193	194	220	271	#
91	311453	27	47	89	105	121	193	271	#
92	16777	89	#
93	110570	130	150	272	#
94	96112	139	150	272	#
95	636586	12	72	87	118	137	149	158	161	218	233	273	#
96	843855	66	84	148	161	164	166	199	205	223	232	273	#
97	828341	13	34	42	44	85	149	161	180	185	245	273	#
98	766214	10	30	95	96	118	151	161	164	179	216	273	#
99	750872	26	50	64	69	95	99	101	139	158	185	273	#
100	747742	12	22	87	106	110	210	214	218	226	244	273	#
101	145066	5	233	274	#
102	171215	233	248	274	#
103	98703	5	128	274	#
104	889093	26	46	51	83	100	113	129	146	150	207	219	221	231	275	#
105	1104640	12	26	40	43	63	71	113	115	138	158	177	219	232	275	#
106	996503	27	43	50	73	100	103	105	114	149	155	187	200	252	275	#
107	994424	5	14	80	83	105	116	127	146	169	192	200	212	242	275	#
108	966929	2	26	41	48	51	54	103	146	211	216	224	245	254	275	#
109	912765	10	27	50	70	78	113	118	141	163	164	175	204	233	275	#
110	1429555	7	38	42	44	59	73	76	88	160	180	200	204	206	214	219	235	239	249	276	#
111	1425988	2	7	33	44	63	64	66	75	77	94	105	109	128	194	197	218	237	254	276	#
112	1363911	47	48	69	72	86	94	128	159	160	166	188	203	204	213	214	239	251	255	276	#
113	1361135	16	51	59	81	95	102	120	131	146	147	155	160	163	171	178	204	216	235	276	#
114	1356858	10	26	58	59	64	68	72	81	153	156	160	163	197	202	213	219	222	248	276	#
115	1315933	3	9	12	30	44	49	67	73	94	113	115	128	132	138	164	211	235	245	276	#
116	509298	84	134	160	162	197	277	#
117	429736	11	148	162	221	253	277	#
118	379078	41	63	84	115	225	277	#
119	334703	27	61	109	160	224	277	#
120	300688	72	129	149	197	220	277	#
121	285268	60	131	134	176	239	277	#
122	142390	56	133	218	235	278	#
123	175408	24	76	202	235	278	#
124	125548	59	#
125	25439	232	#
126	824742	36	43	59	66	70	93	99	116	124	168	208	279	#
127	1013451	21	37	95	157	158	159	168	177	188	208	238	279	#
128	976836	5	19	70	76	91	92	95	101	103	147	149	279	#
129	912633	18	36	66	76	79	101	131	186	217	249	253	279	#
130	870856	10	21	58	59	93	99	140	147	226	230	246	279	#
131	823425	54	61	75	96	124	134	156	195	196	215	255	279	#
132	255987	59	204	280	#
133	234351	118	204	280	#
134	180326	59	99	280	#
135	770827	6	54	55	61	75	115	118	127	148	152	173	229	242	281	#
136	1050792	6	21	66	96	112	120	124	144	166	168	177	240	242	281	#
137	986519	13	21	27	54	58	59	60	74	85	103	135	228	240	281	#
138	970541	21	23	87	101	114	115	144	171	182	187	210	225	233	281	#
139	933806	5	9	36	94	111	135	148	159	166	173	185	188	229	281	#
140	927916	5	60	75	80	115	165	176	178	205	212	235	241	242	281	#
141	660105	13	22	91	135	147	170	199	226	282	#
142	750531	21	22	85	112	136	137	197	239	282	#
143	615474	11	24	46	143	162	208	226	238	282	#
144	593059	11	91	126	159	188	201	215	253	282	#
145	562037	9	33	89	109	131	147	168	220	282	#
146	554491	5	135	141	157	169	178	222	241	282	#
147	592359	61	74	137	139	141	156	222	229	283	#
148	682479	74	80	86	99	119	220	241	249	283	#
149	533231	14	35	111	119	139	196	217	234	283	#
150	528311	60	79	86	117	152	198	222	242	283	#
151	522732	37	104	107	130	141	223	232	239	283	#
152	501670	8	26	43	61	74	87	142	201	283	#
153	12969	192	#
154	120725	185	#
155	364881	43	59	157	184	186	193	284	#
156	542469	5	153	193	201	214	253	284	#
157	513386	157	186	201	216	228	252	284	#
158	436178	2	16	71	184	214	241	284	#
159	418640	77	186	205	217	240	241	284	#
160	348652	15	42	43	86	151	223	284	#
161	1323815	0	8	9	24	33	40	43	56	64	92	111	121	125	154	155	176	190	204	212	225	285	#
162	1793049	22	30	39	60	65	66	71	80	100	112	126	135	155	186	190	207	219	223	234	252	285	#
163	1694686	3	6	14	18	21	22	45	60	102	108	112	121	135	176	188	190	201	212	220	239	285	#
164	1541528	12	28	47	59	62	68	69	71	74	78	102	115	121	151	182	190	195	212	224	241	285	#
165	1540260	11	43	45	47	62	69	83	84	93	109	113	129	133	142	174	190	193	225	228	253	285	#
166	1469723	4	12	15	28	33	42	48	62	68	93	109	117	118	126	130	159	173	195	219	244	285	#
167	77939	30	#
168	6079	27	#
169	647961	51	57	68	114	155	162	213	241	286	#
170	684622	33	51	60	185	200	212	224	241	286	#
171	635738	33	49	57	68	118	156	172	216	286	#
172	576981	17	61	68	124	159	164	191	203	286	#
173	519013	19	114	132	152	173	182	201	244	286	#
174	499556	15	54	59	64	109	175	213	246	286	#
175	1451433	8	17	18	21	43	46	53	57	70	94	96	100	114	134	138	148	151	153	156	208	214	220	253	287	#
176	1886584	2	18	30	33	39	45	77	78	108	109	118	125	128	138	156	168	188	200	216	218	219	229	231	287	#
177	1788492	6	9	19	30	35	49	59	68	70	77	114	119	126	128	143	177	184	185	192	195	198	249	254	287	#
178	1775830	6	14	33	34	58	87	88	89	100	102	142	143	150	155	178	180	193	198	213	214	234	249	251	287	#
179	1750763	8	18	29	32	38	89	104	106	111	114	118	120	134	143	151	164	187	190	212	213	237	241	243	287	#
180	1748673	1	3	29	50	57	61	77	78	87	105	109	147	180	182	184	195	206	207	210	218	224	251	253	287	#
181	704078	59	97	106	108	126	143	177	219	220	231	288	#
182	863997	26	93	114	126	131	144	153	212	226	240	288	#
183	790456	9	11	34	38	97	131	135	143	154	185	288	#
184	775953	3	50	67	102	106	131	158	163	208	226	288	#
185	773991	26	32	38	68	84	110	151	176	177	212	288	#
186	743318	26	27	95	125	171	190	209	221	231	255	288	#
187	1758173	2	7	11	18	28	31	63	72	82	88	89	91	92	120	130	139	155	167	172	179	194	195	214	221	253	255	289	#
188	2043281	7	8	19	41	48	57	63	80	85	88	100	105	107	114	122	128	140	151	158	193	206	208	211	215	232	241	289	#
189	2006700	2	3	21	22	23	41	47	63	66	72	92	108	111	116	120	145	155	158	159	200	201	223	227	229	231	243	289	#
190	1960334	21	46	49	50	82	90	100	105	108	115	120	131	133	134	147	151	169	176	193	219	229	233	236	243	247	250	289	#
191	1957825	5	25	31	55	72	73	102	106	124	126	130	134	154	155	158	159	177	200	220	225	229	232	244	246	247	248	289	#
192	1924407	8	16	18	45	79	80	85	91	92	100	107	119	128	134	147	170	178	179	183	192	217	236	239	244	253	255	289	#
193	426703	13	68	141	142	173	207	212	221	290	#
194	586199	14	67	69	80	111	186	200	212	290	#
195	577290	12	38	47	62	147	154	173	223	290	#
196	552022	5	33	53	146	147	170	176	221	290	#
197	546787	43	68	73	92	101	124	162	198	290	#
198	533220	41	47	50	98	142	200	232	242	290	#
199	361766	28	35	62	79	131	138	230	291	#
200	499247	8	79	105	135	173	201	226	291	#
201	495396	15	62	163	181	182	185	250	291	#
202	406804	28	29	93	128	219	237	252	291	#
203	402193	33	45	131	139	191	243	247	291	#
204	340628	29	35	89	128	145	182	238	291	#
205	501549	33	41	85	113	121	235	292	#
206	494723	55	85	95	123	132	190	292	#
207	465719	7	41	60	128	165	251	292	#
208	418591	8	59	63	152	161	235	292	#
209	415904	60	88	113	121	133	184	292	#
210	385025	8	33	114	131	182	207	292	#
211	421674	44	85	98	182	191	216	227	247	293	#
212	594126	23	41	56	112	132	191	232	245	293	#
213	583145	64	71	131	152	190	214	234	247	293	#
214	579727	8	50	85	136	164	166	176	186	293	#
215	458208	11	41	42	44	82	89	130	252	293	#
216	428896	56	60	88	122	142	148	182	199	293	#
217	193065	93	115	294	#
218	204683	115	166	294	#
219	148353	93	137	294	#
220	1356675	23	31	66	73	76	118	123	125	139	144	175	185	190	214	241	295	#
221	1258088	50	51	65	96	115	121	125	127	138	204	205	214	241	244	255	295	#
222	1243503	38	49	56	59	66	95	103	123	139	151	198	204	209	247	249	295	#
223	1198222	19	31	35	41	54	64	102	106	107	120	126	135	136	201	214	295	#
224	1181719	22	26	38	59	82	102	114	118	124	163	165	199	206	226	249	295	#
225	1171678	0	14	19	25	56	102	103	124	125	129	159	170	190	238	249	295	#
226	486072	59	61	87	128	150	153	246	296	#
227	611863	39	101	128	136	150	169	228	296	#
228	597399	59	70	189	197	208	217	218	296	#
229	560355	34	44	48	82	84	87	216	296	#
230	449556	71	98	128	149	163	164	244	296	#
231	431859	25	153	213	231	232	243	245	296	#
232	69837	183	#
233	117234	40	87	179	297	#
234	138470	98	179	211	297	#
235	943268	28	38	51	52	64	117	124	145	195	198	219	237	239	298	#
236	1061653	1	4	76	124	151	156	162	163	171	209	239	249	255	298	#
237	1026082	13	38	64	76	80	123	134	137	139	142	195	235	241	298	#
238	986787	38	48	52	57	74	91	103	123	134	175	219	245	251	298	#
239	968001	28	30	31	148	155	164	172	177	202	207	237	249	253	298	#
240	944918	26	38	74	99	145	153	160	175	198	219	233	242	251	298	#
241	256896	138	143	177	299	#
242	279763	55	104	177	299	#
243	228950	13	136	143	299	#
244	541915	30	72	99	104	146	191	226	237	255	300	#
245	777252	12	93	154	157	171	193	205	216	237	300	#
246	737736	1	26	71	85	93	99	104	121	216	300	#
247	653870	1	9	30	35	46	156	181	188	216	300	#
248	602535	0	11	12	52	64	127	166	229	255	300	#
249	561869	62	64	81	82	119	146	212	218	229	300	#
250	1577526	2	6	36	42	44	48	93	95	106	129	144	145	169	180	202	223	226	229	232	234	241	250	301	#
251	1778637	2	8	22	23	33	36	41	44	54	68	79	83	85	93	107	124	140	151	158	211	242	250	301	#
252	1748941	6	17	18	23	33	84	95	100	107	108	124	136	146	152	166	192	217	234	236	237	245	254	301	#
253	1687907	26	39	50	71	72	76	100	114	124	125	137	140	146	162	167	169	179	199	221	223	224	249	301	#
254	1614033	2	6	36	47	72	76	86	89	93	100	104	112	144	151	158	188	193	219	220	221	244	245	301	#
255	1601233	16	33	34	39	69	85	86	106	118	137	143	148	151	168	169	176	177	180	181	218	219	220	301	#
256	355222	121	172	177	253	302	#
257	400435	41	121	238	244	302	#
258	296446	6	58	121	253	302	#
259	235130	49	172	224	235	302	#
260	163143	20	177	191	204	302	#
261	762837	65	87	99	124	136	159	162	181	245	247	249	303	#
262	974000	33	54	132	159	161	169	197	198	212	216	225	303	#
263	953169	6	18	23	30	85	161	162	164	169	209	233	303	#
264	940718	87	99	101	112	124	146	194	206	234	236	244	303	#
265	873958	66	85	99	135	158	162	198	236	249	253	254	303	#
266	830687	10	17	46	65	66	70	87	180	186	188	216	303	#
267	444045	74	89	94	137	143	206	226	304	#
268	574341	17	74	91	105	125	132	141	304	#
269	512570	19	55	68	89	99	107	201	304	#
270	469543	8	64	71	85	166	206	247	304	#
271	455587	5	67	75	94	112	116	201	304	#
272	411527	17	27	123	134	143	146	239	304	#
273	1369180	4	6	25	29	36	37	56	75	95	99	101	121	171	179	186	188	200	203	206	235	305	#
274	1659022	25	34	48	54	67	86	110	111	120	135	151	155	188	197	198	199	221	234	249	253	305	#
275	1658593	1	38	46	49	54	56	66	74	83	99	101	180	192	197	202	204	206	216	235	248	305	#
276	1622239	4	11	22	29	34	37	112	149	153	163	169	188	204	207	209	210	234	236	247	249	305	#
277	1566656	2	11	15	18	34	76	78	80	121	126	144	149	153	169	175	195	197	209	220	237	305	#
278	1560253	3	12	21	27	29	32	42	50	81	89	92	98	103	125	127	151	187	188	192	204	305	#
279	135055	68	103	131	306	#
280	130025	103	126	139	306	#
281	121056	68	131	228	306	#
282	94111	68	111	219	306	#
283	619853	42	46	97	143	151	153	185	208	216	240	247	307	#
284	908468	1	10	62	67	78	80	92	138	151	236	251	307	#
285	902168	36	67	81	87	97	124	134	162	166	210	240	307	#
286	886370	28	31	45	46	68	112	133	167	218	232	249	307	#
287	874896	23	41	55	94	116	162	174	177	208	227	249	307	#
288	849079	20	49	76	95	109	165	185	216	217	229	231	307	#
289	162002	67	219	308	#
290	175825	67	156	308	#
291	166013	139	219	308	#
292	924716	29	51	62	71	133	144	149	150	203	204	207	216	251	309	#
293	1124814	23	28	50	54	57	81	120	131	147	174	176	196	207	309	#
294	1058138	17	33	42	58	85	87	144	149	156	158	187	226	241	309	#
295	1028654	13	50	65	69	76	87	101	117	155	216	225	226	227	309	#
296	959694	29	67	105	108	131	150	156	159	204	217	229	242	252	309	#
297	955334	27	28	37	49	62	77	138	141	145	161	186	204	250	309	#
298	440807	8	32	71	81	155	168	178	250	310	#
299	582830	39	41	66	178	210	251	252	254	310	#
300	574955	71	88	168	170	180	191	236	249	310	#
301	557215	6	66	70	132	168	215	216	238	310	#
302	434580	18	32	96	190	229	238	243	244	310	#
303	413387	8	18	96	151	155	223	238	243	310	#
304	1405252	5	18	20	24	42	71	90	104	126	138	146	160	164	169	186	201	219	234	248	311	#
305	1669691	6	18	28	32	42	59	66	81	93	106	120	131	168	197	203	216	219	246	248	311	#
306	1554667	12	21	26	51	57	59	71	74	78	108	129	164	186	197	226	241	246	248	250	311	#
307	1501482	38	67	70	75	76	82	90	94	102	118	139	146	152	164	168	195	202	234	244	311	#
308	1497614	6	55	65	79	92	99	104	109	131	133	138	179	190	200	205	216	224	227	232	311	#
309	1452982	5	18	53	55	60	67	81	82	100	105	119	129	137	146	152	156	157	165	220	311	#
310	118209	138	152	312	#
311	113152	59	152	312	#
312	12125	87	#
313	519973	1	9	18	35	59	179	192	215	229	243	252	313	#
314	770154	6	15	19	21	64	111	132	142	153	215	232	313	#
315	729388	39	59	78	128	130	135	165	181	190	225	227	313	#
316	729334	9	26	94	147	150	164	207	209	243	245	249	313	#
317	722790	19	43	90	147	163	174	179	204	214	227	237	313	#
318	688804	27	33	45	56	67	150	158	165	187	213	229	313	#
319	87927	191	196	252	314	#
320	27021	159	191	218	314	#
321	355814	5	30	58	127	315	#
322	346834	5	84	133	178	315	#
323	307001	117	127	145	236	315	#
324	270936	30	126	179	238	315	#
325	205978	131	132	140	316	#
326	257677	77	140	205	316	#
327	157924	68	131	248	316	#
328	1342951	43	75	76	80	91	92	100	127	137	148	188	200	208	215	226	230	232	254	317	#
329	1502451	0	2	17	19	48	67	80	96	122	124	160	162	168	197	198	238	248	254	317	#
330	1400909	3	19	21	30	43	46	61	102	109	111	122	156	160	184	198	208	251	254	317	#
331	1397549	2	11	14	43	60	82	89	107	108	160	167	200	208	236	241	242	250	251	317	#
332	1386429	15	22	24	31	47	50	73	103	120	136	144	159	171	215	222	230	236	248	317	#
333	1385092	13	15	21	30	33	37	89	90	109	114	126	137	153	168	198	226	230	237	317	#
334	112552	124	#
335	26131	179	#
336	242437	2	115	149	318	#
337	278496	115	221	251	318	#
338	199205	2	96	121	318	#
339	186662	149	188	209	318	#
340	597814	16	26	35	46	97	109	140	217	319	#
341	760470	5	46	66	103	131	188	193	223	319	#
342	613286	21	77	128	163	169	179	217	229	319	#
343	606430	14	16	25	98	100	103	131	197	319	#
344	584828	26	41	71	111	143	173	213	219	319	#
345	559890	12	16	35	39	110	140	156	198	319	#
346	216006	12	136	141	320	#
347	250711	12	31	226	320	#
348	248419	125	133	141	320	#
349	174965	58	141	168	321	#
350	232575	0	158	168	321	#
351	221006	15	58	74	321	#
352	181835	7	33	141	321	#
353	693158	8	42	43	58	59	61	67	71	148	153	202	221	222	322	#
354	1019636	23	27	38	74	95	116	134	171	204	213	221	222	237	322	#
355	1006072	3	4	8	12	66	78	107	115	125	129	135	198	222	322	#
356	912421	4	31	42	59	72	88	100	107	112	143	223	230	254	322	#
357	908615	20	27	34	100	115	133	163	175	178	205	212	220	222	322	#
358	905219	3	17	24	119	128	129	165	184	202	205	216	226	246	322	#
359	398862	75	144	159	209	242	250	323	#
360	503771	58	122	134	137	216	250	323	#
361	412210	67	144	187	203	214	235	323	#
362	342835	40	137	165	186	208	209	323	#
363	341585	75	135	145	194	232	235	323	#
364	340504	139	159	169	205	211	229	323	#
365	1830837	1	5	6	16	18	29	33	34	55	58	94	100	112	115	121	130	133	146	180	194	198	202	208	209	220	324	#
366	1972038	22	26	68	80	88	94	100	103	122	124	157	166	168	169	185	198	200	201	203	204	208	228	231	238	254	324	#
367	1961843	6	16	18	33	39	47	60	74	94	103	130	133	142	146	147	155	159	162	168	174	178	194	212	219	240	324	#
368	1956704	4	8	16	20	22	42	59	64	88	91	94	110	115	157	166	171	174	197	198	202	205	236	237	245	247	324	#
369	1930181	4	14	16	24	57	58	86	124	151	158	159	167	168	170	171	177	199	200	214	215	223	237	240	248	252	324	#
370	1876721	5	13	14	18	31	34	50	58	59	61	101	107	116	120	130	134	151	157	162	163	181	194	220	237	246	324	#
371	931545	13	48	49	64	75	98	107	145	149	172	179	203	205	246	325	#
372	1203456	5	9	22	38	49	57	69	90	129	169	200	216	242	252	325	#
373	1188186	39	43	44	61	64	71	94	107	124	145	151	188	222	232	325	#
374	1070995	1	13	32	35	38	60	64	93	118	137	169	192	206	209	325	#
375	1032085	18	43	96	100	143	149	153	172	188	196	197	200	201	254	325	#
376	990851	21	48	68	102	122	141	155	158	222	224	228	240	246	252	325	#
377	290593	34	154	179	193	205	326	#
378	413446	18	34	205	207	239	326	#
379	368385	121	166	177	179	242	326	#
380	326095	69	109	149	205	251	326	#
381	299023	18	124	154	244	252	326	#
382	118973	226	#
383	3695014	3	7	8	10	13	18	19	29	40	43	48	49	61	63	64	66	67	68	72	77	83	84	87	88	92	110	114	118	121	123	126	131	132	135	136	138	140	145	152	153	161	177	187	188	200	201	207	213	216	219	220	228	232	234	244	246	247	252	327	#
384	4305596	1	5	10	22	30	33	36	38	39	48	53	59	64	78	82	94	98	103	106	109	110	111	114	115	121	124	126	127	129	131	132	133	140	145	152	153	155	158	166	177	182	183	184	187	188	198	199	206	213	216	221	222	223	227	230	243	244	247	327	#
385	4280959	2	11	30	35	45	53	59	61	67	72	77	82	94	98	101	105	110	112	115	120	121	122	134	145	146	153	157	162	163	170	172	175	176	177	185	186	187	200	203	207	208	209	213	214	219	222	223	224	227	228	229	231	234	238	242	245	251	253	327	#
386	4241510	2	5	6	8	14	22	27	35	40	43	49	68	73	74	77	82	84	87	91	93	94	100	104	110	114	115	121	124	127	128	130	144	152	155	160	166	172	175	176	177	178	181	184	186	187	188	193	208	213	216	219	221	222	234	244	245	246	253	327	#
387	4197608	4	8	9	14	18	19	22	27	30	39	42	45	51	59	63	66	70	82	85	99	104	109	112	114	118	119	122	124	126	129	130	132	134	137	145	155	158	166	179	185	190	192	194	203	205	207	208	216	219	222	234	238	240	244	246	251	253	255	327	#
388	4165340	2	5	7	14	18	19	33	35	42	45	50	52	54	70	73	76	85	92	94	99	112	114	115	117	121	135	140	147	152	160	170	172	173	174	175	176	177	178	180	186	189	192	203	205	206	208	212	213	220	222	226	228	237	239	241	242	247	250	327	#
389	468383	5	23	41	94	161	162	179	211	328	#
390	663561	55	76	83	161	168	170	212	217	328	#
391	635047	15	39	63	95	115	162	187	236	328	#
392	574410	10	23	118	124	163	171	200	204	328	#
393	517080	38	94	109	137	154	170	171	252	328	#
394	474288	5	66	78	166	214	221	232	234	328	#
395	1931441	23	29	30	31	78	82	87	88	90	94	99	100	105	116	126	146	169	174	184	191	197	201	209	213	218	220	228	238	240	329	#
396	2355681	2	14	18	21	37	42	55	57	61	69	70	79	94	116	122	124	131	144	145	149	151	165	172	175	197	238	242	244	254	329	#
397	2232115	10	13	19	30	32	59	84	95	144	146	147	150	151	154	162	172	183	198	199	200	207	208	210	227	228	240	241	245	246	329	#
398	2202264	2	3	6	13	18	33	46	55	58	86	95	134	144	156	157	174	183	186	200	204	209	222	227	228	229	235	245	249	252	329	#
399	2171353	1	35	55	56	65	66	69	106	107	108	109	122	132	133	137	149	150	151	156	173	192	197	198	204	218	235	236	242	245	329	#
400	2137629	37	55	73	74	76	85	87	94	104	110	113	122	133	148	152	154	158	161	162	179	191	205	228	234	239	240	245	247	254	329	#
401	2461581	3	7	22	24	26	32	38	44	46	48	51	54	60	69	74	85	93	109	111	116	127	128	134	137	145	146	156	157	180	187	202	208	212	214	216	227	231	232	240	330	#
402	3237333	1	6	25	30	31	34	38	67	85	91	92	93	100	107	112	122	131	132	137	140	146	150	152	153	155	157	164	171	173	193	197	200	202	205	212	221	231	236	248	330	#
403	3205446	3	14	26	35	37	40	41	44	48	51	57	66	69	72	80	90	92	96	108	109	116	118	122	135	146	151	153	155	162	172	174	188	199	200	212	213	217	218	241	330	#
404	3036313	2	7	11	15	19	32	42	44	55	58	72	80	91	92	93	95	105	112	116	124	127	144	146	151	156	164	175	176	181	196	200	212	217	218	219	223	232	241	248	330	#
405	2975564	2	11	13	15	21	22	38	60	66	79	86	87	107	108	113	125	129	148	151	155	156	175	181	182	185	187	189	191	196	200	202	214	217	218	223	224	241	248	249	330	#
406	2963893	2	10	11	19	26	28	31	34	35	37	56	57	66	70	85	107	112	114	122	127	130	135	136	139	143	146	150	151	153	155	158	165	173	185	202	207	217	227	231	330	#
407	662203	13	101	105	122	133	151	203	331	#
408	606101	5	13	34	122	139	199	201	331	#
409	550103	36	56	91	102	118	151	197	331	#
410	536985	2	10	15	186	191	203	223	331	#
411	521067	31	52	105	159	164	183	251	331	#
412	508306	3	10	13	20	30	122	133	331	#
413	3409801	16	24	27	28	31	32	37	42	43	52	55	82	94	99	107	110	112	115	117	123	124	127	130	133	137	139	143	146	150	153	158	159	162	167	172	177	190	191	193	198	205	217	219	220	227	228	243	248	253	332	#
414	3690650	1	7	9	25	27	28	32	36	40	47	51	57	59	64	65	66	93	101	102	111	122	130	133	142	152	162	164	165	166	169	172	175	182	188	198	201	205	210	217	222	232	236	239	242	248	249	252	253	254	332	#
415	3603998	2	3	11	14	15	18	24	28	29	37	39	56	58	59	64	65	66	67	72	81	93	96	102	120	122	124	128	138	143	146	147	148	149	154	156	161	164	169	170	177	194	205	208	210	211	232	236	249	250	332	#
416	3580256	2	9	14	23	26	28	34	36	37	44	56	60	65	67	81	84	91	92	94	96	100	116	120	124	129	130	137	148	159	162	164	168	169	173	178	183	193	196	201	203	213	223	224	226	232	245	251	252	254	332	#
417	3557217	11	12	14	23	32	37	52	55	60	76	78	79	83	92	94	97	101	104	105	107	108	120	121	124	129	138	150	152	153	159	168	169	170	174	176	177	182	189	200	205	217	219	225	227	229	236	248	249	253	332	#
418	3537232	9	14	27	31	33	35	36	51	55	60	61	65	73	76	82	92	102	107	111	127	128	129	136	141	147	152	153	159	164	165	172	175	176	177	183	190	191	193	206	207	214	217	221	225	239	248	249	252	254	332	#
419	1505052	7	15	31	36	40	58	60	69	87	93	107	108	123	130	138	141	150	151	162	171	231	255	333	#
420	1713344	18	24	28	36	45	49	54	57	69	76	90	96	97	110	140	146	147	155	162	180	198	222	333	#
421	1680644	11	13	26	34	36	40	45	67	79	82	138	139	152	156	158	170	174	185	210	217	231	246	333	#
422	1659448	35	47	66	72	74	94	95	108	111	120	127	133	138	161	167	178	183	200	209	246	249	250	333	#
423	1656834	7	28	31	35	36	37	41	87	105	107	130	133	138	140	150	168	178	204	209	225	236	245	333	#
424	1655800	31	37	43	44	68	69	76	82	93	97	114	121	159	174	177	181	187	223	224	243	244	252	333	#
425	647102	125	132	138	143	195	224	232	236	334	#
426	686685	22	82	101	115	125	177	218	249	334	#
427	637851	5	33	35	62	143	219	234	235	334	#
428	611443	41	63	118	168	187	225	232	236	334	#
429	601986	4	17	100	131	158	192	224	237	334	#
430	579692	4	13	15	73	128	178	186	195	334	#
431	846743	13	26	36	44	48	52	126	156	170	180	194	200	208	210	335	#
432	1209581	0	44	55	67	84	95	106	138	146	180	194	203	212	224	335	#
433	1179320	7	34	36	46	64	78	101	138	141	146	154	164	184	217	335	#
434	1169721	41	50	54	57	59	69	82	100	150	151	165	194	210	212	335	#
435	1086383	21	67	72	93	97	126	147	165	168	195	198	215	236	239	335	#
436	1056421	57	76	106	114	118	120	137	139	141	142	200	216	247	250	335	#
437	137905	65	225	336	#
438	130537	65	254	336	#
439	480668	39	58	84	137	177	184	235	252	337	#
440	665322	6	9	39	132	158	199	200	224	337	#
441	608770	58	70	138	177	216	226	239	250	337	#
442	594484	14	21	84	95	154	206	227	235	337	#
443	494950	8	16	39	58	79	85	94	231	337	#
444	452205	44	46	87	137	177	203	222	239	337	#
445	651160	9	24	60	73	92	158	170	173	206	233	251	338	#
446	931712	73	94	113	114	115	151	166	183	188	218	244	338	#
447	842692	53	107	158	174	189	203	212	223	235	239	254	338	#
448	793902	2	33	73	85	89	90	140	175	189	206	208	338	#
449	777084	17	35	36	66	77	97	108	123	191	233	251	338	#
450	762596	34	60	99	120	122	172	212	217	219	235	241	338	#
451	31741	220	#
452	636665	13	39	42	76	98	122	166	200	243	339	#
453	842623	6	15	44	54	76	171	206	230	234	339	#
454	833333	13	16	41	79	124	171	195	206	253	339	#
455	722440	44	51	102	106	163	164	165	184	200	339	#
456	674918	9	21	23	98	160	162	224	230	251	339	#
457	632830	26	32	42	46	93	124	208	228	231	339	#
458	172449	98	213	226	340	#
459	229363	75	213	233	340	#
460	142943	45	98	145	340	#
461	142515	65	98	239	341	#
462	177731	52	119	239	341	#
463	137757	98	150	169	341	#
464	43273	96	#
465	480534	47	55	61	154	172	193	196	228	245	342	#
466	661283	38	55	71	128	144	181	221	225	245	342	#
467	661033	55	84	118	144	168	170	185	204	219	342	#
468	650675	31	74	75	76	87	113	189	196	238	342	#
469	620643	13	61	115	142	157	203	225	235	255	342	#
470	554134	19	82	100	141	225	228	239	243	251	342	#
471	1205899	7	17	18	33	45	60	78	98	121	138	165	217	218	224	247	343	#
472	1294618	12	15	18	29	35	54	55	71	108	150	161	180	217	228	241	343	#
473	1288001	5	15	29	50	54	57	84	133	139	146	148	150	213	217	246	343	#
474	1178777	2	11	17	18	38	66	158	183	192	194	215	224	242	250	251	343	#
475	1116127	17	18	36	37	42	48	81	84	110	138	201	209	229	232	247	343	#
476	1113028	25	43	45	50	121	124	139	163	173	201	204	215	217	218	247	343	#
477	150572	4	134	344	#
478	187751	134	151	344	#
479	408519	122	197	199	237	238	345	#
480	464310	12	37	140	146	199	345	#
481	385800	107	131	143	160	237	345	#
482	370646	42	48	51	106	197	345	#
483	350246	122	170	197	203	208	345	#
484	335186	94	136	150	214	238	345	#
485	109652	55	#
486	753669	5	18	21	22	31	89	126	130	137	191	215	346	#
487	1035411	42	45	64	66	92	100	101	126	200	224	237	346	#
488	926592	6	19	21	42	45	98	120	122	125	155	167	346	#
489	852197	31	46	53	64	71	94	117	130	137	196	203	346	#
490	781763	45	77	98	101	137	144	158	181	206	237	242	346	#
491	763806	5	10	24	27	37	38	86	89	162	181	218	346	#
492	2089377	6	19	30	35	44	46	61	92	96	97	103	106	116	117	125	135	161	162	189	197	205	209	210	221	226	243	248	251	347	#
493	2544120	15	18	28	32	39	46	57	59	63	67	69	76	90	103	119	125	132	134	156	158	169	187	202	217	222	225	240	250	347	#
494	2350206	10	35	39	57	59	63	68	69	99	113	121	125	134	142	153	161	162	169	176	187	189	193	211	226	231	241	247	251	347	#
495	2208584	1	5	29	35	38	46	56	59	62	65	76	92	94	100	114	117	119	126	131	141	143	166	174	226	235	249	250	255	347	#
496	2098829	18	29	35	55	63	69	70	104	107	116	117	127	145	150	159	161	162	165	166	181	189	197	200	205	209	224	225	237	347	#
497	2083550	6	9	10	17	29	36	45	59	61	69	100	111	113	120	121	133	141	145	146	150	155	179	186	195	202	205	225	249	347	#
498	374513	56	91	144	195	225	240	348	#
499	480672	51	74	112	144	170	249	348	#
500	417343	7	49	52	213	221	225	348	#
501	389209	15	22	77	202	233	240	348	#
502	376259	18	79	125	195	218	242	348	#
503	345196	73	91	96	147	163	197	348	#
504	145549	115	182	349	#
505	207867	115	216	349	#
506	120236	30	182	349	#
507	349443	19	80	233	249	350	#
508	362431	51	80	120	242	350	#
509	311798	65	196	225	249	350	#
510	309591	19	78	88	210	350	#
511	122187	5	27	139	233	350	#
512	640474	28	82	83	85	104	136	144	150	163	165	189	219	351	#
513	880679	33	60	63	94	140	148	161	165	194	200	231	241	351	#
514	822337	29	39	51	124	128	136	150	183	203	207	209	225	351	#
515	814716	29	48	49	96	131	144	179	180	189	197	204	250	351	#
516	759909	23	83	105	144	150	172	195	203	205	219	230	244	351	#
517	750159	1	26	49	80	85	129	140	184	202	226	229	239	351	#
518	506458	28	85	118	121	145	153	165	252	352	#
519	680891	66	70	85	109	124	147	170	173	352	#
520	666403	49	85	149	153	205	209	212	225	352	#
521	584335	16	24	59	77	83	118	189	217	352	#
522	510952	65	81	142	149	165	170	208	243	352	#
523	471156	35	81	88	102	112	145	196	211	352	#
524	637651	1	14	17	20	27	88	145	153	177	229	236	240	353	#
525	906012	13	20	33	53	73	82	87	124	133	173	177	186	353	#
526	800710	59	67	70	83	88	101	112	119	153	167	183	234	353	#
527	795126	0	31	41	74	75	95	98	142	145	147	219	240	353	#
528	762096	11	67	89	96	147	160	163	171	182	214	221	240	353	#
529	739105	1	44	48	94	119	124	164	175	190	222	227	229	353	#
530	226316	73	131	232	354	#
531	228939	122	131	136	354	#
532	189198	227	232	248	354	#
533	161265	73	147	207	354	#
534	551075	23	36	84	108	162	193	355	#
535	604614	31	33	36	49	65	98	355	#
536	493761	16	50	84	113	151	247	355	#
537	419900	64	71	130	162	182	206	355	#
538	406889	23	47	77	84	110	129	355	#
539	377662	52	108	169	193	224	225	355	#
540	3265822	10	19	25	30	36	48	52	53	55	62	65	67	69	92	101	106	118	120	121	131	137	151	169	171	174	178	181	190	199	207	211	212	214	229	231	245	248	249	250	356	#
541	3352635	0	14	19	25	28	31	33	45	46	54	55	65	68	71	78	83	87	92	93	110	111	115	122	140	141	159	166	169	171	178	186	187	199	214	228	239	248	249	251	356	#
542	3124909	6	10	19	21	28	30	50	54	62	66	67	72	76	78	101	102	110	117	121	131	135	138	145	153	160	162	165	168	171	173	176	186	199	206	218	219	229	239	245	356	#
543	3101296	28	33	34	37	40	45	56	64	65	74	78	87	88	92	106	108	115	117	122	127	136	137	138	149	159	173	178	182	196	197	211	213	220	221	231	237	244	248	250	356	#
544	3091163	6	10	25	31	33	36	53	55	63	71	72	78	83	92	98	99	105	108	110	111	117	118	119	131	135	139	141	142	144	153	159	174	178	180	206	220	221	225	248	356	#
545	3042451	0	10	12	16	22	23	28	36	37	41	46	62	72	81	82	87	89	117	118	119	136	138	140	141	151	161	162	172	174	178	183	193	203	204	212	213	237	242	251	356	#
546	76934	138	#
547	293477	40	53	101	140	357	#
548	437908	29	37	140	253	357	#
549	312044	26	84	101	174	357	#
550	262754	38	53	70	183	357	#
551	262283	0	39	40	69	357	#
552	425930	40	42	67	76	88	90	220	358	#
553	582303	42	74	109	164	194	200	211	358	#
554	562680	51	67	90	135	188	242	248	358	#
555	450176	9	24	42	67	154	156	236	358	#
556	420827	59	147	167	175	187	220	222	358	#
557	420456	60	88	101	123	202	214	222	358	#
558	152290	87	251	359	#
559	179332	76	87	359	#
560	163260	149	251	359	#
561	239359	69	130	187	190	194	360	#
562	336502	69	112	214	218	229	360	#
563	319692	101	115	173	194	199	360	#
564	224831	2	130	155	190	191	360	#
565	205723	4	99	102	161	187	360	#
566	881249	1	20	25	35	46	81	89	101	105	137	165	169	173	187	252	361	#
567	1309490	10	20	28	101	104	121	138	170	178	199	216	223	224	242	253	361	#
568	1223980	14	60	66	105	115	125	135	139	185	199	212	223	225	236	238	361	#
569	1215810	22	40	64	66	78	92	93	97	101	103	130	195	196	216	245	361	#
570	1207077	14	27	59	78	89	97	120	147	152	161	165	185	190	196	245	361	#
571	1198844	0	26	46	92	97	105	121	134	139	146	164	180	212	218	236	361	#
572	1641946	2	15	16	23	37	58	61	69	75	76	100	101	136	141	175	181	211	222	223	225	231	235	238	244	362	#
573	1933857	1	2	8	19	23	31	34	82	86	94	100	114	121	127	135	140	153	164	169	204	206	217	223	225	362	#
574	1921205	7	19	23	37	52	59	87	90	107	116	134	140	154	156	165	174	198	200	205	206	208	216	225	234	362	#
575	1863335	2	28	35	38	55	64	68	88	93	103	115	124	125	128	139	143	147	175	188	189	190	203	222	223	362	#
576	1789411	15	28	31	39	40	51	66	70	72	88	91	107	121	124	126	152	163	167	174	180	184	192	216	238	362	#
577	1786101	1	2	39	40	46	54	65	90	110	138	149	154	163	166	168	169	170	174	177	181	182	197	207	253	362	#
578	99977	221	#
579	602975	3	26	58	61	119	121	147	155	172	192	363	#
580	887306	26	95	135	152	157	171	216	226	241	253	363	#
581	782529	0	30	38	80	88	144	163	192	212	255	363	#
582	700070	2	19	58	108	158	182	189	218	251	255	363	#
583	695374	39	49	59	75	106	110	172	178	197	200	363	#
584	671446	48	61	78	95	107	128	133	213	237	253	363	#
585	126977	25	35	364	#
586	161476	35	92	364	#
587	82043	25	149	364	#
588	61638	155	#
589	984851	36	58	153	176	178	182	200	211	232	242	249	250	255	365	#
590	1012887	34	36	39	76	87	91	93	128	171	185	194	197	216	365	#
591	937582	62	99	103	127	147	165	178	182	184	185	211	222	252	365	#
592	936942	4	26	36	47	62	70	105	130	153	185	218	232	252	365	#
593	934695	6	28	57	80	88	162	176	185	200	206	211	225	254	365	#
594	890403	76	83	100	114	149	180	184	211	213	225	226	228	231	365	#
595	409262	28	71	85	88	105	107	150	366	#
596	488991	85	88	118	121	122	186	232	366	#
597	411514	10	28	112	114	139	160	237	366	#
598	402592	0	83	140	150	195	211	249	366	#
599	382291	32	67	83	97	105	110	220	366	#
600	350780	71	75	172	173	181	204	233	366	#
601	24202	8	#
602	316469	63	98	204	212	367	#
603	356715	30	63	65	207	367	#
604	326183	12	16	93	204	367	#
605	256681	75	212	231	242	367	#
606	176337	3	78	98	121	367	#
607	1442048	14	41	48	59	72	77	105	116	124	161	162	166	180	194	204	212	218	226	240	368	#
608	1636729	9	23	26	29	30	34	38	47	48	61	84	86	88	126	133	168	197	234	240	368	#
609	1612585	6	11	18	45	47	61	76	77	82	87	92	133	147	168	190	222	223	228	236	368	#
610	1587396	10	11	14	15	33	51	52	92	95	109	120	145	151	162	177	178	214	215	218	368	#
611	1580788	11	23	38	43	69	94	117	136	151	159	161	166	177	184	196	201	214	228	232	368	#
612	1574553	1	29	41	51	107	128	134	135	136	148	151	168	174	175	190	201	212	220	250	368	#
613	283390	34	78	142	164	243	369	#
614	371411	34	47	54	240	244	369	#
615	296560	25	34	142	189	234	369	#
616	229058	111	139	164	223	241	369	#
617	226613	2	3	103	166	243	369	#
618	197913	7	78	120	232	251	369	#
619	967522	14	26	49	54	62	77	85	109	150	163	165	187	191	196	370	#
620	1210365	47	62	72	93	94	109	140	142	156	165	200	222	224	242	370	#
621	1176519	17	29	32	46	54	84	97	105	120	150	176	185	232	250	370	#
622	1142479	14	26	75	80	101	105	106	135	156	176	206	212	216	235	370	#
623	1017121	4	20	26	59	76	85	100	112	154	157	163	200	238	250	370	#
624	977111	2	30	39	47	49	61	64	65	109	112	140	177	247	248	370	#
625	808249	64	75	86	118	134	143	152	153	181	188	371	#
626	832951	2	5	10	75	86	107	147	161	236	247	371	#
627	805969	59	64	83	94	104	144	152	186	205	241	371	#
628	801908	52	75	77	105	168	180	188	214	232	242	371	#
629	798391	10	34	64	80	86	130	172	188	200	236	371	#
630	756072	47	53	65	92	117	127	143	195	225	244	371	#
631	217115	13	128	203	372	#
632	315736	112	198	203	372	#
633	194307	13	91	204	372	#
634	149561	104	128	201	372	#
635	71293	231	#
636	876746	44	47	50	73	125	158	184	188	194	204	215	221	222	242	254	373	#
637	1210070	2	28	29	37	44	50	87	123	125	152	154	174	198	238	249	373	#
638	1183240	10	13	44	55	63	69	71	89	91	95	125	166	216	225	251	373	#
639	1148041	13	31	64	67	70	73	94	101	152	177	185	196	201	234	247	373	#
640	1104398	2	36	73	78	82	98	105	117	144	169	181	195	215	224	236	373	#
641	1076097	3	80	81	95	108	128	154	174	179	202	209	213	222	231	233	373	#
642	1020082	85	87	98	102	120	121	135	145	163	182	191	202	215	225	226	230	237	244	374	#
643	1410956	3	11	34	37	59	63	76	86	92	102	108	110	142	195	196	198	234	252	374	#
644	1383790	8	15	61	100	106	141	146	151	162	170	182	185	198	200	203	235	239	255	374	#
645	1315658	8	11	15	19	21	43	58	86	95	96	106	114	118	119	120	129	191	204	374	#
646	1315063	8	11	53	65	67	106	115	120	123	130	137	156	165	179	198	224	227	252	374	#
647	1296394	5	46	50	62	74	76	86	137	155	184	187	199	211	212	221	222	232	244	374	#
648	705876	2	35	43	76	178	219	223	232	238	375	#
649	778394	19	35	43	100	107	124	161	172	226	375	#
650	699907	72	76	90	95	141	144	151	169	242	375	#
651	659472	43	66	78	120	133	153	160	170	238	375	#
652	631611	14	30	56	132	146	178	181	228	254	375	#
653	590424	1	2	3	39	82	85	95	168	252	375	#
654	441206	70	127	142	188	253	376	#
655	582185	13	101	188	199	224	376	#
656	546987	127	133	192	245	253	376	#
657	507709	35	70	80	101	124	376	#
658	502739	14	160	201	241	253	376	#
659	314922	13	142	152	159	253	376	#
660	2018574	4	6	29	45	47	51	62	63	76	86	102	107	122	123	132	143	153	165	179	181	187	200	207	211	230	239	250	253	377	#
661	2184932	4	10	14	15	19	21	22	26	33	36	37	50	57	88	94	127	130	171	185	186	188	201	207	208	224	230	231	253	377	#
662	2147695	26	38	45	46	53	66	67	70	71	83	86	88	130	131	132	141	146	183	200	206	212	213	216	220	224	244	245	248	377	#
663	2062402	3	4	6	12	15	26	44	61	71	90	93	96	101	104	117	122	127	132	134	141	147	162	180	184	198	220	221	237	377	#
664	2047322	12	14	33	45	46	54	56	67	71	88	96	98	122	136	162	163	165	171	173	180	187	189	195	199	214	225	244	247	377	#
665	2023407	4	14	20	57	64	88	90	100	122	127	140	146	147	148	149	151	158	163	167	168	169	174	177	182	198	231	232	251	377	#
666	378688	8	23	135	176	193	378	#
667	436907	5	23	56	113	224	378	#
668	422970	23	47	55	135	171	378	#
669	369923	44	77	107	176	187	378	#
670	341908	7	50	193	233	252	378	#
671	228813	8	69	111	170	212	378	#
672	307243	14	42	106	209	229	379	#
673	407449	14	81	95	137	216	379	#
674	327520	8	83	129	153	209	379	#
675	278299	13	42	57	62	172	379	#
676	257745	85	106	143	180	229	379	#
677	132520	51	53	54	64	229	379	#
678	127348	236	#
679	427826	17	74	78	135	191	198	227	380	#
680	578880	19	34	78	129	198	215	240	380	#
681	541104	9	74	118	142	156	221	223	380	#
682	502505	17	20	27	69	116	222	249	380	#
683	482663	22	46	55	146	191	203	212	380	#
684	432966	33	78	107	167	172	188	237	380	#
685	284147	64	155	198	209	229	381	#
686	358558	71	150	156	179	209	381	#
687	350482	37	64	127	206	237	381	#
688	330406	98	136	159	177	198	381	#
689	312826	53	108	129	155	205	381	#
690	268101	3	142	146	162	229	381	#
691	246771	9	22	124	382	#
692	281664	45	124	207	382	#
693	269432	9	133	200	382	#
694	188540	22	74	142	382	#
695	1541799	15	17	19	42	45	104	105	141	143	168	177	201	209	211	221	223	239	246	249	253	383	#
696	1674978	4	14	17	19	38	45	52	53	54	61	99	113	127	147	163	209	210	212	238	242	383	#
697	1532231	10	13	19	40	45	52	54	93	114	120	136	140	144	163	165	175	184	188	198	253	383	#
698	1516239	5	10	17	67	70	85	95	96	113	129	132	143	146	156	161	164	165	175	198	212	383	#
699	1507225	10	23	37	38	48	52	78	92	103	113	140	142	163	168	179	201	208	216	223	231	383	#
700	1487319	10	13	17	23	44	59	61	74	75	93	132	146	161	167	169	189	207	239	246	247	383	#
701	164419	29	106	384	#
702	235397	29	45	384	#
703	157591	106	135	384	#
704	2198617	3	6	31	35	42	48	55	60	61	74	75	103	106	118	121	158	163	176	188	194	198	207	213	217	222	229	230	238	246	250	252	385	#
705	2585526	14	69	73	92	94	108	114	131	133	140	143	160	163	184	185	188	199	202	205	206	216	221	222	225	226	230	234	236	237	238	240	385	#
706	2403936	4	5	10	11	24	35	37	39	46	48	51	54	75	103	120	122	132	139	141	147	163	166	175	184	187	199	213	214	215	236	248	385	#
707	2331757	1	5	7	10	14	38	48	60	61	96	99	109	113	115	120	129	131	139	168	169	175	190	199	210	216	219	221	223	225	228	231	385	#
708	2284161	25	43	48	65	74	87	89	102	108	115	118	121	138	141	149	162	171	175	183	184	188	199	201	206	212	216	217	230	246	252	254	385	#
709	2244334	10	11	20	33	39	59	69	71	83	85	109	113	114	120	121	124	132	137	138	139	158	175	176	185	187	194	195	206	245	246	247	385	#
710	631882	56	63	136	146	166	176	181	182	193	230	244	247	248	386	#
711	942912	11	39	53	54	61	71	79	84	91	105	146	188	233	386	#
712	933606	36	57	61	88	118	119	123	139	140	150	173	191	248	386	#
713	904274	8	12	20	28	55	67	96	105	140	149	166	197	220	386	#
714	889645	3	14	53	57	77	100	149	170	182	198	245	252	255	386	#
715	883060	24	55	61	63	85	87	106	107	113	187	208	236	242	386	#
716	145233	169	191	214	387	#
717	202036	105	211	214	387	#
718	170439	154	191	253	387	#
719	158179	5	61	169	387	#
720	126826	39	#
721	384133	32	102	185	251	388	#
722	332940	32	66	104	161	388	#
723	302723	7	81	102	178	388	#
724	291575	10	208	230	251	388	#
725	274259	101	185	235	243	388	#
726	173598	123	199	235	389	#
727	252529	145	199	249	389	#
728	130154	123	176	235	389	#
729	116601	1	99	123	389	#
730	242300	19	44	45	390	#
731	299890	19	59	251	390	#
732	222913	44	129	253	390	#
733	139186	45	51	56	390	#
734	240165	15	128	209	391	#
735	237070	0	15	125	391	#
736	198487	39	128	229	391	#
737	189150	123	142	209	391	#
738	1344007	3	10	18	40	75	78	85	94	97	109	157	188	192	198	203	219	237	241	392	#
739	1532920	9	10	12	18	33	74	98	100	109	117	128	137	143	150	186	195	198	205	392	#
740	1455994	5	9	10	16	39	55	69	78	102	110	144	190	194	210	219	220	237	250	392	#
741	1396070	5	23	31	55	57	59	71	79	96	97	109	125	127	153	174	187	233	236	392	#
742	1345285	45	90	110	112	113	124	125	128	140	142	144	151	157	163	198	218	245	250	392	#
743	1332917	9	33	37	71	86	94	109	114	117	124	138	143	178	184	212	221	222	224	392	#
744	214560	81	116	154	201	238	393	#
745	289909	48	94	140	201	220	393	#
746	280459	116	123	142	167	177	393	#
747	250869	25	28	81	156	242	393	#
748	1614137	1	3	4	14	28	41	44	48	52	54	56	62	65	67	76	106	110	138	208	209	211	213	246	394	#
749	1944552	1	2	10	17	39	45	56	59	62	66	74	115	136	150	159	177	187	197	213	219	242	249	252	394	#
750	1908934	6	21	26	50	56	69	94	100	117	122	126	131	171	174	178	181	196	202	217	219	222	230	244	394	#
751	1864359	14	15	17	28	50	53	55	62	69	90	112	133	162	163	178	189	200	202	203	222	230	232	240	394	#
752	1734636	4	12	15	20	44	46	60	66	71	80	105	108	127	165	167	175	177	187	197	205	222	231	241	394	#
753	1699266	3	21	36	49	81	90	113	115	120	133	158	162	164	175	182	188	213	217	220	235	239	242	252	394	#
754	169022	11	92	395	#
755	154271	11	104	395	#
756	94362	92	172	395	#
757	296286	123	129	168	210	396	#
758	309563	19	163	168	215	396	#
759	251485	94	123	188	193	396	#
760	197009	6	136	170	210	396	#
761	2506847	3	6	14	16	18	24	29	32	62	67	71	81	84	104	117	119	122	124	126	129	133	136	145	162	168	169	176	180	185	186	195	199	207	397	#
762	2643509	3	13	18	19	36	42	55	69	71	75	83	101	110	113	116	119	127	137	140	151	155	156	167	169	174	185	204	212	213	217	224	231	242	397	#
763	2578523	29	31	36	44	54	59	63	67	69	73	75	80	82	102	106	116	125	126	131	133	138	166	171	184	197	199	208	209	214	230	238	240	248	397	#
764	2577399	3	6	7	10	31	33	35	36	59	71	74	80	87	104	110	117	118	126	133	140	145	148	156	161	167	182	186	188	205	214	223	246	253	397	#
765	2537566	2	5	6	7	13	30	37	48	63	65	66	69	70	82	83	95	101	106	126	129	135	137	141	148	151	152	188	197	199	205	224	241	253	397	#
766	2528344	18	19	37	45	60	62	63	67	76	95	100	110	136	141	144	145	146	148	162	164	180	185	186	193	198	205	208	212	224	225	228	242	255	397	#
767	238197	9	209	240	398	#
768	235801	84	157	209	398	#
769	191116	54	130	240	398	#
770	130436	9	176	248	398	#
771	239748	173	207	237	399	#
772	327716	41	173	236	399	#
773	165681	87	237	241	399	#
774	200802	188	219	400	#
775	208412	44	188	400	#
776	76422	117	219	400	#
777	2796876	8	13	20	22	23	28	34	45	49	50	52	62	68	71	72	85	97	115	140	143	156	166	179	182	184	190	197	199	207	217	222	229	242	249	401	#
778	2769029	18	28	31	37	39	46	49	63	68	71	75	76	88	91	99	103	109	121	133	157	165	182	184	190	194	195	201	204	208	217	222	224	240	244	401	#
779	2738845	4	17	19	26	35	37	44	60	63	66	71	76	79	84	88	97	100	112	127	129	134	135	147	156	162	181	182	190	202	217	222	232	238	254	401	#
780	2724938	12	23	34	38	44	49	50	62	69	71	74	75	76	79	84	100	115	119	122	129	139	143	151	152	154	181	194	208	235	245	247	248	250	254	401	#
781	2660192	5	9	14	17	23	34	45	54	62	66	74	79	84	97	105	106	107	124	129	148	167	169	171	181	195	208	224	231	232	235	238	242	244	249	401	#
782	2658769	3	12	28	34	36	38	39	45	49	60	64	71	72	75	76	92	130	131	133	134	168	172	181	182	184	187	195	197	200	217	218	230	232	245	401	#
783	64651	7	#
784	752355	3	49	55	89	121	125	160	167	189	215	221	402	#
785	965272	12	70	73	160	177	199	203	207	250	252	253	402	#
786	946972	6	31	34	54	98	108	125	161	209	213	216	402	#
787	907837	39	70	89	92	117	121	123	133	167	244	248	402	#
788	858621	31	33	49	70	76	97	121	123	224	240	252	402	#
789	781464	1	32	34	49	50	62	102	186	197	215	247	402	#
790	403366	21	60	146	185	208	403	#
791	427005	21	58	156	184	216	403	#
792	413016	123	134	145	146	169	403	#
793	381482	34	93	127	176	185	403	#
794	345670	18	59	60	73	145	403	#
795	287667	28	58	95	140	208	403	#
796	1498865	41	43	50	84	103	111	126	128	129	133	135	139	147	158	161	164	186	193	197	200	208	221	231	245	404	#
797	2001731	0	2	26	38	41	44	66	80	84	97	100	105	107	133	138	168	170	185	187	200	213	226	243	250	404	#
798	1990351	0	21	38	48	55	62	89	91	101	107	111	125	128	134	140	144	150	158	161	187	199	221	224	241	404	#
799	1930210	0	2	19	40	57	76	84	90	92	101	109	117	129	135	140	150	152	154	155	158	173	180	192	198	404	#
800	1882269	10	16	49	51	60	67	80	90	102	103	104	145	146	147	160	165	171	179	182	189	197	200	222	227	404	#
801	1846830	2	4	38	46	50	57	59	84	100	121	148	157	161	172	183	185	195	200	203	204	213	219	235	241	404	#
802	38885	225	#
803	108345	157	255	405	#
804	158139	157	214	405	#
805	81274	144	255	405	#
806	1019846	7	38	48	85	96	101	104	110	138	139	147	209	212	227	406	#
807	1346693	7	13	14	28	37	60	70	104	124	133	212	217	231	240	406	#
808	1195998	18	35	70	92	101	109	119	122	129	150	162	238	241	244	406	#
809	1137248	13	50	86	90	132	149	156	159	183	198	217	227	230	233	406	#
810	1095936	9	24	33	86	91	94	124	129	139	141	162	193	202	209	406	#
811	1051364	5	18	49	70	71	84	108	110	121	167	197	205	222	255	406	#
812	1160731	0	1	2	26	28	91	99	109	133	140	155	158	173	199	407	#
813	1171024	6	18	24	38	93	94	106	111	119	136	153	158	214	241	407	#
814	1148319	12	14	24	72	76	85	133	161	169	190	195	221	232	245	407	#
815	1133219	1	2	35	40	41	54	66	75	125	199	202	217	220	228	407	#
816	996235	0	11	16	21	23	26	43	91	100	158	179	208	210	253	407	#
817	986438	24	26	38	50	60	65	85	171	176	182	211	221	244	255	407	#
818	1242788	11	28	38	39	40	41	47	56	97	101	111	114	147	157	171	174	228	229	232	408	#
819	1666111	3	29	33	34	38	39	71	77	85	100	114	134	151	155	156	181	188	209	237	408	#
820	1596029	36	38	85	110	129	133	134	140	151	193	202	204	206	210	216	222	233	236	252	408	#
821	1508905	4	11	18	41	78	123	127	147	152	155	156	165	174	198	199	215	216	224	244	408	#
822	1447607	8	9	11	41	61	77	106	110	120	123	124	133	148	151	158	197	207	228	238	408	#
823	1412130	9	10	42	52	99	101	114	118	120	123	128	133	155	159	161	188	201	204	218	408	#
824	94811	177	#
825	788893	59	105	107	109	168	173	175	240	409	#
826	777186	6	7	99	101	135	166	168	214	409	#
827	691121	32	50	59	81	91	128	156	240	409	#
828	658065	7	11	47	50	76	97	109	165	409	#
829	635316	5	25	107	157	178	202	207	209	409	#
830	541328	18	35	92	95	152	212	215	240	409	#
831	216440	16	47	64	102	111	410	#
832	291200	58	65	102	194	239	410	#
833	261368	16	31	71	96	155	410	#
834	254038	40	45	64	193	215	410	#
835	176250	32	47	69	70	235	410	#
836	641151	25	53	54	67	119	148	200	203	206	411	#
837	687991	19	71	137	154	161	200	216	246	255	411	#
838	672479	4	67	75	92	120	172	216	218	220	411	#
839	655954	35	67	111	119	127	139	169	236	254	411	#
840	620586	36	39	72	73	89	92	111	148	173	411	#
841	600496	30	53	100	149	179	237	240	245	251	411	#
842	396997	33	44	77	198	254	412	#
843	471686	44	50	131	198	223	412	#
844	439955	77	98	103	151	198	412	#
845	353476	33	75	113	169	175	412	#
846	350206	68	122	138	177	254	412	#
847	297580	42	58	77	82	236	412	#
848	82175	69	251	413	#
849	105105	53	251	413	#
850	55513	68	69	413	#
851	1266600	31	68	70	79	83	101	104	141	149	150	156	159	166	170	203	207	223	230	245	251	414	#
852	1619309	6	9	31	39	57	61	66	76	108	115	125	133	153	155	178	209	223	234	235	239	414	#
853	1597191	39	50	59	71	81	84	101	112	122	137	170	171	177	209	214	215	220	233	244	251	414	#
854	1506956	4	19	27	43	44	57	61	70	88	122	131	140	149	165	174	182	199	208	247	249	414	#
855	1469346	11	50	52	73	76	79	83	88	101	118	123	133	163	179	190	209	210	223	230	239	414	#
856	1403094	5	28	54	64	68	110	112	140	143	146	150	166	179	182	197	199	223	233	236	252	414	#
857	361464	83	150	158	189	191	252	415	#
858	518516	60	94	95	178	189	213	415	#
859	404722	5	13	112	191	210	215	415	#
860	400680	22	139	158	176	182	205	415	#
861	358268	4	17	147	150	181	253	415	#
862	292979	45	71	83	120	157	162	415	#
863	1444660	13	42	45	46	54	68	81	109	122	125	128	135	137	144	165	176	179	189	190	250	416	#
864	1694335	3	4	29	33	44	54	59	67	71	88	110	122	128	144	171	190	195	216	220	253	416	#
865	1653395	10	25	32	33	41	46	62	110	119	144	160	161	172	185	189	190	202	206	212	240	416	#
866	1583878	2	25	54	68	69	80	81	89	105	106	114	120	144	160	164	185	192	203	205	224	416	#
867	1487643	39	71	75	87	94	103	112	122	123	139	144	160	163	164	165	179	222	235	245	248	416	#
868	1468390	7	13	39	55	77	85	122	135	154	165	170	173	179	188	192	198	208	237	239	251	416	#
869	201324	2	87	144	417	#
870	274915	87	128	213	417	#
871	245389	2	107	231	417	#
872	64137	20	58	144	417	#
873	982357	35	42	44	57	97	150	155	161	166	172	178	187	198	251	418	#
874	1254770	3	11	23	37	57	76	117	124	142	166	171	195	213	253	418	#
875	1152874	6	44	50	57	63	64	79	80	88	126	151	165	181	192	418	#
876	1135130	29	63	95	103	107	123	135	146	164	170	178	198	213	252	418	#
877	1131378	1	31	43	113	119	135	143	155	173	185	198	219	222	224	418	#
878	1115086	2	24	57	80	120	137	167	170	198	201	206	207	219	250	418	#
879	727012	7	8	29	114	116	131	139	169	209	224	245	419	#
880	976526	23	37	54	83	142	144	148	169	188	236	238	419	#
881	968967	2	67	87	119	120	132	149	209	223	226	242	419	#
882	852991	23	29	33	88	101	104	109	118	140	151	233	419	#
883	824138	6	13	28	70	114	118	139	159	161	221	233	419	#
884	783264	10	11	21	67	103	116	142	217	234	246	251	419	#
885	1595944	4	10	34	45	49	63	66	69	83	97	112	121	135	168	198	205	218	229	231	236	243	244	420	#
886	1777076	25	26	38	45	50	52	58	70	73	81	101	135	147	174	185	198	231	241	243	250	253	254	420	#
887	1775902	3	13	15	16	50	63	66	94	113	126	139	141	147	162	169	177	181	184	195	205	209	240	420	#
888	1706122	21	33	37	45	46	50	63	69	86	124	128	131	170	184	202	204	207	212	231	242	249	253	420	#
889	1677422	19	25	45	48	49	51	62	71	86	87	124	127	129	145	165	168	171	179	195	224	231	252	420	#
890	1637564	14	20	29	42	45	62	72	80	94	103	115	126	144	165	174	181	189	195	212	219	231	254	420	#
891	597006	11	21	44	107	113	163	421	#
892	553970	26	63	94	113	128	217	421	#
893	474535	33	70	78	163	196	204	421	#
894	471664	21	33	103	138	187	246	421	#
895	462892	44	75	82	87	165	231	421	#
896	420431	97	107	114	120	221	248	421	#
897	237302	34	49	96	139	175	422	#
898	352996	0	24	26	71	175	422	#
899	345719	36	65	96	188	196	422	#
900	263789	4	17	40	139	178	422	#
901	103600	139	202	423	#
902	58470	139	243	423	#
903	238517	19	22	193	424	#
904	244399	22	140	147	424	#
905	223478	19	128	234	424	#
906	189237	171	193	247	424	#
907	1025385	17	53	84	90	144	159	181	201	216	232	248	255	425	#
908	947646	22	32	36	48	53	55	57	99	181	195	242	249	425	#
909	915946	23	39	67	112	113	115	116	132	144	151	215	232	425	#
910	897517	4	86	127	147	165	167	182	189	197	201	205	244	425	#
911	844077	1	3	37	68	71	112	130	144	171	182	213	248	425	#
912	836408	6	36	68	87	102	112	146	206	216	227	232	254	425	#
913	1471615	3	10	30	35	43	51	56	101	104	129	132	135	156	160	167	188	190	223	230	237	250	426	#
914	1781701	13	28	50	51	62	66	69	77	108	109	137	162	169	174	175	181	184	199	201	219	238	426	#
915	1780815	3	8	33	36	41	50	67	76	89	126	146	153	156	186	190	201	206	210	213	224	250	426	#
916	1709233	5	9	13	41	74	76	115	118	143	146	153	160	161	162	175	182	187	190	239	250	254	426	#
917	1572993	22	23	34	41	42	43	49	56	72	78	114	126	138	140	157	168	173	190	201	223	229	426	#
918	1537053	20	31	33	62	65	74	87	101	114	117	132	134	147	168	171	182	190	191	222	241	243	426	#
919	576412	3	13	14	126	191	198	220	235	244	427	#
920	750199	14	30	71	122	130	133	198	230	245	427	#
921	732256	19	45	118	136	140	164	176	198	209	427	#
922	662306	52	103	126	143	190	200	204	207	236	427	#
923	657979	71	72	92	100	139	143	191	241	245	427	#
924	637631	3	71	132	145	169	177	223	244	247	427	#
925	1449487	27	33	35	44	52	56	77	103	104	106	145	147	156	165	170	174	180	189	199	203	228	244	428	#
926	1957348	13	57	74	82	90	103	106	109	110	120	127	138	165	168	174	185	189	190	209	216	226	245	428	#
927	1742952	5	18	22	35	60	100	106	116	118	149	154	164	170	194	197	199	216	217	219	222	224	228	428	#
928	1652602	19	23	39	56	57	63	89	91	116	131	132	134	147	148	162	199	208	209	219	224	245	251	428	#
929	1649005	23	30	62	68	69	79	108	120	123	127	159	160	166	168	170	197	199	203	208	213	220	239	428	#
930	1626420	3	22	23	31	47	58	74	75	79	103	116	136	177	216	217	219	230	244	248	250	252	253	428	#
931	287593	122	128	189	201	429	#
932	344100	63	65	185	189	429	#
933	327679	3	122	144	174	429	#
934	290806	8	137	177	201	429	#
935	193680	88	125	128	175	429	#
936	198653	62	66	430	#
937	202574	62	177	430	#
938	150077	66	175	430	#
939	391817	18	24	25	80	107	137	189	215	431	#
940	577829	43	88	109	148	150	161	189	241	431	#
941	497341	17	37	80	85	107	175	205	229	431	#
942	447794	25	35	88	173	205	207	211	255	431	#
943	405176	24	75	135	158	175	178	219	224	431	#
944	1976534	8	10	16	26	30	36	52	54	77	96	105	113	118	127	128	133	143	145	149	153	165	168	170	172	173	176	177	184	248	253	432	#
945	2498871	5	9	24	37	54	75	80	87	101	118	120	125	127	128	135	142	146	154	168	176	184	210	211	212	213	228	236	240	249	250	432	#
946	2354932	5	23	24	30	42	65	77	85	86	95	101	108	118	122	128	137	140	148	153	155	171	172	175	182	186	192	197	222	248	253	432	#
947	2310315	4	12	21	30	34	65	72	75	84	85	88	91	97	99	108	113	122	124	127	133	138	144	153	166	175	178	184	190	192	199	432	#
948	2307559	5	8	30	35	38	46	52	65	84	85	94	104	117	126	136	143	155	159	162	163	177	180	190	196	204	206	212	220	249	251	432	#
949	2287657	26	31	38	40	42	47	54	60	63	65	69	72	78	94	101	106	115	120	124	146	157	162	164	175	179	220	228	229	240	249	432	#
950	1190091	11	28	65	92	104	108	118	139	147	175	188	189	192	195	237	251	254	433	#
951	1380258	3	9	13	22	23	28	48	94	101	105	117	129	178	186	197	219	235	433	#
952	1361968	11	14	25	54	104	111	118	150	153	154	163	165	192	194	224	232	253	433	#
953	1246649	3	11	18	25	26	36	42	43	54	57	62	95	146	150	187	204	236	433	#
954	1246589	4	25	34	48	74	94	102	115	123	141	153	155	179	192	204	208	230	433	#
955	1210737	2	4	7	11	14	47	54	70	90	92	95	113	128	183	185	243	248	433	#
956	889758	41	78	97	116	128	134	141	144	170	188	240	248	249	434	#
957	1063404	33	39	41	44	54	66	74	82	125	148	170	175	217	434	#
958	1057041	16	31	54	80	120	125	134	167	171	172	198	220	249	434	#
959	1052170	31	34	40	45	54	63	84	89	132	149	165	188	201	434	#
960	1050562	14	32	63	71	73	84	97	140	162	190	217	229	250	434	#
961	988190	17	31	70	73	114	116	143	151	152	155	172	173	188	434	#
962	239064	26	133	248	435	#
963	276761	76	132	133	435	#
964	197326	0	206	248	435	#
965	195193	26	86	112	435	#
966	614368	33	93	105	127	132	139	142	164	436	#
967	756451	11	17	18	109	112	164	192	244	436	#
968	630990	10	26	33	62	142	189	219	243	436	#
969	608558	17	105	112	168	170	177	231	238	436	#
970	590060	41	53	73	103	139	217	231	232	436	#
971	523075	6	30	42	78	127	132	173	250	436	#
972	318330	93	148	162	165	437	#
973	310169	63	93	98	127	437	#
974	294054	21	78	165	217	437	#
975	290809	48	117	162	236	437	#
976	253348	56	62	148	177	437	#
977	363854	59	177	210	246	438	#
978	405653	59	105	151	198	438	#
979	322621	30	36	177	243	438	#
980	256152	47	48	76	210	438	#
981	2015634	4	17	18	34	38	41	45	48	60	63	72	82	88	89	90	107	109	127	149	153	157	168	203	242	243	244	248	254	439	#
982	2488313	13	15	17	21	38	43	49	86	101	102	104	106	107	124	125	129	134	158	168	185	195	208	210	213	216	219	227	240	439	#
983	2328920	32	41	54	76	82	87	93	97	105	112	121	135	153	158	159	160	198	204	205	215	216	222	223	237	238	244	246	251	439	#
984	2225730	21	24	32	34	41	43	60	68	73	81	87	89	103	107	121	127	141	144	153	156	157	159	162	168	189	199	216	250	439	#
985	2204506	2	3	14	17	23	34	38	43	63	68	94	97	99	106	112	117	134	139	141	157	168	189	194	196	201	234	236	240	439	#
986	2126000	2	3	23	38	43	53	62	71	77	89	99	104	125	139	147	158	167	169	180	183	205	213	218	233	242	244	250	251	439	#
987	42223	77	143	#
988	2086537	0	2	3	4	9	26	37	39	42	61	63	74	75	79	106	111	116	135	166	168	189	192	194	195	199	202	206	229	232	234	238	242	244	251	440	#
989	2731671	18	19	20	36	41	48	54	57	58	67	68	69	79	82	84	93	111	143	156	162	178	182	189	190	197	199	202	211	216	218	221	224	228	236	440	#
990	2657580	2	8	10	14	19	20	22	42	54	72	75	77	82	84	94	105	106	126	134	136	144	169	177	192	199	201	210	213	217	223	230	232	234	236	440	#
991	2653480	15	17	18	22	28	36	41	42	63	64	68	82	104	106	107	111	113	134	143	144	164	167	168	176	183	205	206	207	210	212	225	226	238	245	440	#
992	2525448	6	12	14	20	30	35	37	41	54	57	61	92	96	98	113	116	118	134	138	139	143	146	149	160	162	199	201	210	212	214	224	225	236	246	440	#
993	2523807	2	11	12	26	27	36	56	61	69	72	82	85	87	93	95	104	118	119	121	136	148	152	160	166	171	189	205	224	226	228	239	240	241	247	440	#
994	296630	15	34	152	248	441	#
995	340050	31	34	69	142	441	#
996	291077	60	103	152	248	441	#
997	287747	9	94	169	248	441	#
998	248526	15	40	165	190	441	#
999	330432	32	135	207	244	255	442	#
1000	348926	26	37	164	202	244	442	#
1001	308270	44	128	151	154	255	442	#
1002	304845	32	38	152	230	238	442	#
1003	272231	79	123	162	207	221	442	#
