%% File generated by CATS v.2.1Wed Jun 19 19:19:10 2013

%% The CATS webpage is http://robotics.stanford.edu/CATS

%% PARAMETER SETTINGS:
% Goods: 256; Bids: 1000; Distribution: arbitrary; Runs: 50; Seed: 1371664721
% Arbitrary Distribution Parameters:
% Max Substitutable Bids = 5
% Removing HV Neighbor   = 0.1
% Adding DIAG Neighbor   = 0.2
% Additional Location    = 0.9
% Additivity             = 0.2
% Budget Factor          = 1.5
% Resale Factor          = 0.5
% Uniform Private Value:
%   Deviation            = 0.5
%   Max Good Value       = 100



goods 256
bids 1002
dummy 189

0	1343436	18	19	20	34	44	50	52	66	72	73	78	105	129	135	158	201	202	206	256	#
1	1454585	9	21	48	66	73	99	121	125	138	167	183	190	199	205	214	232	242	246	256	#
2	1373552	7	16	78	100	118	122	124	130	138	139	142	156	186	197	212	241	248	250	256	#
3	1341008	50	69	73	97	98	105	130	161	169	181	184	190	191	193	196	216	222	231	256	#
4	1335093	17	20	27	30	37	38	45	73	99	104	136	143	150	157	158	169	185	245	256	#
5	1324993	8	12	18	22	34	55	79	110	119	124	138	155	156	195	197	202	234	239	256	#
6	1320845	2	5	15	18	38	47	84	102	105	114	119	123	133	151	168	173	194	206	246	257	#
7	1562197	2	9	15	33	48	57	87	105	118	120	121	122	135	211	212	220	223	235	247	257	#
8	1538460	2	21	24	48	58	79	84	93	102	109	110	114	127	150	174	181	197	221	243	257	#
9	1492125	14	18	34	42	58	80	114	118	122	137	151	173	181	192	194	197	206	233	252	257	#
10	1461119	2	5	9	33	47	50	60	69	102	111	115	133	135	150	187	222	223	246	250	257	#
11	1456703	5	42	45	50	65	68	70	90	102	104	115	127	133	136	143	160	170	189	212	257	#
12	39613	7	130	155	#
13	1483755	24	28	41	45	54	57	88	98	107	113	115	130	132	145	161	163	182	191	247	250	258	#
14	1710044	9	28	39	41	45	64	70	72	73	97	130	133	136	158	164	180	211	214	220	228	258	#
15	1542600	15	29	66	83	90	92	94	98	130	156	166	180	193	203	220	236	245	246	253	255	258	#
16	1489807	0	17	28	38	48	56	66	70	113	122	127	133	136	147	161	175	180	216	237	246	258	#
17	1472024	5	9	41	61	68	70	94	104	129	130	137	160	180	182	191	199	213	215	238	247	258	#
18	1453439	6	20	37	38	45	50	64	65	74	89	101	108	113	139	151	152	213	220	247	250	258	#
19	365075	1	111	234	237	247	259	#
20	499402	4	127	183	218	234	259	#
21	365753	14	59	101	111	190	259	#
22	341778	126	136	150	235	237	259	#
23	329107	1	58	103	139	194	259	#
24	309354	20	58	99	132	247	259	#
25	474309	12	13	18	27	31	53	73	128	226	260	#
26	704097	3	39	46	53	113	133	198	199	243	260	#
27	694540	7	12	39	141	166	184	194	203	239	260	#
28	626668	1	13	40	41	102	140	162	189	254	260	#
29	597557	1	40	73	126	128	158	160	211	237	260	#
30	585829	27	33	35	61	114	189	190	242	250	260	#
31	814067	1	45	47	80	133	136	170	249	255	261	#
32	744211	13	37	79	101	118	150	170	182	188	261	#
33	647440	24	80	126	134	151	204	210	224	255	261	#
34	643145	2	12	21	37	45	78	93	114	156	261	#
35	630361	1	3	21	62	69	129	159	182	252	261	#
36	621661	64	71	72	101	135	154	192	233	255	261	#
37	205915	15	104	262	#
38	218950	104	183	262	#
39	115606	15	165	262	#
40	453105	119	144	174	177	191	247	263	#
41	569108	59	80	124	138	183	247	263	#
42	471244	15	89	104	136	138	191	263	#
43	457776	12	48	57	123	132	177	263	#
44	447491	6	63	109	138	144	238	263	#
45	447141	108	111	119	120	191	203	263	#
46	1076778	14	60	76	93	108	138	168	174	177	226	227	232	238	240	244	264	#
47	1337860	6	12	17	48	83	106	136	138	158	163	193	195	197	241	254	264	#
48	1253130	2	6	7	14	90	119	132	139	161	172	175	178	182	186	227	264	#
49	1222714	10	34	43	76	80	90	106	114	134	172	192	206	222	228	240	264	#
50	1203242	31	49	110	158	171	183	188	189	190	203	206	213	221	228	238	264	#
51	1203192	50	54	107	132	138	149	153	174	178	198	208	213	232	235	238	264	#
52	476672	29	56	62	66	126	163	229	265	#
53	553836	24	57	68	126	149	160	228	265	#
54	523202	22	69	83	89	163	195	224	265	#
55	496289	29	54	59	74	142	192	230	265	#
56	453656	87	103	141	167	219	222	229	265	#
57	415080	2	36	66	192	228	239	252	265	#
58	443146	9	56	102	126	175	201	204	251	266	#
59	614548	24	46	131	146	182	202	204	205	266	#
60	595407	9	14	25	59	82	93	196	198	266	#
61	594040	5	83	90	147	174	175	188	232	266	#
62	519013	31	102	136	138	201	215	237	250	266	#
63	504085	27	53	95	110	115	170	188	251	266	#
64	281617	11	41	50	84	206	267	#
65	395353	18	161	175	176	206	267	#
66	311605	50	128	135	159	248	267	#
67	284935	3	15	41	55	218	267	#
68	274284	0	11	22	146	200	267	#
69	1846159	7	27	37	41	54	58	77	90	99	114	125	137	150	152	158	184	185	190	215	250	254	255	268	#
70	1873971	20	34	36	45	57	75	78	90	114	125	126	141	145	155	165	172	207	210	225	241	250	252	268	#
71	1871736	7	25	36	40	41	47	67	77	99	114	124	130	138	139	143	150	167	168	169	172	190	247	268	#
72	1857442	2	4	7	38	41	45	62	64	108	119	131	135	150	153	155	168	172	185	225	235	237	253	268	#
73	1827585	1	4	13	25	36	38	39	72	79	126	127	131	145	155	161	165	172	177	190	223	229	247	268	#
74	1767220	2	3	7	10	16	39	45	46	57	62	77	91	105	114	138	145	161	163	185	247	250	254	268	#
75	290497	23	40	91	95	161	199	269	#
76	372891	18	23	26	62	146	242	269	#
77	358536	3	6	22	161	172	242	269	#
78	337223	10	91	155	167	240	244	269	#
79	316227	35	95	112	128	144	167	269	#
80	247957	32	80	152	199	201	254	269	#
81	198464	14	129	270	#
82	181113	129	194	270	#
83	139717	14	91	270	#
84	224456	48	150	217	271	#
85	178133	84	141	150	271	#
86	161932	48	106	201	271	#
87	100161	1	217	226	271	#
88	993542	4	19	34	63	79	81	102	106	163	168	179	185	205	206	215	228	272	#
89	1414060	0	17	24	34	46	49	57	72	123	177	182	202	211	218	226	235	272	#
90	1386963	4	10	31	57	100	111	137	150	157	159	169	182	183	205	211	255	272	#
91	1304682	38	44	97	100	109	113	114	144	150	156	172	179	182	183	188	206	272	#
92	1294182	1	15	21	57	71	76	78	81	105	125	150	158	165	172	220	249	272	#
93	1259113	4	21	31	42	72	80	83	89	102	124	160	164	182	186	188	222	272	#
94	422218	25	117	135	156	273	#
95	461146	25	72	90	253	273	#
96	405152	59	86	117	153	273	#
97	345593	60	98	135	184	273	#
98	1636593	5	37	78	93	120	121	137	138	150	168	169	184	217	222	238	239	241	247	249	274	#
99	1548888	14	16	37	42	45	48	57	66	71	72	123	130	151	157	167	186	208	217	231	274	#
100	1536460	5	19	76	83	109	120	122	125	126	130	145	159	170	176	222	225	226	237	247	274	#
101	1532223	26	36	37	48	66	71	85	93	96	109	114	121	132	133	136	137	150	189	196	274	#
102	1467230	10	37	48	63	82	84	98	102	130	140	148	150	152	159	187	217	222	233	241	274	#
103	1440817	38	42	48	63	84	96	119	131	135	149	150	152	189	200	201	230	248	249	255	274	#
104	301688	78	145	162	203	275	#
105	315862	124	145	156	215	275	#
106	269561	78	156	218	226	275	#
107	255636	20	74	162	196	275	#
108	206825	161	172	203	231	275	#
109	314004	76	154	169	181	276	#
110	293249	76	113	190	234	276	#
111	273770	1	115	136	181	276	#
112	266847	141	154	156	251	276	#
113	235754	26	80	95	169	276	#
114	622219	7	16	24	51	67	85	103	143	150	231	240	277	#
115	925596	11	51	64	100	104	106	112	126	158	160	222	277	#
116	912514	61	65	90	108	132	163	183	190	217	223	240	277	#
117	910499	0	35	61	87	109	143	163	186	234	241	247	277	#
118	847914	74	92	150	162	164	172	191	198	203	208	229	277	#
119	815067	5	24	44	48	51	84	113	173	190	191	254	277	#
120	83525	82	203	231	278	#
121	114593	22	182	203	278	#
122	60879	51	82	90	278	#
123	54924	2	#
124	639327	62	92	134	135	182	183	201	221	279	#
125	636779	15	74	87	127	164	197	201	226	279	#
126	632947	1	37	94	98	127	145	182	198	279	#
127	630257	4	48	50	62	81	89	105	180	279	#
128	628308	37	116	120	135	167	183	224	239	279	#
129	615274	85	107	123	139	178	188	221	253	279	#
130	113869	79	#
131	187858	15	140	191	280	#
132	231699	15	75	198	280	#
133	229455	57	68	140	280	#
134	1176908	7	38	45	65	73	74	78	79	144	153	180	187	195	246	247	281	#
135	1262319	19	35	36	38	51	62	65	68	76	78	151	158	196	223	249	281	#
136	1222258	8	25	49	52	72	98	159	180	182	187	199	234	243	252	253	281	#
137	1206571	20	47	64	73	75	78	90	102	161	164	195	221	224	228	238	281	#
138	1186785	8	9	24	46	53	74	92	99	173	175	205	211	236	243	252	281	#
139	1166535	15	30	46	70	81	84	124	144	145	172	182	199	212	215	252	281	#
140	120253	105	120	282	#
141	124208	105	237	282	#
142	340917	34	47	154	171	204	283	#
143	369288	47	64	154	233	245	283	#
144	369120	23	34	73	136	162	283	#
145	303669	84	105	131	171	234	283	#
146	264352	51	55	93	116	154	283	#
147	645187	42	52	82	95	133	178	239	284	#
148	760258	37	118	133	141	158	170	217	284	#
149	604168	38	42	44	78	166	169	213	284	#
150	563304	11	59	89	95	146	192	235	284	#
151	492950	4	82	109	148	185	194	254	284	#
152	454427	44	89	121	134	178	210	227	284	#
153	491158	27	72	91	109	116	179	210	223	285	#
154	680315	21	68	109	112	158	210	223	232	285	#
155	619895	13	35	188	195	208	223	235	255	285	#
156	609976	39	77	126	158	163	179	186	190	285	#
157	564955	16	78	93	108	109	142	210	226	285	#
158	510547	27	65	81	105	121	151	169	206	285	#
159	2032246	0	22	28	32	50	52	62	64	75	95	101	109	110	115	116	137	140	143	149	153	165	182	184	193	196	202	216	219	222	224	241	286	#
160	2419246	0	8	12	27	32	43	47	68	75	81	85	94	98	105	108	109	110	123	130	142	151	161	175	178	206	211	213	214	223	227	247	286	#
161	2361091	3	47	59	62	70	75	78	81	97	101	106	108	110	112	117	118	138	141	151	157	159	180	189	193	204	207	209	227	228	234	253	286	#
162	2318552	9	20	22	32	46	64	65	69	85	91	94	98	101	114	121	133	134	144	145	149	159	184	193	200	201	207	217	234	235	238	247	286	#
163	2267498	25	29	41	42	65	69	81	86	93	99	101	108	111	121	130	139	153	161	164	174	183	184	202	203	207	222	228	234	243	247	249	286	#
164	2255845	0	21	23	25	32	33	48	51	62	68	71	78	113	118	123	130	148	156	172	174	176	182	188	201	203	204	209	214	215	222	250	286	#
165	2828559	6	8	16	19	25	27	30	31	34	39	44	55	61	66	81	87	89	90	93	109	135	147	152	156	157	161	175	178	179	184	188	199	200	202	207	208	209	213	221	233	237	287	#
166	3438064	10	19	22	24	27	32	39	40	48	50	59	62	64	66	69	78	86	90	92	104	116	126	129	147	154	156	161	165	177	178	179	182	183	194	202	214	220	229	230	246	252	287	#
167	3373699	13	25	26	27	29	39	40	43	47	63	71	72	74	75	79	110	114	117	119	130	133	135	147	154	163	178	179	181	188	194	195	202	205	207	208	211	221	223	234	247	249	287	#
168	3280131	5	6	9	19	22	42	43	53	60	61	62	66	73	78	83	93	104	106	110	124	126	129	144	152	164	169	170	171	172	182	184	190	197	212	213	214	222	226	232	243	252	287	#
169	3224748	6	7	8	16	25	41	47	54	57	66	67	99	105	114	118	125	126	135	137	140	146	162	171	172	178	184	197	202	207	208	211	215	216	221	226	229	241	242	247	254	255	287	#
170	3172407	8	11	15	17	18	20	29	36	37	53	61	65	91	92	93	100	101	105	118	128	142	145	147	165	170	179	183	184	191	207	208	214	220	221	224	226	229	230	241	243	255	287	#
171	259087	42	86	87	113	288	#
172	293011	58	78	87	149	288	#
173	272040	24	45	86	107	288	#
174	242832	42	52	128	129	288	#
175	216441	113	148	160	168	288	#
176	19585	231	#
177	287939	75	98	162	184	289	#
178	333466	35	101	138	184	289	#
179	300274	75	144	206	219	289	#
180	234480	98	111	171	209	289	#
181	134536	254	#
182	157440	207	254	290	#
183	26487	76	171	290	#
184	15616	84	#
185	405234	22	126	136	152	181	184	291	#
186	537126	70	110	136	150	239	252	291	#
187	520666	67	93	150	161	181	255	291	#
188	480395	37	96	150	184	240	251	291	#
189	383822	55	75	118	119	152	249	291	#
190	299477	45	94	121	126	142	243	291	#
191	99871	53	#
192	136462	29	252	292	#
193	160224	27	252	292	#
194	230476	8	59	76	100	293	#
195	288259	100	107	207	230	293	#
196	239014	8	64	153	216	293	#
197	234750	59	111	190	229	293	#
198	214753	61	76	88	243	293	#
199	184772	131	184	294	#
200	139217	40	184	294	#
201	119503	131	157	294	#
202	348846	3	21	64	94	236	295	#
203	481707	64	94	171	215	230	295	#
204	416480	9	64	73	91	189	295	#
205	320476	21	106	108	118	241	295	#
206	280619	3	143	162	188	192	295	#
207	152483	77	155	178	226	236	295	#
208	85307	54	253	296	#
209	85202	242	253	296	#
210	552257	21	57	72	128	143	161	183	207	225	240	297	#
211	713993	14	36	37	43	67	79	118	124	137	161	297	#
212	696456	9	18	37	72	89	125	134	165	238	240	297	#
213	608553	17	18	32	86	103	184	218	239	240	243	297	#
214	595724	9	21	101	117	149	159	165	220	226	238	297	#
215	579413	15	17	18	21	41	46	121	146	158	183	297	#
216	337711	24	45	89	121	183	220	298	#
217	505466	19	66	168	183	194	236	298	#
218	499688	31	57	83	89	229	253	298	#
219	457963	14	38	45	135	164	182	298	#
220	420836	12	20	24	198	206	240	298	#
221	339515	23	80	106	122	187	220	298	#
222	527702	21	27	103	195	229	237	240	246	299	#
223	687698	33	103	106	163	167	198	243	246	299	#
224	671216	26	72	120	122	136	164	229	240	299	#
225	667253	90	98	100	155	174	202	245	246	299	#
226	599220	9	23	33	47	48	118	185	195	299	#
227	530811	16	41	55	104	117	136	229	251	299	#
228	798554	4	23	40	80	85	94	191	192	212	214	227	300	#
229	932309	5	42	46	94	98	122	134	145	160	167	191	300	#
230	899561	4	9	70	100	105	161	189	191	195	230	246	300	#
231	865016	15	16	23	62	65	107	151	187	206	228	241	300	#
232	847764	5	85	106	115	136	145	169	185	206	234	247	300	#
233	846381	5	26	51	94	99	137	203	206	219	227	235	300	#
234	701304	56	58	144	158	160	194	206	217	222	242	301	#
235	854020	3	5	14	58	62	100	117	121	178	208	301	#
236	799392	72	112	140	167	173	183	222	242	245	255	301	#
237	793799	5	15	43	88	107	114	146	158	210	222	301	#
238	788746	15	53	80	82	100	106	194	201	242	247	301	#
239	770804	56	83	89	145	150	183	201	208	248	250	301	#
240	5363	200	#
241	918514	4	31	44	49	53	85	95	109	130	139	148	151	216	302	#
242	1217474	4	9	15	63	70	129	134	166	201	222	240	249	253	302	#
243	1114841	15	35	39	49	72	77	120	134	151	178	201	228	236	302	#
244	1042038	9	12	44	72	96	97	129	152	172	208	216	219	243	302	#
245	952350	10	22	52	59	61	62	63	95	120	163	205	208	249	302	#
246	926327	0	20	43	93	115	130	147	168	175	182	234	243	247	302	#
247	83744	128	252	303	#
248	115597	128	235	303	#
249	1363272	3	10	13	17	59	64	71	77	107	108	118	121	142	148	175	180	193	198	216	246	251	304	#
250	1730482	7	9	19	24	33	59	80	89	108	120	195	196	201	202	205	213	221	241	246	249	255	304	#
251	1710260	22	24	37	59	69	83	104	105	108	116	122	128	130	144	151	160	179	215	221	229	238	304	#
252	1636772	6	13	33	40	51	83	104	138	140	146	154	160	166	175	184	194	215	221	228	239	248	304	#
253	1615120	9	17	30	31	34	36	44	68	94	104	120	148	153	155	160	171	197	201	213	215	230	304	#
254	1537315	3	5	8	29	39	56	59	82	89	94	104	160	173	175	184	188	192	198	210	216	221	304	#
255	439120	34	92	140	143	156	222	236	305	#
256	624712	69	79	92	125	139	162	222	305	#
257	580861	18	33	34	35	69	166	181	305	#
258	518884	4	6	62	113	186	222	236	305	#
259	456627	25	52	78	84	141	152	156	305	#
260	417568	0	14	141	143	187	225	238	305	#
261	447124	77	109	117	121	158	207	306	#
262	490916	117	125	153	158	170	217	306	#
263	485104	72	82	117	126	156	241	306	#
264	436332	71	77	126	185	237	249	306	#
265	373881	16	50	73	121	126	147	306	#
266	364789	109	119	137	207	213	250	306	#
267	178960	146	199	224	307	#
268	205114	129	163	199	307	#
269	178968	108	146	218	307	#
270	118356	24	#
271	769738	11	12	53	86	92	173	191	216	227	308	#
272	867114	10	23	33	53	92	155	191	198	223	308	#
273	797298	53	60	74	78	130	160	174	227	252	308	#
274	687171	12	22	120	122	201	216	229	243	244	308	#
275	645234	28	53	67	117	121	150	173	177	254	308	#
276	620934	69	133	188	191	199	206	213	232	233	308	#
277	1319747	17	36	57	64	76	88	98	115	134	146	159	195	215	230	246	250	309	#
278	1368100	17	20	21	57	60	68	74	108	128	150	154	159	173	189	193	198	309	#
279	1352630	21	22	48	57	74	90	109	139	150	173	183	186	198	220	248	250	309	#
280	1314318	12	36	61	74	83	109	126	138	142	167	194	203	218	229	234	246	309	#
281	1301620	40	50	109	125	135	146	150	153	161	185	186	188	189	215	224	230	309	#
282	1265598	4	16	22	36	62	67	70	107	117	141	146	155	159	160	183	185	309	#
283	111981	205	240	310	#
284	76512	76	240	310	#
285	223654	13	68	162	242	311	#
286	214081	7	135	137	162	311	#
287	186539	13	59	96	137	311	#
288	166008	68	82	134	171	311	#
289	155517	18	214	312	#
290	167114	93	214	312	#
291	153064	18	75	312	#
292	118717	247	248	#
293	219680	1	65	193	217	313	#
294	275892	1	33	42	190	313	#
295	273812	103	172	193	197	313	#
296	211309	50	65	228	242	313	#
297	452020	4	23	34	56	91	226	247	314	#
298	606948	25	48	56	57	105	115	243	314	#
299	573231	38	64	71	90	130	226	243	314	#
300	565582	4	44	118	167	207	208	224	314	#
301	507097	13	23	39	55	91	104	246	314	#
302	505426	37	48	91	140	154	177	243	314	#
303	81040	78	#
304	273145	33	35	128	143	229	315	#
305	357558	20	133	137	143	209	315	#
306	347421	35	50	90	131	232	315	#
307	327331	173	186	229	239	246	315	#
308	280467	9	33	73	200	224	315	#
309	269943	10	83	89	104	128	315	#
310	372908	15	118	151	316	#
311	343931	10	151	159	316	#
312	248209	15	177	213	316	#
313	186832	118	214	233	316	#
314	338158	7	34	102	134	183	195	317	#
315	501401	34	55	57	67	125	220	317	#
316	437681	6	102	130	168	169	235	317	#
317	424343	10	46	83	115	183	192	317	#
318	412396	7	98	189	216	235	241	317	#
319	382740	44	78	119	134	140	166	317	#
320	538266	3	8	16	22	196	217	224	237	318	#
321	702287	8	71	124	181	183	199	208	221	318	#
322	657884	36	54	117	125	159	161	211	217	318	#
323	650260	36	64	71	95	215	220	237	246	318	#
324	640932	34	36	55	110	196	211	220	250	318	#
325	607864	23	59	65	81	138	176	190	224	318	#
326	1571960	10	23	25	44	45	48	56	58	68	89	97	103	107	131	149	169	182	199	221	225	243	254	319	#
327	1847483	14	22	23	58	60	67	94	107	131	153	170	174	178	182	185	186	194	198	215	216	252	254	319	#
328	1769700	14	25	30	32	41	48	56	71	72	73	76	77	89	90	103	139	145	170	172	197	236	243	319	#
329	1768259	4	19	29	42	65	66	67	73	74	77	82	96	97	138	150	154	178	180	194	195	197	253	319	#
330	1644540	39	44	45	47	57	77	90	99	120	126	149	150	164	166	180	189	199	200	202	224	244	248	319	#
331	1617289	14	20	24	32	40	48	60	77	83	86	89	117	126	137	170	179	193	202	215	216	234	253	319	#
332	215928	172	227	320	#
333	183569	105	227	320	#
334	179690	172	179	320	#
335	91673	206	#
336	551650	0	26	32	42	153	184	211	321	#
337	631925	18	101	112	169	184	223	241	321	#
338	570210	34	37	87	152	170	211	250	321	#
339	556284	42	47	126	141	189	202	230	321	#
340	552498	26	133	134	165	169	191	246	321	#
341	545611	0	10	45	98	179	202	235	321	#
342	142127	41	86	136	177	#
343	240159	16	80	131	322	#
344	252521	16	175	195	322	#
345	251238	131	132	211	322	#
346	234502	36	80	172	322	#
347	69666	146	159	323	#
348	75807	8	159	323	#
349	1053830	1	14	31	35	46	51	79	80	83	88	101	121	132	152	156	194	196	207	212	220	226	233	248	324	#
350	1576471	16	22	23	28	40	80	99	120	121	127	139	145	161	172	173	177	195	206	209	212	226	245	249	324	#
351	1575981	6	11	23	55	81	88	99	100	103	118	125	129	138	139	152	165	177	185	208	220	225	238	255	324	#
352	1567956	7	20	28	41	73	77	93	104	120	126	133	141	142	172	174	176	180	186	207	211	219	239	247	324	#
353	1555557	6	8	10	11	16	22	23	27	40	44	47	72	92	119	126	131	141	196	199	204	220	226	238	324	#
354	1515102	0	7	14	21	31	42	47	52	58	71	72	81	118	141	171	182	184	194	212	213	235	238	239	324	#
355	76505	0	47	#
356	166912	64	212	216	325	#
357	217880	138	212	221	325	#
358	210474	120	189	216	325	#
359	203262	62	64	177	325	#
360	2292687	17	19	22	35	36	37	51	68	69	81	89	92	95	108	110	120	132	133	146	152	171	179	188	207	211	213	222	224	225	234	253	254	326	#
361	2657676	1	4	14	15	20	35	37	43	44	47	53	54	65	69	81	91	93	110	111	132	138	156	158	161	166	190	201	208	215	252	253	255	326	#
362	2598126	3	34	36	38	40	44	45	69	81	91	107	122	129	131	141	146	153	156	158	164	166	168	171	215	216	220	224	233	241	249	252	253	326	#
363	2593360	17	22	35	44	51	54	60	64	80	94	108	122	125	131	145	149	158	164	170	176	178	188	207	208	220	227	228	234	241	246	249	250	326	#
364	2580688	2	15	19	36	37	50	58	60	64	68	70	73	93	94	97	106	109	118	167	169	171	174	176	185	190	191	195	228	241	249	250	255	326	#
365	2492557	5	13	14	25	42	61	65	69	71	89	91	97	100	108	117	131	132	136	146	156	161	168	193	194	196	210	220	222	223	242	249	252	326	#
366	163755	159	219	327	#
367	203432	151	219	327	#
368	130008	159	223	327	#
369	981222	10	25	28	32	41	44	49	71	89	97	120	125	136	177	181	191	229	247	328	#
370	1390000	9	25	34	39	41	79	97	100	109	114	132	152	161	168	175	190	201	206	328	#
371	1388012	35	72	74	77	83	95	98	124	126	129	133	165	174	179	191	223	230	254	328	#
372	1372791	8	10	14	15	65	71	73	85	90	123	127	159	161	169	173	181	225	230	328	#
373	1301363	16	38	44	49	55	56	72	97	116	140	146	161	182	195	206	227	234	250	328	#
374	1301121	8	16	25	38	49	63	71	100	117	123	124	128	161	233	238	244	250	255	328	#
375	116519	97	159	329	#
376	101232	97	216	329	#
377	362126	24	44	88	128	156	330	#
378	478780	44	124	146	151	238	330	#
379	303958	63	96	103	156	206	330	#
380	275487	24	36	89	103	123	330	#
381	232943	47	88	112	129	145	330	#
382	193096	35	111	128	216	226	330	#
383	474430	13	50	86	120	170	176	244	331	#
384	663458	66	123	151	214	228	244	252	331	#
385	621192	13	59	79	157	194	214	232	331	#
386	525684	49	69	113	120	138	202	206	331	#
387	430536	36	50	64	203	230	245	251	331	#
388	352372	51	101	116	143	170	183	233	331	#
389	1086935	35	37	96	110	132	133	136	174	176	180	183	238	255	332	#
390	1075975	7	38	110	115	136	163	172	183	184	198	230	232	249	332	#
391	1056226	7	15	20	26	78	98	122	131	175	180	202	230	244	332	#
392	989984	63	67	69	71	87	118	122	137	163	193	228	238	255	332	#
393	971318	4	8	19	96	107	117	137	146	147	167	169	172	235	332	#
394	944818	5	18	21	34	58	66	93	114	122	132	137	222	248	332	#
395	509764	33	51	67	74	97	168	179	188	218	231	333	#
396	754789	15	23	30	94	97	164	198	200	221	229	333	#
397	722082	17	22	30	38	73	109	141	168	174	185	333	#
398	714398	32	51	58	97	126	135	150	156	246	254	333	#
399	698697	33	43	81	117	149	195	200	232	240	249	333	#
400	640118	12	50	51	53	138	142	147	175	218	235	333	#
401	1877104	15	35	55	66	67	70	79	84	85	90	100	102	103	106	114	118	120	138	165	179	200	203	215	217	221	235	236	251	253	334	#
402	2402722	16	17	27	70	72	79	95	99	122	126	149	151	152	160	166	172	173	177	182	192	195	202	205	208	215	228	242	243	246	334	#
403	2209236	13	18	23	34	35	36	50	55	66	105	106	116	138	146	152	157	160	163	182	184	185	187	191	208	213	220	228	238	253	334	#
404	2206281	15	16	29	31	40	42	46	53	65	68	90	92	103	118	120	146	159	173	186	192	201	207	208	211	217	223	228	243	255	334	#
405	2179345	24	27	33	37	40	42	65	67	70	72	73	77	81	89	90	110	112	113	126	127	131	135	136	163	177	201	213	222	223	334	#
406	2171413	20	46	67	68	70	72	74	85	90	98	114	120	126	146	156	166	175	182	187	193	199	207	212	216	221	235	252	253	254	334	#
407	891960	1	15	20	78	87	113	123	130	158	176	198	214	253	335	#
408	1185312	16	73	109	132	139	156	160	173	174	176	182	208	214	335	#
409	1074924	3	4	20	65	71	91	124	135	139	152	219	227	253	335	#
410	1068632	25	54	73	87	90	100	120	145	146	162	192	201	255	335	#
411	1065181	98	109	111	124	130	131	135	158	191	238	240	250	253	335	#
412	977719	14	29	65	71	75	77	136	164	172	180	198	241	254	335	#
413	2081302	5	15	17	19	20	33	36	38	47	66	75	80	81	85	88	98	104	119	136	141	142	144	151	156	174	178	200	206	214	218	219	232	234	236	336	#
414	2557094	27	29	33	41	49	53	55	62	65	67	86	92	98	120	121	129	130	133	136	139	141	146	147	158	159	160	162	163	196	199	210	219	247	248	336	#
415	2539890	5	10	23	24	32	42	46	55	68	69	83	96	97	101	119	123	124	127	129	139	145	147	161	174	178	186	192	197	199	207	222	228	233	235	336	#
416	2521134	7	10	24	27	35	56	58	86	97	104	119	120	124	127	130	132	133	138	159	174	179	182	184	196	206	230	231	235	237	239	242	243	245	254	336	#
417	2513629	14	21	30	36	37	44	45	52	64	65	83	92	102	104	124	130	136	142	143	156	165	166	178	184	190	193	196	197	199	203	212	218	247	252	336	#
418	2510640	4	15	18	24	29	31	37	46	62	64	72	77	83	87	93	104	114	119	142	149	160	168	171	174	176	178	182	202	206	207	210	211	230	248	336	#
419	197875	34	113	122	337	#
420	263283	12	34	222	337	#
421	193257	107	122	193	337	#
422	35964	22	#
423	919363	9	108	112	166	177	180	207	208	224	225	230	233	338	#
424	983831	3	5	9	92	93	112	138	158	191	194	230	235	338	#
425	969509	40	106	107	109	116	122	149	169	180	236	246	255	338	#
426	918769	8	42	52	59	65	71	112	146	175	178	200	224	338	#
427	828799	4	8	36	44	74	113	138	158	159	177	189	229	338	#
428	782318	47	51	53	95	144	158	178	188	207	228	252	253	338	#
429	1088158	5	22	24	29	34	38	40	53	93	118	158	186	241	242	339	#
430	1134754	0	6	34	38	53	78	100	124	130	144	171	185	196	254	339	#
431	1113739	31	43	78	98	125	130	178	179	186	187	190	241	244	250	339	#
432	1108105	75	99	115	130	132	158	163	170	220	223	229	234	236	238	339	#
433	1088947	3	24	41	93	112	113	125	139	170	202	222	227	234	247	339	#
434	1079872	33	40	41	69	93	103	125	153	168	173	215	238	242	250	339	#
435	47219	203	#
436	156802	109	135	149	340	#
437	178263	44	50	149	340	#
438	157559	89	109	131	340	#
439	330150	67	230	244	341	#
440	299228	67	127	222	341	#
441	265109	58	138	244	341	#
442	260726	108	200	230	341	#
443	37992	74	#
444	584990	52	79	105	107	138	152	176	245	247	342	#
445	752819	25	37	41	79	87	91	119	166	211	342	#
446	696905	30	37	41	93	117	156	163	247	248	342	#
447	574405	14	69	108	111	152	191	222	231	235	342	#
448	570456	16	67	83	198	233	236	243	245	250	342	#
449	565109	5	33	97	105	120	131	168	242	248	342	#
450	3054733	5	10	11	18	26	36	38	39	41	55	65	69	79	92	95	96	112	117	118	121	126	128	129	146	152	156	159	160	173	179	181	191	199	200	208	218	230	237	240	243	251	255	343	#
451	3343081	0	5	8	35	38	39	43	52	56	57	64	66	69	71	92	94	99	112	115	120	121	124	129	137	142	150	152	153	155	157	161	163	177	180	194	199	201	206	216	228	247	248	343	#
452	3246841	5	20	30	36	38	41	43	46	52	61	64	65	69	74	80	83	85	92	95	112	120	128	132	139	142	147	169	180	191	194	201	203	208	210	211	216	223	232	234	235	241	248	343	#
453	3243714	2	11	20	22	23	25	34	39	53	60	61	65	71	77	78	87	93	100	104	122	133	144	150	151	155	159	162	172	179	191	193	201	216	223	234	236	238	239	245	247	251	255	343	#
454	3201333	0	18	23	30	38	43	52	55	60	64	65	69	71	83	94	95	97	99	112	113	118	128	135	151	153	156	163	164	167	182	185	191	198	212	215	216	218	224	234	239	240	255	343	#
455	3199356	1	13	16	24	38	39	43	50	62	69	71	80	93	96	97	102	104	112	118	120	121	128	139	140	150	153	154	155	156	165	168	182	186	188	194	199	202	207	239	240	247	251	343	#
456	648537	46	76	96	118	119	135	179	214	223	237	344	#
457	892754	18	25	30	50	119	125	128	150	151	247	344	#
458	777969	1	64	80	96	101	120	159	182	214	244	344	#
459	761303	25	27	28	59	76	83	135	154	168	223	344	#
460	747707	4	53	76	78	79	102	125	134	156	199	344	#
461	710841	12	26	48	60	92	118	129	136	207	222	344	#
462	92569	36	#
463	746479	22	31	41	76	98	109	111	119	142	215	225	252	345	#
464	1005955	1	32	76	126	166	177	186	199	200	206	234	238	345	#
465	893392	32	39	41	97	109	117	127	134	141	163	170	203	345	#
466	886556	24	57	99	102	109	111	141	167	169	177	178	240	345	#
467	836433	15	70	119	128	137	147	174	215	226	240	246	247	345	#
468	819503	34	93	107	142	148	162	164	169	209	214	230	243	345	#
469	463683	9	38	47	68	157	172	186	245	346	#
470	634676	53	60	75	117	171	172	247	254	346	#
471	622635	33	69	79	83	92	146	157	189	346	#
472	595962	16	18	38	75	98	117	171	225	346	#
473	583550	30	68	79	102	106	172	234	247	346	#
474	562891	1	9	50	66	98	148	195	247	346	#
475	1273457	0	26	60	91	111	120	138	142	156	179	183	196	215	230	237	241	347	#
476	1398881	8	19	27	32	33	36	61	67	113	138	139	154	156	235	237	241	347	#
477	1367843	6	15	26	46	50	68	84	88	109	157	158	186	191	211	235	252	347	#
478	1309622	2	7	18	25	67	109	123	154	156	177	183	191	196	198	248	254	347	#
479	1299054	11	12	45	50	60	112	120	138	151	159	175	186	204	231	240	249	347	#
480	1178745	5	8	21	24	36	45	64	138	148	160	174	196	235	240	241	243	347	#
481	766981	2	17	37	48	56	116	131	156	185	212	223	348	#
482	829409	56	58	83	106	133	139	141	214	222	228	253	348	#
483	827478	13	19	32	37	66	96	116	124	127	218	221	348	#
484	802896	8	30	37	119	121	150	153	176	197	209	226	348	#
485	788622	2	17	38	41	72	110	115	133	209	215	240	348	#
486	745110	2	37	41	69	81	93	181	210	223	237	241	348	#
487	611456	25	81	104	110	132	158	179	252	349	#
488	695929	14	129	132	158	179	189	245	252	349	#
489	656726	4	8	48	83	103	152	162	252	349	#
490	590552	4	75	112	158	162	227	232	243	349	#
491	563262	11	38	56	104	158	200	201	252	349	#
492	518383	23	25	54	78	127	205	207	245	349	#
493	810997	19	34	56	67	89	123	138	175	195	224	247	350	#
494	912044	19	23	36	42	52	74	127	142	189	195	247	350	#
495	890834	11	79	93	106	115	138	189	197	218	229	242	350	#
496	882014	6	19	44	62	69	71	104	106	109	118	245	350	#
497	857939	2	15	37	58	67	82	126	138	177	234	241	350	#
498	842348	20	33	48	105	140	175	185	195	229	231	252	350	#
499	162838	61	108	160	351	#
500	195290	52	61	149	351	#
501	167596	91	108	250	351	#
502	2402614	4	9	12	14	18	28	31	42	46	49	64	65	68	84	105	109	113	114	116	148	151	160	166	174	177	184	185	194	200	216	223	242	254	352	#
503	2511277	4	10	18	20	24	28	33	41	42	52	54	64	79	101	109	117	119	125	132	146	158	168	181	182	184	196	203	213	216	218	226	240	249	352	#
504	2469467	1	8	9	10	17	27	36	42	46	47	64	72	76	79	86	97	102	104	105	112	114	122	145	148	155	163	168	170	174	210	220	232	240	352	#
505	2452463	10	25	35	55	65	85	87	89	91	94	97	115	116	117	124	128	132	142	146	147	158	160	161	172	180	184	187	213	218	224	244	250	252	352	#
506	2437824	2	3	9	18	32	34	37	46	49	55	57	64	65	70	74	84	93	97	106	110	133	140	151	174	181	184	187	209	211	218	239	247	255	352	#
507	2429970	4	5	6	17	26	31	42	64	65	66	73	74	89	91	96	102	112	115	123	132	136	146	158	163	164	181	182	184	209	210	218	244	252	352	#
508	710138	15	33	48	52	53	89	125	198	353	#
509	702181	22	52	108	133	166	185	198	252	353	#
510	638099	15	46	59	103	137	176	238	239	353	#
511	597847	65	96	105	125	199	239	245	255	353	#
512	580692	16	56	89	122	178	219	224	253	353	#
513	528733	32	65	145	146	198	209	232	250	353	#
514	980536	18	21	31	87	92	93	130	136	157	166	167	224	225	228	238	240	354	#
515	1258153	19	27	65	70	77	90	107	123	130	133	167	180	226	234	236	255	354	#
516	1256578	19	24	36	53	60	70	100	130	162	166	182	203	206	226	240	247	354	#
517	1172698	19	45	87	92	112	124	131	138	150	152	157	176	179	227	231	234	354	#
518	1134530	3	21	27	50	83	90	98	99	106	117	118	122	131	176	206	229	354	#
519	1122814	0	3	24	34	36	58	87	117	122	160	167	180	192	207	218	232	354	#
520	716762	36	40	49	50	57	62	64	75	80	81	249	355	#
521	950730	52	64	67	70	82	123	148	158	180	182	221	355	#
522	879535	19	21	29	40	46	73	98	112	177	180	208	355	#
523	870912	25	42	57	126	132	138	140	163	192	201	255	355	#
524	853798	17	36	70	75	80	177	182	183	195	213	242	355	#
525	818424	17	34	75	81	93	99	104	176	177	193	237	355	#
526	880078	8	14	42	87	118	135	137	155	157	165	172	205	229	356	#
527	1156833	1	14	16	67	98	104	138	151	183	201	239	244	250	356	#
528	1114552	10	36	44	55	63	65	85	100	122	155	230	235	244	356	#
529	1031080	20	61	83	85	113	133	138	143	205	228	232	246	247	356	#
530	1024882	9	30	39	48	81	137	141	167	176	193	227	239	244	356	#
531	992397	11	44	46	49	67	69	93	119	145	165	183	227	239	356	#
532	1090272	21	42	51	61	63	73	117	130	132	151	156	200	207	211	248	254	357	#
533	1235589	76	85	98	112	147	151	153	155	195	215	220	232	234	240	254	255	357	#
534	1233634	10	21	25	60	66	78	93	96	100	110	155	164	208	215	242	248	357	#
535	1232108	14	35	60	73	76	82	112	131	137	142	149	175	188	200	202	211	357	#
536	1181691	24	25	30	39	59	60	63	76	112	134	154	160	177	211	222	224	357	#
537	1176461	18	33	50	61	90	110	117	142	156	157	181	185	206	215	224	240	357	#
538	199941	65	90	358	#
539	216889	65	114	358	#
540	205080	15	90	358	#
541	1797334	0	17	33	38	47	57	72	79	95	98	110	111	120	128	142	148	163	173	184	186	194	219	223	242	359	#
542	2145485	8	17	37	45	65	81	92	97	99	113	122	125	126	138	151	159	183	186	224	226	227	232	252	254	359	#
543	2035288	13	37	46	50	79	97	102	112	116	120	122	124	146	147	163	168	174	181	182	187	216	224	230	241	359	#
544	1985558	4	33	37	46	47	52	56	63	84	86	98	120	122	126	139	153	159	175	184	220	229	238	248	252	359	#
545	1982200	4	13	18	25	27	33	63	70	86	96	120	121	122	144	172	173	184	186	191	201	205	234	250	252	359	#
546	1915024	10	17	38	71	74	76	79	84	86	110	124	126	131	136	144	146	149	171	183	229	230	233	249	252	359	#
547	315934	14	148	208	232	360	#
548	365801	72	100	148	150	360	#
549	336297	31	67	197	208	360	#
550	309908	109	226	228	232	360	#
551	211089	14	113	135	232	360	#
552	1026273	26	43	92	114	124	125	169	170	191	194	207	209	229	361	#
553	995880	25	43	47	53	80	85	117	125	142	164	167	204	205	361	#
554	967302	5	9	17	41	46	63	115	130	168	170	184	223	228	361	#
555	932693	1	30	65	103	105	116	154	177	178	207	215	232	235	361	#
556	930463	14	49	62	94	95	96	128	141	155	163	195	209	221	361	#
557	911775	15	30	34	52	75	114	118	129	142	157	167	191	206	361	#
558	1172626	16	28	32	39	40	43	69	91	101	114	115	138	142	151	180	195	200	202	212	224	243	362	#
559	1722577	45	72	73	82	84	87	94	104	114	117	139	142	145	150	167	176	182	187	195	219	232	362	#
560	1677213	6	8	16	25	46	50	73	98	134	166	176	184	196	210	212	215	219	222	235	249	253	362	#
561	1648428	5	25	37	44	55	73	79	82	89	94	96	99	104	105	111	125	126	130	196	219	243	362	#
562	1624744	55	66	81	97	104	105	107	115	120	139	187	189	196	209	212	217	219	223	232	248	255	362	#
563	1618814	19	34	45	46	69	80	89	91	92	117	129	137	149	158	186	211	212	218	219	235	254	362	#
564	970137	2	7	10	21	47	71	82	120	129	153	170	198	219	237	239	240	363	#
565	1383545	34	46	71	78	86	108	122	127	139	145	164	169	170	182	190	201	363	#
566	1251784	1	24	35	45	62	86	91	126	133	143	174	176	189	227	239	241	363	#
567	1240337	5	7	10	14	22	24	25	52	63	84	89	122	133	155	171	237	363	#
568	1208418	28	30	42	45	63	73	105	126	138	155	164	189	219	221	240	246	363	#
569	1120163	6	10	11	15	39	45	61	91	95	98	99	113	128	149	220	253	363	#
570	170181	10	131	364	#
571	184686	10	22	364	#
572	105884	96	131	364	#
573	706380	13	17	73	141	149	193	201	234	365	#
574	806203	14	81	94	149	154	180	193	222	365	#
575	763436	4	13	17	52	177	193	206	229	365	#
576	601002	20	23	27	98	117	131	180	201	365	#
577	579607	8	13	52	158	210	219	223	232	365	#
578	564434	73	132	143	171	173	222	234	244	365	#
579	2721315	2	4	5	11	18	36	38	39	44	47	49	51	55	56	63	67	74	81	97	100	102	112	118	123	130	134	136	140	154	163	167	172	180	189	193	206	209	222	238	247	366	#
580	3233350	1	4	17	30	39	49	54	56	61	76	77	89	101	103	122	124	139	140	150	151	154	155	158	160	167	171	174	180	183	191	194	206	208	212	214	222	229	238	241	253	366	#
581	3198874	2	4	15	22	23	31	39	49	51	61	64	79	83	90	97	103	105	106	113	114	122	124	125	131	132	139	145	149	150	158	162	163	168	180	182	189	206	221	222	255	366	#
582	2989327	2	4	23	25	28	30	34	42	45	52	54	55	81	83	89	90	114	124	125	130	132	137	139	140	145	149	153	158	177	181	188	195	207	209	215	216	222	242	243	255	366	#
583	2979862	1	4	12	14	25	35	36	42	46	52	53	54	62	66	73	74	95	99	103	107	110	112	120	136	138	142	157	158	160	161	162	167	174	193	208	213	236	239	253	255	366	#
584	2969756	2	4	17	31	47	60	71	73	74	75	79	83	89	96	98	100	104	124	132	137	139	141	142	152	155	157	160	163	180	189	203	207	209	214	221	222	224	230	238	252	366	#
585	743073	14	41	43	58	80	90	94	134	140	162	179	183	186	201	207	367	#
586	1095844	17	19	20	34	36	57	85	121	130	134	139	195	201	231	240	367	#
587	1080494	8	14	47	54	74	82	105	110	121	137	184	203	230	236	253	367	#
588	1053293	11	13	23	36	69	78	87	92	145	146	162	179	190	221	247	367	#
589	1006206	17	19	23	48	76	79	80	89	106	107	132	136	188	201	255	367	#
590	987348	1	22	48	64	65	77	89	99	111	140	166	186	225	233	235	367	#
591	604645	4	39	45	47	51	170	191	202	212	225	368	#
592	852848	29	45	53	93	117	176	187	195	234	244	368	#
593	837534	10	29	81	106	118	150	163	202	221	239	368	#
594	827869	4	67	81	115	120	146	150	175	191	217	368	#
595	801496	8	58	76	115	125	170	190	206	219	229	368	#
596	711738	21	29	49	74	80	97	191	202	236	252	368	#
597	664056	30	51	110	115	130	142	184	191	205	251	369	#
598	789313	17	45	48	138	147	148	172	183	184	227	369	#
599	772827	23	25	39	48	51	103	118	138	143	174	369	#
600	746177	45	69	72	95	110	129	132	138	160	236	369	#
601	719516	18	19	23	38	108	130	147	153	238	252	369	#
602	700236	28	30	38	42	58	98	178	194	205	252	369	#
603	1464799	0	24	47	62	69	90	94	117	136	149	153	160	167	198	209	222	227	237	249	250	370	#
604	1751301	5	50	60	71	75	80	90	117	118	119	139	153	160	164	180	191	197	227	229	230	370	#
605	1643103	28	29	38	45	47	52	56	66	99	109	134	139	149	164	171	173	197	230	250	254	370	#
606	1635501	4	20	23	24	26	37	40	48	75	76	82	98	117	149	163	170	171	186	209	215	370	#
607	1626212	4	38	40	55	62	69	99	108	119	138	150	152	182	194	195	196	198	207	248	249	370	#
608	1620584	15	42	55	60	80	89	111	116	133	136	153	165	180	186	191	226	229	232	234	249	370	#
609	332615	40	137	184	241	371	#
610	304679	9	52	56	241	371	#
611	289144	40	77	86	131	371	#
612	272301	75	91	184	243	371	#
613	246946	1	58	137	152	371	#
614	240426	2	79	147	192	372	#
615	335312	69	73	192	225	372	#
616	237672	2	28	167	235	372	#
617	166160	44	51	132	147	372	#
618	70151	121	#
619	105509	178	#
620	205937	96	169	219	373	#
621	173032	62	89	219	373	#
622	162682	96	157	161	373	#
623	135207	169	216	223	373	#
624	290869	4	23	134	229	374	#
625	414129	10	125	229	232	374	#
626	243729	42	97	134	203	374	#
627	241663	4	55	101	162	374	#
628	150361	23	60	127	204	374	#
629	143366	117	196	375	#
630	151050	6	196	375	#
631	131203	117	127	375	#
632	602984	45	58	109	124	167	204	217	227	243	376	#
633	684557	4	49	70	82	87	109	118	170	204	376	#
634	681809	91	104	116	127	167	215	217	225	249	376	#
635	669530	20	42	45	46	62	116	132	155	222	376	#
636	602394	16	34	40	105	109	145	147	212	218	376	#
637	596084	8	12	50	121	141	148	167	230	232	376	#
638	420877	42	87	90	130	145	236	377	#
639	529574	25	43	131	145	159	165	377	#
640	500431	78	82	90	168	217	230	377	#
641	410163	79	81	204	210	236	246	377	#
642	376689	3	42	82	172	183	199	377	#
643	316420	12	54	64	75	87	162	377	#
644	948720	13	47	66	85	120	121	128	141	149	153	157	172	191	225	242	378	#
645	1290573	9	32	57	62	66	93	104	105	124	172	201	222	224	245	249	378	#
646	1209606	19	31	44	45	55	70	73	87	89	110	120	178	192	211	229	378	#
647	1166041	19	29	50	52	74	88	95	96	106	122	138	189	198	219	225	378	#
648	1142928	44	61	114	123	127	128	131	141	149	163	177	201	205	238	244	378	#
649	1137740	19	24	44	61	80	85	106	111	118	135	191	210	227	240	253	378	#
650	2366034	0	3	8	11	12	34	38	48	53	59	62	81	97	102	115	144	148	150	158	165	167	179	188	194	205	211	214	215	216	221	225	235	254	379	#
651	2654751	5	8	10	15	18	19	28	33	38	41	48	56	66	71	106	107	127	130	136	139	143	148	161	164	171	174	206	212	229	236	238	250	254	379	#
652	2555189	2	3	4	9	28	33	40	43	53	58	60	81	87	121	124	126	130	134	144	146	152	158	162	172	183	188	202	206	222	225	232	236	253	379	#
653	2535698	0	2	3	4	13	28	39	40	52	63	65	66	102	109	110	118	124	126	129	130	144	146	148	151	173	180	204	214	215	234	250	252	254	379	#
654	2527592	2	3	8	15	27	39	40	45	49	64	76	89	92	101	109	141	143	158	169	174	177	178	179	183	188	192	196	216	236	237	238	251	252	379	#
655	2520033	16	33	39	40	42	45	48	52	56	62	81	126	130	135	142	145	148	150	154	156	158	160	165	167	187	188	206	217	222	225	229	237	243	379	#
656	743751	6	71	89	104	127	154	166	228	242	248	380	#
657	910049	48	49	55	60	66	94	109	125	154	159	380	#
658	850935	68	71	83	91	94	109	127	157	166	247	380	#
659	753365	21	61	127	136	180	195	218	246	248	255	380	#
660	737353	6	26	86	118	130	152	185	202	229	246	380	#
661	695019	23	38	63	71	75	90	125	149	174	228	380	#
662	579305	4	35	81	184	197	208	250	381	#
663	612938	8	66	81	110	149	170	195	381	#
664	547446	26	65	151	157	179	198	250	381	#
665	536543	35	57	145	178	204	251	253	381	#
666	523001	32	119	136	139	178	197	250	381	#
667	493160	4	111	121	125	140	172	229	381	#
668	633787	1	86	94	113	126	157	222	242	246	382	#
669	773561	0	76	87	88	138	186	229	246	249	382	#
670	743794	17	63	174	175	179	191	195	222	239	382	#
671	646171	6	10	28	59	76	126	129	173	210	382	#
672	639600	52	79	80	126	159	173	175	224	242	382	#
673	637421	6	24	28	86	113	136	186	210	249	382	#
674	956821	26	40	70	87	97	121	131	134	136	187	195	213	237	253	383	#
675	1124383	13	40	76	84	121	166	188	192	195	202	224	228	236	251	383	#
676	1112742	4	29	57	60	103	146	165	166	167	170	171	206	208	253	383	#
677	1066997	1	40	60	65	78	107	118	119	173	186	194	217	221	240	383	#
678	1053809	11	35	43	53	69	82	86	187	202	224	232	238	249	253	383	#
679	1050314	9	59	72	97	105	108	124	132	133	140	159	208	228	251	383	#
680	147228	39	250	384	#
681	122869	39	241	384	#
682	765588	10	29	32	79	93	183	198	206	217	229	230	385	#
683	954928	0	9	36	53	64	93	105	126	163	202	241	385	#
684	817478	20	32	59	88	118	145	157	198	215	239	243	385	#
685	783962	8	11	28	48	60	105	108	177	198	216	229	385	#
686	745753	17	61	108	131	152	183	185	199	229	243	251	385	#
687	733583	100	103	149	157	158	168	170	200	229	230	248	385	#
688	165813	47	143	181	225	247	386	#
689	244002	9	171	194	225	244	386	#
690	218317	105	109	143	144	204	386	#
691	218181	2	65	114	218	387	#
692	271731	30	41	114	255	387	#
693	223948	7	32	65	164	387	#
694	178945	0	158	196	218	387	#
695	161584	2	21	101	194	387	#
696	762741	11	40	49	88	102	109	174	184	198	233	238	388	#
697	1014630	1	46	58	70	76	92	123	174	184	186	216	388	#
698	894112	32	39	63	150	169	179	184	195	228	230	233	388	#
699	809318	28	47	172	180	187	194	196	233	238	246	255	388	#
700	736583	7	14	40	54	83	98	102	159	179	211	252	388	#
701	726966	18	97	102	109	114	124	141	169	185	212	242	388	#
702	425626	52	83	122	213	227	389	#
703	492817	52	59	95	183	236	389	#
704	487050	21	67	83	136	250	389	#
705	425814	170	183	196	213	245	389	#
706	372440	61	119	122	227	228	389	#
707	352440	15	116	122	173	239	389	#
708	206125	225	239	243	251	390	#
709	185938	9	54	116	239	390	#
710	37046	102	#
711	1398035	5	11	28	30	37	39	59	69	71	91	109	113	118	139	143	158	206	214	225	252	391	#
712	1637205	1	16	27	50	52	69	77	81	94	98	119	150	154	189	191	196	209	211	225	235	391	#
713	1546521	0	5	25	41	43	70	78	103	111	117	121	141	161	183	187	193	196	226	241	254	391	#
714	1474474	30	43	63	65	77	95	103	122	135	136	144	148	157	171	182	193	205	232	235	241	391	#
715	1461569	24	30	39	47	48	49	59	70	76	116	129	137	138	145	175	187	192	208	237	238	391	#
716	1458793	21	38	40	47	71	76	85	126	129	133	151	179	180	182	191	196	199	208	241	254	391	#
717	778646	20	48	62	69	92	97	154	155	184	196	203	392	#
718	945757	30	48	61	79	138	155	197	229	235	239	252	392	#
719	914621	27	42	56	92	105	124	127	128	131	147	150	392	#
720	840180	34	59	105	112	147	151	154	155	173	177	250	392	#
721	828034	76	77	86	128	129	150	184	198	209	219	225	392	#
722	773092	17	29	50	76	150	154	180	183	196	210	251	392	#
723	560324	56	74	162	168	180	208	226	393	#
724	583014	19	57	139	186	208	226	244	393	#
725	541367	42	59	92	131	162	196	243	393	#
726	516955	56	64	69	90	112	126	153	393	#
727	514792	36	40	71	110	168	217	224	393	#
728	473790	38	58	71	180	191	216	240	393	#
729	387103	26	58	62	63	114	194	244	394	#
730	571405	12	26	28	65	154	205	253	394	#
731	521894	5	30	62	114	126	145	253	394	#
732	488102	15	43	63	133	180	207	215	394	#
733	485873	70	73	84	91	112	175	244	394	#
734	445322	1	6	41	62	91	198	252	394	#
735	815187	32	42	63	65	68	79	125	126	147	172	224	395	#
736	1009179	8	26	32	57	94	109	110	139	156	160	167	395	#
737	923831	14	20	65	67	68	87	129	149	155	189	238	395	#
738	915234	3	7	30	42	109	131	170	184	188	189	202	395	#
739	788852	45	47	67	68	91	109	126	129	207	231	249	395	#
740	763696	92	97	125	159	177	186	227	232	235	245	247	395	#
741	329149	97	136	147	208	396	#
742	328005	64	101	112	208	396	#
743	305334	114	147	152	208	396	#
744	240868	119	136	178	233	396	#
745	187696	41	71	97	247	396	#
746	1358399	15	99	121	131	133	136	160	161	174	181	183	186	188	189	208	232	397	#
747	1233213	16	22	33	81	92	116	125	137	139	181	188	189	205	211	219	234	397	#
748	1228584	2	26	54	70	117	131	136	146	167	189	195	208	211	235	246	250	397	#
749	1205647	2	33	38	39	41	56	58	61	72	80	81	104	130	133	142	169	397	#
750	1163151	0	12	21	24	41	66	121	131	133	161	165	167	175	184	208	225	397	#
751	1130815	7	18	35	41	65	82	83	95	106	120	122	142	146	161	188	199	397	#
752	2160632	4	10	24	28	32	55	56	64	79	85	89	100	103	111	141	153	155	158	162	167	168	183	184	187	188	191	198	200	217	218	219	223	229	242	244	245	398	#
753	2961242	0	11	26	27	33	35	64	66	70	71	79	82	85	109	128	129	130	135	137	142	144	149	151	154	163	168	188	189	202	207	208	222	229	230	238	244	398	#
754	2781560	4	14	15	18	21	28	41	47	50	51	55	57	58	71	77	99	106	110	112	116	127	135	149	151	154	163	167	182	189	214	229	232	241	242	246	255	398	#
755	2707037	1	3	10	15	23	30	33	56	62	69	73	85	86	96	99	103	106	114	118	131	144	150	163	167	188	192	194	196	200	214	219	222	234	248	254	255	398	#
756	2676988	5	15	22	25	32	33	35	42	43	48	51	58	61	71	88	96	106	117	126	132	135	150	160	178	181	182	183	188	192	201	207	208	214	219	225	239	398	#
757	2649409	4	8	14	19	26	27	28	38	42	51	57	60	64	71	95	100	103	106	107	110	118	132	153	158	162	168	177	178	181	192	201	209	214	217	239	243	398	#
758	1988675	6	16	17	21	27	30	37	67	70	89	99	110	121	137	147	160	162	174	175	177	182	184	186	192	198	200	202	205	207	217	399	#
759	2455349	1	6	36	43	51	66	80	82	85	99	108	122	124	125	135	137	142	150	161	186	190	195	198	217	222	226	234	238	246	247	399	#
760	2326101	8	17	31	36	60	61	62	73	81	86	120	128	135	137	142	149	161	166	184	188	197	215	224	227	231	234	235	242	248	254	399	#
761	2291810	5	17	19	24	41	42	45	51	60	67	70	91	105	108	117	128	141	142	174	176	177	187	194	202	205	206	211	212	227	253	399	#
762	2257744	38	57	71	73	75	76	80	108	126	137	141	147	161	170	174	176	180	181	193	198	205	207	217	219	230	233	243	247	252	253	399	#
763	2256377	0	18	19	29	40	43	60	63	71	79	83	86	109	115	141	145	147	168	169	170	187	197	198	202	207	215	217	219	228	235	399	#
764	2436842	1	13	15	29	31	38	43	48	49	53	83	84	93	103	106	122	133	144	154	161	162	186	189	208	215	217	219	221	222	223	242	254	400	#
765	2547904	12	29	33	34	45	64	66	68	73	75	83	84	91	108	110	113	122	123	145	156	161	163	172	173	188	195	219	221	226	241	244	249	400	#
766	2421207	5	12	35	49	64	66	75	93	95	98	102	108	118	123	137	143	146	174	178	189	197	199	206	213	219	224	230	232	242	245	249	252	400	#
767	2409472	2	29	36	53	66	78	80	83	88	89	100	108	110	133	146	148	163	167	169	174	177	194	202	207	216	224	225	233	235	238	241	244	400	#
768	2405509	11	13	15	18	24	54	62	73	78	81	90	95	106	107	119	120	145	164	169	178	186	194	201	203	206	219	226	229	230	232	249	251	400	#
769	2375998	12	14	27	38	41	45	63	88	94	113	115	122	127	130	133	137	161	163	174	185	186	200	206	208	216	217	218	222	223	225	238	250	400	#
770	354979	4	55	142	205	209	242	401	#
771	525816	32	90	104	149	209	231	401	#
772	454272	125	142	198	217	236	245	401	#
773	449121	50	130	164	165	191	205	401	#
774	333951	55	89	130	164	178	242	401	#
775	329622	4	32	60	153	200	221	401	#
776	1793405	5	11	16	18	57	63	67	87	97	99	114	116	117	121	141	170	178	183	192	196	213	220	253	402	#
777	1855395	11	15	16	34	48	52	71	72	78	81	99	104	127	144	145	170	195	198	199	213	223	226	229	402	#
778	1849192	4	18	44	45	61	70	72	73	89	97	114	128	132	166	170	178	181	187	192	209	212	213	234	402	#
779	1848820	2	17	18	19	64	81	96	128	136	137	145	148	150	154	189	199	202	205	223	229	249	252	254	402	#
780	1839546	15	17	24	50	52	85	109	114	132	133	134	179	183	195	198	199	200	203	215	223	228	230	244	402	#
781	1806312	3	39	48	67	72	80	95	99	100	118	119	126	128	129	136	137	146	150	178	211	228	232	247	402	#
782	1468879	4	11	41	63	74	86	95	96	104	116	117	126	141	177	181	183	193	226	227	231	233	249	250	403	#
783	2003546	4	11	14	16	21	26	37	46	55	87	96	104	125	148	152	158	165	170	181	195	234	246	252	403	#
784	1905691	0	24	32	37	66	73	74	79	80	83	89	95	108	126	130	149	153	160	178	185	208	231	254	403	#
785	1835693	11	15	30	52	55	65	67	72	73	77	93	103	104	117	139	148	152	167	203	219	243	246	254	403	#
786	1815063	5	11	15	32	47	49	52	55	61	102	106	108	112	133	145	158	161	208	227	232	235	244	250	403	#
787	1798992	15	16	33	37	44	60	67	77	96	115	134	142	168	176	182	194	199	202	209	231	244	246	252	403	#
788	1508419	35	52	53	70	78	91	95	101	111	113	118	121	139	140	142	157	160	168	181	184	218	221	227	233	250	404	#
789	2030968	4	13	22	25	30	33	38	46	78	86	93	95	109	122	142	154	156	157	166	179	194	221	232	237	245	404	#
790	1938087	5	36	37	38	48	66	86	96	117	122	142	146	152	154	160	166	180	200	205	207	228	238	240	250	254	404	#
791	1878750	9	12	13	18	34	49	52	81	83	86	99	109	121	140	154	159	160	166	178	182	183	189	191	194	239	404	#
792	1858970	1	35	37	44	75	77	81	86	90	120	125	129	157	161	165	168	172	177	188	191	208	210	216	221	254	404	#
793	1855352	1	14	31	32	35	39	46	49	69	80	83	102	106	133	138	140	150	165	167	177	195	216	221	229	250	404	#
794	384528	10	21	123	160	168	405	#
795	532752	21	98	170	174	195	405	#
796	400085	78	123	157	159	186	405	#
797	319823	25	91	104	168	203	405	#
798	312045	4	10	28	104	252	405	#
799	296601	12	82	132	160	194	405	#
800	340662	38	197	222	406	#
801	243438	26	38	212	406	#
802	166016	0	222	251	406	#
803	165521	7	16	197	406	#
804	617318	7	19	48	78	95	96	124	162	255	407	#
805	715978	7	24	48	81	85	98	160	190	214	407	#
806	659839	7	31	51	66	119	150	198	208	249	407	#
807	619098	22	35	114	124	152	164	225	231	254	407	#
808	614673	87	88	96	119	151	179	190	219	222	407	#
809	611436	1	9	74	83	131	152	169	254	255	407	#
810	94778	255	#
811	1354372	4	26	58	61	106	113	116	139	141	150	158	170	186	190	195	200	203	230	408	#
812	1633758	15	65	89	106	114	116	121	123	133	172	174	182	184	193	197	198	235	254	408	#
813	1550979	26	38	51	53	71	72	90	92	101	105	120	133	164	172	205	208	236	241	408	#
814	1543318	4	8	18	50	58	67	125	133	140	143	157	180	184	188	197	209	235	255	408	#
815	1460280	15	25	26	64	113	118	131	156	158	159	163	164	176	178	208	210	225	233	408	#
816	1375548	22	46	71	73	77	79	95	106	111	119	124	141	164	174	198	218	230	246	408	#
817	2026740	19	27	28	31	35	45	46	54	58	87	88	91	97	98	114	120	121	132	140	149	150	176	189	194	203	206	208	216	225	240	242	409	#
818	2467242	21	24	35	37	45	46	49	50	69	70	90	97	104	106	117	120	146	155	159	165	172	176	187	194	195	209	214	222	227	238	241	409	#
819	2454483	9	12	13	14	16	33	39	42	46	62	64	70	72	79	87	114	117	127	140	141	160	174	188	191	200	203	207	214	217	222	239	409	#
820	2429022	26	50	56	62	64	70	87	91	110	114	117	120	122	135	137	138	142	151	164	176	185	190	191	195	201	225	234	244	245	247	248	409	#
821	2420502	5	10	16	19	26	29	32	47	52	69	72	87	95	106	108	121	124	131	135	154	163	189	192	194	196	203	216	233	235	252	254	409	#
822	2384139	3	12	21	26	29	53	62	64	85	95	97	121	128	146	150	155	162	169	173	176	189	194	196	201	206	212	214	222	234	240	255	409	#
823	233306	135	160	219	410	#
824	221529	13	28	219	410	#
825	148531	9	135	248	410	#
826	121703	81	160	168	410	#
827	223183	125	192	247	411	#
828	246203	5	247	253	411	#
829	206302	3	125	145	411	#
830	175869	99	175	192	411	#
831	1165561	4	19	28	31	32	48	62	73	74	76	84	88	93	113	125	154	160	190	219	235	242	412	#
832	1715122	26	48	60	64	76	78	81	90	119	126	132	145	177	181	186	204	213	230	234	242	243	412	#
833	1675305	0	26	28	40	59	61	73	94	108	110	112	162	166	172	173	197	224	225	226	228	229	412	#
834	1593696	0	27	30	32	34	49	59	60	67	76	80	81	108	160	171	189	195	199	227	234	253	412	#
835	1591301	8	16	31	37	38	59	61	66	67	74	105	132	192	194	199	213	219	250	252	253	255	412	#
836	1585883	38	42	44	58	60	83	86	90	104	112	130	132	147	154	166	186	189	198	199	213	243	412	#
837	272518	3	149	216	230	413	#
838	272358	4	37	230	245	413	#
839	267053	3	94	203	230	413	#
840	256295	82	141	143	149	413	#
841	228180	67	116	216	240	413	#
842	102839	11	117	414	#
843	135703	109	117	414	#
844	407774	6	11	83	139	178	212	242	415	#
845	572680	14	41	76	87	139	208	225	415	#
846	548346	18	53	165	167	178	246	254	415	#
847	504851	6	53	90	137	159	182	219	415	#
848	486619	17	18	47	68	83	206	212	415	#
849	407481	35	82	83	129	134	145	201	415	#
850	97896	64	#
851	553853	28	51	60	70	76	89	164	174	251	416	#
852	791909	48	70	83	126	174	178	197	220	255	416	#
853	772523	28	65	76	115	118	138	173	202	205	416	#
854	688204	9	12	18	51	146	151	160	170	243	416	#
855	667858	26	35	74	76	83	113	170	173	184	416	#
856	636179	13	89	96	112	119	127	161	174	175	416	#
857	430707	17	53	102	222	248	417	#
858	497686	17	27	90	95	234	417	#
859	401888	27	36	66	102	180	417	#
860	368848	53	102	179	201	241	417	#
861	363867	48	52	59	111	248	417	#
862	295042	40	165	180	222	225	417	#
863	526385	8	25	43	95	101	105	173	204	418	#
864	712966	17	52	75	95	99	124	173	224	418	#
865	604412	66	83	86	105	163	210	219	226	418	#
866	525289	69	74	109	145	156	190	201	204	418	#
867	514781	25	50	133	145	210	213	227	240	418	#
868	510999	54	97	110	120	140	173	195	246	418	#
869	635170	23	26	98	125	139	160	200	206	248	249	419	#
870	757131	10	31	40	61	67	117	120	163	190	200	419	#
871	752580	16	19	22	40	98	104	239	245	247	249	419	#
872	735928	13	26	123	148	202	216	232	233	244	249	419	#
873	693826	27	117	123	146	160	164	194	218	238	242	419	#
874	626310	58	59	72	83	92	132	139	207	208	220	419	#
875	585710	4	52	59	170	181	187	224	420	#
876	600101	0	4	80	95	109	208	209	420	#
877	566557	24	48	86	114	123	143	181	420	#
878	522913	80	109	125	172	184	210	224	420	#
879	522411	8	42	59	76	80	87	94	420	#
880	508466	41	52	87	108	127	217	221	420	#
881	91925	88	225	421	#
882	106855	221	225	421	#
883	81136	9	#
884	1561652	1	12	23	39	46	99	102	104	126	133	137	139	156	163	165	170	197	223	243	248	422	#
885	1702819	0	13	22	44	46	78	82	87	97	104	124	137	152	163	170	175	184	195	234	243	422	#
886	1689836	15	23	37	39	60	71	92	104	107	110	115	135	137	182	183	186	187	206	248	255	422	#
887	1631977	1	12	16	39	40	56	59	78	86	98	119	161	171	197	201	213	221	228	252	253	422	#
888	1549580	25	47	82	99	108	110	112	115	140	152	153	154	163	187	197	199	200	218	234	236	422	#
889	1543563	1	5	47	48	57	69	81	97	98	111	118	124	140	141	161	193	202	212	243	252	422	#
890	57111	137	143	148	423	#
891	45158	54	148	155	423	#
892	256610	35	43	60	424	#
893	320228	60	108	163	424	#
894	201206	18	35	165	424	#
895	858653	15	20	24	35	36	49	70	198	211	237	248	425	#
896	999053	24	60	70	79	109	156	186	221	222	230	242	425	#
897	853527	15	23	37	54	70	143	175	200	216	249	250	425	#
898	776391	35	57	60	87	91	123	149	173	178	213	253	425	#
899	739831	1	24	91	116	134	156	161	168	172	191	248	425	#
900	700307	14	35	36	38	75	113	124	207	245	250	251	425	#
901	481326	70	129	155	159	185	220	250	426	#
902	518908	83	86	117	154	185	219	247	426	#
903	517946	0	39	80	137	157	220	243	426	#
904	514088	45	64	70	106	123	155	217	426	#
905	498557	97	101	115	118	231	243	250	426	#
906	462514	88	136	159	170	198	211	249	426	#
907	748407	0	72	74	83	92	131	151	254	427	#
908	839451	29	34	42	69	117	125	131	175	427	#
909	785770	92	155	177	205	222	224	230	234	427	#
910	703336	1	34	42	152	160	192	244	254	427	#
911	647549	64	72	73	78	97	134	151	160	427	#
912	637392	16	45	61	133	151	153	228	238	427	#
913	57030	68	100	428	#
914	67610	97	100	428	#
915	502580	5	9	23	63	95	112	122	213	429	#
916	702960	9	61	69	71	98	100	139	184	429	#
917	519956	63	74	103	170	191	237	247	249	429	#
918	464120	5	15	23	75	96	109	111	123	429	#
919	458516	6	39	44	107	122	126	157	213	429	#
920	395659	9	22	73	90	105	171	213	214	429	#
921	792835	19	74	109	117	122	127	205	222	250	430	#
922	793671	48	55	74	117	122	133	147	222	250	430	#
923	781172	9	14	79	109	150	166	211	214	224	430	#
924	759410	74	97	110	120	131	149	163	212	249	430	#
925	669023	9	38	55	57	75	77	142	234	250	430	#
926	663786	90	111	122	162	174	188	229	238	239	430	#
927	215736	132	142	210	213	217	431	#
928	280120	46	69	74	119	217	431	#
929	172030	91	96	187	209	210	431	#
930	1329871	25	26	51	54	59	71	80	90	105	124	134	139	145	162	187	190	210	211	432	#
931	1582638	1	26	28	48	49	56	64	71	92	117	166	174	180	181	190	214	253	255	432	#
932	1521034	18	37	51	66	67	93	116	117	156	158	168	173	184	190	199	211	217	220	432	#
933	1460083	20	33	41	44	51	52	53	66	70	80	116	130	139	147	155	170	180	246	432	#
934	1446539	27	37	49	64	75	78	82	85	97	124	180	182	194	201	210	211	219	236	432	#
935	1394190	2	4	25	26	42	85	97	103	121	162	165	184	189	211	214	219	231	234	432	#
936	249732	32	89	140	163	433	#
937	362601	44	125	163	164	433	#
938	263600	2	133	140	213	433	#
939	239668	32	74	163	185	433	#
940	218489	29	89	129	188	433	#
941	133686	20	23	434	#
942	166942	20	189	434	#
943	125211	6	23	434	#
944	211346	19	129	194	435	#
945	306361	19	174	254	435	#
946	298057	9	129	175	435	#
947	221392	14	194	231	435	#
948	509248	43	62	93	98	112	181	436	#
949	548264	3	59	62	123	202	229	436	#
950	508129	54	59	62	93	202	234	436	#
951	435914	7	112	208	210	244	246	436	#
952	432562	4	53	98	105	221	224	436	#
953	350324	35	88	106	111	136	181	436	#
954	2523649	13	19	25	26	28	33	38	47	54	62	66	72	75	78	87	96	101	111	117	122	133	150	178	180	184	193	215	219	221	223	230	240	249	437	#
955	2676451	15	16	34	36	46	52	58	62	65	90	93	105	109	115	133	145	148	167	169	173	174	176	186	189	206	207	210	220	230	232	233	235	247	437	#
956	2618702	11	15	18	22	34	49	57	61	62	65	72	74	85	92	109	124	125	126	133	140	159	164	192	198	203	206	212	214	221	233	235	237	255	437	#
957	2560991	11	12	13	16	25	30	37	38	46	47	54	58	93	99	105	111	122	146	150	166	167	172	179	184	186	188	191	216	223	238	241	251	254	437	#
958	2549184	25	34	40	49	52	61	63	66	76	79	97	103	104	109	124	133	135	140	141	150	155	158	165	168	176	184	192	229	232	244	249	254	255	437	#
959	2525412	3	13	18	22	26	27	46	67	72	78	93	102	110	117	125	132	135	137	142	145	146	150	166	173	174	193	207	211	214	226	234	251	254	437	#
960	3016440	1	10	14	16	19	22	24	49	60	61	64	67	70	73	74	77	79	83	86	104	123	125	139	149	154	155	158	171	173	176	192	193	195	206	214	218	228	232	235	244	252	438	#
961	3260382	5	14	15	18	20	27	29	45	51	52	56	57	58	73	81	89	90	92	96	121	133	135	145	146	148	149	150	152	154	187	188	199	211	218	221	223	225	232	237	238	244	438	#
962	3242549	10	14	16	17	22	25	36	45	57	60	65	83	86	89	110	116	117	119	121	125	126	130	133	139	143	155	170	171	172	173	186	190	196	197	210	212	235	237	239	242	255	438	#
963	3180498	1	3	7	10	14	20	21	26	30	39	49	53	57	83	104	106	112	116	126	132	133	136	145	152	155	167	168	171	172	175	188	192	203	225	230	232	239	245	246	253	255	438	#
964	3145980	2	7	10	12	14	15	17	18	26	27	30	36	44	62	63	64	70	71	83	89	91	105	113	121	125	146	147	149	152	160	161	165	176	183	195	197	224	226	232	240	255	438	#
965	3133724	2	11	22	24	25	26	27	32	36	37	44	49	56	58	62	73	86	91	93	112	116	117	119	135	138	160	167	168	172	197	199	202	205	208	210	211	212	219	221	225	253	438	#
966	419751	75	104	111	184	207	218	240	439	#
967	554087	1	104	131	195	237	245	253	439	#
968	524834	0	53	169	184	224	228	233	439	#
969	522411	0	80	118	136	158	175	218	439	#
970	508561	91	111	118	195	207	228	229	439	#
971	474097	74	77	80	87	169	195	240	439	#
972	781466	10	40	53	60	83	95	131	142	190	226	241	440	#
973	961474	7	16	83	99	110	119	122	168	189	199	253	440	#
974	868647	27	57	60	89	114	122	152	170	235	238	241	440	#
975	857470	8	57	100	122	124	142	176	179	207	229	243	440	#
976	817391	16	32	69	95	99	109	127	151	188	213	223	440	#
977	776445	18	26	53	142	165	175	190	196	217	235	243	440	#
978	2414949	0	16	23	32	34	43	45	47	69	79	80	87	88	90	103	114	120	130	142	154	159	176	177	183	191	192	193	195	200	201	202	206	210	220	227	232	240	441	#
979	2915356	5	8	21	28	39	42	43	44	63	78	86	87	90	98	118	120	125	129	141	147	149	157	161	165	168	186	191	198	201	206	208	213	217	220	223	240	244	441	#
980	2874162	0	5	6	9	13	16	30	43	55	64	80	89	97	103	114	115	120	125	135	141	142	153	160	166	176	189	198	202	204	206	208	218	225	234	235	247	250	441	#
981	2830231	8	11	12	14	16	28	34	37	63	64	65	66	78	80	86	88	90	91	95	116	136	149	159	165	176	178	185	186	189	194	197	204	216	217	227	250	253	441	#
982	2816998	0	5	16	21	25	44	49	55	81	87	97	99	120	121	125	143	147	149	152	153	160	168	174	176	189	197	201	202	206	208	210	211	220	228	230	231	254	441	#
983	2735183	6	8	9	13	19	25	28	30	32	35	51	80	86	91	94	99	106	118	119	128	130	142	146	150	166	171	181	189	192	195	202	206	208	217	242	244	247	441	#
984	382196	4	39	129	186	231	442	#
985	451395	118	167	186	231	255	442	#
986	398111	136	146	150	186	246	442	#
987	366128	16	33	39	111	115	442	#
988	358341	30	33	129	131	160	442	#
989	326559	4	146	174	221	226	442	#
990	756742	11	14	149	152	185	202	214	223	228	443	#
991	778578	90	172	182	183	191	208	223	231	249	443	#
992	767339	115	117	185	189	206	211	222	242	249	443	#
993	673486	0	46	57	69	152	181	209	221	243	443	#
994	652272	14	71	107	109	136	150	162	227	231	443	#
995	586144	11	158	164	167	188	205	218	233	247	443	#
996	883083	19	42	94	95	109	132	134	159	179	198	202	204	208	242	246	248	444	#
997	1234504	2	5	30	50	53	99	122	131	143	151	161	197	215	231	238	248	444	#
998	1229392	10	16	42	92	106	109	113	124	126	144	153	178	184	235	239	243	444	#
999	1221355	20	55	64	83	90	95	99	103	114	125	138	175	193	204	219	227	444	#
1000	1139301	41	42	66	71	89	95	110	139	156	184	189	197	213	228	243	247	444	#
1001	1131406	34	42	70	103	105	122	131	132	147	148	184	197	231	235	248	255	444	#
