%% File generated by CATS v.2.1Wed Jun 19 19:19:11 2013

%% The CATS webpage is http://robotics.stanford.edu/CATS

%% PARAMETER SETTINGS:
% Goods: 256; Bids: 1000; Distribution: arbitrary; Runs: 50; Seed: 1371664721
% Arbitrary Distribution Parameters:
% Max Substitutable Bids = 5
% Removing HV Neighbor   = 0.1
% Adding DIAG Neighbor   = 0.2
% Additional Location    = 0.9
% Additivity             = 0.2
% Budget Factor          = 1.5
% Resale Factor          = 0.5
% Normal Private Value:
%   Mean                 = 0
%   Standard Deviation   = 30



goods 256
bids 1003
dummy 189

0	308810	3	13	71	81	125	157	158	190	240	256	#
1	431611	0	6	87	112	131	151	158	161	222	256	#
2	364351	0	26	30	77	157	160	181	189	221	256	#
3	358511	15	40	44	71	85	114	135	213	222	256	#
4	354300	79	100	144	161	190	223	225	247	254	256	#
5	513525	11	84	88	97	143	182	246	257	#
6	594865	11	72	74	109	113	181	193	257	#
7	568567	16	42	97	135	180	181	222	257	#
8	512210	11	17	84	115	172	195	239	257	#
9	487670	11	19	23	88	106	219	255	257	#
10	472302	11	100	113	143	145	221	227	257	#
11	596840	6	40	58	73	121	147	168	190	222	258	#
12	696367	67	104	132	136	168	171	211	230	252	258	#
13	650371	3	21	82	102	134	176	183	188	222	258	#
14	620031	18	28	58	76	121	164	197	223	246	258	#
15	613250	19	30	37	58	65	104	147	171	252	258	#
16	609619	8	20	39	53	73	82	99	152	177	258	#
17	702383	20	27	31	32	156	172	198	206	212	219	227	230	237	250	259	#
18	1019505	15	27	36	62	106	120	132	137	153	183	186	188	189	240	259	#
19	912743	25	32	58	64	103	124	147	154	162	170	180	191	233	237	259	#
20	882898	4	6	10	45	52	109	139	143	175	216	219	221	227	228	259	#
21	861269	4	8	42	43	54	61	76	124	200	201	219	221	233	243	259	#
22	818813	16	54	63	98	117	143	152	172	199	213	222	239	241	247	259	#
23	536927	4	25	36	44	79	83	92	113	127	185	193	245	260	#
24	790474	12	31	54	63	70	83	84	122	150	152	172	173	260	#
25	754456	2	9	34	43	72	127	153	179	186	210	212	243	260	#
26	753786	4	21	57	80	122	126	145	153	156	157	163	223	260	#
27	700192	22	23	35	60	79	103	115	149	150	180	192	194	260	#
28	697275	3	9	28	51	60	92	102	127	148	161	171	201	260	#
29	253527	64	72	85	93	112	142	156	235	261	#
30	312309	21	39	44	100	136	155	156	216	261	#
31	307772	0	1	23	29	48	88	93	236	261	#
32	293319	20	69	81	130	166	190	206	235	261	#
33	274973	8	51	66	72	74	80	115	245	261	#
34	258181	45	71	85	110	145	166	193	240	261	#
35	671195	3	11	48	56	79	80	84	90	97	107	122	141	178	184	186	192	210	221	262	#
36	1003909	2	10	17	18	33	48	66	67	108	125	144	150	175	214	229	242	243	248	262	#
37	997319	13	26	31	58	66	88	90	91	102	135	152	168	176	184	202	217	224	248	262	#
38	945193	7	17	24	34	46	69	90	110	148	163	170	179	180	182	192	221	223	236	262	#
39	925756	4	36	46	93	126	134	137	140	144	168	179	180	198	219	221	234	242	248	262	#
40	924141	12	49	58	102	112	119	121	135	141	143	147	158	164	172	182	189	201	226	262	#
41	839823	44	50	56	59	60	61	110	169	200	215	252	263	#
42	903057	5	16	44	56	60	78	110	117	124	147	204	263	#
43	801063	21	57	74	95	161	168	185	200	207	209	227	263	#
44	749298	8	57	79	88	156	194	201	247	248	252	255	263	#
45	649173	8	18	36	44	77	86	102	145	178	200	216	263	#
46	630091	2	23	92	129	175	179	210	214	215	231	250	263	#
47	467185	73	125	131	137	141	145	152	264	#
48	650566	115	121	125	129	137	212	235	264	#
49	519969	7	57	99	112	114	125	231	264	#
50	488049	0	51	101	131	148	167	219	264	#
51	471014	33	73	129	137	149	188	200	264	#
52	453016	22	96	141	189	196	216	237	264	#
53	678862	42	114	147	157	168	232	241	265	#
54	536851	9	26	168	207	210	228	231	265	#
55	493917	42	93	108	114	177	181	195	265	#
56	493735	41	42	59	149	170	222	243	265	#
57	451567	32	41	49	60	153	157	171	265	#
58	448762	39	53	73	136	150	153	232	265	#
59	209520	152	190	208	266	#
60	294858	152	159	213	266	#
61	220310	85	190	205	266	#
62	108821	49	75	208	266	#
63	165158	122	127	267	#
64	221673	83	122	267	#
65	439249	22	75	80	108	117	134	150	174	268	#
66	606993	8	10	56	60	80	84	133	231	268	#
67	551316	5	25	38	150	182	192	237	253	268	#
68	532331	22	29	52	61	87	133	150	234	268	#
69	477044	31	51	55	62	73	134	196	215	268	#
70	435777	23	41	64	75	108	132	182	247	268	#
71	89130	17	167	#
72	360354	12	15	86	105	269	#
73	325319	3	22	58	105	269	#
74	272782	24	86	140	212	269	#
75	259596	15	157	212	248	269	#
76	187494	12	118	194	203	269	#
77	1912712	0	19	25	26	40	45	52	55	59	65	69	76	78	81	84	97	98	101	105	109	117	122	124	125	136	140	152	159	190	197	202	204	206	222	234	251	254	270	#
78	2584050	3	11	13	16	28	36	42	52	54	55	60	65	74	76	84	93	110	125	136	137	146	152	159	160	163	180	189	191	201	212	216	217	222	232	245	248	253	270	#
79	2525680	8	16	22	28	36	42	55	56	61	67	71	72	76	81	103	109	110	122	133	135	140	143	144	148	156	169	178	205	213	216	217	225	228	229	238	241	242	270	#
80	2460643	2	3	4	11	21	45	74	77	94	95	98	102	112	115	121	122	134	138	147	154	159	161	166	174	180	181	193	205	213	216	220	225	228	234	236	239	248	270	#
81	2422641	3	7	18	19	21	22	27	66	76	80	84	90	91	93	95	100	102	105	110	116	143	152	158	176	182	183	196	198	202	205	206	208	215	227	236	252	254	270	#
82	2320290	6	20	23	27	38	40	54	57	58	65	82	84	86	87	93	96	110	111	120	133	153	155	160	170	174	176	181	190	191	204	212	217	220	224	225	228	232	270	#
83	333296	73	111	115	194	271	#
84	361888	26	73	83	151	271	#
85	327713	26	115	143	246	271	#
86	309572	12	111	179	232	271	#
87	87582	173	#
88	1022855	25	87	90	136	142	143	146	168	171	197	224	228	236	240	272	#
89	1130558	2	38	69	107	117	130	147	162	168	210	216	236	251	253	272	#
90	1032347	0	23	47	65	102	159	178	182	217	236	243	246	251	255	272	#
91	964933	49	56	72	76	87	93	101	155	173	208	209	227	234	239	272	#
92	947349	9	17	19	23	28	29	65	109	124	128	136	156	219	242	272	#
93	947279	26	57	79	95	106	138	142	143	151	159	167	182	197	204	272	#
94	38192	97	138	273	#
95	45483	138	180	273	#
96	110517	137	#
97	441749	14	21	37	167	205	225	274	#
98	486458	2	37	165	167	173	242	274	#
99	438186	32	67	99	121	123	225	274	#
100	383708	20	78	90	118	124	205	274	#
101	342389	6	21	134	140	167	178	274	#
102	316841	29	68	97	167	189	204	274	#
103	36907	130	#
104	1143188	10	11	12	21	62	83	87	93	132	155	159	162	198	201	220	225	229	248	275	#
105	1414631	22	26	28	30	32	34	42	46	62	90	162	169	173	198	210	219	225	234	275	#
106	1403143	6	10	16	17	42	69	78	88	110	118	121	122	175	183	197	220	233	242	275	#
107	1275968	0	1	20	21	28	30	54	60	67	102	116	151	158	216	220	231	236	253	275	#
108	1230454	30	35	37	46	62	73	78	92	110	120	122	127	136	173	178	217	236	251	275	#
109	1222114	14	17	67	71	87	88	96	113	121	139	142	143	159	162	185	197	224	239	275	#
110	136123	154	185	191	276	#
111	132052	65	185	235	276	#
112	66166	104	191	194	276	#
113	48232	177	#
114	1064336	19	23	30	43	59	61	175	176	202	205	209	213	227	228	239	248	251	254	277	#
115	1307534	0	23	68	93	95	108	129	146	155	182	191	192	194	211	212	236	248	254	277	#
116	1306632	6	14	17	32	59	62	91	112	132	154	168	169	192	215	241	248	251	252	277	#
117	1251862	8	9	42	59	73	78	92	99	115	122	132	137	166	169	174	192	225	228	277	#
118	1249039	0	35	54	83	91	135	137	140	144	149	152	157	168	169	176	185	225	249	277	#
119	1206381	11	18	38	43	88	89	90	94	121	137	140	148	153	161	181	221	236	246	277	#
120	1042061	5	13	26	34	36	39	65	68	75	79	128	129	152	161	191	203	221	224	249	253	278	#
121	1541354	5	28	39	56	60	65	76	79	92	112	122	138	153	159	181	205	208	214	225	253	278	#
122	1428772	36	47	50	56	58	59	67	71	83	94	125	139	150	151	153	160	161	214	220	241	278	#
123	1385542	1	21	22	39	41	114	120	128	158	160	163	165	180	199	202	210	228	244	248	251	278	#
124	1336707	6	18	40	49	60	70	73	75	106	115	160	167	177	180	186	209	215	221	232	254	278	#
125	1316877	15	26	29	39	59	66	75	82	95	99	103	129	143	161	167	175	200	218	236	244	278	#
126	223581	31	186	227	248	279	#
127	288409	4	186	238	251	279	#
128	255028	31	171	173	197	279	#
129	118063	20	45	110	248	279	#
130	108508	137	182	206	227	279	#
131	384194	137	181	231	249	280	#
132	308319	2	224	226	231	280	#
133	268462	32	101	153	181	280	#
134	266887	24	48	105	249	280	#
135	184741	16	24	104	137	280	#
136	915325	24	35	37	87	105	123	124	128	182	219	223	247	281	#
137	1069399	54	99	105	127	151	199	219	222	235	248	252	253	281	#
138	902639	1	34	57	76	124	134	148	154	175	205	253	255	281	#
139	889004	11	17	21	25	143	151	207	223	225	228	248	251	281	#
140	863960	26	125	126	128	164	176	183	193	195	216	217	239	281	#
141	812030	15	34	35	50	58	84	127	128	135	150	234	247	281	#
142	1490793	5	8	15	25	36	45	52	64	99	101	112	173	185	189	198	201	202	204	224	229	230	231	240	242	247	255	282	#
143	1783607	7	9	15	19	22	26	72	77	82	83	86	99	120	122	133	137	162	188	193	200	224	231	240	243	248	254	282	#
144	1725641	11	28	46	60	75	81	83	90	95	102	108	118	119	125	131	146	169	174	188	192	193	198	218	233	237	247	282	#
145	1668315	23	28	41	51	56	74	75	104	127	146	147	158	160	168	169	171	183	186	193	199	210	224	227	234	236	238	282	#
146	1666906	42	52	66	69	70	75	78	80	87	88	91	101	106	112	117	119	120	121	128	135	159	209	225	250	252	254	282	#
147	1625876	2	15	20	40	71	113	115	117	119	124	130	133	147	165	173	174	178	191	199	208	215	217	218	236	252	255	282	#
148	2266896	14	20	23	26	28	34	38	53	56	62	77	82	91	94	96	99	105	108	114	119	132	133	156	158	169	189	199	202	204	210	211	219	221	224	234	237	246	250	254	283	#
149	2733031	1	4	10	14	20	21	24	26	29	30	31	34	59	70	84	112	116	125	128	142	144	146	147	149	151	152	157	159	163	165	186	187	199	213	219	222	228	236	254	283	#
150	2617402	0	1	10	50	54	58	80	86	91	99	115	118	119	121	122	132	141	144	146	161	166	171	173	175	184	187	199	201	205	210	211	214	222	223	228	235	236	243	244	283	#
151	2601898	8	11	28	29	36	37	38	40	52	53	57	64	66	69	75	83	92	94	107	113	115	122	123	125	128	149	152	154	157	164	176	184	187	192	207	209	225	236	244	283	#
152	2529498	4	12	31	39	46	63	65	68	70	76	79	80	81	84	87	99	103	108	113	121	133	141	149	156	165	170	186	190	195	199	205	217	220	225	227	235	236	244	254	283	#
153	2502895	5	20	21	28	31	38	41	58	62	73	75	76	84	86	92	93	94	102	129	136	150	159	161	167	175	185	186	197	199	203	204	207	209	210	216	221	227	231	234	283	#
154	1749581	11	15	17	18	21	35	41	62	71	73	87	94	105	116	118	119	127	134	143	148	151	153	170	178	197	217	219	224	230	284	#
155	2113846	0	15	35	40	42	50	52	57	65	87	94	98	100	105	108	112	126	147	148	153	162	181	186	190	210	215	221	231	232	284	#
156	1950613	10	19	30	35	36	46	49	58	67	72	75	83	95	140	141	147	165	169	170	186	195	209	215	237	238	240	244	251	253	284	#
157	1880923	3	17	18	32	46	58	59	62	66	67	76	79	84	101	103	112	116	121	130	153	155	169	178	181	186	211	231	237	240	284	#
158	1787509	6	9	18	19	21	30	31	32	40	43	55	66	79	109	114	133	136	158	168	178	180	183	187	195	224	225	237	247	253	284	#
159	1771220	8	9	12	15	18	23	27	40	55	59	66	73	80	81	82	106	113	119	126	133	141	143	159	175	183	208	211	215	229	284	#
160	358670	3	20	29	59	78	80	115	122	151	213	244	285	#
161	521260	29	65	68	115	119	182	183	193	194	221	249	285	#
162	518938	4	19	59	75	77	82	97	103	108	119	246	285	#
163	459831	10	24	110	115	127	128	151	195	212	245	252	285	#
164	419740	9	29	70	75	93	134	194	195	202	232	238	285	#
165	391177	3	14	24	73	118	122	142	178	201	245	254	285	#
166	577249	28	57	67	85	98	113	116	129	212	286	#
167	592822	17	39	44	87	116	176	205	235	241	286	#
168	562151	6	28	60	108	129	197	214	216	237	286	#
169	552554	7	8	12	59	161	162	200	204	212	286	#
170	496866	2	21	28	58	67	137	142	212	240	286	#
171	488895	36	112	113	122	153	157	172	180	220	286	#
172	64964	242	#
173	131553	55	96	170	192	229	#
174	655932	60	112	169	183	184	205	238	287	#
175	578145	29	31	37	146	147	148	169	287	#
176	533445	28	37	55	78	127	133	183	287	#
177	500772	110	146	157	205	243	249	251	287	#
178	364920	71	112	168	172	181	214	215	287	#
179	360283	13	60	85	88	139	246	248	287	#
180	137110	230	246	288	#
181	203895	52	246	288	#
182	173320	230	231	288	#
183	388644	26	32	56	62	105	135	221	225	289	#
184	580605	37	62	86	88	110	158	195	208	289	#
185	526542	30	56	86	146	204	213	242	246	289	#
186	504419	12	24	32	66	103	191	220	226	289	#
187	490584	18	38	63	75	105	180	181	255	289	#
188	470548	26	50	61	113	145	225	236	246	289	#
189	860918	36	55	57	168	171	178	179	184	187	224	239	290	#
190	835122	42	48	86	117	121	133	135	168	237	240	254	290	#
191	793172	35	57	85	111	127	133	158	162	209	247	250	290	#
192	768657	69	78	102	106	137	171	172	176	209	239	244	290	#
193	744489	54	57	117	118	141	147	158	187	214	215	218	290	#
194	725799	25	73	83	92	115	173	175	186	189	199	224	290	#
195	299670	23	39	67	166	207	291	#
196	351155	67	109	151	175	192	291	#
197	338363	111	112	146	166	169	291	#
198	237547	1	77	199	207	255	291	#
199	209348	0	23	179	180	213	291	#
200	910247	8	15	50	85	104	115	119	120	140	156	158	194	202	213	222	225	229	236	245	246	292	#
201	1350555	6	52	72	82	96	106	115	119	129	144	172	173	176	177	208	220	227	228	242	243	292	#
202	1338766	0	6	23	29	43	69	105	106	121	145	147	153	165	174	188	205	213	215	223	239	292	#
203	1336714	4	9	21	28	46	56	76	77	116	158	162	171	212	226	227	230	231	235	246	255	292	#
204	1323881	21	24	30	34	64	70	76	78	79	96	104	123	133	147	165	183	184	194	226	253	292	#
205	1322282	34	36	72	77	99	115	121	126	144	158	162	174	185	192	198	205	224	226	229	235	292	#
206	295036	3	14	76	102	124	126	293	#
207	340968	3	74	126	140	161	227	293	#
208	325762	38	72	74	102	226	238	293	#
209	314980	76	111	154	162	206	240	293	#
210	311942	14	156	159	191	197	249	293	#
211	226489	80	85	117	126	197	200	293	#
212	403536	102	130	131	132	140	179	184	294	#
213	522409	4	26	83	102	118	164	213	294	#
214	453130	120	122	134	140	162	184	185	294	#
215	418453	6	116	169	179	201	204	205	294	#
216	392907	4	91	129	140	161	168	213	294	#
217	312971	44	110	128	130	159	164	197	294	#
218	144700	128	203	295	#
219	190639	203	239	295	#
220	154960	100	128	295	#
221	1215606	1	8	9	13	18	19	21	35	39	60	71	73	95	110	111	137	138	154	174	175	182	199	232	248	296	#
222	1708751	8	12	14	21	22	41	54	65	73	76	111	116	122	123	152	153	179	190	195	204	205	206	223	242	296	#
223	1617832	35	41	56	57	59	62	67	77	109	147	155	163	169	179	189	190	196	205	211	214	223	226	233	252	296	#
224	1589611	6	21	32	49	58	62	81	94	105	111	112	118	135	198	205	209	212	215	223	226	242	248	252	255	296	#
225	1525486	1	8	23	25	55	84	106	126	137	138	154	159	163	164	167	177	187	195	203	220	223	244	247	251	296	#
226	1487128	11	22	23	31	35	39	60	61	63	64	76	91	95	99	118	122	134	146	149	208	216	228	239	251	296	#
227	315124	57	79	107	111	180	297	#
228	389949	26	54	57	95	238	297	#
229	341221	73	107	111	134	213	297	#
230	319200	43	58	153	173	180	297	#
231	313459	79	130	224	236	237	297	#
232	225169	12	37	46	81	111	297	#
233	835024	18	19	39	56	57	96	108	148	150	161	174	175	184	202	298	#
234	1044507	4	21	52	57	75	116	122	136	138	162	178	211	228	243	298	#
235	983218	11	16	25	43	53	60	74	102	108	164	168	180	199	241	298	#
236	936296	0	42	65	74	89	108	119	120	136	148	154	196	214	228	298	#
237	906391	6	9	29	53	56	112	136	153	156	163	184	197	251	254	298	#
238	895000	3	19	32	33	121	134	162	168	179	182	193	212	219	249	298	#
239	96298	168	#
240	1674109	20	21	28	45	47	52	88	138	154	156	172	183	191	194	197	208	210	214	216	222	233	235	240	242	244	251	255	299	#
241	2080918	13	15	23	31	35	64	70	78	83	85	100	105	106	112	114	123	130	143	146	156	169	183	197	199	202	216	245	299	#
242	1977876	15	22	41	83	94	95	110	119	120	124	125	133	145	157	181	187	195	201	210	217	220	224	228	230	244	248	254	299	#
243	1976815	4	15	17	56	64	76	83	94	95	104	110	127	141	143	149	163	170	172	175	182	183	190	197	206	216	244	255	299	#
244	1760760	11	32	50	55	68	97	100	103	105	108	124	133	146	167	170	172	178	194	213	214	220	222	224	229	232	251	253	299	#
245	1733739	0	17	18	28	39	61	65	68	82	83	89	95	97	111	119	124	134	135	138	166	187	198	236	237	238	243	254	299	#
246	767695	27	61	69	86	116	121	138	158	213	216	300	#
247	803865	56	77	116	121	147	168	201	202	231	255	300	#
248	774702	61	108	117	140	151	163	203	217	239	243	300	#
249	720981	9	59	94	111	167	216	219	237	239	248	300	#
250	690655	22	27	34	61	63	103	117	138	157	191	300	#
251	675923	27	62	89	164	183	186	193	222	249	253	300	#
252	1815748	24	35	47	48	49	57	77	78	80	93	94	99	101	102	115	119	143	145	161	188	218	220	222	229	230	234	243	301	#
253	1887678	25	37	38	42	54	56	58	66	73	82	94	99	107	111	119	130	142	147	156	164	169	171	218	223	238	247	250	301	#
254	1859672	2	9	29	40	47	51	57	76	99	102	105	115	116	125	130	147	149	158	165	171	174	185	192	206	227	250	252	301	#
255	1856765	9	10	12	31	50	69	78	80	82	86	94	98	119	126	133	138	139	146	153	161	169	210	223	234	236	246	250	301	#
256	1821033	10	16	27	42	57	63	71	74	82	85	103	115	121	141	157	161	164	167	183	198	218	231	234	235	236	253	255	301	#
257	1752336	14	16	24	42	43	45	52	57	58	111	118	121	130	140	141	147	156	161	166	171	177	181	198	204	212	236	251	301	#
258	281056	5	121	245	302	#
259	195766	100	121	201	302	#
260	169076	169	171	245	302	#
261	160678	5	56	217	302	#
262	95607	75	169	303	#
263	120281	120	169	303	#
264	1071852	3	11	40	52	81	89	117	118	120	144	147	150	178	184	196	206	237	304	#
265	1196133	10	37	42	43	70	75	81	89	129	131	139	144	199	209	219	221	231	304	#
266	1174731	18	54	59	63	72	79	86	120	148	153	158	199	216	223	226	227	251	304	#
267	1039493	7	25	53	57	58	97	98	104	108	115	161	178	185	207	237	242	243	304	#
268	1024655	3	4	5	29	40	66	68	122	125	139	195	201	213	218	237	239	251	304	#
269	981089	7	9	13	91	117	121	126	134	140	158	165	199	208	217	219	223	224	304	#
270	234101	94	117	243	305	#
271	277761	0	94	242	305	#
272	250673	63	238	243	305	#
273	192405	33	117	155	305	#
274	1488322	4	18	22	26	29	38	46	54	59	71	78	112	118	122	125	142	159	193	211	215	219	228	254	306	#
275	1671430	12	16	18	22	38	39	71	77	87	90	94	104	105	111	122	161	166	173	199	215	235	237	245	306	#
276	1646592	17	18	29	32	35	49	69	73	82	83	84	86	95	102	137	138	163	201	204	219	233	243	254	306	#
277	1551925	18	20	28	48	49	63	89	96	120	139	143	159	166	178	179	209	215	232	236	238	242	244	246	306	#
278	1513564	0	5	9	10	18	38	39	62	71	80	84	92	99	101	128	139	145	148	184	206	215	220	222	306	#
279	1482392	2	8	16	17	28	32	35	40	83	93	118	139	146	147	154	161	167	190	204	218	224	230	246	306	#
280	294052	37	180	204	239	307	#
281	306679	42	163	173	180	307	#
282	292025	23	37	207	225	307	#
283	275375	110	204	242	255	307	#
284	193408	72	116	226	239	307	#
285	132875	199	#
286	254540	107	128	155	172	178	205	308	#
287	308439	44	126	143	155	161	180	308	#
288	305822	27	84	113	130	131	205	308	#
289	271839	128	179	185	192	219	229	308	#
290	250212	23	91	98	107	195	246	308	#
291	191869	0	78	92	178	214	241	308	#
292	933093	7	13	16	57	63	74	90	98	120	172	175	177	181	192	212	223	224	239	309	#
293	1293849	1	6	30	31	39	61	64	96	139	151	177	184	197	210	224	232	235	249	309	#
294	1291243	11	13	30	39	42	111	115	134	149	168	172	188	210	212	217	225	228	239	309	#
295	1204368	16	29	59	91	118	119	139	149	158	159	170	173	198	206	209	228	230	246	309	#
296	1185460	0	56	57	75	120	121	122	126	143	149	155	194	214	221	228	244	246	249	309	#
297	1148836	13	35	78	97	124	126	138	141	147	177	179	188	217	223	237	241	246	250	309	#
298	395483	16	43	80	100	178	224	310	#
299	548390	8	100	101	110	128	254	310	#
300	447752	50	75	80	115	152	246	310	#
301	361646	80	85	89	168	204	224	310	#
302	349529	15	23	43	216	218	232	310	#
303	295328	10	44	73	97	178	248	310	#
304	259374	123	140	193	253	311	#
305	344491	79	210	243	253	311	#
306	326936	24	110	123	191	311	#
307	312249	89	168	193	205	311	#
308	233136	57	85	140	238	311	#
309	1703834	1	11	24	36	48	59	70	110	117	123	126	128	129	135	136	143	147	152	154	161	164	179	181	190	201	206	214	220	221	226	228	229	231	233	250	312	#
310	2439283	36	37	41	48	53	55	62	70	84	89	92	104	114	121	142	150	159	169	173	175	176	178	182	201	202	210	215	216	236	238	239	240	242	244	254	312	#
311	2319656	6	14	16	22	27	37	41	45	51	63	65	66	70	71	91	94	110	118	119	121	123	131	149	154	159	176	183	186	191	206	220	223	235	242	254	312	#
312	2301335	7	15	25	28	29	39	43	58	60	70	72	76	77	82	90	92	95	116	130	134	136	140	142	148	152	159	167	176	181	192	195	201	221	239	246	312	#
313	2212952	5	9	17	19	22	27	42	48	52	56	60	69	77	82	85	89	96	98	104	128	131	136	143	148	154	156	178	180	193	198	200	215	237	245	252	312	#
314	2165846	16	35	53	57	67	79	94	105	111	118	122	132	136	141	143	146	159	161	169	176	180	186	206	215	218	219	233	238	240	245	247	249	252	254	255	312	#
315	1727746	14	18	19	23	29	32	38	42	53	64	77	85	99	103	119	130	140	157	161	172	175	176	183	199	201	212	229	231	235	243	249	252	313	#
316	2309632	29	31	32	34	45	52	56	66	83	90	94	100	109	128	135	140	150	151	161	178	188	199	201	214	228	232	233	237	242	243	250	251	313	#
317	2257017	16	19	29	52	56	77	79	84	91	94	110	112	116	120	125	128	149	150	152	154	160	161	171	176	181	197	210	213	214	223	224	231	313	#
318	2185118	8	10	19	31	37	47	51	66	83	86	101	103	105	122	132	140	154	161	168	172	179	201	211	235	236	238	239	240	243	245	251	255	313	#
319	2109224	5	6	14	30	32	37	38	40	51	56	66	70	74	77	86	87	108	116	122	124	135	136	140	142	147	165	192	203	204	212	224	238	313	#
320	2048840	2	9	16	22	27	32	35	37	38	61	74	79	87	89	91	130	131	132	134	142	148	157	171	188	189	192	193	201	203	225	231	240	313	#
321	958058	19	26	55	62	67	85	104	111	132	133	158	183	227	314	#
322	1025973	3	11	38	55	66	86	115	135	163	164	169	186	191	314	#
323	1009609	13	33	67	92	106	111	124	154	178	191	218	235	251	314	#
324	912072	91	94	148	159	163	164	183	190	200	218	230	241	250	314	#
325	868233	35	40	62	132	149	152	186	190	194	225	228	242	248	314	#
326	834640	0	7	24	26	30	70	86	102	117	128	154	199	255	314	#
327	96443	224	#
328	1655577	0	3	23	35	45	62	64	65	67	75	93	97	98	100	109	113	117	120	124	133	141	150	151	157	166	175	181	183	188	195	196	197	208	222	225	237	238	251	315	#
329	2438772	0	2	4	5	6	10	17	28	40	50	57	95	100	102	108	114	117	121	122	125	145	150	162	163	164	168	173	179	180	181	189	193	197	203	221	238	248	250	315	#
330	2421204	17	24	28	34	39	40	44	51	53	57	64	78	79	83	88	94	100	102	112	117	121	138	140	149	152	163	164	166	182	184	185	210	221	224	229	246	252	255	315	#
331	2398717	4	6	11	17	18	24	26	40	53	57	61	66	91	114	121	131	143	145	155	159	163	179	183	188	194	195	207	221	223	224	231	237	238	244	246	251	253	254	315	#
332	2345181	14	26	29	50	69	70	75	96	99	109	115	119	121	123	125	129	137	160	161	163	171	175	176	177	190	199	200	201	204	205	219	220	223	229	239	251	253	255	315	#
333	2342264	14	21	22	35	42	44	57	58	60	62	76	77	83	85	91	94	122	123	126	128	131	144	145	147	160	163	167	175	176	181	204	205	211	212	221	240	244	246	315	#
334	222227	66	92	228	316	#
335	229305	30	66	232	316	#
336	161037	92	96	161	316	#
337	125828	144	205	228	316	#
338	257907	26	74	82	121	186	317	#
339	339219	46	62	121	230	248	317	#
340	336183	26	46	155	160	164	317	#
341	291165	53	117	163	186	250	317	#
342	242954	29	82	141	167	193	317	#
343	255435	23	68	75	143	184	206	248	318	#
344	349080	1	2	77	99	130	143	202	318	#
345	280337	5	23	49	75	185	206	216	318	#
346	279981	23	38	49	117	208	229	232	318	#
347	262226	19	35	75	80	116	199	248	318	#
348	500152	60	94	103	108	147	152	158	319	#
349	460925	94	98	114	162	180	204	205	319	#
350	451943	72	95	108	115	126	133	187	319	#
351	427994	34	46	59	79	123	147	218	319	#
352	327044	45	60	99	103	110	216	254	319	#
353	313962	55	103	163	200	223	229	238	319	#
354	377139	29	112	116	125	237	320	#
355	317803	73	116	158	159	198	320	#
356	309025	29	42	178	213	249	320	#
357	252167	8	112	137	181	226	320	#
358	235518	64	131	139	192	237	320	#
359	39059	165	#
360	1285587	4	34	55	60	74	82	88	98	100	116	123	127	135	137	165	179	200	225	242	254	321	#
361	1544604	0	9	11	15	18	50	59	61	116	119	123	124	141	149	173	178	184	187	246	253	321	#
362	1481621	14	21	30	33	34	35	54	71	72	73	88	89	147	158	176	201	209	215	230	238	321	#
363	1444835	4	10	14	30	33	34	106	127	146	175	179	197	200	206	209	210	215	240	246	253	321	#
364	1418255	3	16	27	57	60	110	134	135	136	149	155	162	178	183	187	192	197	222	229	236	321	#
365	1397523	4	44	60	61	66	70	80	90	95	130	162	178	190	205	207	210	212	215	223	236	321	#
366	86844	33	113	127	322	#
367	93047	63	113	243	322	#
368	83138	33	113	186	322	#
369	233208	92	131	156	171	323	#
370	313260	128	131	139	152	323	#
371	180295	92	112	142	211	323	#
372	171302	119	171	174	179	323	#
373	108417	39	104	156	201	323	#
374	362741	15	43	134	150	225	230	232	249	324	#
375	491900	15	18	60	89	107	183	192	245	324	#
376	464407	65	72	94	112	119	142	232	248	324	#
377	445692	41	85	112	117	133	134	175	187	324	#
378	311103	17	33	94	114	141	150	154	207	324	#
379	300725	12	38	103	129	175	214	249	250	324	#
380	769304	22	28	33	41	43	67	69	97	108	118	135	160	172	173	175	180	226	236	247	325	#
381	1141183	15	28	37	49	62	94	112	116	126	137	144	153	162	165	176	193	201	232	247	325	#
382	1115528	35	48	57	69	74	91	100	101	117	119	125	133	156	166	182	188	197	226	235	325	#
383	1042566	8	22	42	50	77	79	96	103	113	114	143	190	193	221	222	226	233	250	251	325	#
384	1038536	3	15	29	42	65	90	93	94	99	108	118	120	164	170	175	188	192	224	230	325	#
385	1026766	28	38	44	53	54	76	85	86	112	122	154	157	159	161	166	167	223	224	232	325	#
386	470933	7	126	152	191	192	208	224	236	326	#
387	619303	43	115	116	164	166	202	224	254	326	#
388	556516	0	31	84	95	126	183	206	219	326	#
389	529560	35	86	120	141	152	200	202	242	326	#
390	502408	52	75	150	163	174	186	192	251	326	#
391	485375	51	84	90	105	125	190	236	251	326	#
392	2138103	1	7	8	10	35	36	45	46	56	80	86	91	93	100	108	121	124	150	152	154	174	183	193	199	203	216	218	219	223	225	229	232	233	238	327	#
393	2630856	1	12	15	24	49	54	59	70	90	95	108	121	143	144	146	149	151	156	164	167	173	179	184	194	205	206	207	215	219	231	234	237	238	243	327	#
394	2497459	0	8	11	15	18	38	56	73	79	95	101	105	114	125	129	137	151	154	156	159	164	169	170	176	183	186	190	212	217	241	248	249	250	253	327	#
395	2405553	0	1	10	21	24	25	29	31	33	36	37	51	62	76	78	96	108	123	134	140	143	148	157	163	165	171	187	207	219	223	231	234	240	245	327	#
396	2386686	0	2	3	4	15	66	76	84	96	114	120	121	127	132	146	150	160	166	191	205	207	218	219	226	234	236	237	238	239	240	247	249	250	255	327	#
397	2364057	7	11	12	21	22	25	29	33	41	43	45	58	62	66	89	90	95	96	98	101	119	124	127	128	131	137	142	166	171	194	217	223	225	237	327	#
398	1357472	13	22	75	89	102	118	119	120	127	130	179	183	199	202	206	210	229	235	328	#
399	1468875	18	27	72	76	86	105	108	115	144	155	163	167	205	206	217	220	222	235	328	#
400	1356758	38	51	69	76	77	105	114	115	118	127	135	149	167	191	205	214	220	250	328	#
401	1356265	26	29	30	46	52	80	81	114	115	120	127	128	141	153	167	181	208	231	328	#
402	1302596	4	12	35	47	91	94	97	120	128	141	144	149	151	179	222	223	231	242	328	#
403	1251600	30	52	68	81	89	99	102	107	120	129	164	181	183	202	208	217	234	235	328	#
404	195393	132	161	200	329	#
405	270775	132	161	218	329	#
406	137153	49	153	161	329	#
407	56872	2	200	233	329	#
408	282565	24	44	76	181	228	330	#
409	389468	53	60	76	89	124	330	#
410	315378	34	36	93	95	228	330	#
411	268699	20	44	94	109	155	330	#
412	254501	30	50	125	181	249	330	#
413	165124	24	61	99	138	161	330	#
414	1316315	13	16	17	44	54	58	60	64	89	92	104	112	136	149	157	178	182	215	241	249	331	#
415	1484502	32	38	39	42	54	58	81	98	104	105	138	159	163	166	167	182	193	210	219	249	331	#
416	1450361	12	13	17	55	60	110	122	132	151	159	166	178	184	203	205	225	230	238	239	249	331	#
417	1447483	15	16	20	21	22	38	46	58	62	88	111	113	136	166	168	194	203	204	206	246	331	#
418	1397235	1	12	19	31	33	50	81	104	106	121	127	147	148	171	177	178	195	225	227	231	331	#
419	1374066	17	22	29	44	45	75	78	88	112	115	125	151	157	163	189	199	201	216	246	249	331	#
420	1889756	0	12	15	16	20	23	24	27	35	38	40	61	73	85	103	109	123	129	133	158	177	179	183	184	185	211	213	222	225	233	236	247	250	332	#
421	2249320	7	11	16	24	28	30	37	61	62	65	78	86	87	89	91	106	110	112	125	127	155	173	184	198	199	201	206	211	227	236	241	249	251	332	#
422	2181771	1	5	11	12	15	16	20	23	39	55	60	72	78	85	94	106	110	121	126	132	143	159	163	167	195	202	211	212	227	228	240	246	249	332	#
423	2133401	4	16	20	28	31	35	39	46	48	64	72	86	96	98	100	102	109	110	132	136	147	158	166	168	177	209	221	225	228	229	231	232	237	332	#
424	2108367	1	4	11	27	32	35	44	66	76	78	88	89	90	100	106	124	126	147	150	152	158	168	173	184	194	206	209	211	221	225	247	251	253	332	#
425	2100836	4	6	29	37	38	39	63	67	86	99	100	106	109	116	117	118	128	139	145	149	158	161	163	165	170	172	184	191	207	213	228	229	247	332	#
426	665199	26	29	49	65	103	128	144	185	192	232	247	251	333	#
427	961744	0	47	48	53	88	128	144	149	169	177	189	205	333	#
428	843333	26	37	45	48	104	140	152	167	168	186	195	241	333	#
429	834922	9	16	29	33	58	94	97	116	199	215	241	249	333	#
430	787938	5	10	53	71	97	106	111	129	149	188	232	245	333	#
431	736677	14	16	65	97	124	139	149	182	194	205	225	227	333	#
432	305888	33	104	163	191	236	254	334	#
433	426209	33	57	58	90	175	218	334	#
434	419439	5	37	163	224	233	239	334	#
435	296963	40	89	104	135	194	236	334	#
436	253098	20	25	27	104	172	245	334	#
437	186477	42	87	153	191	222	240	334	#
438	789075	31	41	45	98	116	125	135	202	212	213	216	224	231	335	#
439	849144	31	38	40	83	121	145	147	151	202	205	213	240	250	335	#
440	736065	14	36	44	63	110	112	125	138	179	184	214	228	243	335	#
441	689245	26	41	66	72	79	83	100	113	128	161	206	208	239	335	#
442	681341	3	6	54	118	123	124	130	135	191	201	204	212	225	335	#
443	652759	31	35	74	98	122	123	135	150	168	188	213	222	241	335	#
444	167172	184	229	336	#
445	166063	192	229	336	#
446	136055	24	184	336	#
447	896074	9	17	43	66	70	79	89	91	100	134	188	203	215	337	#
448	1088290	33	57	84	100	114	125	138	143	152	160	178	188	246	337	#
449	900903	7	14	33	58	79	83	84	107	114	155	188	206	240	337	#
450	861718	66	94	98	120	121	128	135	148	155	158	172	215	216	337	#
451	737426	59	98	116	124	129	132	175	180	193	204	215	247	250	337	#
452	686346	10	17	45	86	91	99	123	149	156	185	209	229	233	337	#
453	396466	35	77	111	113	131	189	190	205	338	#
454	567780	35	128	131	161	204	234	250	251	338	#
455	496090	8	36	111	113	200	212	236	242	338	#
456	456580	24	80	112	116	164	189	216	231	338	#
457	453861	74	119	131	164	174	190	220	226	338	#
458	328587	17	26	71	129	158	182	189	205	338	#
459	517651	14	67	104	114	138	143	159	210	227	339	#
460	626131	11	80	131	157	177	210	224	238	251	339	#
461	598397	50	52	123	138	171	221	228	242	252	339	#
462	563165	48	67	91	123	148	165	175	209	238	339	#
463	516575	64	114	117	120	145	150	189	233	241	339	#
464	474706	16	42	61	84	100	104	172	230	240	339	#
465	290130	4	124	134	161	221	340	#
466	398921	2	65	113	115	124	340	#
467	330133	45	141	161	224	235	340	#
468	277850	111	158	169	215	221	340	#
469	268943	1	134	220	250	251	340	#
470	147783	58	162	172	198	341	#
471	117989	74	136	172	202	341	#
472	981652	17	24	30	32	37	47	60	96	118	159	174	185	193	209	213	214	251	342	#
473	1396174	3	4	9	12	22	27	38	48	118	149	163	165	183	194	197	207	240	342	#
474	1344665	4	22	48	57	83	87	88	110	118	138	163	164	193	221	222	239	247	342	#
475	1276725	0	8	12	15	36	40	56	57	87	90	96	102	127	180	215	220	233	342	#
476	1263789	1	4	12	35	40	47	79	112	128	135	143	147	174	186	199	211	225	342	#
477	1217578	5	31	56	59	77	97	101	123	140	155	160	165	186	187	201	225	251	342	#
478	668934	8	30	38	50	108	135	143	161	197	207	212	236	248	343	#
479	993459	6	31	61	115	128	133	161	170	197	219	222	224	251	343	#
480	828362	6	28	47	56	58	65	67	96	110	169	212	245	247	343	#
481	704281	8	95	99	133	141	155	166	198	199	209	210	239	245	343	#
482	701939	26	37	45	61	108	113	121	133	152	158	174	200	247	343	#
483	693530	17	40	67	69	92	114	117	135	153	172	175	184	236	343	#
484	584041	30	40	83	99	125	131	181	200	215	222	344	#
485	843139	4	22	121	125	148	149	185	190	212	225	344	#
486	794443	37	91	124	148	159	190	208	212	222	243	344	#
487	694536	5	37	39	95	99	111	164	171	194	215	344	#
488	680607	83	94	103	129	131	134	139	161	171	217	344	#
489	582287	6	30	38	59	69	90	185	202	224	228	344	#
490	82367	22	71	#
491	1591068	14	20	27	29	33	40	53	59	72	80	88	91	94	111	116	118	128	138	172	180	181	185	200	202	203	209	210	223	228	235	252	345	#
492	2275432	0	1	2	9	11	14	15	18	39	47	72	83	85	92	112	114	126	128	133	157	164	167	169	176	199	209	222	223	228	232	241	345	#
493	2125959	1	3	6	9	16	22	24	33	43	48	58	72	77	78	89	91	94	95	112	122	131	137	154	163	178	184	204	219	222	228	233	345	#
494	2121197	1	3	9	15	28	36	37	39	44	56	76	92	103	109	117	129	140	141	144	149	157	161	162	166	167	172	173	204	213	231	252	345	#
495	2120637	15	20	38	43	53	63	95	106	127	128	133	137	141	156	162	169	172	175	185	187	196	208	210	211	219	227	228	231	234	244	252	345	#
496	1961407	9	15	34	53	68	78	84	91	102	108	113	131	138	140	155	157	159	173	174	181	182	184	198	203	210	228	231	242	245	251	254	345	#
497	1269975	13	18	23	30	40	43	48	63	65	66	71	77	80	81	85	104	111	119	141	144	199	208	214	217	219	222	229	250	346	#
498	1839405	1	6	29	37	46	47	49	50	54	64	66	69	81	94	101	108	113	124	135	149	179	200	205	207	229	232	235	243	346	#
499	1789051	20	39	41	45	48	57	58	62	63	72	79	82	95	101	112	113	149	182	192	201	207	212	222	224	236	239	248	253	346	#
500	1763528	9	14	20	22	48	49	58	63	65	70	73	81	82	102	106	113	129	147	169	206	208	215	216	229	230	233	239	254	346	#
501	1743987	2	6	7	16	22	40	43	52	53	57	58	71	77	97	99	102	112	149	150	152	155	158	160	168	176	191	203	223	346	#
502	1709767	6	12	20	26	33	41	43	51	58	67	79	84	85	90	105	110	112	130	145	169	181	182	200	205	217	232	237	248	346	#
503	244881	83	133	347	#
504	230769	73	83	347	#
505	182902	114	133	347	#
506	96030	121	208	248	348	#
507	128078	121	174	254	348	#
508	79251	15	208	231	348	#
509	131097	159	#
510	797589	12	19	24	27	64	67	108	137	156	160	191	219	230	349	#
511	1026646	8	13	15	56	64	107	111	114	130	149	218	230	253	349	#
512	964553	15	18	19	39	109	116	122	124	152	182	212	214	219	349	#
513	915749	12	39	56	73	78	79	101	162	164	175	187	189	255	349	#
514	905194	46	75	88	110	120	122	139	172	184	199	219	225	226	349	#
515	883716	27	29	35	47	84	163	188	201	211	220	223	238	254	349	#
516	97258	35	44	350	#
517	78601	35	39	350	#
518	438444	76	113	131	151	156	159	166	238	351	#
519	527466	1	18	43	64	69	105	131	193	351	#
520	520404	70	76	94	151	157	191	205	227	351	#
521	510971	132	151	153	185	191	195	220	245	351	#
522	432395	101	122	158	159	174	235	240	255	351	#
523	377841	4	117	127	128	174	191	197	238	351	#
524	572769	47	49	61	83	92	129	148	189	193	205	252	352	#
525	699534	1	15	22	24	30	92	106	149	175	215	242	352	#
526	691807	8	71	80	83	90	99	106	132	175	181	255	352	#
527	679257	13	43	64	74	94	111	193	205	221	233	241	352	#
528	667574	9	61	70	102	109	118	138	139	147	158	252	352	#
529	657894	3	105	109	111	118	129	173	194	216	230	237	352	#
530	367253	29	66	119	152	170	211	353	#
531	477802	29	52	154	184	212	240	353	#
532	447953	11	96	119	161	162	163	353	#
533	401802	37	38	94	170	174	198	353	#
534	342228	31	66	124	144	233	251	353	#
535	309238	15	96	152	198	201	216	353	#
536	868930	6	15	24	36	79	116	148	152	157	194	229	231	234	239	246	354	#
537	1090576	6	15	64	69	79	82	92	101	115	124	138	145	151	240	244	354	#
538	1066004	3	12	42	43	64	108	152	171	180	224	225	230	242	245	246	354	#
539	957076	2	21	82	83	86	97	100	133	135	145	162	181	223	229	230	354	#
540	942983	8	20	31	37	53	65	90	96	109	137	153	176	236	239	243	354	#
541	921287	24	27	35	36	57	74	89	106	109	131	155	161	226	232	253	354	#
542	847005	9	18	25	32	42	47	61	80	85	92	107	117	122	125	152	165	203	216	241	355	#
543	1204807	3	4	7	16	35	42	60	85	100	139	140	164	166	195	204	208	216	230	233	355	#
544	1153337	12	18	43	61	67	68	71	73	76	90	106	129	138	161	175	221	223	226	233	355	#
545	1111990	28	42	46	54	60	61	65	69	90	91	100	128	156	178	192	214	219	228	231	355	#
546	1081059	70	76	93	98	106	112	136	142	148	150	154	158	165	177	179	184	218	243	252	355	#
547	1069438	6	13	24	27	50	68	100	116	134	156	181	198	199	209	211	221	222	229	241	355	#
548	323977	105	115	196	244	356	#
549	294791	72	102	115	173	356	#
550	243173	94	143	165	196	356	#
551	199978	200	221	244	254	356	#
552	180599	33	71	105	138	356	#
553	685299	8	32	61	70	72	85	130	168	180	192	194	207	236	237	242	247	357	#
554	1016237	4	28	34	38	49	57	72	77	80	106	113	140	196	197	227	238	357	#
555	989446	24	36	57	70	85	97	142	157	164	167	180	182	187	209	237	239	357	#
556	978104	4	5	7	26	45	55	85	89	104	113	139	153	178	199	210	255	357	#
557	966257	14	22	32	71	77	92	97	106	111	124	162	172	179	210	239	244	357	#
558	940222	5	8	14	19	31	36	42	61	72	82	86	123	150	155	236	255	357	#
559	242407	67	158	185	208	358	#
560	351269	62	84	124	158	358	#
561	329609	16	67	178	240	358	#
562	295364	56	158	205	208	358	#
563	259013	82	184	185	205	358	#
564	106883	28	77	359	#
565	71749	77	249	359	#
566	1038842	19	27	47	52	70	91	102	107	121	125	130	137	141	155	177	185	194	200	250	252	360	#
567	1504172	42	67	69	97	98	101	104	110	128	132	141	183	193	195	199	204	227	238	239	252	360	#
568	1483593	4	20	23	28	55	58	66	115	129	133	143	158	179	188	210	219	221	231	232	250	360	#
569	1477126	4	6	44	58	93	116	132	151	155	160	168	171	179	185	202	210	226	227	232	252	360	#
570	1450780	28	31	35	54	84	88	91	102	104	106	107	121	124	128	175	177	207	236	249	250	360	#
571	1367072	12	25	32	52	100	115	116	122	123	132	144	152	158	168	177	210	213	234	239	247	360	#
572	716662	14	32	33	34	78	80	98	112	114	123	125	126	136	164	172	185	209	222	226	241	244	361	#
573	1062945	14	18	24	33	37	41	57	78	96	155	161	174	175	184	187	190	193	213	227	239	241	361	#
574	1062137	2	4	32	51	74	85	102	119	125	147	150	176	187	191	196	198	201	223	236	238	254	361	#
575	1061248	4	8	20	32	57	58	73	83	92	114	122	136	139	154	185	188	190	196	199	234	244	361	#
576	1057278	12	27	34	37	44	72	87	103	136	142	144	152	166	168	177	196	219	222	235	241	251	361	#
577	1024548	1	6	40	41	44	69	86	91	99	112	113	117	125	150	152	221	223	227	231	236	238	361	#
578	451381	4	123	159	162	185	190	229	230	249	362	#
579	606038	5	94	101	103	137	162	175	230	250	362	#
580	578033	13	24	32	47	57	86	105	232	249	362	#
581	561845	4	37	76	99	108	162	182	219	241	362	#
582	531548	15	65	111	121	123	150	182	185	211	362	#
583	496271	34	70	123	135	159	163	202	224	241	362	#
584	916523	4	29	40	57	67	81	85	123	129	131	133	145	149	170	200	231	249	363	#
585	1166978	0	36	38	55	60	62	72	131	133	134	147	151	153	161	185	204	220	363	#
586	1139055	3	26	44	54	57	67	104	105	110	123	145	152	154	155	156	175	199	363	#
587	1108750	1	49	76	88	90	115	120	123	154	169	171	188	195	212	227	237	243	363	#
588	1102630	9	11	65	81	95	98	99	143	144	147	148	171	189	199	219	229	252	363	#
589	1100188	1	20	29	34	41	79	95	99	102	108	117	145	146	147	156	219	254	363	#
590	410807	128	184	205	239	247	364	#
591	323849	123	128	147	176	254	364	#
592	298491	13	131	145	205	239	364	#
593	297814	22	46	63	184	249	364	#
594	254154	22	178	195	198	205	364	#
595	7353	229	#
596	98011	164	#
597	1193783	7	9	23	66	83	86	92	93	94	127	140	157	181	196	198	231	234	245	252	365	#
598	1426519	11	21	34	36	54	63	92	106	113	116	152	163	193	205	229	231	232	242	255	365	#
599	1316785	1	6	15	90	120	128	132	134	138	140	158	170	192	196	209	219	229	239	249	365	#
600	1291124	26	29	31	53	63	64	81	83	86	112	124	128	141	152	155	186	205	219	229	365	#
601	1220899	8	23	28	73	77	86	89	96	113	139	145	163	167	169	171	187	202	227	232	365	#
602	1162649	1	8	11	15	22	50	59	76	85	94	125	127	136	147	150	175	181	186	228	365	#
603	67444	9	#
604	503887	15	95	156	157	161	176	224	251	366	#
605	595140	15	64	72	74	168	175	224	242	366	#
606	576291	34	38	63	84	114	129	164	224	366	#
607	477587	15	70	90	132	160	214	231	251	366	#
608	444739	44	47	60	68	105	157	172	232	366	#
609	406229	6	53	120	146	155	156	157	233	366	#
610	680072	0	13	44	52	67	107	113	134	137	154	167	190	199	212	241	367	#
611	1019911	19	52	73	84	102	104	115	171	180	181	218	219	230	234	245	367	#
612	1010228	10	27	36	41	49	56	78	105	162	186	190	191	211	212	219	367	#
613	970597	17	19	30	33	38	45	62	70	72	104	106	113	128	186	231	367	#
614	940474	5	19	30	45	56	67	146	172	189	205	206	224	227	229	254	367	#
615	935088	6	25	26	41	52	73	85	107	123	134	151	179	195	216	248	367	#
616	128073	15	185	201	368	#
617	189780	92	169	185	368	#
618	98210	70	201	229	368	#
619	241525	64	168	240	241	369	#
620	261075	64	91	112	215	369	#
621	256912	116	146	155	240	369	#
622	195830	54	79	202	241	369	#
623	1336529	25	95	100	114	124	132	133	150	164	165	180	199	209	217	229	235	247	252	254	370	#
624	1285701	16	25	36	50	58	83	85	96	97	100	109	118	133	134	161	187	194	209	236	370	#
625	1278074	6	25	34	36	53	64	84	99	129	132	135	138	139	144	161	183	210	227	250	370	#
626	1253089	4	24	92	119	124	132	142	152	154	157	161	164	172	173	185	209	213	230	250	370	#
627	1239921	30	32	54	70	85	86	89	114	152	181	185	202	221	227	238	239	249	251	254	370	#
628	1204702	3	15	38	45	48	49	53	77	92	101	105	114	128	164	185	191	193	232	238	370	#
629	432534	48	62	68	78	91	195	210	371	#
630	550966	49	62	79	102	137	187	223	371	#
631	538930	25	60	98	119	203	210	253	371	#
632	531304	48	67	73	98	128	148	219	371	#
633	506907	12	64	68	103	154	229	243	371	#
634	415515	8	43	80	90	162	195	208	371	#
635	709797	6	23	26	35	40	52	78	104	183	187	239	242	372	#
636	855940	0	6	23	57	71	94	114	165	178	199	201	238	372	#
637	809782	19	26	42	43	70	114	135	147	216	227	232	251	372	#
638	789752	9	28	52	79	110	146	186	187	193	216	217	229	372	#
639	738149	2	6	9	32	54	58	101	157	192	203	210	225	372	#
640	702046	6	22	33	48	55	57	68	105	156	183	208	214	372	#
641	167119	116	231	373	#
642	189511	116	228	373	#
643	131052	161	231	373	#
644	77540	124	#
645	1331291	7	28	33	43	46	53	55	70	86	91	121	125	130	147	158	169	182	189	192	231	237	248	374	#
646	1752897	4	15	38	42	52	56	64	73	74	91	121	136	152	168	170	180	189	227	236	239	241	252	374	#
647	1659603	12	27	28	30	31	52	56	89	90	100	124	130	148	168	179	182	185	187	194	203	223	224	374	#
648	1587875	7	15	30	38	43	63	64	66	86	90	110	124	140	142	149	164	169	187	191	210	225	230	374	#
649	1574267	6	34	45	73	84	85	106	144	156	161	177	197	203	205	211	218	225	237	238	244	250	251	374	#
650	1542136	7	57	64	69	70	75	106	122	125	131	133	157	168	194	211	223	235	237	242	244	252	255	374	#
651	870513	3	13	29	62	69	101	122	163	168	172	177	228	236	244	375	#
652	1215576	3	43	54	64	100	128	137	138	142	152	168	199	235	243	375	#
653	1121727	7	27	47	56	62	84	111	120	124	137	138	149	219	228	375	#
654	978305	5	12	26	58	106	118	124	129	147	163	169	200	219	221	375	#
655	883904	5	13	69	73	88	92	94	117	145	163	196	215	231	251	375	#
656	875420	20	59	66	81	113	116	122	127	136	137	169	172	193	236	375	#
657	43455	228	#
658	130717	62	240	376	#
659	135800	62	213	376	#
660	1410714	13	15	49	58	72	84	91	109	113	124	130	144	157	163	172	176	179	180	197	199	202	216	217	235	247	377	#
661	1810559	22	27	33	37	39	42	50	54	64	102	108	115	118	130	137	169	178	190	196	199	200	201	228	239	253	377	#
662	1645225	13	15	30	39	40	46	54	58	59	99	107	112	116	133	138	143	149	167	168	192	199	222	224	234	242	377	#
663	1644704	10	21	22	30	34	36	38	40	47	48	65	72	91	117	125	136	140	169	192	204	215	220	245	252	254	377	#
664	1614792	0	8	16	19	30	58	81	82	83	84	96	142	147	149	160	181	189	191	192	207	215	219	243	247	253	377	#
665	1579116	0	7	8	23	35	57	88	108	113	115	124	133	143	148	156	162	167	168	198	203	209	215	219	240	252	377	#
666	290556	17	59	91	183	238	378	#
667	387009	32	64	113	238	245	378	#
668	280455	6	17	128	193	221	378	#
669	246298	18	59	110	113	115	378	#
670	182016	173	183	193	194	215	378	#
671	170777	26	91	153	206	248	378	#
672	217865	6	10	76	147	379	#
673	324517	6	129	162	183	379	#
674	279855	13	147	176	245	379	#
675	216163	10	36	55	242	379	#
676	132302	19	53	76	156	379	#
677	1495404	6	8	9	14	21	23	32	33	58	60	79	81	88	92	94	104	114	116	128	143	149	157	159	181	189	191	193	212	245	380	#
678	2112850	5	39	50	51	65	66	72	73	74	81	89	90	125	130	136	152	159	163	164	192	203	204	205	212	217	231	238	240	254	380	#
679	2100667	1	30	31	48	50	56	60	74	76	86	93	94	108	125	136	145	181	186	187	199	206	208	212	215	239	240	241	243	249	380	#
680	1915056	20	28	31	36	40	52	54	58	62	95	97	102	127	128	129	138	143	147	152	160	166	172	173	202	206	216	235	243	249	380	#
681	1899811	1	2	7	9	16	33	37	39	46	48	80	84	103	105	124	134	135	136	146	155	169	179	201	212	215	235	240	243	245	380	#
682	1864417	1	4	18	27	36	40	68	76	85	94	97	102	106	113	128	140	151	153	169	181	185	198	207	223	233	235	241	242	245	380	#
683	149465	32	47	143	151	198	381	#
684	204855	19	32	73	187	236	381	#
685	192476	1	18	40	87	143	381	#
686	262138	44	84	90	103	179	196	208	382	#
687	303030	16	103	120	126	160	202	242	382	#
688	270812	8	27	39	61	208	214	222	382	#
689	252443	44	69	71	94	149	187	199	382	#
690	238720	3	53	144	175	196	244	255	382	#
691	1903119	15	26	31	32	35	38	48	62	80	82	83	89	113	129	133	142	170	173	181	191	210	224	229	254	383	#
692	2014691	19	24	56	78	108	110	117	133	134	138	140	142	145	167	183	192	210	224	227	229	240	246	253	255	383	#
693	1970061	2	30	31	37	56	58	84	87	89	109	110	114	115	119	128	133	162	187	192	196	203	205	208	224	383	#
694	1875828	3	4	26	30	31	35	40	48	60	61	62	118	122	134	188	192	227	232	233	235	236	241	251	252	383	#
695	1807815	9	38	46	50	59	67	72	92	114	129	141	154	157	160	163	170	183	208	209	218	220	224	229	243	383	#
696	1755851	5	19	32	33	37	42	44	69	84	97	100	101	115	125	136	141	148	179	181	216	225	231	249	251	383	#
697	67610	3	21	69	99	234	#
698	129663	67	201	384	#
699	143000	67	188	384	#
700	89402	58	201	384	#
701	75840	113	178	241	385	#
702	39341	104	113	127	385	#
703	1136237	1	19	24	39	47	53	59	61	62	65	66	95	101	104	110	121	143	173	175	192	193	245	255	386	#
704	1517820	16	20	37	47	53	55	59	66	71	87	92	116	136	147	163	164	173	184	192	207	226	233	247	386	#
705	1417906	21	23	24	37	63	65	71	91	94	98	100	121	137	151	181	192	196	198	232	248	249	250	253	386	#
706	1380531	14	18	50	71	76	86	92	101	106	120	122	129	131	138	143	147	156	191	202	206	211	228	231	386	#
707	1360021	0	7	17	39	50	70	72	84	88	98	108	110	112	122	124	160	165	192	196	226	236	251	255	386	#
708	1354642	0	10	16	20	27	54	61	62	73	77	81	107	109	110	114	141	147	159	198	214	215	237	238	386	#
709	195132	27	164	190	387	#
710	206988	123	142	164	387	#
711	313945	3	9	101	130	134	241	255	388	#
712	462652	64	121	134	192	193	220	222	388	#
713	458777	4	100	118	120	212	229	255	388	#
714	448875	3	123	129	134	155	191	250	388	#
715	385165	9	118	127	167	185	197	209	388	#
716	301303	25	92	105	214	240	241	246	388	#
717	1449252	15	27	35	41	49	50	81	83	86	122	129	134	136	142	158	176	179	196	203	222	228	232	237	242	389	#
718	1777785	4	18	39	49	55	56	68	70	76	81	84	89	92	102	111	124	152	163	199	209	227	228	231	254	389	#
719	1688513	2	4	8	12	27	36	47	61	74	124	127	137	145	155	165	166	181	182	184	206	224	242	243	255	389	#
720	1650882	5	6	15	37	49	58	72	75	80	101	106	129	132	136	152	176	186	188	217	219	228	236	240	242	389	#
721	1648336	0	4	18	42	48	64	68	81	90	100	102	116	124	159	162	166	172	180	188	189	206	219	233	234	389	#
722	1637193	9	15	19	27	32	34	43	47	49	65	75	76	122	130	132	162	168	172	194	205	209	225	234	235	389	#
723	1096579	31	34	55	58	67	75	86	89	97	105	178	198	206	224	235	250	390	#
724	1315037	2	10	18	30	43	67	88	95	125	151	168	190	214	233	236	247	390	#
725	1204870	11	16	42	48	55	57	64	93	103	105	116	178	224	235	236	242	390	#
726	1198574	30	37	49	68	73	79	102	119	148	153	181	198	201	239	247	248	390	#
727	1049332	15	31	48	54	71	110	121	136	138	144	150	180	189	203	204	236	390	#
728	1025847	15	16	60	73	88	113	121	159	165	172	178	193	212	226	244	250	390	#
729	217936	120	161	228	391	#
730	275284	57	149	161	391	#
731	274020	110	228	245	391	#
732	131645	98	120	185	391	#
733	165584	159	218	392	#
734	100403	54	218	392	#
735	10820	194	#
736	298076	24	30	67	76	393	#
737	315775	8	60	76	208	393	#
738	277197	30	97	138	189	393	#
739	241421	24	42	128	174	393	#
740	231271	9	23	67	87	393	#
741	1501406	0	8	9	31	35	42	51	65	68	72	81	83	93	97	100	102	109	111	113	132	150	160	166	181	204	212	219	241	251	254	394	#
742	1966200	2	7	13	21	54	65	67	68	69	72	73	85	96	98	101	104	110	111	121	127	129	130	174	181	188	198	203	220	241	244	394	#
743	1860659	16	18	24	28	39	45	48	52	67	83	86	92	108	109	117	121	134	137	145	171	179	197	200	212	213	224	230	242	244	245	394	#
744	1845669	4	9	12	16	21	25	31	37	38	45	71	76	81	95	98	102	108	117	121	127	138	149	161	172	219	221	237	238	241	252	394	#
745	1822480	2	29	40	52	58	60	61	66	81	105	106	109	117	121	125	129	137	140	145	148	149	158	161	165	183	192	197	229	247	250	394	#
746	1805961	15	37	40	43	48	64	72	73	81	83	118	119	125	127	136	145	150	152	155	180	190	193	219	222	237	243	244	253	254	255	394	#
747	21092	230	#
748	1413806	10	14	37	39	47	54	55	59	62	69	81	104	112	129	147	168	184	187	194	211	212	215	225	239	395	#
749	1973970	1	2	8	13	25	30	31	78	95	104	108	116	149	158	167	168	175	203	216	219	228	236	239	245	395	#
750	1919245	0	11	15	19	73	101	110	119	120	137	147	158	169	173	196	202	216	229	235	236	237	243	245	251	395	#
751	1740121	7	13	19	21	24	39	49	55	97	106	112	120	130	131	137	160	176	197	213	225	228	233	239	251	395	#
752	1739474	4	6	19	30	37	56	59	76	77	93	95	105	164	173	175	179	182	207	215	223	227	240	244	249	395	#
753	1708946	2	17	23	25	38	45	64	121	127	144	151	154	158	176	184	185	203	212	217	228	237	239	245	250	395	#
754	1711084	15	17	24	35	40	48	55	56	73	76	107	108	119	127	133	143	159	176	189	190	216	224	237	396	#
755	1832671	9	34	41	43	70	83	94	95	107	108	128	144	146	149	157	170	171	179	210	228	229	252	253	396	#
756	1777407	4	16	19	31	35	46	69	76	84	107	117	120	124	143	145	168	201	209	211	220	223	235	243	396	#
757	1762054	3	13	15	27	38	39	45	48	56	63	94	95	117	133	137	142	153	167	221	234	235	245	250	396	#
758	1692815	39	42	49	68	78	84	94	119	130	133	160	169	171	179	183	184	204	215	227	234	238	243	246	396	#
759	1654056	3	14	24	35	43	49	91	101	102	106	117	130	148	149	154	167	169	172	188	209	230	235	242	396	#
760	144346	41	120	140	397	#
761	180137	91	120	150	397	#
762	132270	19	65	140	397	#
763	109360	15	41	107	397	#
764	370155	82	178	217	254	398	#
765	270016	113	169	204	254	398	#
766	262255	109	143	174	217	398	#
767	224840	92	178	192	242	398	#
768	218641	82	101	107	179	398	#
769	298650	92	99	230	236	399	#
770	327211	170	202	236	240	399	#
771	319531	99	129	135	251	399	#
772	262890	95	131	187	230	399	#
773	106613	71	92	196	231	399	#
774	1298444	5	12	13	32	34	53	77	82	86	100	115	121	124	153	162	180	197	201	219	230	236	400	#
775	1517083	4	21	39	46	56	69	72	73	84	106	115	129	152	155	163	181	182	212	229	231	233	400	#
776	1491976	0	6	9	13	46	47	48	72	82	92	103	115	146	147	177	204	217	227	241	248	250	400	#
777	1485799	4	25	37	44	60	74	89	99	100	120	131	146	164	175	179	196	204	215	217	239	253	400	#
778	1404244	13	25	27	37	39	44	57	62	65	99	124	159	164	183	193	197	208	221	227	229	232	400	#
779	1398760	15	25	37	41	53	63	75	119	141	163	169	170	176	191	197	227	229	232	238	243	245	400	#
780	179933	60	170	401	#
781	147553	20	60	401	#
782	75357	170	202	401	#
783	165086	24	164	402	#
784	145391	155	164	402	#
785	94865	24	213	402	#
786	478548	1	4	48	84	92	98	99	143	150	230	403	#
787	662166	48	73	128	138	159	187	202	203	205	223	403	#
788	635491	17	36	53	54	83	136	143	175	205	215	403	#
789	615073	1	22	38	60	81	119	122	127	144	202	403	#
790	582345	16	20	22	48	87	103	104	133	170	230	403	#
791	569204	4	20	31	40	77	84	119	136	188	237	403	#
792	485308	1	2	75	85	102	115	119	156	163	172	185	217	221	404	#
793	697833	17	28	58	63	88	95	126	154	158	172	202	247	254	404	#
794	656407	12	17	39	46	52	66	91	121	161	163	198	215	226	404	#
795	642853	11	15	60	65	74	93	96	108	157	196	207	217	223	404	#
796	641954	20	35	46	79	86	96	102	130	166	200	217	250	253	404	#
797	576266	3	33	59	71	94	119	136	140	152	157	174	196	232	404	#
798	130220	29	36	200	405	#
799	181846	18	42	200	405	#
800	176162	29	57	224	405	#
801	58114	36	60	185	405	#
802	771141	11	22	51	52	58	81	83	137	182	188	214	217	247	406	#
803	964171	28	72	73	106	112	121	127	137	160	169	171	224	234	406	#
804	883182	16	51	52	83	131	143	148	152	211	213	217	231	252	406	#
805	853154	35	44	52	94	112	121	155	178	220	234	236	238	243	406	#
806	844919	20	47	101	125	127	137	142	150	187	188	192	219	242	406	#
807	834248	5	18	48	49	58	91	101	134	156	200	204	227	231	406	#
808	5505594	5	7	9	10	11	15	16	20	21	25	27	29	30	33	37	41	42	47	51	52	54	55	63	65	68	69	70	72	73	78	79	80	84	86	90	95	98	100	103	105	108	110	111	112	114	116	120	122	125	127	130	132	134	135	142	143	145	146	147	149	150	158	159	162	171	172	177	179	180	185	188	190	193	195	196	199	202	205	207	208	209	211	212	215	220	222	230	231	236	237	239	243	245	249	251	407	#
809	6021665	3	10	13	17	19	20	21	22	25	30	31	34	35	37	39	40	41	42	43	45	47	48	52	53	65	66	67	69	79	80	81	82	83	84	85	86	88	90	92	94	96	102	105	106	108	110	112	115	116	119	121	125	130	134	136	137	139	142	143	145	153	155	157	165	168	169	171	176	178	179	180	184	190	191	192	195	196	197	205	206	214	215	219	222	228	238	239	241	243	244	245	250	252	253	255	407	#
810	5875271	11	16	17	18	20	21	22	25	27	28	30	31	32	33	37	38	41	42	45	46	50	57	58	62	63	66	69	76	78	84	86	90	99	100	105	108	109	111	117	119	120	130	133	134	135	137	138	139	147	149	150	153	154	155	157	158	160	166	167	168	169	173	175	179	180	181	185	187	188	190	191	193	196	201	202	205	214	217	220	221	222	227	233	235	236	237	241	242	244	245	249	250	251	253	255	407	#
811	5857420	4	6	10	13	15	16	18	19	20	25	26	30	33	35	37	38	40	41	42	47	49	50	57	59	60	62	63	65	67	68	72	74	75	77	78	85	86	87	88	90	93	99	107	110	113	116	118	119	120	122	125	126	128	130	132	133	134	135	137	138	148	151	153	157	161	163	169	170	172	174	178	180	181	182	183	185	186	188	190	199	205	206	213	215	216	218	220	238	240	241	243	248	250	251	255	407	#
812	5795793	0	4	13	14	17	21	22	24	25	28	29	31	33	34	35	37	40	46	49	51	53	56	62	63	65	66	69	79	85	87	88	89	93	94	105	108	110	111	116	119	124	125	127	130	133	138	140	141	142	143	145	146	147	151	154	157	162	163	169	173	174	175	179	180	183	184	185	191	192	193	196	201	202	203	205	207	209	212	215	218	220	225	226	228	231	234	235	239	240	244	245	247	248	249	251	407	#
813	5765360	1	3	4	7	8	10	11	18	20	22	28	30	31	32	33	37	38	39	40	42	44	47	49	50	54	56	58	60	64	65	68	70	72	73	75	83	87	90	96	103	105	106	108	110	114	115	118	119	122	125	126	129	134	137	139	142	143	147	150	152	154	159	160	161	162	165	167	168	169	171	173	180	181	183	187	190	193	206	208	213	215	216	220	221	222	228	234	237	239	244	246	249	250	254	255	407	#
814	95874	154	#
815	836969	11	29	62	67	68	80	102	118	198	203	207	230	233	252	408	#
816	997757	47	59	62	89	109	119	122	132	134	139	149	181	212	237	408	#
817	867172	18	24	25	31	90	100	102	116	158	181	206	223	231	235	408	#
818	851144	67	92	106	109	111	147	171	182	190	201	213	222	230	244	408	#
819	806738	11	38	79	136	149	169	173	174	197	201	212	216	233	249	408	#
820	785429	11	19	35	46	111	126	156	169	201	227	229	241	250	252	408	#
821	28926	180	#
822	881961	43	119	153	161	168	198	220	239	241	252	254	409	#
823	863274	37	57	83	110	119	139	144	152	168	202	212	409	#
824	846483	13	72	82	133	157	168	201	202	220	222	224	409	#
825	710537	53	67	90	103	114	119	176	198	204	231	233	409	#
826	628015	10	34	42	62	84	88	99	166	198	206	225	409	#
827	612496	8	43	69	90	100	138	143	211	248	251	253	409	#
828	1266641	3	24	25	35	36	48	61	79	82	87	135	153	157	179	181	206	214	215	218	231	241	410	#
829	1512841	9	21	27	34	37	48	50	53	57	82	85	87	100	108	114	126	170	181	205	250	255	410	#
830	1387314	16	50	62	63	78	80	81	83	93	106	153	185	186	214	216	223	224	225	234	250	254	410	#
831	1379334	22	32	55	56	58	61	71	72	81	82	99	101	105	112	119	134	145	171	176	205	206	410	#
832	1371020	2	11	19	36	46	52	76	81	148	151	157	164	176	185	189	204	224	225	234	240	248	410	#
833	1368979	4	24	31	42	56	61	81	93	94	107	121	133	163	179	180	193	209	214	236	238	245	410	#
834	148144	65	88	163	411	#
835	128490	32	42	65	411	#
836	101099	88	205	254	411	#
837	74765	93	163	182	411	#
838	141889	67	96	412	#
839	145522	67	84	412	#
840	234834	76	85	162	178	208	413	#
841	324787	50	132	137	155	178	413	#
842	273087	85	102	111	211	212	413	#
843	665276	5	36	41	104	105	126	149	200	203	209	213	228	237	414	#
844	917314	23	28	37	51	104	116	152	187	188	199	229	239	254	414	#
845	842234	3	62	67	78	112	118	135	146	187	213	218	235	238	414	#
846	839209	1	7	11	24	28	34	36	43	104	113	142	149	163	414	#
847	818123	8	43	45	69	103	112	119	128	129	187	206	227	237	414	#
848	763853	6	16	22	38	41	141	177	179	185	247	252	253	255	414	#
849	381826	40	169	237	243	415	#
850	292049	9	153	242	243	415	#
851	277078	6	115	195	237	415	#
852	235471	138	152	169	200	415	#
853	180436	24	40	96	117	415	#
854	355164	61	102	145	161	175	253	416	#
855	441718	37	115	161	172	208	227	416	#
856	357197	76	145	165	166	186	241	416	#
857	276362	39	61	90	161	205	219	416	#
858	239058	23	74	102	132	178	196	416	#
859	213712	38	48	65	175	244	255	416	#
860	731764	38	80	96	104	129	133	141	157	176	179	210	417	#
861	868550	37	103	108	116	136	155	157	169	181	237	255	417	#
862	792193	53	69	89	91	96	124	129	140	152	209	239	417	#
863	749693	31	44	66	76	84	129	145	151	204	219	222	417	#
864	681168	57	58	67	106	122	134	161	176	195	201	218	417	#
865	674914	5	8	40	42	71	115	157	179	187	214	239	417	#
866	184011	38	47	128	178	194	232	245	418	#
867	198887	37	75	119	128	157	160	198	418	#
868	401533	30	40	89	112	181	231	419	#
869	573367	71	101	180	181	224	252	419	#
870	487724	9	30	47	56	70	188	419	#
871	470186	13	44	56	89	225	249	419	#
872	254069	39	94	146	171	231	234	419	#
873	172460	23	112	113	134	152	153	419	#
874	589143	22	31	78	79	119	206	223	226	232	420	#
875	644475	5	22	70	128	137	150	224	235	250	420	#
876	639198	58	62	79	130	179	187	189	219	224	420	#
877	591452	95	142	163	169	190	199	231	232	255	420	#
878	564749	73	101	119	122	165	195	210	238	255	420	#
879	525704	8	95	119	179	185	226	230	238	251	420	#
880	138014	142	216	242	421	#
881	86228	1	165	242	421	#
882	81438	142	172	242	421	#
883	17949	109	#
884	351609	13	139	196	227	251	422	#
885	327965	56	82	89	91	139	422	#
886	286952	16	54	107	167	196	422	#
887	263798	45	110	201	210	251	422	#
888	262286	13	25	85	109	216	422	#
889	235222	28	92	120	158	227	422	#
890	287130	8	36	113	183	423	#
891	379431	119	138	167	183	423	#
892	215832	36	47	166	192	423	#
893	190959	84	113	134	208	423	#
894	155718	7	189	249	424	#
895	160521	13	118	249	424	#
896	145936	2	7	132	424	#
897	133439	37	#
898	42678	88	131	425	#
899	18492	81	131	425	#
900	377966	13	29	67	113	148	149	223	426	#
901	459955	13	16	39	138	149	210	246	426	#
902	440565	63	70	167	210	215	223	224	426	#
903	425831	66	67	89	161	171	172	241	426	#
904	424749	11	28	65	105	111	130	149	426	#
905	398765	60	99	113	125	126	205	208	426	#
906	1423407	6	8	21	25	28	36	39	64	68	69	98	106	109	118	121	130	144	169	170	181	205	237	249	427	#
907	1701861	9	27	48	69	76	82	90	96	98	99	103	105	149	158	163	166	210	221	231	233	237	239	242	427	#
908	1589693	27	31	39	49	85	86	105	113	148	158	161	169	174	181	185	196	198	204	206	227	232	242	252	427	#
909	1518772	1	12	26	27	32	63	79	84	92	114	119	123	132	136	149	150	174	181	198	213	215	249	255	427	#
910	1464743	23	25	54	69	87	96	100	105	109	114	122	128	131	144	149	156	158	160	162	173	196	232	249	427	#
911	1460270	21	27	37	40	42	43	51	87	109	126	133	148	160	172	191	193	200	205	209	211	219	221	245	427	#
912	173464	73	125	428	#
913	192820	73	227	428	#
914	116607	125	187	428	#
915	954432	7	9	12	34	39	40	41	78	90	91	94	96	106	141	153	161	164	186	200	205	213	239	240	241	429	#
916	1428098	1	6	8	20	30	32	33	37	56	63	66	80	90	100	101	128	135	154	165	168	206	231	240	243	429	#
917	1426531	6	25	26	33	41	43	48	56	112	123	156	159	187	192	197	210	216	218	223	230	233	245	246	252	429	#
918	1409476	3	14	35	40	44	65	71	72	74	84	96	102	105	111	116	140	145	146	147	161	168	218	234	239	429	#
919	1398968	0	2	18	20	31	40	44	64	69	82	102	106	127	132	136	149	182	183	226	230	236	247	250	251	429	#
920	1397392	6	28	43	45	57	61	67	83	84	85	89	95	100	102	109	141	144	152	153	167	218	229	234	252	429	#
921	302711	3	43	59	104	177	195	224	430	#
922	451318	11	43	65	88	156	197	236	430	#
923	407012	8	43	129	137	163	177	200	430	#
924	342759	17	27	52	59	104	129	171	430	#
925	279402	17	67	104	131	159	182	195	430	#
926	256009	8	17	34	109	179	190	224	430	#
927	254711	33	136	151	234	431	#
928	353261	78	136	176	202	431	#
929	238136	147	197	200	234	431	#
930	210379	1	33	128	175	431	#
931	199795	54	144	151	175	431	#
932	490396	33	51	75	102	106	169	214	218	432	#
933	615655	3	85	86	143	161	182	218	252	432	#
934	606958	25	49	57	102	118	160	235	245	432	#
935	536126	34	100	141	161	164	169	197	233	432	#
936	524583	1	21	43	93	177	182	214	233	432	#
937	523921	50	103	106	113	114	124	169	195	432	#
938	1140600	7	11	12	24	60	64	80	121	130	132	152	154	156	159	166	183	184	186	187	192	206	225	233	433	#
939	1607389	21	40	56	57	61	87	109	116	119	130	132	135	136	157	181	183	197	218	236	239	247	249	250	433	#
940	1602811	1	3	32	46	50	58	84	86	89	90	100	139	143	159	183	190	209	212	213	223	224	239	249	433	#
941	1582428	3	12	24	37	66	67	72	94	95	140	142	143	160	164	166	168	178	215	224	229	230	250	252	433	#
942	1554337	0	9	17	36	44	45	66	74	76	84	90	121	133	136	162	165	181	196	201	205	214	250	253	433	#
943	1529806	27	32	35	48	78	87	109	118	140	143	154	169	183	184	223	224	225	226	234	244	249	251	255	433	#
944	488765	80	92	205	212	241	247	434	#
945	497966	24	36	87	101	116	247	434	#
946	465187	129	205	209	227	251	255	434	#
947	437623	1	122	194	204	212	237	434	#
948	374575	37	42	92	146	207	233	434	#
949	343342	30	67	80	85	87	233	434	#
950	353750	4	73	106	135	177	435	#
951	440194	83	100	177	220	223	435	#
952	313331	12	46	88	135	154	435	#
953	305983	28	29	73	134	176	435	#
954	270305	4	131	156	235	244	435	#
955	201121	14	81	85	106	202	435	#
956	954429	6	18	32	55	59	68	77	85	131	138	152	153	158	164	172	174	175	191	208	223	227	436	#
957	1417787	9	32	40	55	57	59	81	90	95	107	113	115	132	161	166	172	173	187	201	226	247	436	#
958	1411037	4	11	24	35	37	49	95	102	121	130	140	149	171	175	177	185	199	219	230	233	238	436	#
959	1388202	10	29	59	69	92	100	108	127	137	141	142	163	166	189	200	201	203	205	215	230	238	436	#
960	1356614	8	23	28	73	106	118	135	137	143	144	148	187	191	200	211	214	215	217	235	243	244	436	#
961	1355116	8	14	21	27	30	31	59	64	72	118	122	131	143	158	162	167	176	185	195	207	223	436	#
962	90545	111	193	437	#
963	75838	111	156	437	#
964	63776	38	193	437	#
965	2950900	0	13	22	28	29	32	43	49	56	74	75	91	95	101	103	104	114	117	121	125	138	139	147	158	159	168	177	179	182	189	196	203	205	207	212	216	220	225	226	243	246	248	250	251	252	438	#
966	2972697	0	1	2	5	18	29	37	42	56	57	59	61	62	72	73	77	81	89	91	104	118	122	123	124	129	141	161	175	176	177	180	190	191	201	204	207	214	218	219	225	227	228	237	239	252	438	#
967	2923269	11	13	15	22	24	26	29	32	33	38	41	48	76	87	94	98	99	110	111	121	127	133	141	148	149	151	154	169	170	178	188	191	205	208	210	211	215	220	224	225	226	246	248	249	253	438	#
968	2919754	7	14	15	22	34	36	42	47	52	56	58	60	71	78	97	104	108	116	117	119	124	132	139	142	146	151	157	162	164	177	180	186	194	202	205	214	223	226	227	236	237	238	239	240	245	438	#
969	2874556	7	17	30	36	37	38	40	42	49	56	57	58	61	65	68	76	80	88	101	102	115	123	124	129	130	141	142	148	158	167	169	177	194	201	202	205	207	208	220	232	236	237	242	249	255	438	#
970	2808272	2	3	8	28	30	31	40	62	66	68	78	80	81	102	114	115	123	124	125	136	137	140	147	149	157	166	169	178	184	187	191	196	208	210	214	216	218	228	230	239	240	243	245	247	249	438	#
971	493327	107	151	159	213	220	253	439	#
972	429706	7	107	162	168	195	232	439	#
973	419209	88	149	162	218	220	222	439	#
974	365865	58	72	161	205	247	253	439	#
975	340965	40	92	96	151	159	189	439	#
976	319872	69	171	192	213	225	228	439	#
977	446259	92	108	128	243	253	440	#
978	337544	31	128	149	196	238	440	#
979	282292	5	25	64	108	183	440	#
980	279087	92	170	190	234	251	440	#
981	262499	100	131	204	248	253	440	#
982	281000	37	77	81	86	105	441	#
983	417757	81	122	146	216	251	441	#
984	358224	21	93	105	167	209	441	#
985	245161	37	59	194	202	228	441	#
986	204628	48	86	142	150	209	441	#
987	101030	77	90	179	222	231	441	#
988	1029443	7	23	44	45	58	66	72	114	128	142	146	151	153	158	172	180	210	211	216	247	248	249	442	#
989	1476554	19	26	67	86	89	93	106	142	143	172	182	188	199	202	206	210	211	225	239	241	243	251	442	#
990	1441761	18	19	31	35	38	54	66	68	81	92	111	118	133	147	164	171	213	221	222	230	234	236	442	#
991	1419660	10	16	32	44	60	69	93	96	101	110	128	140	162	163	168	200	202	216	218	231	234	235	442	#
992	1401519	2	43	45	48	54	62	70	76	78	83	95	96	114	121	122	128	132	141	212	215	234	238	442	#
993	1389822	4	16	19	21	38	54	68	75	82	86	89	94	114	143	172	188	197	211	224	228	237	248	442	#
994	100471	177	205	443	#
995	129769	63	205	443	#
996	84735	50	177	443	#
997	441324	94	101	125	136	241	444	#
998	461969	60	136	201	215	251	444	#
999	335374	87	125	129	196	212	444	#
1000	315421	7	116	170	241	251	444	#
1001	263170	45	94	98	206	234	444	#
1002	192682	1	101	183	187	188	444	#
