%% File generated by CATS v.2.1Wed Jun 19 19:19:15 2013

%% The CATS webpage is http://robotics.stanford.edu/CATS

%% PARAMETER SETTINGS:
% Goods: 256; Bids: 1000; Distribution: arbitrary; Runs: 50; Seed: 1371664721
% Arbitrary Distribution Parameters:
% Max Substitutable Bids = 5
% Removing HV Neighbor   = 0.1
% Adding DIAG Neighbor   = 0.2
% Additional Location    = 0.9
% Additivity             = 0.2
% Budget Factor          = 1.5
% Resale Factor          = 0.5
% Normal Private Value:
%   Mean                 = 0
%   Standard Deviation   = 30



goods 256
bids 1002
dummy 193

0	625756	11	18	35	72	155	162	181	198	210	229	256	#
1	864956	19	31	46	71	94	112	119	124	210	232	256	#
2	788806	4	18	42	48	63	65	104	153	222	244	256	#
3	742476	11	103	111	162	177	209	218	235	241	253	256	#
4	734388	14	20	55	73	110	175	178	198	236	249	256	#
5	733903	8	35	55	68	72	112	119	220	229	254	256	#
6	142195	22	37	98	112	#
7	156207	45	72	156	257	#
8	221308	34	156	189	257	#
9	203491	61	72	140	257	#
10	81487	45	88	126	257	#
11	180095	121	153	246	258	#
12	200200	153	162	185	258	#
13	183121	73	190	246	258	#
14	161801	55	56	121	258	#
15	103196	172	250	259	#
16	57916	98	172	259	#
17	675547	28	45	81	88	123	130	140	185	186	191	260	#
18	782941	10	63	77	81	112	156	172	191	227	234	260	#
19	678135	62	84	130	133	148	194	208	216	234	250	260	#
20	621151	25	29	49	54	61	62	119	155	185	253	260	#
21	531316	23	57	88	89	109	182	205	214	225	247	260	#
22	517658	76	112	114	123	136	163	182	184	237	253	260	#
23	841068	29	33	89	101	113	127	128	149	156	172	175	206	214	217	261	#
24	1070543	5	14	48	49	93	97	104	158	173	191	214	218	246	249	261	#
25	1036236	12	29	30	46	103	111	153	157	162	181	206	229	234	237	261	#
26	1010093	24	31	63	89	101	116	128	135	149	164	170	176	211	220	261	#
27	1004563	0	10	53	72	80	82	87	88	113	152	180	204	206	220	261	#
28	982236	1	22	51	70	82	98	101	130	132	143	154	179	225	228	261	#
29	859872	15	21	22	79	80	104	106	140	169	226	255	262	#
30	891977	38	41	44	54	60	91	106	127	151	226	244	262	#
31	845040	12	57	91	121	127	150	167	190	196	253	255	262	#
32	819688	26	47	80	97	112	121	145	154	206	229	253	262	#
33	780666	16	39	55	63	84	106	147	151	214	244	246	262	#
34	671581	65	72	121	129	133	169	190	192	206	208	212	262	#
35	1073115	16	29	33	57	65	81	82	91	95	106	129	154	174	214	219	236	239	263	#
36	1280720	29	38	39	40	57	69	90	102	112	129	131	151	164	187	208	218	220	263	#
37	1118129	6	24	51	60	68	91	123	144	145	159	165	196	217	221	232	237	244	263	#
38	1077396	8	20	37	56	64	86	151	163	168	169	174	193	194	195	199	213	217	263	#
39	1048543	4	33	35	41	84	90	112	121	176	179	185	188	197	212	216	217	227	263	#
40	1037663	7	18	134	143	151	153	154	161	166	169	172	175	201	216	242	250	253	263	#
41	175715	8	21	55	264	#
42	177979	8	106	190	264	#
43	154280	21	94	197	264	#
44	152304	34	55	229	264	#
45	591943	6	70	87	93	123	138	167	252	265	#
46	630574	8	63	103	104	110	123	208	248	265	#
47	619407	51	61	93	101	104	110	134	233	265	#
48	601227	12	44	62	70	73	76	91	132	265	#
49	550565	11	21	107	138	139	186	198	228	265	#
50	497020	16	56	72	77	87	93	99	147	265	#
51	1784116	5	8	21	50	60	78	90	101	103	121	122	130	134	142	143	146	153	171	176	184	190	191	204	219	230	242	243	266	#
52	2001686	5	16	21	27	30	48	66	93	107	108	113	121	135	140	143	146	150	165	168	169	178	184	185	206	234	236	249	266	#
53	1968668	8	16	24	31	32	34	53	59	78	79	104	115	126	131	137	140	141	143	158	161	168	178	185	194	203	223	251	266	#
54	1965978	20	27	35	54	62	66	69	76	90	97	105	109	110	120	126	130	141	143	153	158	176	178	184	217	227	244	251	266	#
55	1961125	4	23	35	77	82	86	93	96	103	107	112	126	133	141	153	154	156	195	197	202	206	209	215	217	223	245	246	266	#
56	1840025	9	11	29	53	63	67	76	80	91	110	119	121	127	137	141	143	144	157	169	195	201	204	212	222	230	235	248	266	#
57	309553	31	116	178	207	241	267	#
58	361727	19	31	77	165	218	267	#
59	305923	14	139	152	207	250	267	#
60	221859	21	28	98	234	241	267	#
61	220214	116	153	186	201	241	267	#
62	269380	12	22	100	156	189	268	#
63	317272	11	47	57	92	189	268	#
64	291176	6	22	106	155	182	268	#
65	273298	12	187	210	214	215	268	#
66	231234	14	57	63	156	253	268	#
67	226336	66	100	108	174	200	268	#
68	1224645	10	12	43	96	104	105	121	128	129	151	158	159	160	172	181	189	192	212	221	226	238	241	269	#
69	1816413	8	20	23	61	63	77	79	128	132	136	148	150	152	162	163	167	170	177	211	223	236	241	269	#
70	1782646	10	22	25	37	80	91	132	137	140	152	158	168	188	193	195	220	221	224	227	247	248	250	269	#
71	1666045	3	11	34	39	41	46	47	77	108	122	129	151	152	155	184	208	215	219	220	221	232	251	269	#
72	1554740	23	27	33	36	47	49	64	121	136	139	142	145	149	160	170	182	187	192	199	205	236	246	269	#
73	1542172	10	12	25	31	47	58	67	69	100	108	138	144	150	159	193	203	204	205	209	221	223	244	269	#
74	233548	17	45	166	197	204	211	219	254	270	#
75	332783	22	95	105	125	161	179	183	219	270	#
76	297243	1	18	27	45	79	80	116	254	270	#
77	289624	52	60	82	117	126	184	197	225	270	#
78	251337	28	36	45	58	64	151	166	252	270	#
79	157132	163	190	271	#
80	172601	12	163	271	#
81	138845	175	190	271	#
82	97290	52	53	61	272	#
83	124212	6	61	173	272	#
84	859583	17	23	27	69	74	82	86	101	114	151	153	187	188	236	242	243	273	#
85	1247221	1	27	59	70	84	89	100	104	140	142	143	171	183	184	218	250	273	#
86	1180559	14	17	26	83	85	117	119	143	147	152	157	158	160	197	214	238	273	#
87	1145319	25	27	40	64	70	79	106	127	139	155	163	193	210	212	234	242	273	#
88	1108257	11	19	21	34	45	62	72	100	101	142	165	193	202	222	226	244	273	#
89	1048640	11	22	37	54	56	91	102	135	151	160	165	166	167	173	236	243	273	#
90	393802	16	28	32	109	159	161	178	274	#
91	558369	10	16	23	26	48	106	176	274	#
92	470202	0	88	109	121	178	197	207	274	#
93	463259	16	21	32	77	161	222	250	274	#
94	455061	11	59	65	103	109	168	237	274	#
95	446905	73	106	161	173	201	226	231	274	#
96	134585	220	226	275	#
97	110026	220	250	275	#
98	99850	21	226	275	#
99	821651	2	14	37	47	73	106	108	118	125	138	142	170	201	233	239	247	251	276	#
100	1168285	7	14	46	48	49	64	65	98	104	109	143	156	179	199	205	220	227	276	#
101	1107254	5	6	23	65	67	92	103	110	118	120	158	166	174	186	226	247	255	276	#
102	1099538	40	77	86	107	111	112	134	160	196	212	213	214	224	229	233	236	254	276	#
103	1073429	19	34	49	62	71	73	80	83	91	100	134	157	172	204	213	219	255	276	#
104	1056730	2	14	29	75	99	108	110	114	118	149	160	213	222	224	226	234	243	276	#
105	268962	12	154	203	277	#
106	231066	7	24	154	277	#
107	68164	2	203	205	277	#
108	376192	11	27	81	95	162	164	278	#
109	548442	100	162	176	186	212	242	278	#
110	535391	16	78	95	112	134	229	278	#
111	362577	27	43	49	95	118	147	278	#
112	349038	11	20	27	46	226	240	278	#
113	306069	28	81	130	183	225	246	278	#
114	193248	107	251	279	#
115	179337	117	251	279	#
116	128345	50	107	279	#
117	96969	122	131	133	280	#
118	133289	133	195	218	280	#
119	1376352	9	18	50	60	61	74	79	102	103	107	108	124	146	152	157	177	191	213	216	219	246	281	#
120	1604744	9	14	20	31	43	46	60	72	88	89	90	95	102	108	130	149	151	199	208	209	249	281	#
121	1556557	9	15	18	25	32	51	79	92	102	123	135	143	145	150	151	190	206	218	223	241	249	281	#
122	1547982	9	13	77	79	91	102	103	108	121	132	136	138	140	147	163	176	185	198	211	241	248	281	#
123	1477327	12	36	59	62	68	79	115	135	142	143	144	154	164	174	177	179	183	202	206	238	248	281	#
124	1467505	7	17	23	30	38	47	79	86	92	95	116	136	140	153	177	187	191	204	230	231	253	281	#
125	735526	28	44	46	53	54	76	121	145	161	176	181	250	282	#
126	996099	1	7	51	59	61	84	106	162	168	175	176	191	282	#
127	872293	41	49	59	153	161	168	189	205	218	224	230	239	282	#
128	871216	11	21	35	40	41	46	65	108	170	183	184	193	282	#
129	860171	26	52	84	85	130	170	175	181	211	223	243	248	282	#
130	797499	12	14	24	39	44	117	120	131	187	216	220	243	282	#
131	1572069	0	4	5	7	8	24	28	41	49	51	56	63	66	77	87	102	113	116	118	162	163	185	188	230	231	245	283	#
132	2015049	6	26	34	48	49	59	61	64	72	82	84	97	109	156	167	168	176	185	186	193	212	214	215	220	231	255	283	#
133	1877234	20	25	26	31	53	54	55	63	64	70	77	87	90	102	104	118	120	136	137	139	143	152	168	189	238	248	283	#
134	1835468	20	22	40	48	50	80	82	86	104	107	113	128	136	138	142	146	148	154	176	187	188	189	208	213	250	254	283	#
135	1823961	9	19	20	26	59	74	77	90	106	113	116	126	127	138	144	157	167	168	171	173	176	196	197	213	238	255	283	#
136	1735289	19	37	47	60	63	71	81	105	108	128	131	160	176	179	181	186	189	195	197	222	228	232	233	246	249	254	283	#
137	154188	203	247	251	284	#
138	202069	107	189	247	284	#
139	146027	85	111	203	284	#
140	133418	133	153	251	284	#
141	241459	14	15	19	179	236	285	#
142	351863	15	131	141	154	220	285	#
143	266659	34	92	116	151	236	285	#
144	215225	109	150	179	201	209	285	#
145	424553	39	42	95	155	176	206	286	#
146	471810	2	119	144	165	206	224	286	#
147	325763	56	151	176	199	224	247	286	#
148	319106	27	95	99	111	238	240	286	#
149	273932	14	42	47	109	190	241	286	#
150	216081	22	39	43	133	148	255	286	#
151	1084795	9	17	51	55	83	105	110	121	123	135	142	152	191	207	211	214	215	245	287	#
152	1495741	1	21	51	54	72	75	91	118	124	141	147	160	209	222	227	228	246	249	287	#
153	1469437	16	43	47	50	58	69	103	105	106	124	183	191	210	211	212	215	238	251	287	#
154	1428569	0	8	14	20	25	26	33	46	48	82	104	186	187	191	212	234	236	245	287	#
155	1415195	8	17	29	58	70	79	84	109	134	142	143	154	170	182	195	238	245	246	287	#
156	1384426	1	29	38	43	67	79	112	121	140	174	183	186	191	199	211	219	220	228	287	#
157	21648	17	#
158	414876	11	46	156	196	288	#
159	486149	8	11	98	223	288	#
160	310386	46	101	135	198	288	#
161	269704	17	47	152	156	288	#
162	508464	3	12	30	111	136	207	239	289	#
163	595388	44	84	160	163	205	220	239	289	#
164	494049	30	78	81	121	169	211	216	289	#
165	403295	96	133	136	139	207	208	209	289	#
166	395964	136	148	150	153	168	179	224	289	#
167	352335	2	3	4	102	107	120	237	289	#
168	19600	55	#
169	139954	3	#
170	178566	42	180	#
171	628270	7	49	59	116	156	158	172	186	195	241	307	#
172	88656	118	#
173	151213	10	122	291	#
174	170525	10	173	291	#
175	126738	2	122	291	#
176	107253	116	237	292	#
177	106143	116	136	292	#
178	168921	130	159	188	238	293	#
179	229044	49	121	194	238	293	#
180	133359	8	151	188	244	293	#
181	131378	125	159	238	244	293	#
182	63065	19	98	294	#
183	87743	5	19	294	#
184	68873	195	219	#
185	643639	4	13	23	24	29	51	59	97	100	146	156	184	240	295	#
186	941970	6	16	54	67	72	121	126	141	151	153	184	191	208	295	#
187	872128	7	36	69	76	100	158	193	210	212	217	219	231	244	295	#
188	837851	33	36	51	57	59	69	71	154	174	196	230	245	255	295	#
189	793486	8	29	40	46	69	93	136	145	146	198	202	211	217	295	#
190	736882	22	24	57	86	94	101	104	110	115	161	178	192	206	295	#
191	307752	34	62	128	246	296	#
192	347343	19	91	128	209	296	#
193	234579	9	19	62	132	296	#
194	232520	8	200	246	255	296	#
195	156274	34	148	161	249	296	#
196	67634	75	#
197	148060	16	149	297	#
198	119136	63	149	297	#
199	109487	16	151	297	#
200	1742755	12	14	23	25	30	32	42	63	68	88	94	111	116	121	126	136	150	152	154	177	178	182	200	201	204	214	219	229	241	244	249	298	#
201	2397368	7	8	21	23	29	33	55	63	70	78	94	97	103	111	124	152	154	157	165	183	191	195	201	202	217	221	223	226	237	241	252	298	#
202	2189454	12	22	23	28	29	46	61	64	68	76	79	91	97	103	124	134	135	140	150	173	179	197	203	205	208	211	223	226	232	249	253	298	#
203	2111868	12	14	23	28	54	56	63	72	78	82	88	95	128	131	147	154	155	169	170	172	176	178	182	185	196	206	212	225	227	236	248	298	#
204	2062532	21	23	25	36	44	56	58	65	90	105	107	115	117	124	126	136	146	152	166	174	176	177	178	179	182	189	218	221	223	228	244	298	#
205	2013796	9	25	34	43	49	54	56	64	67	72	76	93	102	111	150	151	163	166	187	188	193	195	212	215	219	225	227	228	243	244	251	298	#
206	518981	127	162	192	196	202	232	299	#
207	460222	36	67	90	101	127	214	299	#
208	361338	2	158	179	192	231	255	299	#
209	337325	12	61	78	109	194	202	299	#
210	313863	21	40	67	165	196	238	299	#
211	299782	28	32	51	224	232	240	299	#
212	382163	18	25	46	112	300	#
213	407532	39	112	199	235	300	#
214	296509	18	102	107	113	300	#
215	281394	26	46	88	188	300	#
216	201540	21	25	45	79	300	#
217	1182788	19	26	38	46	62	67	107	119	128	155	166	168	174	187	194	209	210	244	301	#
218	1409962	29	37	40	41	53	62	93	117	132	137	141	142	163	171	180	187	188	208	301	#
219	1311634	13	20	27	48	70	76	78	103	119	125	134	144	174	192	195	232	251	254	301	#
220	1211844	1	10	58	59	62	73	74	86	107	119	139	153	157	177	180	202	228	240	301	#
221	1196686	6	27	49	59	70	93	127	128	136	145	147	162	180	195	232	235	237	248	301	#
222	1178029	30	33	52	64	65	77	112	132	136	167	168	173	207	211	222	227	249	253	301	#
223	713896	50	55	56	68	134	143	147	152	161	170	213	302	#
224	874645	2	49	50	54	65	157	161	162	175	176	248	302	#
225	846940	28	47	57	64	93	126	170	201	215	243	255	302	#
226	781705	43	56	76	106	126	133	135	149	182	222	228	302	#
227	676211	12	55	62	92	110	116	153	167	188	202	209	302	#
228	637166	16	31	50	70	109	113	147	174	235	250	253	302	#
229	433784	11	36	67	85	136	165	166	190	193	209	232	303	#
230	650516	36	58	75	106	122	139	164	194	205	210	249	303	#
231	635371	15	38	52	112	115	130	137	162	165	220	231	303	#
232	604858	7	21	88	101	106	113	122	202	231	232	245	303	#
233	596873	72	83	86	113	147	154	190	213	216	228	253	303	#
234	583396	57	79	81	104	106	108	133	144	146	166	201	303	#
235	1228593	2	8	39	47	61	96	102	113	117	118	143	162	169	179	219	230	239	304	#
236	1258802	18	23	27	44	47	66	94	104	109	118	156	164	186	201	212	215	248	304	#
237	1208393	38	60	61	69	72	102	117	130	143	163	169	177	183	187	191	212	233	304	#
238	1195656	21	24	25	35	48	82	97	128	158	162	165	183	195	206	213	232	253	304	#
239	1159484	16	21	35	47	58	66	79	80	86	102	109	176	209	218	233	254	255	304	#
240	1153594	33	52	63	69	84	87	91	119	130	153	169	185	198	199	218	225	246	304	#
241	997109	15	51	58	69	87	96	102	110	111	135	137	152	196	207	212	221	246	247	251	255	305	#
242	1455663	24	31	37	54	78	94	98	103	104	106	111	145	160	176	180	193	200	213	226	230	305	#
243	1420200	24	27	37	39	51	60	71	72	78	81	109	116	137	186	187	193	199	208	221	255	305	#
244	1413526	7	16	27	32	43	48	65	71	83	102	103	115	140	155	186	196	200	202	208	222	305	#
245	1395252	13	30	39	88	100	107	120	158	159	160	168	192	196	203	207	212	225	233	248	253	305	#
246	1358199	3	7	15	23	41	47	50	117	119	125	133	148	149	161	162	163	208	234	240	243	305	#
247	106837	79	190	306	#
248	120849	9	190	306	#
249	748555	7	11	94	110	130	132	138	157	206	236	307	#
250	953218	25	31	35	101	106	120	157	206	233	250	307	#
251	756993	15	39	55	88	94	112	113	152	165	180	307	#
252	664776	30	44	69	83	119	130	140	141	237	255	307	#
253	660167	4	16	22	100	110	116	147	172	206	208	307	#
254	55897	67	#
255	295261	66	84	222	233	308	#
256	315063	19	46	84	175	308	#
257	216124	74	156	222	228	308	#
258	207838	19	36	174	233	308	#
259	57733	66	92	101	203	308	#
260	219912	0	46	309	#
261	220168	46	130	309	#
262	166214	0	168	309	#
263	1351668	18	27	30	35	41	64	79	81	86	97	121	139	147	161	170	186	200	216	228	234	245	251	310	#
264	1697682	9	23	51	62	67	71	74	78	89	106	149	157	171	196	206	208	209	214	217	218	228	234	310	#
265	1645638	5	18	42	44	47	65	84	98	100	136	145	147	152	155	177	180	186	206	214	239	242	249	310	#
266	1608714	11	16	37	61	69	75	77	104	131	135	149	154	165	177	178	196	202	217	223	229	246	251	310	#
267	1579743	20	26	37	44	59	77	84	85	92	99	102	132	134	135	139	156	173	180	193	214	225	253	310	#
268	1516337	15	30	34	54	56	62	70	75	83	84	90	91	107	150	165	167	170	192	194	204	222	245	310	#
269	678584	17	62	70	81	92	97	119	165	177	197	311	#
270	757592	46	86	118	153	155	170	177	178	199	228	311	#
271	711981	14	25	92	116	159	163	182	200	202	215	311	#
272	692680	1	5	7	54	70	120	189	210	228	254	311	#
273	677635	6	11	45	97	113	128	139	175	198	251	311	#
274	655485	30	62	64	70	105	106	138	148	185	191	311	#
275	276221	20	77	153	185	312	#
276	378044	89	158	185	243	312	#
277	237694	40	77	83	245	312	#
278	205832	123	153	172	185	312	#
279	135085	1	45	130	313	#
280	193633	4	130	233	313	#
281	91394	45	89	209	313	#
282	2132904	3	16	19	21	27	28	40	43	49	56	61	62	63	76	99	103	104	113	115	119	122	149	150	152	159	172	178	183	186	187	192	194	195	200	206	210	215	218	219	225	231	238	314	#
283	3034491	3	7	9	15	19	22	30	41	47	51	57	59	60	62	63	67	71	73	75	78	82	90	92	105	118	124	126	130	136	143	146	154	156	159	160	174	194	198	213	215	238	254	314	#
284	2968370	1	5	11	19	23	31	41	46	47	48	50	51	54	59	62	63	65	69	82	86	94	115	116	117	119	122	135	152	165	168	185	186	191	197	208	221	227	233	235	242	245	246	314	#
285	2883055	13	14	16	17	32	35	39	42	45	46	47	60	62	71	76	78	101	115	117	118	119	120	126	127	134	135	137	144	146	149	165	167	194	199	201	212	215	227	230	236	240	242	314	#
286	2853785	3	7	11	15	27	28	34	45	47	49	58	59	63	67	95	104	110	117	126	130	134	141	142	145	146	148	149	150	158	164	171	182	185	186	187	195	198	213	223	225	243	251	314	#
287	2833384	1	15	17	28	29	31	44	49	63	78	82	84	104	111	113	119	123	126	132	134	141	142	152	154	156	168	177	187	188	190	192	197	200	209	211	216	232	236	248	250	252	255	314	#
288	748871	15	40	60	105	106	141	144	200	213	220	232	234	243	315	#
289	925482	51	66	92	101	123	153	158	176	187	221	228	240	243	315	#
290	903019	52	61	72	89	144	145	150	160	173	191	204	214	227	315	#
291	899535	5	6	16	35	40	51	68	72	126	178	187	200	243	315	#
292	872073	13	21	44	51	60	86	94	106	136	140	159	172	249	315	#
293	854133	21	51	57	60	105	143	167	180	186	208	212	221	236	315	#
294	911608	0	30	56	62	97	140	157	163	173	189	193	229	245	248	316	#
295	1112533	7	26	41	62	67	97	120	132	173	182	188	191	205	233	316	#
296	1032683	0	11	14	33	86	121	122	163	169	181	187	196	197	224	316	#
297	970008	0	12	21	87	94	100	110	125	158	171	206	222	233	234	316	#
298	948997	9	11	26	38	89	92	109	129	135	189	211	237	246	251	316	#
299	926400	1	12	58	62	92	93	108	110	134	140	194	198	201	234	316	#
300	207576	51	150	218	317	#
301	283425	51	99	167	317	#
302	202498	7	218	255	317	#
303	115524	24	122	150	317	#
304	447592	10	21	26	33	96	192	218	241	244	318	#
305	590628	1	10	12	30	31	96	163	213	251	318	#
306	570653	23	52	53	56	67	90	201	209	218	318	#
307	523483	33	69	85	91	115	163	192	234	241	318	#
308	482837	0	21	29	41	61	66	103	188	191	318	#
309	480865	11	26	42	65	72	90	181	227	242	318	#
310	804003	17	22	27	49	51	60	66	81	97	116	121	125	137	185	201	235	319	#
311	1178920	23	27	34	35	69	80	125	132	135	172	201	212	221	229	231	239	319	#
312	1140720	13	18	71	72	75	98	107	115	121	123	147	160	206	214	230	254	319	#
313	1058771	5	15	22	35	41	51	66	141	145	171	174	186	212	227	253	254	319	#
314	994690	5	11	47	62	64	85	137	170	183	185	189	204	205	222	232	250	319	#
315	961438	12	16	20	40	51	56	77	89	115	121	200	208	219	226	232	251	319	#
316	434872	27	102	122	158	185	199	205	225	239	247	320	#
317	603959	41	91	95	123	153	178	219	233	239	246	320	#
318	602296	24	86	106	107	110	135	153	192	225	245	320	#
319	578520	33	83	109	112	133	153	160	197	199	244	320	#
320	560730	16	27	42	65	102	125	168	182	196	232	320	#
321	520955	28	45	73	107	153	189	205	221	232	236	320	#
322	218579	46	143	242	321	#
323	281997	128	143	185	321	#
324	127701	46	54	254	321	#
325	118388	90	142	242	321	#
326	880767	20	21	55	86	104	106	206	223	224	229	322	#
327	788372	17	36	62	90	106	172	186	222	244	247	322	#
328	766521	20	61	102	103	193	196	207	229	237	247	322	#
329	713539	2	27	40	55	57	149	164	215	223	252	322	#
330	705023	11	33	104	140	141	149	196	227	228	231	322	#
331	694793	18	86	103	110	116	121	129	183	208	244	322	#
332	1148518	19	39	49	64	74	81	98	100	106	108	115	116	133	140	145	156	164	171	190	232	239	323	#
333	1692919	17	26	39	42	46	53	69	70	89	104	121	137	162	164	182	186	209	210	231	243	249	323	#
334	1600633	24	28	39	42	54	55	67	90	100	124	132	136	146	152	163	188	196	200	211	226	238	323	#
335	1476682	3	21	24	34	37	38	49	52	62	84	103	113	114	119	137	159	175	204	207	215	233	323	#
336	1461488	8	18	25	33	35	49	58	74	76	100	113	114	124	139	170	184	188	198	200	229	233	323	#
337	1417010	3	21	31	39	40	56	60	63	83	85	93	106	128	136	144	146	161	169	172	240	255	323	#
338	9652	179	#
339	289169	14	33	113	232	324	#
340	319697	6	19	129	232	324	#
341	223911	33	121	143	219	324	#
342	218663	11	113	142	195	324	#
343	84830	5	14	113	165	324	#
344	473417	51	74	98	106	127	138	230	325	#
345	516428	16	51	117	120	128	151	200	325	#
346	450256	31	138	179	180	204	236	251	325	#
347	439067	39	74	133	170	202	211	246	325	#
348	415223	43	59	77	93	98	101	176	325	#
349	357368	80	91	97	136	140	181	230	325	#
350	5138436	1	2	3	7	11	18	19	25	26	28	32	33	37	42	43	44	48	50	51	52	55	56	60	62	65	73	75	83	84	85	87	92	93	94	96	98	102	107	108	109	112	114	118	119	120	121	122	125	126	129	131	133	135	142	144	146	150	154	158	160	164	168	169	173	174	181	186	187	192	197	198	199	200	203	204	207	211	215	216	217	218	220	221	222	224	226	227	228	230	235	237	239	241	249	252	326	#
351	6047968	0	1	2	5	6	9	14	15	17	19	20	21	22	24	30	33	44	46	47	48	51	53	54	58	60	62	64	66	67	71	77	78	82	85	86	91	92	93	98	102	108	109	111	115	116	118	121	131	132	133	136	143	144	145	147	149	152	157	159	160	163	175	177	178	179	180	182	184	189	192	193	197	202	207	208	211	212	213	216	218	220	221	224	225	226	229	232	233	235	237	240	242	244	246	248	326	#
352	5936600	0	4	5	7	8	11	12	19	25	28	31	33	36	38	41	45	47	51	53	54	56	62	64	69	72	73	75	76	77	85	86	89	99	101	102	103	106	108	113	115	117	118	119	124	127	133	134	135	138	140	143	145	146	147	149	153	154	158	161	162	169	171	174	175	176	178	181	187	188	190	191	192	194	195	197	201	204	206	215	216	217	219	220	221	222	223	224	225	226	228	235	237	244	248	249	326	#
353	5911990	1	2	4	5	7	18	21	26	29	32	35	38	41	43	44	46	47	51	57	61	62	66	69	70	71	72	73	81	82	85	87	88	92	100	101	102	103	104	106	107	109	110	112	116	119	120	123	124	131	132	137	139	142	144	148	150	154	157	159	161	162	163	168	169	178	182	183	185	186	187	188	189	190	192	197	202	204	205	212	214	220	221	222	225	226	227	229	231	235	237	245	250	252	254	255	326	#
354	5892319	2	4	5	6	7	8	11	15	16	19	24	31	32	33	35	41	42	45	47	49	50	51	57	58	60	61	73	75	84	86	88	91	99	100	101	103	104	112	119	121	127	128	131	132	133	134	135	139	140	141	145	147	149	150	151	155	159	160	161	163	164	166	169	177	185	187	189	192	193	195	197	200	202	204	205	207	208	209	211	213	220	225	226	227	231	232	233	234	235	237	238	241	245	250	255	326	#
355	5875184	0	1	6	9	11	12	14	16	21	22	23	27	28	31	32	36	37	39	40	42	44	45	46	48	52	58	60	62	68	69	70	71	73	75	76	78	79	82	87	91	92	93	95	99	113	116	117	119	121	124	126	128	129	130	131	133	143	145	146	147	149	150	151	154	159	162	166	170	173	174	175	177	178	187	190	192	193	197	200	202	205	213	214	221	222	223	224	233	240	242	244	248	250	252	254	326	#
356	952147	22	62	74	100	103	105	106	155	161	164	168	178	191	205	226	234	245	327	#
357	1182140	3	13	15	39	62	67	69	73	76	85	101	103	133	154	169	181	206	327	#
358	1128621	7	16	20	29	30	71	81	88	103	113	136	139	142	168	174	196	249	327	#
359	1094536	18	31	41	57	100	113	121	138	139	142	146	156	162	166	211	221	230	327	#
360	1059915	13	16	24	30	68	80	92	95	111	118	119	120	133	142	161	220	251	327	#
361	1053910	15	19	55	71	90	105	139	159	167	177	182	204	211	220	231	241	255	327	#
362	256726	15	75	212	222	246	328	#
363	335977	31	47	55	93	246	328	#
364	307056	11	43	158	197	222	328	#
365	286232	20	75	128	138	190	328	#
366	228361	4	15	21	61	151	328	#
367	214651	60	182	212	213	217	328	#
368	65836	142	156	329	#
369	71330	156	204	329	#
370	21779	28	#
371	179281	31	174	205	208	330	#
372	257001	159	180	205	211	330	#
373	247309	54	174	249	251	330	#
374	585417	84	124	129	139	141	149	152	176	197	206	331	#
375	793197	84	133	146	153	157	176	184	195	206	248	331	#
376	735405	30	102	118	120	129	155	163	202	212	255	331	#
377	644426	42	47	77	136	139	142	158	184	185	230	331	#
378	612959	79	84	118	141	180	193	201	204	211	212	331	#
379	536625	4	23	43	49	111	113	152	158	166	188	331	#
380	757446	6	29	31	38	89	116	149	183	191	255	332	#
381	1065600	48	58	72	77	78	128	177	191	220	245	332	#
382	802409	6	15	46	62	67	77	82	84	116	228	332	#
383	778299	1	10	29	51	79	116	137	206	220	247	332	#
384	766062	6	52	62	65	132	136	138	186	206	219	332	#
385	592933	80	86	92	123	138	157	183	222	226	236	332	#
386	928465	5	30	34	55	56	74	86	158	169	171	188	195	205	209	214	233	333	#
387	1312150	4	12	17	35	46	48	57	84	104	122	158	170	180	206	235	251	333	#
388	1248599	3	11	26	38	39	66	107	112	138	141	171	185	191	201	209	214	333	#
389	1199236	30	34	37	48	55	63	73	84	107	138	146	167	188	197	199	206	333	#
390	1166105	15	23	30	39	71	82	123	130	132	149	150	187	189	200	204	254	333	#
391	1143691	7	80	90	94	100	122	149	168	171	181	202	205	206	209	233	247	333	#
392	2352463	19	46	48	56	62	72	74	77	78	82	85	89	90	93	99	110	115	116	131	137	139	145	146	147	148	149	165	176	185	222	224	228	229	236	247	248	334	#
393	2636246	2	6	18	26	39	40	44	46	47	62	63	99	107	109	120	128	132	137	140	149	152	166	170	185	193	195	197	202	203	209	215	220	228	245	248	253	334	#
394	2567728	0	1	9	11	18	20	21	50	57	60	68	69	70	77	98	110	112	113	128	137	156	160	162	172	173	174	177	203	209	215	222	224	232	246	251	254	334	#
395	2550668	4	11	33	34	45	46	48	49	50	51	54	56	63	88	97	99	108	109	113	123	125	162	163	168	169	171	175	177	197	204	205	211	213	233	235	241	334	#
396	2529178	0	6	8	23	35	37	43	46	51	77	80	90	98	105	108	116	126	137	148	150	155	163	165	170	177	178	184	192	193	198	209	217	242	245	246	248	334	#
397	2417760	9	13	14	22	23	26	36	48	50	60	62	68	70	75	77	78	97	99	107	109	111	113	116	119	124	135	159	168	176	205	206	208	230	234	241	250	334	#
398	163082	48	60	335	#
399	173018	48	103	335	#
400	76510	13	60	335	#
401	674805	42	51	62	105	186	199	217	226	253	336	#
402	693970	17	54	78	81	91	131	184	217	222	336	#
403	655695	15	42	66	88	165	169	194	199	208	336	#
404	594244	3	28	32	36	51	63	70	71	92	336	#
405	585528	86	111	120	122	124	129	168	200	253	336	#
406	569763	12	62	73	96	99	121	147	163	233	336	#
407	497041	12	41	80	118	137	170	172	337	#
408	616876	41	44	150	162	221	222	237	337	#
409	570563	10	35	163	170	190	214	229	337	#
410	429883	44	108	123	137	183	220	254	337	#
411	421388	35	48	66	79	118	227	247	337	#
412	417095	30	67	158	172	209	229	232	337	#
413	107311	98	159	338	#
414	150834	98	244	338	#
415	101366	3	159	338	#
416	697556	83	133	163	165	175	200	214	215	339	#
417	605211	12	39	92	141	165	175	181	245	339	#
418	596204	38	64	98	107	130	198	200	224	339	#
419	556253	66	78	94	117	165	199	200	201	339	#
420	552322	3	55	93	137	147	170	208	215	339	#
421	510906	17	93	108	213	214	227	230	231	339	#
422	198639	22	56	68	89	340	#
423	137851	22	59	61	106	340	#
424	227653	27	64	66	188	224	243	244	341	#
425	316176	13	85	103	111	226	232	244	341	#
426	299249	14	27	51	183	201	224	250	341	#
427	286977	27	46	92	93	112	156	188	341	#
428	330135	15	47	84	173	182	227	229	342	#
429	451990	27	71	84	121	130	166	198	342	#
430	371881	44	77	122	142	178	225	227	342	#
431	367064	4	42	47	139	186	209	246	342	#
432	360805	59	84	132	134	156	182	217	342	#
433	357080	35	121	134	141	152	211	229	342	#
434	941615	13	14	22	39	54	97	106	124	132	141	169	206	215	343	#
435	1049217	40	51	54	60	64	117	124	135	153	157	206	226	245	343	#
436	1020371	10	18	20	55	56	65	67	88	102	106	127	202	248	343	#
437	987546	40	41	50	78	93	117	128	161	167	170	203	215	254	343	#
438	927160	24	29	67	73	98	99	130	132	135	160	191	215	243	343	#
439	913705	8	10	31	48	99	124	153	155	170	173	174	194	239	343	#
440	824489	8	30	34	40	46	52	63	129	133	149	155	165	180	187	198	225	255	344	#
441	1190184	2	27	30	37	42	48	62	71	78	89	102	111	118	129	160	199	254	344	#
442	1116667	0	15	29	44	62	69	71	76	77	111	117	120	142	165	207	225	239	344	#
443	1008254	9	11	24	34	54	56	57	67	75	101	116	131	148	194	197	219	234	344	#
444	969539	20	24	25	31	55	64	111	130	139	156	167	169	176	198	211	213	252	344	#
445	959336	26	75	88	92	97	111	143	150	182	187	188	192	198	202	214	216	222	344	#
446	54525	72	254	345	#
447	22556	172	254	345	#
448	1137381	0	3	13	25	26	87	93	107	111	114	115	120	123	128	141	149	153	155	161	195	247	346	#
449	1648017	1	5	10	20	21	25	33	53	63	106	111	124	131	147	148	149	160	181	195	236	239	346	#
450	1551693	13	15	25	29	35	45	51	98	111	128	142	148	160	184	190	198	202	208	238	241	246	346	#
451	1474792	0	1	17	35	36	40	50	51	60	64	89	100	130	132	182	186	194	196	208	240	246	346	#
452	1389185	3	6	7	9	26	33	39	41	84	91	112	142	147	150	167	169	191	197	200	210	240	346	#
453	1387604	0	3	27	31	61	62	63	74	87	96	97	100	108	132	148	150	158	184	209	216	245	346	#
454	769666	2	4	5	8	19	37	51	88	97	114	136	165	187	213	222	233	347	#
455	1123678	1	18	41	56	123	125	133	148	153	185	187	206	228	231	232	251	347	#
456	1069134	68	87	101	102	111	146	155	156	160	164	170	172	173	212	222	233	347	#
457	1050818	12	19	31	55	120	121	154	164	179	185	186	196	214	225	236	241	347	#
458	1023885	13	20	26	36	48	56	85	100	110	129	169	197	204	213	225	251	347	#
459	1009241	28	35	58	61	70	86	110	136	156	167	175	183	204	236	239	242	347	#
460	412963	28	50	59	77	94	97	134	190	209	224	231	241	348	#
461	589587	11	46	77	79	102	115	138	148	153	172	201	212	348	#
462	581343	9	25	31	68	87	97	149	170	190	199	224	232	348	#
463	578593	8	31	49	50	92	112	156	157	168	188	201	203	348	#
464	575497	20	37	76	134	166	172	189	203	209	229	245	249	348	#
465	544921	51	53	68	89	94	123	159	166	185	191	215	231	348	#
466	1809333	7	12	27	32	49	59	63	68	71	76	88	94	110	117	119	122	164	168	175	179	189	191	201	216	218	220	223	230	235	241	246	349	#
467	2192294	10	26	30	34	65	68	72	76	82	90	91	104	107	119	132	134	139	179	180	183	188	195	199	203	220	223	227	230	234	239	253	349	#
468	2150568	3	6	15	19	30	38	45	48	60	61	62	71	73	75	85	92	112	120	122	124	150	151	159	162	165	170	199	207	212	227	252	349	#
469	2113710	15	25	27	34	43	47	58	67	68	72	73	78	84	88	106	122	133	146	153	167	168	173	178	181	184	216	220	223	235	243	244	349	#
470	2072228	1	7	40	43	45	50	53	56	71	76	104	106	110	111	112	131	142	158	168	174	175	187	201	206	214	215	220	233	238	241	255	349	#
471	2036680	6	7	8	10	12	23	26	37	38	49	51	54	72	75	77	83	97	133	134	136	142	164	168	187	193	195	209	236	239	243	245	349	#
472	2033296	3	17	23	37	39	42	51	53	55	64	75	86	95	96	97	100	106	107	115	122	126	137	141	143	172	174	202	238	243	255	350	#
473	2215172	3	11	17	26	36	38	39	44	50	54	55	80	83	90	98	104	106	114	120	126	141	145	166	167	174	175	203	206	236	241	350	#
474	2118544	0	2	4	9	11	16	21	40	46	54	62	78	83	107	110	115	117	123	137	145	152	158	160	166	177	195	220	233	235	246	350	#
475	2101407	4	6	37	46	47	61	68	69	74	80	95	97	108	115	117	135	142	143	145	146	163	178	180	185	204	212	220	244	250	255	350	#
476	2062347	0	2	10	28	31	33	55	60	64	65	69	71	88	94	95	106	110	124	127	140	142	169	191	223	227	232	241	242	248	250	350	#
477	2056047	0	11	13	21	23	36	42	46	56	68	78	79	85	90	111	133	141	151	152	155	181	187	195	210	220	227	233	237	250	255	350	#
478	374869	57	98	105	174	177	225	351	#
479	414396	4	9	56	108	177	209	351	#
480	406501	89	98	177	186	204	220	351	#
481	400474	15	47	57	127	243	244	351	#
482	399829	12	27	93	105	112	178	351	#
483	377433	53	64	103	161	168	225	351	#
484	586691	22	27	52	126	127	156	166	190	212	244	352	#
485	728720	79	99	118	126	137	147	167	180	232	246	352	#
486	726277	9	25	28	47	102	106	182	196	244	248	352	#
487	692896	12	39	46	48	76	105	144	204	212	238	352	#
488	691105	76	96	109	127	176	178	182	183	186	232	352	#
489	674358	5	35	87	115	149	153	157	166	173	253	352	#
490	89344	180	#
491	319910	36	75	81	87	194	243	248	353	#
492	424262	54	87	119	134	174	189	193	353	#
493	376045	10	12	119	149	153	196	243	353	#
494	327110	25	75	113	130	136	145	254	353	#
495	308566	1	16	115	127	183	248	254	353	#
496	257492	81	109	166	172	197	200	223	353	#
497	447087	10	89	165	187	196	207	228	234	354	#
498	563642	17	19	31	47	146	187	194	221	354	#
499	559526	3	14	62	140	173	222	234	239	354	#
500	539792	40	75	82	84	193	196	214	251	354	#
501	530662	17	42	146	165	180	224	227	251	354	#
502	461953	53	89	106	127	135	196	206	208	354	#
503	221747	102	152	183	214	247	355	#
504	243114	44	183	225	232	250	355	#
505	232415	19	87	182	186	247	355	#
506	231410	75	147	169	214	243	355	#
507	161976	4	59	62	102	147	355	#
508	177206	28	122	180	200	205	356	#
509	159673	70	82	177	205	245	356	#
510	2179489	3	9	38	40	56	59	61	62	65	69	87	94	101	137	146	148	152	156	166	169	173	181	193	194	199	206	209	212	217	222	224	237	241	249	250	357	#
511	2571997	3	8	19	33	42	47	58	59	62	64	70	72	78	86	90	93	96	100	104	117	125	136	137	141	145	146	160	164	194	203	206	207	213	245	249	357	#
512	2515997	7	9	11	13	16	19	20	27	44	48	50	73	76	97	98	101	102	103	105	106	110	138	161	162	168	179	181	185	199	206	212	221	235	237	247	357	#
513	2398904	18	33	35	38	41	42	51	54	57	65	69	74	91	92	100	103	108	116	140	148	155	166	169	172	188	194	195	208	212	217	226	230	233	241	243	357	#
514	2351170	11	13	16	20	24	27	35	50	51	66	78	87	91	100	101	102	104	108	109	125	136	138	141	144	156	165	171	172	180	187	200	201	213	236	249	357	#
515	2327694	3	6	7	8	15	18	21	25	34	37	63	69	78	79	90	91	93	95	100	104	134	137	143	163	166	170	187	193	201	222	225	232	233	251	255	357	#
516	424884	39	65	109	113	143	209	358	#
517	519677	43	47	140	143	144	212	358	#
518	511010	25	65	158	170	209	223	358	#
519	459578	38	39	41	59	117	120	358	#
520	391665	16	59	80	109	127	179	358	#
521	342364	38	40	67	113	192	227	358	#
522	82858	69	#
523	38446	130	#
524	30001	96	136	#
525	791576	7	8	11	29	36	47	51	88	92	148	163	223	243	251	359	#
526	1123975	9	16	46	57	62	69	81	88	128	149	168	220	226	244	359	#
527	962200	11	45	50	54	59	83	101	106	112	123	159	187	227	240	359	#
528	924807	6	8	20	35	95	100	122	140	177	185	201	202	218	239	359	#
529	897782	38	43	52	64	67	73	84	100	127	157	164	167	193	223	359	#
530	856943	2	42	47	54	68	86	93	97	148	161	215	229	233	252	359	#
531	805615	44	60	62	112	119	137	185	212	220	251	360	#
532	748189	38	101	106	119	140	159	188	191	203	224	360	#
533	696972	35	45	48	60	71	89	106	141	181	224	360	#
534	666121	30	44	48	100	123	126	160	193	204	206	360	#
535	663889	8	10	16	39	59	84	192	208	210	220	360	#
536	659802	8	9	17	19	28	64	116	157	185	229	360	#
537	1282468	2	15	17	24	30	42	49	65	75	80	102	139	147	159	191	228	235	361	#
538	1315793	17	18	32	50	55	75	83	100	117	169	170	173	191	203	217	227	246	361	#
539	1286234	7	46	55	66	70	75	107	117	121	126	130	156	157	167	215	223	239	361	#
540	1191226	2	5	35	60	66	83	100	135	136	159	166	167	207	222	226	235	254	361	#
541	1117231	17	38	47	71	72	90	97	122	149	182	188	199	201	233	239	244	249	361	#
542	1099321	15	18	26	49	64	65	77	94	130	134	137	185	186	203	218	231	246	361	#
543	1500524	13	14	32	42	55	66	98	104	111	153	156	161	162	170	181	192	200	202	212	235	237	255	362	#
544	1632759	6	72	73	88	94	120	122	137	146	155	156	157	176	187	189	195	212	214	215	228	237	252	362	#
545	1584832	9	34	51	56	57	96	104	110	137	146	151	155	164	187	190	191	192	194	200	230	242	246	362	#
546	1514630	20	33	34	38	41	42	47	66	116	118	125	128	133	135	149	151	163	168	186	190	192	202	362	#
547	1434840	3	19	30	51	52	65	73	93	119	121	126	130	132	152	157	170	174	181	188	208	219	246	362	#
548	1420427	3	29	35	37	51	52	77	100	132	161	162	165	168	203	228	229	231	233	234	235	245	254	362	#
549	89290	71	131	363	#
550	124996	71	105	363	#
551	63021	250	#
552	156169	26	38	364	#
553	161013	26	189	364	#
554	110394	38	198	364	#
555	529380	81	107	127	193	215	232	253	365	#
556	503331	3	21	27	111	127	184	232	365	#
557	451140	44	47	52	139	167	232	246	365	#
558	395266	16	62	68	215	222	246	255	365	#
559	392227	0	19	22	109	133	192	193	365	#
560	366966	12	20	37	50	107	134	182	365	#
561	355054	44	56	87	130	151	178	189	197	252	254	366	#
562	456397	10	67	97	111	124	125	187	196	213	254	366	#
563	407690	6	24	33	46	61	178	183	185	225	235	366	#
564	316493	26	96	157	165	221	367	#
565	425305	108	149	157	166	233	367	#
566	289611	51	166	212	221	245	367	#
567	260923	26	67	86	242	251	367	#
568	109326	8	165	172	179	242	367	#
569	1101159	13	16	18	40	50	55	72	74	101	123	128	134	136	160	171	172	191	194	219	368	#
570	1469543	29	31	44	60	93	102	107	109	117	138	160	165	182	186	219	226	228	245	248	368	#
571	1443720	16	23	34	39	61	65	72	76	93	94	101	106	108	159	165	215	225	226	245	368	#
572	1427217	11	35	71	75	79	96	110	127	133	134	143	162	172	191	200	216	222	234	251	368	#
573	1411028	12	17	29	31	44	46	55	74	75	111	124	129	130	134	176	180	186	222	225	368	#
574	1332302	21	49	60	73	85	86	101	107	129	133	140	161	171	177	191	203	215	233	234	368	#
575	597871	68	79	110	152	173	177	187	369	#
576	693164	93	130	152	161	191	206	228	369	#
577	534614	15	40	67	84	110	153	204	369	#
578	491694	27	30	35	132	143	184	187	369	#
579	461676	57	133	138	151	173	229	246	369	#
580	455616	60	112	177	226	241	242	246	369	#
581	366100	27	54	75	89	104	370	#
582	424465	27	31	143	199	221	370	#
583	412986	54	57	74	163	255	370	#
584	372709	86	104	117	146	254	370	#
585	345025	19	29	89	148	160	370	#
586	210979	23	25	50	75	115	370	#
587	169214	66	83	122	129	165	371	#
588	209115	38	165	182	240	254	371	#
589	76633	66	122	136	235	252	371	#
590	99677	25	106	372	#
591	107191	25	70	372	#
592	788157	5	65	66	91	115	120	132	216	228	234	235	242	244	247	252	373	#
593	1088922	3	48	96	121	126	154	179	185	197	207	212	222	229	236	242	373	#
594	1063544	44	50	73	77	83	91	120	141	150	153	158	194	243	247	251	373	#
595	1009896	2	31	65	70	77	89	94	128	158	159	168	194	210	225	227	373	#
596	970113	14	35	38	58	69	83	94	120	121	179	185	190	233	237	252	373	#
597	968958	17	35	45	50	72	77	78	82	94	171	187	188	198	223	235	373	#
598	816705	18	26	37	50	89	104	107	127	162	201	232	374	#
599	939515	3	11	26	86	94	111	139	150	152	215	239	374	#
600	844526	6	12	24	50	80	83	142	162	179	208	249	374	#
601	812932	14	17	30	40	45	70	80	95	107	172	222	374	#
602	757943	9	31	91	115	124	139	158	159	162	181	196	374	#
603	754712	25	60	89	139	145	166	170	182	205	250	251	374	#
604	694597	6	16	19	27	56	121	139	149	185	212	238	375	#
605	792780	4	16	55	98	106	162	166	208	229	237	254	375	#
606	763696	6	11	27	32	39	48	86	151	174	210	249	375	#
607	760469	6	23	86	92	129	139	170	203	216	234	243	375	#
608	699901	23	63	72	118	141	190	191	199	206	212	251	375	#
609	694631	37	39	43	95	121	146	171	197	220	245	255	375	#
610	1455888	22	29	48	50	53	69	75	78	79	80	86	88	90	102	138	157	178	198	199	201	203	205	206	250	376	#
611	1816510	3	8	9	19	23	35	39	48	68	80	97	126	130	136	145	172	185	187	206	223	225	233	234	254	376	#
612	1739662	6	13	40	43	48	55	58	60	68	76	103	104	142	150	173	175	191	201	203	204	205	206	216	248	376	#
613	1721340	2	33	42	49	59	66	83	91	114	158	172	175	178	186	199	200	207	213	214	236	237	239	250	255	376	#
614	1709136	2	39	50	65	74	79	89	104	118	131	138	166	168	171	173	183	186	198	209	212	222	224	236	248	376	#
615	1689874	18	29	43	48	49	54	55	57	72	90	111	113	120	138	155	157	184	202	220	229	230	239	249	250	376	#
616	125592	4	185	207	377	#
617	182990	121	202	207	377	#
618	143141	4	52	79	377	#
619	1364706	6	24	27	40	50	62	63	81	84	120	121	134	145	149	157	162	169	187	218	224	236	238	250	378	#
620	1783233	21	23	44	56	62	68	72	74	75	78	101	103	109	136	144	146	170	174	187	196	209	232	244	378	#
621	1755271	6	28	43	44	57	66	85	90	95	103	122	130	144	148	160	171	175	180	183	196	206	212	236	378	#
622	1730730	8	9	25	33	42	73	84	99	103	106	118	131	142	145	148	154	156	164	178	194	202	243	246	378	#
623	1688381	16	29	33	36	40	68	73	81	96	101	103	106	127	138	147	162	187	194	204	214	226	234	246	378	#
624	1654603	6	30	37	39	45	59	63	64	91	103	118	123	130	142	148	155	167	198	203	231	237	249	255	378	#
625	47105	14	#
626	70353	29	#
627	500326	71	74	79	87	114	138	171	228	245	379	#
628	678521	39	50	64	71	133	153	176	226	228	379	#
629	658235	67	71	109	111	186	194	245	247	249	379	#
630	625623	0	44	112	114	139	166	186	187	214	379	#
631	582296	51	74	80	112	168	205	228	239	253	379	#
632	557502	8	44	74	79	92	146	156	157	252	379	#
633	206412	39	136	380	#
634	176222	71	136	380	#
635	158500	39	194	380	#
636	755590	34	36	43	57	69	80	90	104	105	126	144	162	239	381	#
637	1011679	1	58	60	62	70	73	98	112	118	162	178	183	211	381	#
638	892113	2	34	67	72	88	93	126	140	148	167	181	191	213	381	#
639	841084	26	79	90	126	132	135	143	166	179	180	218	239	250	381	#
640	804335	59	65	66	69	88	117	120	134	192	199	227	232	243	381	#
641	777035	47	63	71	105	107	143	144	155	173	215	220	227	252	381	#
642	714065	39	54	86	114	122	131	139	142	164	167	206	222	229	382	#
643	921030	6	50	57	83	107	114	126	130	147	158	165	173	217	382	#
644	902567	25	35	39	48	70	85	86	119	123	174	223	249	254	382	#
645	869073	25	26	46	48	54	71	88	149	150	155	219	224	233	382	#
646	846175	18	21	46	50	114	138	193	198	202	214	222	236	250	382	#
647	825187	2	17	90	91	110	115	141	164	167	215	221	244	246	382	#
648	554029	22	51	66	74	168	190	208	209	249	383	#
649	693123	2	10	51	55	60	109	126	195	232	383	#
650	612429	20	34	40	84	96	105	172	208	209	383	#
651	612131	2	3	8	12	23	55	72	125	249	383	#
652	571452	40	50	61	84	136	154	161	190	208	383	#
653	521544	2	8	22	35	63	75	80	101	160	383	#
654	227409	39	58	72	245	384	#
655	285157	58	120	178	183	384	#
656	273515	35	39	125	250	384	#
657	220930	51	72	78	198	384	#
658	129623	33	111	236	245	384	#
659	1658900	8	29	58	62	64	75	79	86	87	89	109	119	132	133	137	157	163	165	166	169	179	193	198	202	244	248	385	#
660	2212199	16	42	60	62	71	78	109	120	122	124	126	140	144	148	155	169	173	176	196	199	202	208	215	221	243	252	385	#
661	1992680	4	34	43	54	60	71	73	75	91	98	106	111	113	137	138	144	150	153	168	173	177	184	207	212	214	249	385	#
662	1905177	0	1	2	21	31	34	51	60	69	75	76	81	83	89	103	138	141	150	160	167	177	194	202	209	248	254	385	#
663	1862020	6	8	12	23	30	33	52	55	56	60	92	96	110	115	132	133	144	150	157	161	166	209	212	236	237	246	385	#
664	1852267	3	7	47	54	57	58	64	71	87	89	105	125	128	135	138	140	146	150	160	170	176	185	221	234	246	252	385	#
665	384353	44	72	139	167	255	386	#
666	338797	4	15	72	167	249	386	#
667	327648	33	72	98	102	130	386	#
668	252845	19	44	210	226	239	386	#
669	230893	66	118	221	246	255	386	#
670	289759	10	58	63	145	159	162	387	#
671	420628	10	31	35	80	85	128	387	#
672	342941	47	58	63	174	201	207	387	#
673	320920	22	44	58	130	192	236	387	#
674	228489	13	88	119	162	180	235	387	#
675	147354	64	81	131	159	229	244	387	#
676	196090	215	222	388	#
677	146466	49	215	388	#
678	141421	195	222	388	#
679	215742	19	22	75	245	389	#
680	261364	19	68	180	236	389	#
681	140887	0	114	184	245	389	#
682	826703	3	10	58	102	125	153	180	181	186	218	221	239	249	254	255	390	#
683	1126108	1	7	9	12	14	30	47	71	84	94	119	147	193	194	255	390	#
684	1113104	13	16	31	51	93	143	155	157	161	181	182	189	243	244	249	390	#
685	1050995	26	28	30	50	62	71	73	102	104	140	180	183	185	194	253	390	#
686	1026451	10	12	33	73	74	78	82	92	109	114	124	151	158	214	220	390	#
687	1021822	6	24	26	50	66	70	119	136	153	174	176	186	196	240	249	390	#
688	193186	94	164	179	200	255	391	#
689	230276	83	124	131	200	224	391	#
690	199813	77	138	158	164	241	391	#
691	178488	14	37	54	94	249	391	#
692	158049	104	123	179	217	221	391	#
693	422915	65	73	100	105	107	133	138	161	392	#
694	573695	6	22	32	65	163	167	211	243	392	#
695	551003	80	100	108	111	135	159	190	232	392	#
696	549768	77	91	114	133	150	202	206	249	392	#
697	465248	50	73	91	129	141	142	248	251	392	#
698	419167	4	70	138	155	167	197	204	206	392	#
699	125624	143	#
700	137804	119	169	393	#
701	187401	15	119	393	#
702	136595	132	169	393	#
703	514667	16	51	64	74	98	103	141	253	394	#
704	622577	9	39	63	65	103	164	165	247	394	#
705	607426	32	64	68	74	76	95	108	174	394	#
706	586789	5	13	24	51	73	74	148	160	394	#
707	460136	8	21	85	130	206	212	233	253	394	#
708	459030	13	16	40	48	109	113	141	222	394	#
709	1049532	1	8	18	52	64	74	86	100	109	111	130	152	161	189	195	236	395	#
710	1297182	3	15	16	27	52	55	83	110	143	163	185	192	206	220	226	233	395	#
711	1218601	6	32	53	58	82	109	127	148	163	170	206	207	222	229	231	251	395	#
712	1210049	13	14	16	36	71	75	111	116	156	164	182	193	206	212	223	230	395	#
713	1180699	3	6	25	29	38	47	57	83	96	149	163	177	192	208	236	245	395	#
714	1136527	42	61	75	80	81	91	100	123	137	138	163	185	212	239	242	254	395	#
715	1148216	3	39	42	62	63	68	78	85	123	124	135	138	159	190	195	210	224	396	#
716	1375601	3	10	18	38	46	57	72	77	78	111	124	139	177	178	211	215	217	396	#
717	1321966	9	23	26	103	115	120	125	129	135	149	150	153	167	168	208	217	231	396	#
718	1264631	3	5	20	27	41	47	51	78	86	100	125	139	157	169	183	184	240	396	#
719	1256941	11	13	17	22	82	103	104	107	135	139	168	190	210	215	227	237	249	396	#
720	1244776	9	11	18	22	26	60	62	65	125	144	172	175	182	191	217	226	235	396	#
721	124064	26	136	145	190	#
722	1597698	9	16	31	40	47	52	60	66	76	84	86	111	124	147	153	165	192	198	203	209	397	#
723	1522014	26	27	32	39	52	60	77	96	115	119	123	139	143	157	170	205	206	221	223	237	397	#
724	1481669	6	14	31	79	87	90	104	110	138	144	146	158	167	180	190	198	199	215	221	247	397	#
725	1424655	4	6	8	11	15	19	20	28	32	36	62	91	103	147	151	164	165	166	236	237	397	#
726	1416718	15	21	31	32	41	52	61	63	77	122	124	148	159	168	186	193	201	220	221	239	397	#
727	1408823	3	19	28	29	43	45	47	101	119	120	128	133	139	143	150	175	202	203	205	215	397	#
728	195837	74	89	171	398	#
729	287114	107	146	171	398	#
730	228268	17	89	154	398	#
731	118493	74	144	242	398	#
732	4140807	3	5	11	12	13	14	15	16	17	18	19	21	22	25	27	28	34	36	37	41	45	50	53	62	64	66	67	69	70	80	83	89	92	93	94	104	114	119	120	122	128	134	139	154	166	178	181	186	188	189	191	197	205	215	219	221	226	230	234	237	240	241	249	251	254	399	#
733	4788938	9	10	12	14	15	16	24	31	34	38	41	54	62	69	71	72	74	78	81	85	88	89	91	92	93	94	96	111	113	118	119	124	146	150	153	155	159	162	164	167	172	174	176	182	183	187	188	190	191	197	199	201	206	207	209	214	223	224	228	234	236	246	248	249	253	399	#
734	4679799	0	6	8	9	10	11	15	20	28	31	41	43	47	58	62	63	69	75	76	85	95	96	103	106	107	110	111	112	113	117	118	120	130	132	133	141	142	143	153	156	157	159	160	164	167	171	176	183	184	186	190	194	197	204	207	215	222	227	232	237	240	244	249	250	253	399	#
735	4665903	1	2	8	10	14	16	17	20	24	26	27	36	37	40	41	53	56	60	61	62	64	65	66	70	71	74	80	85	86	90	106	107	108	110	113	118	123	129	130	142	143	145	152	154	159	163	165	167	175	177	178	179	187	193	203	208	210	221	222	236	239	244	247	248	255	399	#
736	4657219	0	10	16	18	25	27	28	31	33	38	46	51	52	57	61	62	71	74	77	79	80	91	96	97	98	106	121	129	133	141	143	146	147	150	153	159	163	168	169	175	176	177	179	181	184	185	186	188	191	197	201	207	208	215	216	217	231	234	240	244	245	247	252	253	255	399	#
737	4586249	1	2	8	10	15	18	21	22	25	28	29	34	37	39	46	49	50	53	59	62	64	67	70	71	74	76	79	81	85	89	92	93	94	96	98	104	108	116	117	127	139	146	148	152	157	160	162	170	171	172	175	178	182	193	200	202	207	208	212	228	231	234	236	238	255	399	#
738	290168	39	66	98	209	255	400	#
739	331807	54	88	98	109	112	400	#
740	310229	39	53	109	210	236	400	#
741	281417	19	28	63	147	209	400	#
742	246481	61	109	136	237	255	400	#
743	197870	31	66	87	118	151	400	#
744	613202	10	53	66	108	143	153	209	249	401	#
745	613115	11	103	118	135	153	159	160	167	401	#
746	572134	42	64	125	143	161	204	233	238	401	#
747	566408	39	55	66	108	151	159	162	246	401	#
748	525047	14	53	172	173	176	193	204	212	401	#
749	513573	10	32	110	155	169	202	209	251	401	#
750	562826	5	8	14	57	72	102	155	169	194	195	201	227	232	245	402	#
751	787571	2	29	30	43	50	83	86	129	169	190	205	228	249	253	402	#
752	754612	8	24	26	28	52	62	70	93	99	186	187	217	234	252	402	#
753	683597	27	52	62	67	86	91	105	141	187	193	194	215	219	232	402	#
754	614841	54	70	94	98	100	102	107	143	165	170	192	239	242	244	402	#
755	533935	5	24	37	74	98	108	111	151	155	158	229	233	238	242	402	#
756	231088	16	18	55	190	403	#
757	336889	17	18	91	241	403	#
758	327043	16	56	182	214	403	#
759	316884	55	93	193	210	403	#
760	176577	182	190	194	234	403	#
761	759202	2	4	63	69	85	183	194	207	211	215	224	233	234	236	254	404	#
762	1019472	5	13	25	39	49	83	85	86	120	128	146	152	168	171	226	404	#
763	1015199	14	18	43	76	78	83	91	106	114	137	141	178	183	235	238	404	#
764	1008977	0	11	12	32	39	41	59	81	112	209	221	234	236	240	241	404	#
765	1003540	39	48	88	128	158	172	175	181	195	196	202	215	220	225	243	404	#
766	992800	10	16	25	49	54	58	73	74	121	130	139	161	194	202	232	404	#
767	561807	52	57	66	75	163	175	181	192	206	405	#
768	695484	21	61	118	128	134	184	192	228	250	405	#
769	685191	30	41	62	63	70	175	191	228	247	405	#
770	650076	31	47	79	92	98	122	150	181	211	405	#
771	632575	15	26	37	66	76	150	160	171	191	405	#
772	587221	4	34	86	172	179	206	209	217	229	405	#
773	1053061	11	19	25	40	76	79	100	109	171	175	217	218	220	248	406	#
774	1093270	32	34	46	59	72	79	121	143	190	191	201	221	237	239	406	#
775	1048353	29	59	60	73	97	109	135	162	181	183	190	203	211	221	406	#
776	1020552	12	13	24	36	38	40	88	95	98	121	141	168	178	220	406	#
777	1019460	14	35	71	78	84	122	145	156	163	197	209	215	225	248	406	#
778	935236	20	25	26	38	47	70	82	85	119	175	190	202	220	222	406	#
779	384752	44	62	100	139	255	407	#
780	437528	8	71	75	100	248	407	#
781	383400	38	44	132	220	234	407	#
782	330009	29	49	120	139	181	407	#
783	286166	19	62	102	135	253	407	#
784	121801	168	#
785	2061444	1	10	12	14	18	34	40	45	54	72	80	87	107	114	116	118	136	138	139	146	159	164	167	168	173	175	183	185	186	206	214	250	255	408	#
786	2570974	0	2	9	15	17	46	47	49	51	53	63	68	73	76	80	113	117	122	134	141	146	153	154	158	159	163	166	173	175	195	199	201	208	408	#
787	2399051	8	10	11	12	14	15	25	30	31	38	41	46	55	72	105	106	109	113	116	119	143	151	154	167	175	193	200	207	209	215	223	224	226	408	#
788	2294064	0	1	11	30	48	51	54	56	71	76	80	81	83	95	96	98	115	130	132	138	148	157	176	182	185	193	214	224	231	237	247	248	252	408	#
789	2235145	6	14	27	29	45	49	51	53	54	57	58	69	77	87	100	103	118	122	132	146	153	159	173	189	199	217	222	227	228	237	242	249	250	408	#
790	2218335	0	16	20	22	32	44	68	83	86	97	98	100	103	106	108	112	143	150	152	153	164	167	173	177	188	191	193	206	208	228	232	240	249	408	#
791	1643804	3	8	15	16	46	51	55	74	79	89	99	111	117	146	176	178	179	203	235	240	243	249	250	409	#
792	1811440	16	18	39	40	44	54	55	62	64	85	98	103	109	110	115	119	120	175	178	208	211	233	244	409	#
793	1669065	3	11	14	32	43	44	51	54	71	74	94	102	111	114	132	136	164	171	172	204	212	226	247	409	#
794	1665177	1	3	18	29	38	43	55	82	84	87	130	141	146	150	165	168	175	181	212	215	226	233	245	409	#
795	1629005	2	12	13	15	17	44	64	76	89	101	108	111	115	120	148	152	187	203	209	218	219	224	231	409	#
796	1593157	17	26	27	32	45	47	62	74	78	82	89	93	114	125	132	162	171	198	202	209	210	212	247	409	#
797	87826	223	#
798	180458	21	126	217	410	#
799	252948	21	47	187	410	#
800	165881	126	142	226	410	#
801	79988	75	155	217	410	#
802	1413037	1	14	27	31	34	53	62	89	99	104	112	133	142	150	191	213	222	223	243	411	#
803	1449672	0	19	31	35	58	63	82	105	107	121	126	139	140	210	217	223	229	234	243	411	#
804	1440980	16	34	36	41	78	80	84	85	91	98	115	137	141	176	206	221	239	246	248	411	#
805	1400673	16	28	44	62	91	114	119	138	150	158	167	195	203	206	208	219	225	239	249	411	#
806	1326664	19	21	25	58	90	106	113	146	198	209	212	213	217	223	227	230	238	243	248	411	#
807	1298070	9	19	20	36	62	68	73	79	100	133	142	147	166	171	182	186	225	233	244	411	#
808	105494	51	241	412	#
809	140922	107	241	412	#
810	135152	51	109	412	#
811	499519	16	24	50	82	99	110	160	250	254	413	#
812	730870	21	82	84	93	94	124	136	172	188	413	#
813	719122	37	56	59	110	130	139	151	168	246	413	#
814	671358	7	23	46	50	60	86	135	160	194	413	#
815	623256	34	58	89	97	139	151	191	238	250	413	#
816	569539	13	16	63	65	66	124	161	179	220	413	#
817	582192	5	7	13	28	41	53	54	70	99	154	208	225	414	#
818	829443	2	25	54	73	75	93	109	113	144	200	207	217	414	#
819	805215	35	86	138	139	145	154	156	188	191	211	216	219	414	#
820	792346	3	27	41	78	79	105	123	124	152	215	231	249	414	#
821	692062	13	16	47	67	69	100	117	129	148	160	218	242	414	#
822	689541	5	56	70	78	115	142	147	149	170	237	238	246	414	#
823	218081	68	88	106	415	#
824	249348	62	68	114	415	#
825	154487	88	187	206	415	#
826	1198663	6	23	38	43	59	65	71	98	116	136	144	163	164	175	189	223	228	245	416	#
827	1437285	6	18	22	37	57	59	63	67	77	96	100	110	191	193	199	225	230	253	416	#
828	1401036	17	18	41	66	77	78	81	98	120	128	136	138	166	182	199	216	242	245	416	#
829	1349415	6	7	12	39	41	65	71	100	107	120	144	163	174	208	214	234	239	243	416	#
830	1300257	45	51	57	89	106	144	146	155	168	172	173	177	189	203	210	219	222	236	416	#
831	1276484	19	32	34	54	75	80	110	111	113	123	127	138	174	191	223	236	240	247	416	#
832	360631	48	83	144	169	190	417	#
833	296241	74	83	113	136	192	417	#
834	285858	73	79	169	194	199	417	#
835	259930	89	101	144	155	225	417	#
836	240325	10	48	119	141	203	417	#
837	180458	15	59	163	190	204	417	#
838	1164221	6	13	34	38	51	58	62	111	129	134	147	167	187	197	207	209	228	240	254	418	#
839	1611187	3	12	29	71	103	107	116	132	145	147	160	165	169	186	193	206	232	240	242	418	#
840	1322789	12	16	32	45	62	78	82	93	119	148	168	179	199	203	204	223	233	248	254	418	#
841	1284632	6	7	9	16	20	32	52	70	77	111	134	137	161	176	195	200	233	237	252	418	#
842	1239762	2	6	12	21	33	47	66	68	78	91	93	107	132	161	167	197	215	224	244	418	#
843	1236176	11	29	42	52	66	68	70	85	95	101	126	149	165	195	227	228	230	245	252	418	#
844	327702	61	88	123	158	182	202	208	419	#
845	476949	11	46	164	208	215	226	255	419	#
846	415948	54	56	88	139	198	226	248	419	#
847	391566	46	118	133	149	202	205	247	419	#
848	322191	20	57	61	81	122	130	152	419	#
849	294115	22	35	36	174	182	189	249	419	#
850	384405	14	50	134	182	198	238	248	420	#
851	495610	18	73	82	113	165	182	211	420	#
852	480044	7	57	89	90	134	142	167	420	#
853	446513	14	24	34	84	132	172	184	420	#
854	413737	50	89	92	131	165	186	255	420	#
855	408716	40	114	128	142	197	207	248	420	#
856	1169222	8	18	25	38	41	44	48	58	88	143	154	202	219	231	239	421	#
857	1212502	0	20	39	58	68	78	104	106	146	195	202	209	220	224	230	421	#
858	1146671	10	55	65	71	82	103	106	109	132	136	144	159	173	202	249	421	#
859	1082063	4	32	41	68	96	121	129	133	142	157	166	173	212	230	250	421	#
860	1054412	13	46	49	54	82	91	95	118	151	155	172	204	239	241	249	421	#
861	1024682	6	48	96	101	108	115	132	138	140	141	142	153	169	185	209	421	#
862	300408	2	118	226	253	422	#
863	387630	2	74	134	163	422	#
864	228951	65	118	139	167	422	#
865	210606	68	76	183	253	422	#
866	180238	13	71	226	242	422	#
867	47657	34	166	423	#
868	50250	34	61	423	#
869	1802426	5	10	11	12	18	21	24	36	40	43	51	62	65	72	78	106	112	116	131	138	139	141	142	145	146	151	162	172	189	196	203	204	237	239	253	424	#
870	2578102	8	26	30	31	33	35	46	51	58	62	70	74	76	79	82	84	100	102	106	111	122	128	133	140	142	186	192	193	199	202	208	221	222	232	255	424	#
871	2448488	8	17	19	25	35	37	42	55	70	71	78	84	93	95	106	113	120	131	132	142	159	165	167	177	203	206	211	212	214	215	216	217	237	252	255	424	#
872	2416450	1	11	23	32	33	38	44	63	71	72	83	91	93	94	99	103	107	118	129	134	138	142	148	149	151	158	160	165	170	180	181	211	227	245	255	424	#
873	2393552	0	5	14	20	26	32	34	38	51	65	74	75	80	89	103	112	115	131	132	137	142	144	151	154	162	163	188	212	220	223	226	228	233	244	246	424	#
874	2370235	7	20	29	35	36	37	40	42	48	62	70	79	82	91	95	104	106	109	110	111	124	133	155	159	161	177	190	191	202	208	211	220	235	243	244	424	#
875	1217377	2	22	79	84	85	87	107	113	116	119	137	149	217	222	230	239	240	425	#
876	1516612	2	22	71	79	95	114	116	119	124	126	128	150	161	183	196	237	245	425	#
877	1288149	0	3	15	18	27	38	45	68	95	98	109	119	162	165	224	237	253	425	#
878	1279848	3	15	27	43	64	107	113	134	158	177	179	181	197	220	222	240	246	425	#
879	1230802	5	8	9	55	56	84	92	134	147	177	184	202	208	215	230	250	252	425	#
880	1220307	27	36	41	55	79	94	99	119	125	128	138	175	176	179	230	243	255	425	#
881	710996	44	48	69	70	93	112	147	177	179	185	426	#
882	849621	63	97	106	112	126	173	175	218	226	232	426	#
883	766760	50	70	101	104	106	113	185	214	221	223	426	#
884	737513	11	57	62	64	68	80	107	139	147	219	426	#
885	702667	25	112	115	152	185	188	211	223	226	247	426	#
886	666357	51	111	112	116	169	179	204	215	232	238	426	#
887	328345	57	91	133	233	427	#
888	441145	19	91	128	157	427	#
889	287729	60	91	109	133	427	#
890	237443	50	57	150	171	427	#
891	196205	40	132	174	233	427	#
892	930048	3	25	32	41	52	56	58	111	122	139	168	200	202	204	249	428	#
893	1112601	3	16	26	29	33	49	101	144	194	219	227	230	233	235	252	428	#
894	960701	73	77	106	126	153	158	169	180	200	207	228	234	249	254	255	428	#
895	958337	6	11	30	34	44	52	113	114	132	168	170	174	197	211	248	428	#
896	922702	20	46	62	68	106	108	115	120	139	150	170	176	193	230	239	428	#
897	894681	14	33	35	56	64	74	76	80	111	119	170	192	218	219	247	428	#
898	542173	31	84	87	116	120	137	232	429	#
899	681483	15	67	71	84	94	116	206	429	#
900	481957	19	28	45	48	87	137	143	429	#
901	471008	2	24	31	50	116	164	222	429	#
902	416832	1	21	137	202	213	214	249	429	#
903	414028	52	80	95	116	162	179	182	429	#
904	412604	28	74	82	90	101	155	169	221	430	#
905	600187	90	106	142	171	178	192	215	237	430	#
906	572449	27	57	74	135	138	155	168	188	430	#
907	538972	0	82	211	212	214	229	232	242	430	#
908	529159	3	59	124	126	169	206	222	248	430	#
909	505242	7	66	101	157	165	218	232	234	430	#
910	67786	89	147	194	431	#
911	93717	17	89	214	431	#
912	80346	141	159	194	431	#
913	334859	0	17	40	71	139	240	252	432	#
914	498986	39	40	78	102	109	122	124	432	#
915	460137	0	1	4	115	167	173	232	432	#
916	401488	17	30	64	66	118	178	216	432	#
917	385972	19	71	116	125	127	196	250	432	#
918	348801	64	131	137	227	237	240	242	432	#
919	2113947	2	4	17	38	60	85	91	94	111	124	126	128	138	150	157	158	173	177	178	183	186	190	193	201	203	207	245	246	251	255	433	#
920	2252533	0	5	18	19	23	31	36	87	91	96	97	98	100	104	106	120	123	127	150	167	168	172	190	199	207	208	222	230	231	254	433	#
921	2210769	31	32	36	41	51	53	54	60	75	94	101	107	116	127	137	138	154	167	176	198	199	206	213	218	219	225	229	238	252	254	433	#
922	2198870	2	6	8	11	18	39	48	49	53	55	56	71	83	89	118	128	152	157	175	197	204	206	207	212	220	226	227	228	237	251	433	#
923	2021735	1	2	14	15	45	47	91	92	94	100	103	105	139	163	164	175	176	177	185	191	193	199	203	210	216	219	234	240	250	251	433	#
924	2000087	2	5	14	25	30	53	73	76	83	104	106	110	121	124	138	145	169	173	175	193	196	198	215	217	221	230	232	236	240	253	433	#
925	119764	16	166	434	#
926	158744	16	171	434	#
927	72499	146	166	434	#
928	567734	10	27	41	58	90	106	128	166	435	#
929	635604	21	41	47	112	128	152	202	229	435	#
930	582150	11	35	155	164	166	175	209	223	435	#
931	575290	7	41	122	143	179	209	221	232	435	#
932	547181	66	69	88	103	106	162	197	221	435	#
933	514334	4	17	18	27	90	128	145	170	435	#
934	883848	12	38	41	50	77	129	136	150	161	162	175	187	205	216	235	436	#
935	1314492	2	9	40	61	69	80	114	122	123	147	175	183	202	206	233	436	#
936	1270862	2	33	34	49	54	77	110	119	122	150	156	158	162	208	227	436	#
937	1201821	29	53	60	67	73	76	113	131	133	134	136	162	202	219	252	436	#
938	1052908	7	12	23	31	49	51	93	100	126	157	182	189	200	224	236	436	#
939	1030158	24	25	31	48	61	68	79	91	168	177	182	199	215	216	217	436	#
940	145968	70	129	157	437	#
941	184223	22	70	163	437	#
942	143093	129	157	168	437	#
943	42750	123	129	243	437	#
944	2100038	1	35	47	48	56	60	69	73	74	79	80	91	95	112	121	126	158	159	164	171	190	204	214	219	220	244	438	#
945	1795729	2	3	5	8	28	36	47	74	91	97	122	129	134	178	181	187	189	193	203	212	220	224	230	248	250	255	438	#
946	1769407	5	11	19	49	64	65	79	94	95	112	125	137	146	162	170	171	190	194	199	204	206	217	228	239	240	248	438	#
947	1742725	16	21	30	31	75	92	104	107	117	120	131	137	144	180	184	188	198	199	205	206	208	227	232	233	234	244	438	#
948	1723976	9	13	14	17	62	65	67	79	84	90	91	99	100	103	109	111	130	133	138	165	183	203	210	224	233	248	438	#
949	1719849	2	8	17	74	80	116	122	142	145	158	163	166	169	177	193	197	206	212	217	219	224	225	244	247	253	254	438	#
950	498562	12	19	63	64	103	109	162	439	#
951	407691	44	103	120	153	172	207	217	439	#
952	392989	17	19	32	109	111	150	210	439	#
953	378976	7	50	64	88	89	103	248	439	#
954	377173	0	13	61	70	111	162	177	439	#
955	356362	12	77	102	138	164	169	233	439	#
956	125351	208	254	440	#
957	155513	97	208	440	#
958	553598	47	67	120	130	178	249	441	#
959	577492	67	110	128	162	167	222	441	#
960	553202	13	26	47	152	204	208	441	#
961	484174	75	93	130	138	161	181	441	#
962	442655	67	72	90	98	203	249	441	#
963	400653	79	80	133	174	178	239	441	#
964	695985	28	55	102	108	119	126	140	185	195	216	442	#
965	692727	8	18	55	107	136	142	162	170	176	248	442	#
966	660466	65	67	71	106	124	141	168	184	195	247	442	#
967	654140	88	126	166	170	195	216	220	229	244	251	442	#
968	644809	9	32	108	116	140	148	199	218	223	224	442	#
969	614687	42	51	86	107	116	134	216	223	237	240	442	#
970	198244	24	93	226	443	#
971	207139	116	128	226	443	#
972	178044	24	108	239	443	#
973	139673	93	142	248	443	#
974	344143	23	48	115	197	221	229	252	444	#
975	501144	3	38	115	117	138	178	193	444	#
976	456449	2	8	32	71	115	140	252	444	#
977	428891	100	131	155	171	193	197	250	444	#
978	365145	26	27	28	52	54	142	229	444	#
979	257699	13	23	128	161	167	190	210	444	#
980	1010027	11	12	19	28	41	43	47	51	61	81	103	115	174	184	203	207	219	222	241	244	251	445	#
981	1504134	37	44	57	62	82	83	84	93	97	100	120	138	190	195	208	213	227	232	239	241	244	445	#
982	1429403	4	15	18	31	35	41	59	76	102	134	165	169	175	183	188	200	204	206	215	225	232	445	#
983	1428340	3	11	16	27	30	53	76	107	127	133	136	175	192	196	202	213	233	243	245	249	252	445	#
984	1333629	26	32	33	42	43	44	51	62	101	131	135	145	154	176	186	191	212	242	244	249	255	445	#
985	1316111	21	29	47	58	59	81	85	93	97	111	128	163	184	188	202	218	221	224	230	239	248	445	#
986	193262	57	197	212	446	#
987	196691	57	125	228	446	#
988	196620	38	212	251	446	#
989	165370	40	60	197	446	#
990	595234	5	16	60	91	150	158	164	447	#
991	570388	5	16	34	94	208	214	238	447	#
992	522781	5	25	174	191	201	205	227	447	#
993	498282	67	121	129	140	142	150	158	447	#
994	342599	2	22	50	79	150	187	234	447	#
995	337870	5	19	109	139	164	222	240	447	#
996	530647	3	24	36	104	154	233	448	#
997	538477	18	58	104	180	211	227	448	#
998	519354	3	10	56	92	143	237	448	#
999	423681	3	24	35	107	183	244	448	#
1000	353551	96	107	112	209	225	233	448	#
1001	278777	36	57	74	99	147	219	448	#
