%% File generated by CATS v.2.1Wed Jun 19 19:19:19 2013

%% The CATS webpage is http://robotics.stanford.edu/CATS

%% PARAMETER SETTINGS:
% Goods: 256; Bids: 1000; Distribution: arbitrary; Runs: 50; Seed: 1371664721
% Arbitrary Distribution Parameters:
% Max Substitutable Bids = 5
% Removing HV Neighbor   = 0.1
% Adding DIAG Neighbor   = 0.2
% Additional Location    = 0.9
% Additivity             = 0.2
% Budget Factor          = 1.5
% Resale Factor          = 0.5
% Normal Private Value:
%   Mean                 = 0
%   Standard Deviation   = 30



goods 256
bids 1003
dummy 192

0	301792	50	102	189	219	256	#
1	279106	14	102	125	149	256	#
2	228757	50	105	158	197	256	#
3	215003	21	64	79	189	256	#
4	188144	91	183	184	219	256	#
5	612820	1	24	32	33	36	76	118	134	150	155	162	189	192	208	257	#
6	915169	13	17	28	33	52	54	66	78	132	189	207	218	239	244	257	#
7	912456	49	57	68	77	79	113	131	150	153	159	160	162	234	236	257	#
8	873000	1	20	44	58	92	109	111	130	132	141	156	164	179	233	257	#
9	861576	24	28	29	43	59	66	94	99	107	146	186	190	214	226	257	#
10	835263	6	10	14	20	33	46	48	91	110	132	136	172	183	247	257	#
11	671103	20	52	58	59	96	135	155	187	192	233	234	258	#
12	898258	3	70	75	119	126	128	167	169	187	189	228	258	#
13	790421	2	10	35	79	86	139	149	223	233	234	249	258	#
14	780133	2	20	24	69	71	151	169	173	192	246	252	258	#
15	754567	39	51	52	65	66	72	122	164	183	193	239	258	#
16	740664	10	20	43	87	91	125	131	156	180	208	233	258	#
17	557762	27	104	109	131	154	159	213	259	#
18	541176	5	43	76	137	151	154	213	259	#
19	437934	3	30	109	143	148	187	201	259	#
20	435261	5	50	143	152	159	163	235	259	#
21	394297	8	28	78	104	125	134	168	259	#
22	354978	80	90	131	199	214	246	254	259	#
23	152753	45	#
24	413365	84	116	150	240	250	260	#
25	429538	78	116	193	219	225	260	#
26	369283	1	136	150	202	241	260	#
27	229506	114	137	153	175	250	260	#
28	201061	32	60	84	171	239	260	#
29	194748	34	84	115	207	240	260	#
30	124661	127	245	261	#
31	101595	90	127	261	#
32	68419	175	245	261	#
33	244733	9	119	208	227	249	262	#
34	366166	9	188	205	239	254	262	#
35	349107	29	51	87	105	249	262	#
36	219483	100	110	215	227	255	262	#
37	185970	65	119	138	166	223	262	#
38	167798	0	52	117	171	208	262	#
39	66785	154	#
40	752877	19	49	75	94	100	108	127	157	164	186	224	249	252	263	#
41	961768	2	12	19	22	40	43	111	132	146	168	177	193	210	263	#
42	943958	23	46	49	51	72	91	108	145	179	193	199	218	222	263	#
43	916187	7	22	55	83	160	171	174	211	224	226	240	247	253	263	#
44	892638	18	108	115	123	127	140	157	164	170	198	202	239	246	263	#
45	876785	52	68	76	100	116	138	159	165	179	228	231	246	248	263	#
46	5865	186	#
47	188285	18	64	92	231	264	#
48	245986	32	92	141	154	264	#
49	134242	18	28	101	117	264	#
50	239133	8	188	225	265	#
51	319070	38	139	225	265	#
52	205315	104	183	188	265	#
53	1389161	6	14	40	54	59	61	63	69	111	119	125	132	163	182	189	192	204	205	213	225	233	238	245	253	255	266	#
54	1751769	6	13	17	21	24	25	35	59	80	96	107	119	121	133	136	138	139	164	168	188	204	210	218	230	243	266	#
55	1591793	3	5	8	21	30	39	63	78	85	86	94	102	121	125	157	164	166	184	186	220	233	235	237	243	250	266	#
56	1537377	0	8	28	29	34	41	54	66	76	81	83	111	118	143	151	165	168	177	185	204	208	212	236	241	253	266	#
57	1533462	21	24	42	84	85	87	89	96	101	134	156	161	168	189	194	197	207	208	213	214	221	228	233	235	253	266	#
58	1526570	14	20	21	25	27	34	36	55	64	91	102	110	121	130	131	146	148	157	159	171	214	215	216	232	241	266	#
59	2190859	8	10	14	20	33	50	78	84	96	97	98	100	106	115	120	122	138	146	149	153	162	163	164	176	182	185	190	191	202	205	212	214	215	229	232	236	243	267	#
60	2825848	3	12	18	19	25	31	32	40	57	59	84	91	99	105	109	116	125	136	137	139	140	153	157	163	182	187	192	193	204	205	206	225	228	233	235	250	255	267	#
61	2622867	4	20	34	39	41	47	59	60	64	67	81	99	109	121	133	138	139	140	158	167	169	171	174	186	189	202	206	210	211	213	215	221	228	234	236	238	253	267	#
62	2607550	11	17	36	40	42	43	45	46	60	76	86	89	92	97	102	106	110	111	126	132	138	140	141	143	147	151	159	174	176	177	178	194	210	215	231	232	247	267	#
63	2535195	4	9	10	24	33	35	47	75	83	91	97	98	105	106	110	111	121	131	139	145	146	151	156	157	167	171	172	177	184	192	205	206	221	229	235	238	243	267	#
64	2502441	4	12	37	42	49	60	61	62	69	72	80	89	106	110	111	120	129	132	138	140	142	143	152	158	167	168	170	171	173	181	184	186	191	200	220	244	253	267	#
65	2908773	19	22	24	42	46	49	50	55	74	75	76	78	81	82	84	88	93	96	100	106	110	118	126	131	138	141	143	146	164	179	180	187	191	192	198	200	204	207	208	216	217	220	224	231	233	234	247	248	268	#
66	3063162	7	18	20	32	42	45	46	58	60	71	74	77	81	84	87	99	102	106	107	108	110	118	122	126	143	146	153	159	163	169	170	176	181	184	186	197	198	199	205	206	208	217	231	232	238	241	244	253	268	#
67	3047996	2	5	10	18	19	20	25	31	33	35	42	65	66	68	72	81	82	84	88	97	110	116	118	135	136	138	142	144	151	154	162	163	166	181	188	195	199	200	204	221	229	232	233	235	237	240	246	252	268	#
68	3030955	3	12	16	23	52	57	76	78	79	80	81	85	93	96	107	109	118	120	126	137	140	142	144	147	150	163	165	166	170	178	179	187	188	192	193	205	212	216	217	220	223	224	228	229	231	237	242	253	268	#
69	3016908	0	3	11	25	33	39	42	52	63	71	75	80	82	86	88	93	100	105	106	109	120	124	131	135	138	139	140	143	147	156	159	162	163	164	167	173	174	180	185	187	192	193	202	209	226	228	244	245	268	#
70	2994215	2	9	19	26	32	50	61	63	64	74	76	80	82	84	103	106	107	110	117	118	123	125	131	132	133	134	139	146	158	172	178	180	183	193	199	202	206	208	212	220	228	229	232	235	240	243	249	253	268	#
71	173691	112	207	209	269	#
72	166920	83	89	112	269	#
73	164861	98	182	207	269	#
74	120943	112	202	209	269	#
75	981473	0	45	69	70	75	83	87	96	111	113	120	158	180	211	213	248	270	#
76	1122085	7	33	34	67	71	72	76	100	113	161	172	181	188	200	225	246	270	#
77	1059803	1	7	41	52	58	111	116	140	151	155	198	206	211	222	230	231	270	#
78	1054535	0	35	39	40	75	76	81	87	112	120	178	197	211	216	222	237	270	#
79	1050684	3	10	15	22	72	75	76	131	142	150	153	157	164	169	225	232	270	#
80	1049475	16	23	45	63	97	105	124	154	165	174	187	193	209	228	246	249	270	#
81	593032	4	20	26	36	61	69	81	85	101	118	124	163	271	#
82	888469	3	9	87	107	118	119	149	163	172	212	221	243	271	#
83	879685	3	10	40	63	68	85	92	103	117	118	130	145	271	#
84	857937	1	15	21	46	68	74	78	81	135	189	232	234	271	#
85	734553	29	40	41	45	70	124	163	164	198	229	243	251	271	#
86	732769	1	22	47	49	61	64	154	159	166	228	236	242	271	#
87	207717	15	77	138	155	211	239	272	#
88	257869	15	34	52	157	161	251	272	#
89	183460	4	6	137	155	199	242	272	#
90	1040441	29	43	47	73	81	82	94	104	125	132	137	164	175	188	191	193	204	231	239	273	#
91	1502010	7	13	38	56	79	96	99	116	132	136	140	144	191	197	203	206	216	226	237	273	#
92	1390139	1	6	21	31	41	52	58	60	85	92	106	129	132	140	165	172	185	243	253	273	#
93	1385943	43	54	64	69	73	90	121	135	138	144	150	155	172	180	201	218	221	226	231	273	#
94	1357099	4	5	10	29	39	49	51	59	91	95	113	120	134	150	168	178	187	230	233	273	#
95	1346129	4	7	23	28	41	52	64	75	79	116	132	140	144	158	185	201	204	235	237	273	#
96	945346	28	30	42	45	55	64	78	83	95	96	106	109	142	160	194	206	228	253	274	#
97	1253530	12	22	33	45	66	85	89	95	134	136	153	167	169	178	213	244	246	253	274	#
98	1221830	6	20	38	55	82	90	94	106	107	114	134	148	160	172	184	185	216	219	274	#
99	1217804	15	27	38	46	55	69	111	113	126	131	135	157	167	169	176	200	207	211	274	#
100	1190319	10	11	23	24	33	54	58	67	89	99	130	142	155	156	167	195	243	253	274	#
101	1130600	21	28	43	45	73	75	85	90	91	116	143	194	196	200	211	223	228	252	274	#
102	216653	43	61	98	156	216	275	#
103	291847	3	78	186	197	216	275	#
104	286261	53	104	120	156	203	275	#
105	182971	2	11	25	43	67	275	#
106	166277	65	67	98	216	249	275	#
107	1575347	5	17	18	24	28	31	45	46	53	54	60	62	64	88	89	102	104	114	122	127	229	247	254	276	#
108	1631585	1	12	17	35	36	49	56	93	96	104	111	115	122	125	157	170	172	174	178	194	202	215	220	276	#
109	1602965	13	17	27	35	36	38	45	46	66	84	94	147	151	157	170	189	216	218	221	225	236	246	253	276	#
110	1591652	4	6	17	20	36	48	49	60	63	73	91	119	121	127	129	135	170	193	207	212	229	249	253	276	#
111	1542959	12	17	33	40	41	51	60	70	72	81	86	98	99	125	127	151	160	164	180	198	211	230	248	276	#
112	1463028	2	28	37	43	48	56	81	93	106	114	119	131	158	175	177	183	187	190	193	203	220	230	254	276	#
113	523768	11	36	103	105	126	158	173	200	277	#
114	629674	11	21	65	90	93	101	134	219	277	#
115	538305	5	18	33	35	56	103	136	182	277	#
116	488689	56	78	79	88	173	181	221	254	277	#
117	467772	9	44	46	105	112	120	186	202	277	#
118	448527	23	86	113	167	195	200	220	227	277	#
119	501294	27	69	90	96	101	146	221	223	234	278	#
120	725608	3	35	43	72	146	204	211	232	250	278	#
121	722098	27	34	41	93	101	104	176	205	207	278	#
122	651907	13	27	92	96	114	115	133	165	178	278	#
123	564179	9	21	90	136	144	178	188	192	218	278	#
124	496546	10	33	50	185	201	211	234	242	243	278	#
125	1313614	1	31	36	42	56	64	77	113	114	119	128	146	147	155	160	161	174	177	188	201	210	279	#
126	1576565	13	15	30	38	45	72	73	86	90	104	149	150	174	181	188	194	207	209	215	232	246	279	#
127	1481298	38	40	41	45	46	50	56	69	74	82	86	91	106	114	137	162	179	184	190	206	219	279	#
128	1466058	3	20	31	32	35	59	93	109	113	128	140	168	182	188	190	191	194	197	199	236	248	279	#
129	1452646	1	21	73	78	95	98	113	125	136	146	150	151	158	204	207	208	211	224	230	231	249	279	#
130	1405127	8	23	44	55	66	76	80	88	91	125	128	135	146	174	175	210	213	214	217	228	247	279	#
131	268528	0	4	109	157	225	238	280	#
132	347009	74	116	148	225	250	255	280	#
133	243288	0	59	112	238	239	246	280	#
134	405421	9	50	55	96	165	180	212	218	242	281	#
135	497805	8	35	55	139	195	216	230	237	247	281	#
136	486913	38	42	44	78	83	87	165	208	213	281	#
137	453102	2	50	67	112	204	207	212	218	254	281	#
138	419225	33	93	96	109	112	149	157	179	211	281	#
139	379541	15	28	59	67	153	175	180	212	241	281	#
140	242927	10	137	140	282	#
141	196054	22	140	147	282	#
142	169338	10	207	210	282	#
143	155383	13	137	142	282	#
144	395307	33	44	120	144	178	283	#
145	473855	42	105	123	170	178	283	#
146	357623	33	108	160	185	232	283	#
147	327875	124	144	149	160	207	283	#
148	309564	19	44	68	160	236	283	#
149	206371	92	120	131	161	212	283	#
150	249565	95	104	117	172	284	#
151	279282	38	90	95	227	284	#
152	271697	5	117	208	245	284	#
153	185694	18	24	119	172	284	#
154	120771	104	123	136	163	284	#
155	3315467	1	3	9	21	23	30	33	34	35	38	42	43	44	46	54	56	58	60	62	71	72	79	87	89	90	95	97	108	112	114	117	122	128	129	130	132	140	142	151	154	167	175	179	182	183	184	187	198	204	212	217	222	227	232	235	244	251	252	285	#
156	4008127	5	10	13	17	19	21	26	30	43	44	46	47	49	55	61	63	70	103	104	105	108	121	134	135	136	138	141	146	149	150	154	157	159	162	163	164	165	169	173	179	182	183	186	187	192	199	200	211	213	219	223	226	227	234	235	243	247	251	285	#
157	3947583	5	11	12	15	17	30	33	34	37	40	43	45	46	47	53	55	58	61	63	70	74	75	84	94	95	97	106	109	110	114	123	132	141	143	145	147	150	154	159	160	161	169	172	174	175	187	192	200	205	214	215	225	228	232	238	247	252	255	285	#
158	3879784	3	7	14	30	34	38	39	43	47	48	49	57	58	80	83	87	90	105	112	120	136	138	140	141	142	143	145	146	151	160	165	168	171	175	179	186	190	195	199	200	203	206	207	208	211	216	225	227	228	233	239	240	245	247	248	249	250	252	285	#
159	3873132	2	7	9	10	11	13	15	19	21	23	39	50	53	58	73	74	76	80	82	84	93	97	102	106	107	108	111	112	113	115	116	126	128	137	147	151	153	162	171	174	175	179	185	188	192	195	196	202	203	204	207	209	210	220	235	253	254	255	285	#
160	3871500	8	10	11	15	20	21	22	30	33	36	39	40	42	56	61	63	68	69	78	80	84	86	95	108	124	131	132	136	152	153	154	156	159	160	163	164	165	166	172	173	176	186	191	192	200	204	211	212	216	217	218	221	224	225	228	230	245	252	285	#
161	1897831	6	13	14	16	18	19	34	39	49	57	62	63	64	90	91	93	94	103	107	111	124	126	134	136	146	152	153	154	167	171	194	197	198	211	220	228	234	241	242	253	254	286	#
162	2752951	2	14	19	23	27	49	51	55	64	68	69	74	75	76	79	93	103	107	108	110	112	117	119	123	131	146	149	153	165	167	168	176	177	188	196	205	219	234	237	248	251	286	#
163	2725613	0	6	7	8	9	12	28	31	35	36	39	45	48	49	51	54	65	69	71	72	75	96	118	130	140	149	153	157	160	162	166	173	186	187	189	195	207	218	228	249	255	286	#
164	2581683	0	15	17	19	23	25	38	39	43	63	66	78	90	94	103	109	110	116	120	123	126	127	130	138	143	144	147	151	157	158	162	164	165	167	186	202	211	215	232	243	253	286	#
165	2571099	3	5	13	16	17	18	22	27	32	36	37	38	49	55	56	61	63	71	85	90	103	120	131	132	136	139	152	153	154	158	160	161	164	169	187	195	202	224	227	237	251	286	#
166	2536472	4	19	22	39	45	52	53	63	72	74	76	82	90	92	96	100	101	103	110	117	121	127	131	139	143	149	157	166	167	171	181	185	186	203	213	219	222	230	232	233	241	286	#
167	903845	2	8	24	56	111	112	150	156	164	165	196	230	231	242	248	287	#
168	1316911	61	72	78	86	108	121	139	150	165	169	174	195	203	221	225	287	#
169	987769	16	41	43	53	69	76	95	111	130	132	144	149	158	161	187	287	#
170	975572	7	13	35	55	64	139	149	159	181	183	197	212	230	235	244	287	#
171	967677	11	16	62	82	118	126	140	146	156	181	198	199	203	214	248	287	#
172	964286	8	11	24	27	82	95	106	145	175	181	192	199	229	237	252	287	#
173	409365	14	30	73	82	104	112	155	219	249	288	#
174	608929	17	69	112	125	128	185	192	209	228	288	#
175	600394	14	61	69	84	93	188	194	195	212	288	#
176	572477	5	6	30	92	96	130	170	187	217	288	#
177	561282	18	73	85	101	117	121	160	205	236	288	#
178	474807	3	22	65	103	104	161	188	196	225	288	#
179	328266	11	61	64	111	161	289	#
180	357705	64	89	136	139	214	289	#
181	321351	55	61	97	136	182	289	#
182	293629	11	95	113	171	207	289	#
183	273188	16	111	130	142	144	289	#
184	251060	23	78	161	171	246	289	#
185	873108	5	10	89	114	115	163	165	199	214	224	250	290	#
186	839920	10	60	75	80	82	100	199	217	236	246	250	290	#
187	773902	12	35	70	77	82	117	126	157	224	235	243	290	#
188	755721	5	8	70	88	100	130	218	221	241	248	253	290	#
189	754525	23	49	67	70	93	114	146	163	171	199	212	290	#
190	750918	7	14	78	82	99	108	115	120	160	166	216	290	#
191	2769942	5	9	18	19	22	23	26	33	37	38	39	42	47	51	52	58	63	75	77	95	107	109	112	118	120	121	142	152	159	162	165	174	179	190	202	205	206	208	215	221	226	229	231	233	236	239	249	250	255	291	#
192	3300240	4	8	9	13	16	22	25	28	35	37	38	39	41	43	49	61	62	66	69	84	95	99	107	111	116	117	139	143	147	154	156	160	163	171	173	185	188	194	196	201	212	213	217	218	222	229	232	233	245	291	#
193	3190061	3	10	25	37	39	42	45	46	53	58	65	68	69	73	74	75	84	86	90	93	94	109	115	121	132	133	140	143	146	148	157	159	164	167	170	174	183	185	189	191	205	208	215	224	227	230	233	239	245	291	#
194	3153890	11	19	20	28	29	32	44	46	49	51	55	57	59	61	63	66	72	74	75	80	86	107	115	116	120	121	125	126	128	139	144	146	147	149	154	156	165	169	179	189	194	206	215	220	233	237	241	254	255	291	#
195	3139640	4	9	13	28	32	37	42	44	45	47	55	56	60	61	62	75	76	78	85	87	102	103	106	107	118	121	130	135	148	157	167	172	173	178	183	188	196	198	202	206	214	220	224	229	233	236	242	245	251	291	#
196	3134921	11	14	15	34	38	43	46	50	59	62	65	66	73	75	82	87	93	96	107	109	115	116	118	121	124	142	145	153	163	165	170	176	177	181	185	186	187	188	195	200	206	209	221	223	237	240	245	249	251	291	#
197	151304	139	196	292	#
198	104119	139	212	292	#
199	95764	84	196	292	#
200	556574	26	50	66	149	169	185	189	225	236	293	#
201	715989	4	12	41	77	91	119	168	214	236	293	#
202	713738	20	127	132	149	172	205	207	236	237	293	#
203	627178	13	39	72	84	98	185	222	225	233	293	#
204	604632	47	65	94	139	145	189	205	232	239	293	#
205	604186	19	50	59	82	117	119	135	209	254	293	#
206	896050	36	37	74	78	80	91	92	93	116	143	166	182	188	193	230	237	294	#
207	1240201	10	29	36	57	84	93	116	146	152	157	159	163	173	222	239	250	294	#
208	1192980	38	83	100	107	128	130	131	143	157	163	165	168	172	179	209	233	294	#
209	1169186	7	31	34	50	57	98	99	102	121	134	144	182	210	211	229	242	294	#
210	1113419	1	7	53	62	66	83	98	116	159	160	163	191	213	220	233	247	294	#
211	1075935	29	38	45	49	65	91	119	173	178	180	183	185	194	196	228	239	294	#
212	1160737	4	9	12	21	35	45	50	91	106	161	187	192	202	206	295	#
213	1123493	12	39	47	51	59	72	87	122	125	126	148	192	211	249	295	#
214	1108567	1	15	26	27	53	59	107	123	128	147	202	206	210	250	295	#
215	1081663	0	9	12	27	49	55	59	73	121	172	176	184	203	226	295	#
216	1031914	7	29	45	47	52	97	125	136	172	209	210	216	235	252	295	#
217	947398	20	25	36	45	57	61	77	110	172	202	225	233	234	237	295	#
218	114704	87	243	296	#
219	171339	36	243	296	#
220	126275	51	87	296	#
221	720455	24	32	59	60	67	78	89	164	176	193	207	239	252	297	#
222	898109	29	32	53	108	151	153	158	207	232	233	247	250	252	297	#
223	873498	1	4	6	8	29	40	72	89	130	165	196	210	239	297	#
224	835379	15	80	84	87	89	125	188	203	211	220	231	237	254	297	#
225	830827	7	20	29	43	63	77	78	166	174	208	225	239	254	297	#
226	803039	6	13	60	100	116	121	138	164	173	214	224	248	255	297	#
227	375345	33	42	61	78	93	298	#
228	439378	61	105	130	184	193	298	#
229	331612	33	40	170	252	253	298	#
230	298036	19	50	93	201	221	298	#
231	207389	25	35	78	122	221	298	#
232	204300	25	28	42	59	143	298	#
233	1974858	11	20	53	55	57	58	61	63	65	70	71	73	76	86	91	94	97	109	110	121	134	136	141	176	185	188	192	197	200	209	217	220	227	232	233	299	#
234	2494534	2	3	8	11	17	21	32	40	45	48	52	69	79	89	90	91	96	98	108	125	138	139	146	155	160	163	171	174	186	198	205	215	216	219	238	299	#
235	2350065	18	19	20	27	33	40	42	57	65	67	86	98	101	108	121	130	131	132	139	142	143	155	163	184	192	195	196	213	219	220	222	228	236	241	248	299	#
236	2349309	1	2	8	9	28	40	43	45	46	55	60	70	76	82	93	101	115	117	125	126	132	137	140	145	154	159	161	162	203	219	223	232	245	247	254	299	#
237	2313090	8	12	22	23	29	36	39	47	56	60	66	71	77	82	97	101	104	113	130	136	139	145	150	151	188	203	204	215	230	234	236	241	248	249	252	299	#
238	2255777	4	24	27	28	42	45	47	48	58	66	75	79	103	108	109	114	116	123	127	133	140	141	143	149	167	168	171	176	179	180	186	200	221	224	230	299	#
239	1405086	1	9	11	31	55	73	99	111	114	121	140	141	166	185	191	194	219	227	239	246	300	#
240	1626067	17	28	61	70	80	82	114	121	145	152	155	159	166	174	205	224	229	246	253	254	300	#
241	1503068	5	9	27	36	44	55	83	93	121	122	123	124	159	160	218	219	225	226	230	237	300	#
242	1490403	5	17	54	59	89	94	121	124	128	140	143	154	156	163	165	198	205	218	228	232	300	#
243	1444720	1	3	32	51	61	87	88	89	99	124	170	188	190	199	212	215	232	250	252	254	300	#
244	1438908	4	15	28	80	111	115	119	130	147	159	166	173	174	183	197	198	219	231	233	246	300	#
245	222337	61	98	149	155	301	#
246	323874	42	130	149	150	301	#
247	206987	6	61	212	218	301	#
248	1257890	8	19	49	54	68	90	94	114	157	180	202	204	209	214	217	249	251	255	302	#
249	1325909	0	4	22	27	32	39	63	81	107	110	144	152	206	232	235	250	251	255	302	#
250	1305855	39	49	73	77	117	118	125	134	148	173	180	206	229	235	237	241	251	254	302	#
251	1302457	1	20	29	51	90	114	137	153	160	162	178	200	209	213	214	218	226	235	302	#
252	1217880	19	27	29	57	66	87	95	131	152	153	167	182	183	185	190	206	212	213	302	#
253	1136343	4	42	76	92	111	125	135	157	161	166	174	192	198	201	202	207	222	254	302	#
254	167825	69	207	247	303	#
255	203045	13	122	207	303	#
256	186142	64	69	146	303	#
257	122660	77	239	247	303	#
258	796308	7	36	68	71	72	96	112	141	153	155	156	163	185	198	211	248	304	#
259	1188546	11	20	33	42	70	95	96	99	117	118	145	168	201	222	246	254	304	#
260	1011264	1	68	70	78	86	88	99	128	170	188	193	194	199	228	231	248	304	#
261	997762	3	7	18	21	24	31	67	80	95	123	166	172	181	183	192	228	304	#
262	985808	34	41	58	71	132	159	167	170	173	180	184	201	220	229	237	246	304	#
263	940303	22	29	36	51	63	64	111	118	125	164	174	202	228	229	234	239	304	#
264	768543	11	27	38	81	87	93	101	119	166	181	193	305	#
265	785323	25	43	57	107	119	136	140	151	172	183	236	305	#
266	769396	8	68	83	96	100	146	166	180	183	248	253	305	#
267	755751	50	67	78	81	92	99	143	182	183	208	245	305	#
268	726923	11	56	67	113	135	178	203	215	229	230	233	305	#
269	712672	6	15	45	80	87	93	122	135	163	188	238	305	#
270	1409277	1	2	11	13	29	31	33	97	100	101	111	156	170	182	185	205	206	212	216	251	306	#
271	1572702	1	17	34	41	46	50	68	75	77	107	108	117	153	170	179	187	196	207	249	252	306	#
272	1453380	11	17	62	80	82	83	93	97	114	126	136	140	155	178	179	191	202	207	214	222	306	#
273	1392470	1	13	18	35	50	52	68	93	104	105	138	140	153	168	206	217	220	237	254	255	306	#
274	1378374	24	27	47	51	56	57	73	86	90	101	106	151	169	178	185	196	205	216	231	234	306	#
275	1371026	2	12	16	20	33	38	50	70	84	107	110	128	140	157	163	168	177	182	191	210	306	#
276	117625	92	177	217	232	307	#
277	99376	49	89	91	92	307	#
278	52349	60	108	308	#
279	34937	29	60	308	#
280	378259	80	99	142	187	238	309	#
281	416504	52	55	97	187	192	309	#
282	373668	2	29	80	107	197	309	#
283	252912	79	160	180	223	238	309	#
284	240462	9	99	152	238	241	309	#
285	214473	84	142	175	222	251	309	#
286	550144	0	12	36	44	48	63	81	148	166	189	216	228	240	249	310	#
287	809315	2	20	34	42	43	44	77	81	148	178	186	190	239	247	310	#
288	777556	16	25	41	49	67	76	101	146	148	165	183	201	227	241	310	#
289	772350	9	15	29	30	71	96	113	134	166	168	184	204	232	241	310	#
290	735970	0	52	62	69	88	98	102	103	128	159	197	216	234	254	310	#
291	735650	0	44	60	62	63	82	119	134	153	189	193	196	227	242	310	#
292	78162	66	69	#
293	269051	21	43	114	148	186	232	311	#
294	364663	116	136	160	177	186	187	311	#
295	322909	21	29	48	134	175	249	311	#
296	295449	43	58	135	143	211	230	311	#
297	221663	43	44	86	115	116	148	311	#
298	121663	44	90	169	312	#
299	171744	99	169	170	312	#
300	156918	15	44	185	312	#
301	99068	90	222	224	312	#
302	48859	85	#
303	1005625	6	11	30	64	111	117	123	126	142	158	177	204	212	226	230	248	254	313	#
304	1490974	1	6	26	29	30	35	56	70	84	93	111	119	146	149	150	168	174	313	#
305	1269087	23	34	51	68	78	97	99	107	126	128	141	151	154	168	173	176	218	313	#
306	1158820	27	30	44	55	72	77	85	144	149	155	168	169	178	180	198	206	222	313	#
307	1101338	15	30	51	81	84	88	119	133	142	156	187	209	216	218	225	234	240	313	#
308	1055537	7	35	39	45	87	91	96	102	147	158	168	181	186	197	216	232	239	313	#
309	138251	16	39	314	#
310	165130	39	148	314	#
311	448356	55	85	125	139	211	227	241	242	245	315	#
312	670963	19	43	57	75	122	125	150	223	241	315	#
313	603417	3	73	77	85	139	142	179	203	220	315	#
314	592831	54	156	161	165	171	183	195	233	245	315	#
315	543625	6	40	124	139	156	159	191	207	227	315	#
316	541396	17	74	83	124	133	188	225	227	246	315	#
317	259815	5	15	18	48	53	169	316	#
318	352184	24	53	64	78	125	162	316	#
319	281119	48	128	132	148	162	169	316	#
320	241589	13	67	169	184	214	223	316	#
321	1809	148	248	#
322	168530	60	116	226	317	#
323	251611	14	51	226	317	#
324	191725	42	60	72	317	#
325	140208	5	77	116	317	#
326	88539	67	160	#
327	541430	37	62	68	102	130	139	140	161	318	#
328	543157	55	83	115	120	139	171	235	243	318	#
329	531316	41	43	58	102	108	149	186	198	318	#
330	528518	8	26	62	98	106	181	188	197	318	#
331	517222	43	64	128	130	139	203	204	254	318	#
332	490302	18	55	86	139	161	193	198	214	318	#
333	1376657	15	21	26	29	32	42	59	80	90	100	111	116	119	122	124	156	160	164	166	171	181	187	202	244	319	#
334	1632393	21	42	54	58	85	87	95	114	123	127	128	168	170	173	174	179	185	200	209	213	222	228	229	230	319	#
335	1620622	8	26	60	66	67	69	71	111	112	114	123	125	128	140	146	147	149	163	173	200	205	224	239	254	319	#
336	1507917	3	18	19	29	39	56	58	75	81	91	98	112	113	116	119	155	162	174	195	200	225	228	229	241	319	#
337	1486276	26	38	49	56	59	67	75	91	96	97	111	112	131	137	148	150	163	176	177	204	217	221	229	250	319	#
338	1481072	0	2	17	29	58	70	75	80	88	100	122	125	132	144	163	187	208	213	214	217	222	228	230	254	319	#
339	604381	16	39	87	88	89	108	206	217	320	#
340	659948	9	22	114	161	165	206	231	232	320	#
341	570702	53	60	61	63	82	108	216	254	320	#
342	472301	48	61	89	129	147	213	234	245	320	#
343	423224	39	88	128	163	178	184	189	249	320	#
344	419472	16	58	93	130	155	190	203	223	320	#
345	116824	21	#
346	170832	21	61	216	321	#
347	86953	5	49	223	321	#
348	52076	34	76	189	321	#
349	2043166	7	11	16	18	24	45	50	62	79	84	106	119	125	126	132	133	144	152	157	167	168	169	171	173	180	181	188	207	209	217	221	226	240	241	248	322	#
350	2525032	2	19	24	37	41	51	58	78	96	103	105	106	109	111	134	138	139	143	149	150	159	162	168	183	195	198	207	210	211	216	224	231	239	245	250	322	#
351	2425819	1	13	17	23	26	35	37	47	58	71	79	83	87	97	98	101	103	114	115	120	132	134	138	146	153	159	163	169	174	175	193	207	227	241	245	322	#
352	2414561	2	18	21	22	27	29	39	41	44	66	76	84	92	107	134	140	148	153	154	157	159	165	167	174	175	192	209	211	218	231	239	240	245	248	250	322	#
353	2394613	11	22	30	45	57	62	78	81	84	95	96	99	106	116	117	121	128	132	150	153	157	165	166	168	169	173	182	185	190	209	211	216	235	246	254	322	#
354	2348206	2	11	20	30	48	51	73	77	81	90	104	113	120	125	139	141	154	156	173	174	178	180	181	187	195	202	206	214	222	225	230	235	240	246	249	322	#
355	902442	89	94	105	110	125	130	134	161	185	191	219	221	232	248	323	#
356	1076513	40	65	72	79	86	93	121	133	162	165	174	185	187	219	323	#
357	905683	52	75	93	127	157	183	187	191	200	226	228	229	234	244	323	#
358	905399	1	99	108	152	158	167	168	179	193	206	211	229	244	248	323	#
359	873566	47	65	87	117	118	120	153	154	169	174	179	232	247	250	323	#
360	867334	10	17	49	87	100	130	154	164	168	192	194	195	224	252	323	#
361	421535	21	22	90	162	168	252	324	#
362	451599	21	40	69	73	100	180	324	#
363	441971	7	13	27	56	62	90	324	#
364	409562	3	15	23	162	186	210	324	#
365	309601	48	152	168	198	211	242	324	#
366	274223	62	117	137	240	243	252	324	#
367	40470	18	#
368	69788	234	#
369	481490	24	40	46	48	60	68	71	77	85	139	164	169	251	325	#
370	702126	0	3	26	85	92	152	161	169	173	180	188	216	227	325	#
371	696427	14	21	24	37	59	84	107	109	127	160	169	178	180	325	#
372	678020	7	19	36	79	85	93	131	141	212	213	227	249	252	325	#
373	668304	19	28	40	70	87	90	106	133	145	199	221	249	255	325	#
374	574274	24	34	66	91	97	109	117	120	139	157	209	214	243	325	#
375	251347	164	180	254	326	#
376	281628	164	196	228	326	#
377	233992	78	160	254	326	#
378	155814	142	180	200	326	#
379	553594	25	29	32	39	49	59	65	86	92	111	113	143	144	145	185	194	237	254	327	#
380	716682	2	23	25	32	55	66	92	109	122	136	143	161	163	188	202	212	216	237	327	#
381	630056	0	9	16	48	56	79	89	90	91	106	147	148	159	183	194	232	244	253	327	#
382	690115	20	27	44	51	75	89	106	145	148	220	230	233	328	#
383	968359	28	29	46	85	108	111	139	145	159	211	251	252	328	#
384	771353	1	12	44	46	65	73	123	160	179	220	243	248	328	#
385	767059	8	51	53	96	134	150	173	180	184	195	201	210	328	#
386	765786	8	27	41	50	64	75	81	112	139	199	210	239	328	#
387	745598	21	70	89	97	108	126	176	185	209	212	216	236	328	#
388	382110	48	65	82	92	95	104	176	209	241	329	#
389	466066	5	8	34	54	95	150	165	237	243	329	#
390	352329	48	84	89	95	165	210	229	230	244	329	#
391	340667	49	56	92	119	143	178	192	203	217	329	#
392	255992	16	48	65	67	90	174	208	210	230	329	#
393	1404991	4	34	36	45	56	68	83	121	128	138	143	145	146	152	155	156	166	192	200	204	216	228	246	248	252	330	#
394	1870597	1	10	13	21	33	62	63	66	76	83	115	116	120	131	150	152	176	183	193	203	207	214	216	223	241	330	#
395	1745331	2	3	7	33	41	56	57	58	89	107	128	148	149	154	166	171	172	191	199	200	204	211	235	251	252	330	#
396	1738772	0	7	12	24	29	34	69	80	88	101	111	122	134	136	143	148	154	194	199	204	205	221	248	250	252	330	#
397	1685760	10	27	29	38	41	45	46	55	76	84	86	108	117	122	128	131	135	137	138	151	158	197	201	246	250	330	#
398	1684531	7	14	33	56	57	70	79	80	87	102	107	130	138	144	150	156	178	183	187	206	216	234	238	241	245	330	#
399	1843008	1	5	15	16	17	20	39	46	47	51	60	73	75	85	98	127	130	133	144	155	162	163	166	168	179	195	217	223	226	237	331	#
400	2181986	3	25	30	38	42	44	46	72	76	79	97	105	106	107	108	117	133	149	176	177	180	183	184	188	200	208	222	234	239	246	331	#
401	2126606	1	8	10	20	38	41	42	57	66	72	73	81	83	103	120	121	133	135	144	151	154	167	180	197	201	223	226	234	241	243	331	#
402	2027039	13	20	26	30	31	37	44	53	66	74	85	91	97	118	128	133	134	145	149	152	158	177	183	186	188	192	197	212	229	235	331	#
403	2014145	4	17	26	34	35	53	56	61	85	105	115	131	149	155	158	167	173	175	177	179	184	192	209	213	216	218	226	243	245	253	331	#
404	2009254	1	19	41	57	65	68	88	93	99	104	107	121	128	131	132	148	149	153	159	160	163	176	181	186	198	221	226	233	240	251	331	#
405	744493	30	34	42	47	105	113	126	179	200	218	233	237	332	#
406	1035875	46	53	73	79	93	160	169	179	188	218	221	228	332	#
407	911588	22	35	42	70	93	108	110	135	142	165	168	249	332	#
408	808960	6	11	54	97	104	107	113	126	127	179	180	206	332	#
409	752997	20	21	87	92	100	103	128	133	139	156	200	245	332	#
410	751922	6	49	102	159	170	206	208	219	231	237	247	254	332	#
411	661360	20	31	35	37	60	105	129	139	178	187	333	#
412	689845	18	23	44	104	116	187	200	202	205	224	333	#
413	689790	15	23	56	89	114	129	183	195	247	253	333	#
414	613595	37	68	86	126	135	143	166	193	195	216	333	#
415	591245	4	31	76	111	123	139	153	191	218	248	333	#
416	568271	1	41	60	81	83	86	94	104	156	169	333	#
417	748964	20	26	86	103	112	143	147	161	174	180	207	209	212	220	226	234	245	334	#
418	1077939	0	20	38	48	107	115	128	141	144	152	178	190	220	229	232	253	254	334	#
419	1066922	15	31	39	71	77	120	125	139	157	171	191	201	207	222	234	240	248	334	#
420	1061077	4	35	47	51	58	75	98	124	135	139	150	154	164	168	180	217	238	334	#
421	1009790	7	9	16	22	32	57	76	95	138	143	148	166	168	169	171	180	206	334	#
422	1007280	24	39	57	61	73	75	112	116	155	161	166	180	188	195	199	249	253	334	#
423	902140	25	30	39	48	63	78	81	89	101	109	149	189	209	213	222	335	#
424	1148171	1	7	46	78	80	89	91	108	110	115	120	144	201	204	206	335	#
425	1085754	30	61	82	83	86	94	119	122	130	144	164	177	191	199	214	335	#
426	1038850	23	41	46	68	89	100	110	132	146	155	188	189	204	231	250	335	#
427	963925	1	34	38	63	132	150	167	191	204	211	212	216	223	236	245	335	#
428	959527	25	36	48	49	85	116	149	168	213	219	221	225	241	248	253	335	#
429	61791	103	#
430	49294	24	52	142	147	#
431	121831	16	48	161	241	337	#
432	5019	16	47	223	242	337	#
433	138509	37	#
434	36606	208	#
435	813650	6	11	13	48	75	102	103	104	133	135	137	141	183	191	206	208	211	241	338	#
436	1200869	13	22	24	42	53	74	77	89	120	130	136	146	157	190	225	239	253	254	338	#
437	1173479	2	7	14	22	23	24	68	75	98	112	116	135	136	170	193	196	233	245	338	#
438	1151037	4	7	37	39	79	95	104	131	137	144	152	169	188	208	215	233	235	255	338	#
439	1145509	8	21	28	31	33	51	57	67	99	104	109	134	178	179	183	188	227	232	338	#
440	1094850	43	49	71	76	78	83	102	104	109	174	178	181	188	198	200	202	236	241	338	#
441	373460	64	68	116	125	173	213	240	339	#
442	458896	4	14	17	125	144	173	234	339	#
443	445758	16	25	107	116	118	214	222	339	#
444	443159	41	68	178	183	212	214	221	339	#
445	400794	5	86	109	121	205	240	247	339	#
446	396156	111	138	166	173	181	220	242	339	#
447	689628	5	26	50	51	96	107	117	148	182	184	196	197	199	210	340	#
448	1001863	9	25	40	52	69	75	127	131	165	178	179	196	197	211	340	#
449	930970	21	34	51	67	72	103	106	150	177	207	218	222	237	255	340	#
450	896200	55	68	78	96	112	123	130	169	179	215	230	231	234	252	340	#
451	883034	13	37	62	91	97	102	131	148	173	182	185	220	231	234	340	#
452	880109	5	16	27	28	31	37	60	78	117	137	174	191	202	227	340	#
453	1754571	10	25	26	43	45	66	78	79	89	94	96	113	116	148	149	158	160	165	170	175	199	204	208	218	220	231	237	249	254	341	#
454	2245886	3	23	44	47	49	50	73	80	106	121	124	125	126	151	158	159	164	187	195	196	198	200	217	219	235	244	248	249	254	341	#
455	2195418	3	4	14	20	38	39	42	52	53	56	60	61	73	78	86	87	89	94	96	99	117	119	152	153	170	226	228	232	237	341	#
456	2018487	10	11	12	71	89	101	128	130	132	138	140	156	160	167	168	170	174	175	180	185	190	194	197	204	212	225	228	235	253	341	#
457	2012740	3	7	22	52	56	59	60	68	73	97	102	106	109	119	121	143	157	174	175	178	179	186	212	214	215	220	226	235	249	341	#
458	1999725	6	37	43	45	56	64	66	67	76	87	99	128	139	143	145	165	168	171	172	189	191	194	199	218	226	231	250	251	255	341	#
459	886197	0	14	25	56	81	102	117	118	136	150	168	197	236	255	342	#
460	1132990	5	6	19	43	61	69	107	118	146	191	195	202	219	222	342	#
461	1063866	3	4	39	65	81	124	135	171	184	192	202	219	221	237	342	#
462	931602	0	3	13	25	58	61	70	73	106	169	183	195	227	235	342	#
463	917372	6	7	28	66	83	86	141	150	186	194	199	213	220	231	342	#
464	843935	2	3	4	32	38	73	122	188	197	202	211	235	236	238	342	#
465	508288	7	14	30	71	81	141	226	343	#
466	557430	14	38	71	123	170	204	231	343	#
467	419887	14	38	111	134	167	173	226	343	#
468	405925	2	23	30	156	193	194	249	343	#
469	385244	22	24	99	124	129	160	226	343	#
470	332037	50	58	80	81	113	120	232	343	#
471	321923	3	13	14	59	77	117	156	163	182	189	192	204	241	254	#
472	618977	6	29	36	83	116	120	165	177	192	213	237	247	344	#
473	844351	45	66	77	86	96	131	145	159	177	205	207	214	344	#
474	778485	5	35	54	71	79	148	192	230	232	235	247	249	344	#
475	767152	48	67	74	85	110	120	160	166	200	216	232	252	344	#
476	690281	5	79	85	93	106	142	172	192	202	210	211	216	344	#
477	670208	6	40	46	78	103	124	134	141	152	163	218	238	344	#
478	859980	90	97	113	116	123	124	127	131	139	144	157	166	171	199	205	345	#
479	1097285	0	43	56	61	71	89	110	116	151	157	159	170	212	231	250	345	#
480	965838	28	34	38	48	49	114	123	160	169	179	199	209	214	245	252	345	#
481	950635	41	60	84	91	111	113	125	139	148	174	179	181	197	249	252	345	#
482	941915	3	17	23	32	42	55	60	74	77	135	139	179	185	198	202	345	#
483	921978	2	5	11	15	51	64	66	79	116	140	171	184	199	204	253	345	#
484	679314	15	70	89	90	146	154	185	198	199	237	346	#
485	779909	62	92	98	125	127	155	203	237	241	243	346	#
486	711522	11	89	108	109	154	159	174	176	236	252	346	#
487	685966	48	83	84	111	146	147	149	166	176	233	346	#
488	591165	98	131	149	155	156	198	205	218	238	242	346	#
489	558988	15	20	49	98	102	164	185	198	214	238	346	#
490	1663229	55	56	58	65	70	77	79	90	109	122	126	142	150	161	173	200	205	207	220	222	228	245	252	253	347	#
491	1634228	7	16	30	55	69	80	85	88	90	103	105	112	119	123	127	160	167	174	184	187	206	222	226	254	347	#
492	1531810	20	21	24	38	39	58	63	76	77	87	90	102	123	138	161	184	193	205	224	228	233	243	245	247	347	#
493	1480093	1	2	4	12	13	14	15	27	47	65	85	108	113	117	118	120	133	158	198	203	212	225	250	253	347	#
494	1473994	2	10	21	57	58	63	73	77	110	118	123	124	141	159	173	175	183	193	195	222	231	235	243	247	347	#
495	1459347	8	9	12	13	17	21	52	61	105	124	137	143	150	157	160	167	170	181	197	203	206	215	236	252	347	#
496	1339209	42	50	72	77	83	90	128	141	153	160	172	176	179	189	198	218	221	233	234	242	348	#
497	1456832	12	15	19	24	27	78	83	89	90	114	147	159	172	188	189	199	219	236	245	253	348	#
498	1437776	3	53	77	88	90	107	120	122	128	140	156	165	196	217	218	220	228	234	250	255	348	#
499	1388397	9	12	22	81	96	97	100	126	137	146	153	159	185	189	203	209	210	227	233	252	348	#
500	1338547	28	30	38	39	58	75	111	127	145	165	176	178	180	189	193	204	222	230	234	255	348	#
501	1279798	11	12	31	41	60	106	122	130	143	151	153	157	184	186	193	204	210	223	241	252	348	#
502	695499	30	31	60	143	152	189	194	210	219	228	231	250	349	#
503	847146	1	9	37	80	85	104	111	126	147	202	226	231	349	#
504	783591	0	5	30	45	88	115	116	145	155	174	204	244	349	#
505	745037	65	72	107	141	160	168	213	219	238	242	251	253	349	#
506	718365	11	26	31	36	68	97	106	114	116	133	200	242	349	#
507	655788	4	31	35	45	86	90	91	124	135	187	194	197	349	#
508	652895	32	34	64	75	85	142	158	190	204	228	229	254	350	#
509	827001	10	25	50	53	54	73	96	119	142	222	244	245	350	#
510	822800	7	18	31	43	58	66	111	140	158	163	166	172	350	#
511	785022	3	34	40	70	112	124	131	146	178	179	204	211	350	#
512	770771	2	32	61	118	120	126	161	170	178	196	217	218	350	#
513	768226	22	50	52	88	134	188	201	204	206	207	233	244	350	#
514	951144	21	35	41	42	105	107	116	137	138	187	218	219	229	233	240	351	#
515	1027054	8	17	30	35	39	57	65	86	89	108	113	119	137	193	217	351	#
516	1023892	9	18	24	27	66	83	92	98	107	117	146	164	165	185	207	351	#
517	951185	24	34	39	51	65	80	82	105	110	122	180	188	212	219	236	351	#
518	951117	19	41	121	127	142	160	162	171	183	189	190	207	225	226	233	351	#
519	930205	4	16	35	39	60	95	109	112	116	119	147	153	189	197	237	351	#
520	233440	70	104	118	126	352	#
521	284411	13	93	104	170	352	#
522	253019	55	118	155	231	352	#
523	240356	70	73	158	168	352	#
524	340406	101	104	117	120	138	255	353	#
525	431258	63	116	138	149	205	221	353	#
526	430480	43	107	117	120	139	209	353	#
527	425301	7	100	104	152	207	244	353	#
528	362967	30	51	80	101	117	120	353	#
529	319309	8	12	25	51	217	255	353	#
530	1063158	3	19	31	60	90	106	120	126	150	176	196	199	203	212	241	246	354	#
531	1196872	8	19	51	78	93	135	176	192	209	213	217	221	227	236	239	254	354	#
532	1031077	3	11	18	22	60	68	113	116	121	124	132	204	216	219	225	255	354	#
533	1022529	7	23	30	60	87	136	163	189	196	200	207	209	226	230	238	247	354	#
534	952712	6	16	23	31	38	117	120	132	146	173	175	184	185	192	227	233	354	#
535	923828	31	43	49	57	108	110	114	136	156	176	183	198	203	221	244	251	354	#
536	768905	11	60	62	64	69	74	92	137	188	216	241	246	355	#
537	834161	21	35	39	67	92	95	109	153	180	182	222	231	355	#
538	809697	1	20	87	91	105	149	151	168	195	203	216	222	355	#
539	753236	23	52	61	64	74	76	112	134	167	185	207	219	355	#
540	717783	11	20	40	45	47	49	68	136	139	161	190	204	355	#
541	715585	49	52	60	106	169	172	180	183	195	228	232	245	355	#
542	332595	4	90	137	163	173	189	190	199	356	#
543	482193	90	91	96	105	112	153	211	252	356	#
544	408787	18	154	155	163	173	182	185	251	356	#
545	386373	1	97	110	145	157	189	234	253	356	#
546	385325	4	46	53	71	176	199	201	241	356	#
547	337587	51	83	110	163	176	190	246	254	357	#
548	489659	8	12	99	110	127	143	150	223	357	#
549	471024	57	107	116	122	124	163	182	194	357	#
550	463471	59	86	87	165	190	213	241	246	357	#
551	436380	32	77	83	86	140	159	186	194	357	#
552	421921	50	82	95	142	152	162	190	213	357	#
553	103368	19	#
554	875762	47	75	112	118	124	155	161	174	202	225	233	247	253	358	#
555	977920	25	40	63	68	72	83	99	112	159	194	213	214	250	358	#
556	960809	0	5	33	67	72	93	104	145	168	185	202	225	229	358	#
557	960133	11	37	47	48	61	83	106	108	111	156	190	204	227	358	#
558	926812	15	43	65	71	73	81	176	180	181	196	200	202	229	358	#
559	886578	17	25	68	69	99	108	130	145	189	193	233	247	254	358	#
560	77191	51	194	359	#
561	66905	51	152	359	#
562	225093	5	27	219	360	#
563	277417	97	219	235	360	#
564	144922	5	167	228	360	#
565	38141	27	200	212	360	#
566	886733	23	38	39	55	56	87	89	107	165	200	221	228	361	#
567	848374	24	28	31	40	46	57	77	89	92	102	127	238	361	#
568	808555	17	43	55	57	76	77	96	106	171	191	210	238	361	#
569	772559	57	62	128	130	158	168	176	200	212	224	226	229	361	#
570	766168	24	36	37	38	68	90	107	119	198	199	210	250	361	#
571	760167	23	37	51	56	93	96	101	108	114	123	221	230	361	#
572	204139	21	132	157	220	224	253	362	#
573	228930	26	32	61	162	224	242	362	#
574	172291	18	68	96	136	189	220	362	#
575	292131	14	30	34	37	68	105	161	198	236	363	#
576	354138	1	2	29	37	68	72	112	214	225	363	#
577	380400	30	83	99	144	201	217	364	#
578	312522	53	110	144	170	191	238	364	#
579	285006	25	30	118	198	240	247	364	#
580	275600	1	85	99	149	222	223	364	#
581	271366	9	48	104	201	247	253	364	#
582	258267	83	92	145	163	198	240	364	#
583	122476	112	193	365	#
584	115919	112	245	365	#
585	826254	6	8	28	41	82	94	100	128	161	190	194	223	232	238	366	#
586	1019040	12	29	38	39	62	94	103	144	150	161	183	188	201	223	366	#
587	961900	33	55	68	69	105	107	109	112	150	160	199	206	238	252	366	#
588	931929	23	24	25	29	30	31	82	93	107	112	119	176	178	248	366	#
589	866763	31	41	56	100	140	171	184	193	209	222	226	227	232	248	366	#
590	858439	38	58	94	107	117	118	121	123	141	185	201	218	234	254	366	#
591	192646	114	169	206	367	#
592	214098	83	192	206	367	#
593	170969	114	209	224	367	#
594	148574	56	169	253	367	#
595	686751	3	53	82	94	118	132	160	167	171	175	190	196	225	228	240	248	368	#
596	979971	0	8	57	61	65	102	109	141	142	143	144	178	190	223	229	253	368	#
597	972712	14	23	44	57	60	67	70	71	73	105	200	235	240	241	247	254	368	#
598	941895	29	43	48	113	124	126	137	151	166	167	185	187	193	213	219	225	368	#
599	928188	0	18	35	55	69	96	103	124	132	151	162	173	196	208	219	251	368	#
600	912583	12	13	29	76	106	108	118	134	135	163	183	203	206	220	247	252	368	#
601	318121	8	24	77	101	124	183	369	#
602	418289	33	75	79	121	183	253	369	#
603	417121	17	24	75	77	116	184	369	#
604	399659	48	84	96	98	101	135	369	#
605	388954	8	11	36	42	137	162	369	#
606	286424	22	24	44	98	149	224	369	#
607	153606	58	102	117	167	217	370	#
608	132380	10	14	20	122	167	370	#
609	1664676	6	11	12	29	31	34	44	66	79	84	88	99	102	104	117	118	131	134	145	148	197	202	213	215	224	230	255	371	#
610	1939992	10	27	28	29	37	39	58	63	66	98	107	117	119	138	149	150	153	164	173	176	184	209	217	229	231	244	255	371	#
611	1912234	0	12	17	50	69	71	83	91	96	105	116	119	126	139	153	156	164	168	173	185	194	206	212	213	215	219	231	371	#
612	1896362	10	14	30	33	44	48	51	55	60	80	84	110	127	130	131	133	149	158	160	187	193	224	230	231	242	248	252	371	#
613	1894414	0	3	16	55	70	72	73	80	90	118	119	132	135	155	165	173	176	180	185	220	222	230	231	240	241	245	254	371	#
614	1872446	0	5	23	31	39	45	50	56	65	70	75	84	88	89	92	109	122	124	130	161	163	178	224	226	227	247	253	371	#
615	120077	180	#
616	593099	8	35	52	97	136	139	167	170	177	196	240	251	372	#
617	770991	13	42	78	81	92	124	127	136	220	241	245	254	372	#
618	767351	3	28	54	84	97	124	154	172	202	218	243	247	372	#
619	762131	1	6	9	22	108	111	138	139	159	197	231	236	372	#
620	617785	2	7	60	79	92	102	107	139	168	170	236	248	372	#
621	607479	8	15	40	51	58	64	114	189	196	197	211	214	372	#
622	775825	55	84	94	111	133	135	138	179	202	225	230	373	#
623	1005455	12	27	81	93	138	153	184	204	205	233	244	373	#
624	881134	48	53	55	56	86	135	154	165	174	178	217	373	#
625	878367	7	17	90	103	114	119	121	122	159	202	209	373	#
626	860253	15	40	48	75	101	130	140	198	225	233	248	373	#
627	768758	2	17	44	55	60	94	97	165	168	216	249	373	#
628	114954	65	119	374	#
629	93944	119	247	374	#
630	51283	69	113	375	#
631	38785	69	255	375	#
632	606747	26	37	39	77	79	91	100	170	226	227	376	#
633	858442	3	12	35	39	83	148	168	170	173	235	376	#
634	823830	14	37	45	50	86	117	137	165	203	216	376	#
635	725006	1	23	41	79	82	111	129	179	189	207	376	#
636	618796	30	31	33	47	50	218	226	228	242	249	376	#
637	608535	19	43	58	77	97	103	127	183	187	195	376	#
638	100999	143	215	#
639	168622	17	74	118	378	#
640	216681	74	147	226	378	#
641	92106	17	69	238	378	#
642	142165	57	182	213	379	#
643	195290	33	57	222	379	#
644	186235	31	70	213	379	#
645	1837299	9	15	19	25	31	42	47	58	59	66	70	73	76	85	86	96	100	117	133	140	141	158	165	169	190	201	204	208	217	223	228	245	248	380	#
646	2380139	3	14	20	21	24	26	47	48	59	65	70	92	95	99	101	106	126	135	155	159	160	162	195	199	201	203	207	211	212	220	228	240	246	380	#
647	2188749	9	11	12	31	40	50	53	56	58	69	70	89	106	113	114	119	139	141	146	148	168	172	181	185	191	192	193	201	203	224	227	229	251	380	#
648	2187022	5	9	34	40	43	46	50	57	72	77	82	83	85	92	100	105	106	127	128	130	137	146	156	161	165	168	169	171	192	207	219	233	243	380	#
649	2148380	9	12	19	20	22	23	25	28	40	61	62	65	66	85	93	109	110	111	116	121	123	124	126	127	129	137	145	147	183	184	207	224	227	380	#
650	2087760	13	16	20	23	43	51	56	70	74	78	90	103	111	126	133	140	152	173	179	185	190	193	196	201	218	219	220	226	227	232	236	239	254	380	#
651	393200	28	62	84	118	156	188	224	381	#
652	470321	83	146	162	165	180	213	224	381	#
653	454939	0	6	15	47	81	166	188	381	#
654	451496	32	35	84	100	153	179	189	381	#
655	387566	7	118	120	174	183	244	253	381	#
656	378286	35	156	187	217	238	243	252	381	#
657	199371	146	222	251	382	#
658	215121	78	141	146	382	#
659	207699	111	114	222	382	#
660	96520	179	245	251	382	#
661	1133749	20	22	30	50	53	80	83	89	94	119	144	162	168	169	171	188	217	230	383	#
662	1365862	2	42	51	52	76	100	116	122	125	130	147	167	202	204	206	217	218	236	383	#
663	1195806	11	19	37	39	49	62	101	109	113	130	157	171	175	187	201	221	242	248	383	#
664	1184173	28	30	57	58	61	74	90	105	121	130	134	136	153	180	182	198	209	225	383	#
665	1165890	18	29	39	42	59	70	86	108	119	130	142	153	168	196	210	235	240	246	383	#
666	1102776	0	5	13	20	37	41	56	72	80	83	111	112	115	143	168	176	199	237	383	#
667	20181	43	255	#
668	119210	165	#
669	686124	53	57	58	102	105	107	174	189	192	208	384	#
670	735869	7	93	99	143	170	189	208	219	226	253	384	#
671	716275	29	47	53	78	95	99	112	125	193	214	384	#
672	715082	2	12	19	26	49	60	105	140	170	243	384	#
673	689663	14	24	43	57	76	80	95	99	190	203	384	#
674	667537	56	67	90	105	113	119	169	192	233	253	384	#
675	1253713	1	3	8	13	23	37	40	46	52	88	118	132	144	157	175	193	200	211	214	222	385	#
676	1524572	21	22	27	34	37	42	75	76	92	101	116	124	135	140	146	170	173	207	208	211	385	#
677	1487033	3	8	12	22	51	60	69	70	73	80	81	100	110	121	130	138	172	183	198	209	385	#
678	1442374	1	7	12	29	70	100	101	105	116	117	146	149	153	173	177	190	192	194	196	209	385	#
679	1382057	11	17	26	27	33	38	40	41	56	65	73	104	107	110	127	152	153	206	225	239	385	#
680	1327594	48	76	80	92	112	119	126	130	135	136	144	155	177	182	189	199	203	217	245	252	385	#
681	30401	191	#
682	113305	35	#
683	209814	7	50	176	239	240	246	386	#
684	255014	81	87	127	143	176	189	386	#
685	221185	6	7	42	59	151	201	386	#
686	179609	0	59	156	170	207	240	386	#
687	111608	25	72	164	214	218	239	386	#
688	649434	27	64	89	91	96	121	189	198	215	230	387	#
689	803181	38	53	91	92	135	144	146	180	193	195	387	#
690	678103	25	41	48	72	96	104	198	209	241	253	387	#
691	626545	6	37	41	91	99	101	156	190	201	215	387	#
692	594359	3	33	65	69	97	121	203	218	230	233	387	#
693	592057	29	31	96	114	152	183	187	188	194	220	387	#
694	82403	252	#
695	245958	47	56	170	176	388	#
696	339947	12	47	66	247	388	#
697	286261	56	176	209	240	388	#
698	231172	56	69	102	236	388	#
699	213807	11	51	170	204	388	#
700	75927	7	212	389	#
701	44654	116	212	389	#
702	555289	9	20	31	43	101	103	117	128	135	161	180	238	390	#
703	826488	16	23	57	71	123	132	137	143	149	158	232	238	390	#
704	779687	1	4	25	33	36	106	119	139	180	198	231	238	390	#
705	736079	8	9	65	70	75	87	131	134	135	203	234	236	390	#
706	714284	38	53	61	86	101	109	125	127	128	161	203	231	390	#
707	713628	48	61	71	87	97	103	158	176	185	192	197	242	390	#
708	11289	16	22	#
709	139462	79	82	197	242	391	#
710	192287	21	45	129	210	391	#
711	564077	13	37	58	83	130	158	240	254	392	#
712	626252	13	16	68	134	158	193	207	237	392	#
713	495545	1	37	66	71	87	135	163	209	392	#
714	483076	14	55	57	58	130	181	229	248	392	#
715	471443	8	34	56	99	130	185	186	216	392	#
716	417075	54	65	135	151	182	212	218	254	392	#
717	265933	32	63	111	129	144	393	#
718	397178	38	144	178	198	218	393	#
719	308934	129	141	177	178	188	393	#
720	88093	63	74	115	167	225	393	#
721	79809	179	#
722	1255712	25	53	85	94	98	99	107	113	121	140	141	152	153	154	175	179	196	220	232	249	394	#
723	1505316	27	31	42	71	93	96	99	104	119	123	139	150	179	180	186	199	200	202	216	250	394	#
724	1315092	12	45	46	52	72	75	84	88	95	153	157	163	176	186	203	215	220	221	224	241	394	#
725	1260361	21	32	40	42	48	49	57	93	110	113	119	121	142	152	166	203	210	227	233	246	394	#
726	1246184	0	21	32	35	36	44	57	61	65	75	83	115	150	155	173	175	182	191	192	199	394	#
727	1238743	6	26	88	90	92	102	104	106	107	114	116	127	132	133	159	165	181	214	226	233	394	#
728	819983	8	19	27	62	64	72	77	81	91	101	144	164	172	179	240	242	395	#
729	1215184	13	23	26	27	45	61	82	101	109	111	134	186	206	211	218	244	395	#
730	1090004	3	16	31	50	104	114	136	144	159	164	165	182	209	216	240	244	395	#
731	1075106	53	81	88	96	97	101	123	157	159	177	204	207	215	216	237	242	395	#
732	1066871	13	27	29	48	61	69	97	116	141	148	183	186	215	226	233	240	395	#
733	1036193	14	20	21	33	34	52	62	75	93	114	124	149	196	198	201	228	395	#
734	42169	51	#
735	370706	26	55	77	80	97	396	#
736	395955	26	50	83	172	204	396	#
737	363559	37	55	143	144	228	396	#
738	287890	52	64	80	137	202	396	#
739	265506	97	140	215	220	253	396	#
740	217253	58	77	131	215	240	396	#
741	949529	8	50	100	114	116	119	131	142	158	203	219	222	397	#
742	929730	1	80	82	84	97	119	137	153	203	209	240	244	397	#
743	841997	63	109	140	150	153	156	158	159	174	220	236	252	397	#
744	772568	18	49	69	78	85	97	103	116	121	150	185	212	397	#
745	770931	50	101	116	143	163	171	194	201	219	232	235	236	397	#
746	761983	6	8	11	32	41	42	69	93	149	201	205	250	397	#
747	1360497	33	53	56	76	82	96	114	151	157	160	174	185	188	212	220	237	243	398	#
748	1307515	10	26	36	49	58	67	74	96	107	121	125	146	174	185	191	207	234	398	#
749	1252326	23	28	31	48	63	76	93	124	149	151	184	188	202	209	245	246	254	398	#
750	1235954	18	35	38	42	45	47	82	83	86	100	111	168	185	187	210	240	253	398	#
751	1177173	0	12	13	70	77	82	96	103	104	114	149	170	181	205	222	228	252	398	#
752	1151159	9	26	30	34	67	69	70	84	102	115	126	133	144	218	235	237	243	398	#
753	1012240	35	37	65	92	93	103	109	115	163	185	190	193	194	201	202	213	241	253	399	#
754	1223184	23	41	75	102	109	112	115	122	125	126	129	133	136	174	191	193	219	248	399	#
755	1187393	13	40	54	101	113	127	130	140	145	163	182	190	193	205	213	225	231	242	399	#
756	1154845	12	17	23	29	36	61	79	95	109	110	118	120	136	144	145	185	204	246	399	#
757	1122221	24	47	55	62	73	90	93	100	113	128	131	145	163	165	173	186	201	205	399	#
758	1075496	2	25	47	53	57	63	64	66	96	118	125	135	163	182	207	210	218	239	399	#
759	39290	172	227	400	#
760	14146	183	227	400	#
761	386365	25	49	68	142	147	161	194	198	230	401	#
762	565603	21	46	53	68	120	158	170	192	231	401	#
763	561977	25	109	147	151	169	172	178	195	231	401	#
764	560096	56	77	86	125	174	180	197	198	215	401	#
765	463014	14	18	58	73	121	142	153	155	237	401	#
766	344542	17	25	26	77	79	85	102	171	206	401	#
767	913500	5	27	33	60	64	65	81	96	107	130	138	144	147	149	170	197	212	402	#
768	1317744	6	21	30	47	52	67	104	121	136	138	147	172	179	208	217	229	246	402	#
769	1287097	5	28	30	53	60	62	63	65	104	144	150	151	154	166	217	228	246	402	#
770	1178557	5	12	13	19	30	79	80	108	129	134	139	148	179	191	228	236	255	402	#
771	1165357	20	47	52	54	84	87	92	104	131	141	146	149	168	189	209	233	243	402	#
772	1104304	6	14	24	27	33	37	59	73	134	135	136	163	170	195	209	219	222	402	#
773	514911	12	54	65	79	159	189	403	#
774	474927	12	129	148	168	200	204	403	#
775	470116	27	40	99	141	159	172	403	#
776	372948	37	52	56	65	123	244	403	#
777	317779	30	63	79	97	144	158	403	#
778	292780	30	35	54	101	175	197	403	#
779	280331	19	49	73	126	159	166	234	404	#
780	410535	9	19	34	61	146	192	210	404	#
781	398650	30	49	73	102	150	216	244	404	#
782	395179	19	79	129	140	145	231	234	404	#
783	346691	26	28	49	101	121	147	158	404	#
784	246260	48	62	90	126	138	193	197	404	#
785	154658	120	137	194	203	405	#
786	144217	6	92	137	153	405	#
787	87798	120	176	230	253	405	#
788	803929	10	18	26	40	66	92	126	130	133	154	161	180	226	406	#
789	1023501	2	29	51	57	92	95	100	116	128	136	137	149	154	406	#
790	912830	31	40	74	95	102	107	119	121	126	138	181	208	240	406	#
791	897054	10	27	29	50	63	83	91	101	173	203	212	219	236	406	#
792	869729	27	102	108	116	123	138	161	196	217	229	235	237	252	406	#
793	824948	16	29	55	66	80	123	131	208	210	216	223	225	231	406	#
794	1536191	6	10	12	14	26	55	62	63	93	107	111	112	117	122	130	134	140	144	154	156	166	176	183	186	188	189	213	229	238	251	407	#
795	2071722	4	5	17	19	22	23	34	47	50	59	60	65	69	73	94	130	133	149	155	169	175	176	177	178	189	193	197	199	206	226	407	#
796	2006365	0	1	13	14	17	20	21	53	54	58	59	62	69	80	86	90	107	126	145	159	166	173	175	176	187	196	211	238	245	250	407	#
797	2005860	1	17	29	44	54	58	67	76	94	99	101	102	126	129	135	138	151	166	169	187	199	200	210	211	216	217	238	243	248	253	407	#
798	1994845	3	14	41	56	62	69	85	88	94	96	107	115	132	140	145	165	166	171	180	184	187	191	210	226	230	233	237	252	253	254	407	#
799	1993980	14	44	45	57	59	61	71	76	79	84	91	93	96	108	110	119	130	136	142	143	165	183	192	203	213	214	215	219	224	239	407	#
800	1943012	7	16	19	25	26	27	30	32	34	43	48	63	71	76	84	85	88	91	94	111	113	116	117	124	136	145	152	154	160	164	170	200	214	219	220	225	234	251	408	#
801	2693469	22	25	27	28	30	31	34	42	46	62	63	64	70	74	76	91	97	110	111	114	124	127	136	146	150	162	168	176	196	205	206	217	223	224	232	233	234	252	408	#
802	2641439	0	2	5	17	29	42	46	47	81	85	88	89	111	117	130	138	139	144	146	152	154	164	166	172	177	196	206	209	220	224	225	227	229	233	237	242	243	247	408	#
803	2541055	7	10	19	23	29	31	35	36	48	49	55	57	58	62	70	79	81	82	101	106	110	119	120	124	140	153	165	168	169	187	191	212	219	222	231	234	245	254	408	#
804	2502676	8	21	23	28	29	31	36	37	42	46	66	73	76	101	108	110	114	134	138	140	142	152	155	169	172	179	182	185	189	194	205	217	236	241	242	251	252	254	408	#
805	2464930	24	26	29	34	38	40	54	67	76	91	111	126	127	136	142	152	156	157	159	162	172	173	176	184	196	198	204	211	213	222	224	232	234	240	243	248	249	250	408	#
806	649879	4	87	106	108	109	131	175	205	215	221	235	409	#
807	807967	32	34	41	42	46	56	87	119	185	202	214	409	#
808	749357	23	31	48	82	108	124	181	202	205	232	235	409	#
809	682423	1	4	30	82	84	99	158	199	216	230	237	409	#
810	672555	28	43	81	84	97	123	127	136	153	204	221	409	#
811	672264	22	26	27	52	109	142	146	187	196	203	246	409	#
812	168219	8	210	410	#
813	217191	8	11	410	#
814	109653	210	215	410	#
815	110516	0	215	#
816	244267	33	40	137	159	411	#
817	319998	7	16	159	184	411	#
818	210502	57	60	137	171	411	#
819	106746	40	85	124	128	411	#
820	697166	10	16	61	80	87	108	110	185	201	412	#
821	651918	41	76	87	159	176	185	204	207	252	412	#
822	607934	25	41	106	108	174	182	201	205	224	412	#
823	595058	16	17	54	83	108	118	125	207	216	412	#
824	523887	8	10	62	171	213	217	223	233	244	412	#
825	479025	5	36	61	91	136	139	194	208	230	412	#
826	604307	37	101	119	134	198	227	233	413	#
827	671845	78	93	178	179	198	202	233	413	#
828	628257	4	27	37	84	113	151	154	413	#
829	543932	24	38	106	120	134	171	172	413	#
830	441068	46	165	173	181	224	233	246	413	#
831	427482	11	33	82	101	103	146	241	413	#
832	716896	1	42	48	72	83	100	112	113	139	182	192	220	228	253	414	#
833	1045546	3	7	23	40	72	130	134	144	157	159	198	228	231	245	414	#
834	1031264	1	17	37	42	45	58	96	114	142	165	170	231	244	254	414	#
835	972038	36	37	56	63	106	113	135	138	146	206	213	227	237	238	414	#
836	952111	0	3	4	45	48	66	90	100	106	132	133	183	227	250	414	#
837	933190	44	51	53	66	73	101	110	121	124	173	203	220	231	253	414	#
838	663711	40	65	72	78	99	117	176	223	233	254	415	#
839	669548	6	19	38	56	66	71	73	162	182	233	415	#
840	651577	37	72	88	101	113	149	161	166	176	179	415	#
841	650786	10	40	45	65	79	135	172	178	220	251	415	#
842	604462	11	34	49	65	88	163	173	186	201	223	415	#
843	583107	17	59	117	157	161	162	180	204	224	250	415	#
844	1546631	5	53	65	71	84	87	90	91	101	104	130	140	146	153	164	187	189	194	205	206	214	220	235	416	#
845	1596467	11	43	47	50	51	72	74	80	91	99	100	103	137	138	140	158	173	187	199	235	247	248	253	416	#
846	1583509	3	20	25	31	37	47	53	67	91	98	106	121	137	144	153	155	160	162	163	199	224	230	237	416	#
847	1555456	1	22	39	46	53	54	86	106	116	122	126	138	140	145	153	193	199	203	211	214	219	220	231	416	#
848	1533266	7	49	67	86	91	95	101	110	111	119	133	140	152	162	172	179	193	206	212	215	218	231	253	416	#
849	1517727	6	8	41	53	72	77	100	104	111	113	122	125	128	130	155	160	177	194	209	210	229	241	247	416	#
850	263439	68	142	179	194	195	213	417	#
851	388888	176	195	200	212	216	217	417	#
852	335765	68	72	79	181	186	228	417	#
853	332549	29	108	158	160	177	179	417	#
854	212412	39	98	148	208	212	213	417	#
855	193143	34	76	87	99	142	167	417	#
856	271109	40	89	175	247	418	#
857	281260	19	40	125	184	418	#
858	242602	89	168	224	247	418	#
859	223275	41	48	57	175	418	#
860	1752728	9	13	14	17	27	32	47	49	53	61	69	72	83	99	107	121	125	138	140	156	161	175	185	187	189	229	230	235	239	245	247	419	#
861	2242958	10	34	37	44	53	58	62	68	70	74	78	101	108	110	115	125	126	160	171	174	176	178	188	193	197	211	218	221	227	230	233	419	#
862	2061970	5	20	47	49	56	57	61	64	67	73	82	90	95	97	119	121	131	139	143	182	187	188	207	208	212	217	219	230	233	235	237	419	#
863	1987226	9	12	13	15	17	23	42	58	67	79	82	85	100	114	116	124	136	146	171	174	179	182	183	193	207	229	232	234	238	243	247	419	#
864	1944791	0	10	16	38	45	57	61	62	63	69	73	74	88	93	111	114	125	141	142	163	179	182	189	208	209	233	234	235	241	242	245	419	#
865	1914011	5	21	27	32	40	51	59	63	67	74	81	89	95	111	145	152	154	177	180	181	187	197	202	209	212	219	220	224	233	238	251	419	#
866	309645	31	176	214	420	#
867	294226	31	36	245	420	#
868	209647	20	172	214	420	#
869	200817	52	81	176	420	#
870	563372	17	61	97	102	129	144	180	181	197	215	421	#
871	717214	7	31	46	61	83	97	147	201	242	252	421	#
872	698706	41	114	144	146	160	161	174	176	186	235	421	#
873	659284	6	36	37	46	68	76	102	166	178	219	421	#
874	651506	51	65	93	115	155	180	204	217	226	236	421	#
875	648488	61	62	95	97	99	121	128	132	137	231	421	#
876	634832	34	45	50	54	97	126	127	138	146	194	202	207	210	422	#
877	824356	23	57	66	76	111	135	138	147	171	210	218	222	231	422	#
878	804451	6	21	30	32	39	64	83	91	126	134	193	221	234	422	#
879	790392	44	75	97	134	149	181	199	213	225	226	240	250	254	422	#
880	780435	44	51	71	75	102	112	130	131	138	164	171	185	228	422	#
881	775271	6	10	27	34	81	90	138	144	165	174	198	200	248	422	#
882	95494	73	#
883	151757	48	64	201	423	#
884	211891	22	80	201	423	#
885	183725	30	48	214	423	#
886	73152	64	112	215	423	#
887	3633	129	#
888	749618	12	25	80	115	118	121	132	134	143	183	203	219	249	424	#
889	977877	13	14	30	44	58	87	130	139	183	185	207	217	235	424	#
890	918791	30	32	33	51	53	64	84	121	136	142	158	196	239	424	#
891	904693	27	36	49	51	54	60	74	81	168	173	249	251	252	424	#
892	826699	35	50	59	80	95	127	129	133	134	141	157	174	252	424	#
893	769693	26	35	46	116	137	154	159	163	205	219	230	232	238	424	#
894	274501	4	9	34	155	161	169	213	243	425	#
895	284182	9	67	81	109	110	155	211	244	425	#
896	629300	5	19	63	75	96	127	153	225	253	426	#
897	774054	5	19	21	22	65	75	94	184	225	426	#
898	766516	5	31	51	61	72	93	153	217	254	426	#
899	631758	5	61	63	77	88	94	99	108	134	426	#
900	620889	19	38	44	66	71	115	120	158	165	426	#
901	613483	58	70	87	94	96	109	161	188	196	426	#
902	1121208	6	11	32	36	52	61	68	79	82	103	114	147	193	200	204	225	253	254	427	#
903	1364138	21	39	48	52	90	105	106	135	149	151	157	163	173	193	211	222	248	255	427	#
904	1304673	1	21	37	54	96	101	135	136	154	171	186	193	203	216	223	244	253	255	427	#
905	1215537	10	16	21	48	58	66	84	87	96	105	116	135	138	147	196	200	234	250	427	#
906	1212817	23	26	74	87	117	139	140	141	144	149	168	184	203	210	215	232	235	254	427	#
907	1210300	1	44	45	52	58	61	102	106	127	128	143	156	169	170	174	184	187	228	427	#
908	745333	9	18	32	37	49	58	112	147	163	183	200	228	232	428	#
909	945068	32	37	56	75	98	119	122	139	163	164	193	216	240	428	#
910	939590	36	45	50	58	112	169	171	202	203	223	226	249	253	428	#
911	828786	8	23	35	67	68	95	136	150	165	196	200	209	216	428	#
912	786513	0	9	25	75	102	110	160	165	168	188	228	241	247	428	#
913	770439	12	20	49	59	98	193	209	212	216	220	228	232	252	428	#
914	366778	78	87	165	210	214	429	#
915	451450	0	61	78	130	235	429	#
916	344009	87	97	126	134	214	429	#
917	335566	87	118	146	248	249	429	#
918	242770	115	116	144	165	205	429	#
919	213169	53	92	183	210	219	429	#
920	759379	4	15	26	27	37	62	79	82	91	111	114	243	430	#
921	962067	22	26	42	44	89	102	107	130	165	178	183	216	430	#
922	891079	11	19	37	38	51	106	139	158	215	221	226	250	430	#
923	819874	1	2	5	11	24	79	82	105	128	145	169	170	430	#
924	736603	10	27	59	101	109	111	123	164	173	191	240	254	430	#
925	733350	4	9	10	37	44	51	62	79	138	227	233	243	430	#
926	92297	8	40	431	#
927	81141	8	177	431	#
928	55044	40	124	431	#
929	233583	120	141	163	243	432	#
930	162523	59	115	163	201	432	#
931	159000	110	120	224	233	432	#
932	125463	29	109	154	243	432	#
933	147632	217	220	221	249	250	253	433	#
934	151180	4	81	108	182	194	249	433	#
935	103287	141	214	434	#
936	90478	54	214	434	#
937	42816	141	147	434	#
938	327480	12	40	75	127	435	#
939	307767	33	51	75	97	435	#
940	255919	1	79	127	232	435	#
941	234404	40	101	102	165	435	#
942	182285	10	12	155	198	435	#
943	170215	17	54	124	129	193	227	436	#
944	231845	18	106	124	169	210	252	436	#
945	225920	59	134	143	154	193	219	436	#
946	216437	0	4	44	54	184	224	436	#
947	1539828	26	28	36	51	65	74	75	76	81	82	93	100	101	113	121	138	145	168	174	189	218	221	236	237	238	239	437	#
948	2003890	4	13	37	38	62	82	94	97	100	103	119	122	126	140	168	171	176	181	187	188	205	207	218	229	244	247	437	#
949	1962207	8	10	27	36	41	42	89	90	92	121	126	130	147	153	160	166	174	188	200	206	209	217	221	237	239	245	437	#
950	1815208	12	13	29	36	37	40	52	54	93	98	101	109	122	125	135	153	168	169	174	175	193	220	224	230	233	253	437	#
951	1814592	12	24	28	38	45	61	73	76	81	87	93	97	99	101	111	117	121	138	157	192	194	195	219	222	232	241	437	#
952	1797526	4	23	28	37	38	43	44	48	63	88	91	95	98	106	107	108	135	139	144	146	175	178	197	198	207	212	437	#
953	476833	26	43	55	106	131	178	438	#
954	571826	7	81	89	106	180	200	438	#
955	419272	55	61	79	130	160	240	438	#
956	408361	35	80	89	98	131	179	438	#
957	387594	15	26	27	45	119	214	438	#
958	331717	66	143	153	178	179	223	438	#
959	268266	47	55	195	239	439	#
960	202593	18	55	74	121	439	#
961	175714	40	118	164	239	439	#
962	166407	32	73	92	195	439	#
963	215657	0	165	171	244	440	#
964	272461	5	79	171	237	440	#
965	181907	0	26	171	221	440	#
966	60320	228	#
967	125223	143	222	441	#
968	164176	222	252	441	#
969	155364	33	143	441	#
970	178911	35	226	442	#
971	136372	23	226	442	#
972	99403	35	54	442	#
973	895314	7	17	32	33	37	54	62	75	81	86	89	133	142	153	163	178	212	233	251	443	#
974	1337742	5	28	39	60	74	76	78	110	113	143	149	151	183	187	195	209	224	228	251	443	#
975	1315691	5	39	45	73	86	110	117	123	125	130	138	149	153	188	193	196	210	220	240	443	#
976	1260814	0	6	13	47	62	63	91	100	104	105	125	131	139	144	206	211	220	242	247	443	#
977	1246737	3	15	37	47	54	63	80	96	103	106	107	145	147	180	192	202	221	229	234	443	#
978	1161090	1	5	32	54	63	70	101	103	121	125	135	180	181	182	196	202	214	248	252	443	#
979	677545	39	52	53	109	126	131	132	147	223	249	444	#
980	875974	5	11	43	52	153	168	183	208	226	231	444	#
981	668924	3	18	56	67	75	91	165	174	213	249	444	#
982	649509	29	33	39	52	85	129	142	209	243	249	444	#
983	640096	6	30	33	65	109	131	170	173	198	213	444	#
984	620569	21	38	68	83	90	151	155	195	223	242	444	#
985	17034	220	#
986	205204	4	97	149	179	445	#
987	259291	4	83	149	208	445	#
988	210415	64	82	97	247	445	#
989	197545	4	97	211	214	445	#
990	173277	18	92	120	223	241	247	#
991	1855656	8	9	39	51	54	56	61	62	71	75	81	89	92	98	113	114	144	149	165	172	173	174	201	206	213	227	235	240	244	250	253	446	#
992	2141228	1	8	24	26	39	41	53	56	68	75	92	95	105	114	146	158	168	170	172	173	176	182	185	206	212	222	237	238	245	250	252	446	#
993	2137863	5	29	31	79	82	84	91	92	123	127	131	143	149	155	158	164	165	171	178	188	196	197	203	210	213	216	223	245	246	252	253	446	#
994	2137231	5	8	31	36	40	41	55	67	82	87	103	107	123	128	137	139	150	153	156	167	170	174	182	186	187	188	190	209	215	216	233	446	#
995	2080458	28	29	31	41	60	80	82	83	96	99	105	121	141	149	158	162	178	181	187	193	195	203	206	209	215	219	223	230	238	239	255	446	#
996	2063841	16	19	20	28	31	35	44	45	62	75	86	99	100	103	109	122	134	138	141	150	152	158	165	171	185	191	195	203	234	244	245	446	#
997	1028116	20	37	46	58	59	78	116	123	162	175	177	184	190	224	245	255	447	#
998	1181516	69	80	96	119	121	123	133	162	181	182	186	187	196	209	214	232	447	#
999	1124981	11	68	78	79	82	89	95	111	140	169	175	188	195	206	228	253	447	#
1000	1059558	4	13	39	42	46	58	73	111	120	143	153	168	183	206	222	237	447	#
1001	1018109	7	21	24	33	35	62	96	101	111	122	126	156	184	187	189	224	447	#
1002	964053	6	27	37	40	51	84	85	87	113	124	131	135	161	188	227	243	447	#
