%% File generated by CATS v.2.1Wed Jun 19 19:19:21 2013

%% The CATS webpage is http://robotics.stanford.edu/CATS

%% PARAMETER SETTINGS:
% Goods: 256; Bids: 1000; Distribution: arbitrary; Runs: 50; Seed: 1371664721
% Arbitrary Distribution Parameters:
% Max Substitutable Bids = 5
% Removing HV Neighbor   = 0.1
% Adding DIAG Neighbor   = 0.2
% Additional Location    = 0.9
% Additivity             = 0.2
% Budget Factor          = 1.5
% Resale Factor          = 0.5
% Uniform Private Value:
%   Deviation            = 0.5
%   Max Good Value       = 100



goods 256
bids 1001
dummy 192

0	938432	1	14	27	52	136	145	149	156	166	202	224	252	256	#
1	1008170	1	21	22	34	43	87	92	97	149	156	218	252	256	#
2	1001972	1	97	105	125	147	170	187	219	234	238	245	246	256	#
3	924756	29	52	77	94	98	106	110	132	138	149	185	238	256	#
4	920762	94	117	120	121	145	146	150	157	161	173	206	247	256	#
5	894010	34	44	83	100	104	130	145	156	159	170	196	225	256	#
6	559593	22	47	119	136	150	184	200	253	257	#
7	692751	71	136	151	172	186	219	224	227	257	#
8	634738	0	46	72	108	132	175	184	203	257	#
9	601758	64	91	107	136	150	182	184	240	257	#
10	561192	22	88	122	128	146	177	201	214	257	#
11	559433	66	124	136	142	174	200	219	242	257	#
12	681368	63	75	85	154	185	206	221	254	255	258	#
13	819956	21	24	50	65	76	97	139	164	254	258	#
14	640183	17	64	75	76	82	92	207	211	255	258	#
15	640092	23	34	42	63	79	149	188	192	247	258	#
16	636736	29	48	59	72	148	154	194	241	242	258	#
17	627689	85	109	116	155	187	206	216	254	255	258	#
18	1436387	8	10	16	19	21	22	39	42	55	65	73	77	93	98	104	134	160	161	168	178	191	201	221	233	259	#
19	2029407	3	12	16	21	24	36	62	75	78	98	110	116	117	119	127	128	137	144	188	189	191	213	214	236	259	#
20	1946937	7	13	25	29	44	62	72	74	77	82	85	88	98	105	117	128	152	160	180	197	199	214	229	231	259	#
21	1845372	2	29	31	42	51	57	62	96	110	128	133	137	143	164	165	169	178	188	197	216	219	221	222	236	259	#
22	1805806	0	4	12	15	26	32	46	71	72	75	76	78	88	93	94	119	126	146	147	181	188	203	238	254	259	#
23	1733263	13	16	18	19	35	41	53	59	60	71	74	88	94	96	104	110	134	146	150	179	219	220	228	241	259	#
24	632486	82	156	174	179	250	252	255	260	#
25	630115	36	103	127	174	179	180	184	260	#
26	598541	21	56	81	120	156	183	250	260	#
27	593099	7	51	66	109	135	174	231	260	#
28	532973	53	82	129	139	141	157	252	260	#
29	526004	2	53	63	156	157	179	217	260	#
30	177503	28	192	207	238	261	#
31	197524	78	95	192	200	261	#
32	139704	25	55	221	238	261	#
33	319291	11	37	69	102	124	130	262	#
34	416985	18	77	102	123	136	217	262	#
35	401892	11	37	47	53	56	128	262	#
36	367347	100	130	131	165	201	235	262	#
37	331947	69	129	132	144	156	173	262	#
38	326495	37	40	134	174	234	235	262	#
39	700864	5	9	82	93	128	148	187	218	226	263	#
40	866154	12	24	25	65	115	117	177	180	218	263	#
41	798601	5	55	87	89	177	186	189	199	225	263	#
42	709413	5	46	53	99	117	148	220	240	248	263	#
43	701595	12	27	60	109	120	128	137	171	180	263	#
44	684707	8	14	80	82	86	135	164	237	250	263	#
45	268356	72	139	192	244	264	#
46	330666	47	72	167	234	264	#
47	290202	48	112	139	254	264	#
48	204204	44	106	114	192	264	#
49	203520	99	160	207	244	264	#
50	435735	13	14	76	93	130	194	250	265	#
51	598940	53	57	123	150	209	219	250	265	#
52	561902	6	27	37	69	96	130	180	265	#
53	485016	76	90	92	97	149	188	193	265	#
54	469180	14	37	56	110	150	168	183	265	#
55	459493	10	30	75	183	194	209	241	265	#
56	198671	25	200	221	266	#
57	271867	117	200	215	266	#
58	234222	25	83	123	266	#
59	172307	93	168	221	266	#
60	84511	100	181	267	#
61	102382	100	120	267	#
62	151744	27	79	268	#
63	130734	79	180	268	#
64	95505	27	191	268	#
65	2101429	3	15	18	24	30	44	48	53	56	59	65	69	74	102	105	118	123	137	166	168	196	197	206	208	209	240	253	269	#
66	2197180	0	1	12	22	26	33	42	44	46	52	54	59	80	84	89	106	115	118	120	138	142	157	195	217	229	252	255	269	#
67	2169629	3	10	24	35	40	46	50	56	79	84	89	112	138	141	146	152	162	163	169	177	200	206	214	219	235	237	253	269	#
68	2123798	0	1	12	23	43	46	53	65	69	74	77	86	96	99	106	114	115	128	137	142	149	154	174	196	197	207	215	269	#
69	2084891	6	9	15	21	26	33	34	46	50	54	62	63	83	106	108	118	138	142	162	178	180	181	198	237	245	250	255	269	#
70	2082995	14	17	25	57	58	69	77	97	99	105	107	111	114	119	135	141	146	158	181	192	198	200	215	221	229	241	252	269	#
71	427661	77	104	106	108	239	270	#
72	447506	16	32	75	108	233	270	#
73	361199	106	121	135	150	251	270	#
74	312328	58	104	146	156	168	270	#
75	290472	77	79	186	207	251	270	#
76	232211	0	47	88	200	239	270	#
77	249673	9	68	132	174	271	#
78	369580	5	13	132	235	271	#
79	299855	50	68	156	215	271	#
80	289101	9	38	222	253	271	#
81	227008	1	68	138	174	271	#
82	165436	92	105	272	#
83	174346	95	105	272	#
84	155470	16	92	272	#
85	289596	19	45	172	224	244	273	#
86	360171	45	67	104	111	211	273	#
87	322357	51	120	138	240	244	273	#
88	315269	19	20	83	224	239	273	#
89	258747	130	140	224	237	239	273	#
90	214428	39	65	116	172	223	273	#
91	471997	22	64	84	114	116	164	170	274	#
92	630950	54	61	87	114	140	168	211	274	#
93	568885	22	85	176	188	197	210	243	274	#
94	529125	12	19	72	73	82	170	211	274	#
95	490968	64	80	98	139	164	237	241	274	#
96	390599	43	45	76	104	164	175	249	274	#
97	375257	18	33	37	43	79	116	118	152	275	#
98	552126	18	37	64	82	141	160	198	224	275	#
99	514546	7	34	44	77	79	196	229	255	275	#
100	492210	5	33	61	63	114	130	134	175	275	#
101	471374	52	70	114	118	152	201	203	254	275	#
102	463770	94	116	136	137	144	160	192	250	275	#
103	735710	12	15	22	33	39	40	50	55	95	129	163	175	180	191	209	276	#
104	1014876	4	40	59	68	69	74	82	116	123	126	163	170	180	240	244	276	#
105	994573	8	12	20	77	88	92	158	171	181	194	200	203	205	254	255	276	#
106	983858	7	33	42	87	103	111	112	118	123	142	158	163	192	226	239	276	#
107	964652	33	53	54	55	69	94	115	120	126	141	168	191	219	229	233	276	#
108	940015	13	15	23	28	37	49	70	94	109	110	135	164	180	187	255	276	#
109	483441	84	109	129	163	203	210	277	#
110	525412	186	203	209	213	219	254	277	#
111	435307	12	51	112	203	210	216	277	#
112	397127	96	109	141	164	188	220	277	#
113	388097	4	7	31	84	126	235	277	#
114	256040	49	60	64	129	174	234	277	#
115	277807	11	89	130	132	253	278	#
116	354708	65	89	102	162	218	278	#
117	312993	1	50	130	135	153	278	#
118	299683	95	121	247	253	254	278	#
119	287303	11	98	139	154	220	278	#
120	672108	27	39	62	72	95	125	143	164	236	238	279	#
121	786890	4	24	57	77	108	111	125	159	169	245	279	#
122	605454	0	10	28	75	84	95	103	112	153	161	279	#
123	592356	1	8	53	86	87	143	189	215	232	234	279	#
124	578220	7	12	39	52	65	71	102	160	242	251	279	#
125	573440	0	54	64	72	92	93	215	225	241	246	279	#
126	120944	22	49	162	280	#
127	161437	119	162	210	280	#
128	105402	45	49	93	280	#
129	519251	36	70	72	143	151	185	215	281	#
130	564811	24	36	66	73	98	119	133	281	#
131	524999	15	44	61	98	151	164	231	281	#
132	481635	21	26	44	99	127	215	249	281	#
133	469981	51	60	99	143	163	244	245	281	#
134	448062	60	72	100	156	190	203	255	281	#
135	270119	15	26	53	171	198	240	282	#
136	385018	38	126	164	181	184	240	282	#
137	866034	30	44	57	64	86	156	163	165	167	173	195	204	209	231	283	#
138	1249949	4	39	40	63	76	80	83	96	109	156	161	184	185	195	283	#
139	1111285	5	11	24	79	89	140	148	179	190	204	212	216	229	251	283	#
140	1034519	22	25	34	44	49	67	76	83	96	150	172	205	215	238	283	#
141	963196	34	57	69	80	85	86	88	89	156	164	166	181	205	231	283	#
142	901814	5	11	19	22	76	105	117	121	144	165	173	209	241	250	283	#
143	847159	1	20	31	58	71	75	77	84	91	109	157	168	185	228	284	#
144	1128117	3	7	65	77	92	98	104	107	109	126	138	156	183	235	284	#
145	1057549	20	47	63	71	96	109	123	144	161	166	175	181	233	245	284	#
146	1046317	27	37	38	65	74	77	101	127	140	190	201	211	214	230	284	#
147	1016225	4	34	58	64	71	76	86	120	127	167	197	225	245	246	284	#
148	990667	1	58	77	84	97	99	109	126	168	192	195	218	250	253	284	#
149	43902	66	133	135	#
150	569810	59	75	94	124	130	165	213	237	285	#
151	679194	21	40	63	79	124	128	167	199	285	#
152	675807	18	70	89	114	124	185	213	221	285	#
153	628543	0	48	67	108	112	130	174	214	285	#
154	579351	20	28	68	75	101	177	234	244	285	#
155	566126	15	18	82	180	182	237	243	251	285	#
156	975203	16	26	41	44	52	71	85	116	126	140	146	152	155	175	187	209	210	212	226	250	286	#
157	1395334	3	10	23	29	45	82	110	122	126	132	193	195	201	206	208	228	248	252	253	255	286	#
158	1393157	3	14	23	32	48	55	58	71	76	83	116	128	133	140	185	191	216	218	231	239	286	#
159	1377221	0	2	10	15	26	32	43	69	85	90	106	142	161	170	188	206	221	225	229	233	286	#
160	1364106	39	42	52	83	97	98	99	103	111	162	176	180	182	208	218	222	233	241	250	253	286	#
161	1328007	5	22	40	44	53	76	85	98	102	104	122	123	135	136	164	178	212	225	238	252	286	#
162	1150935	5	10	42	71	121	145	185	198	214	220	238	241	248	287	#
163	1073554	26	28	46	82	85	109	142	185	227	231	235	238	255	287	#
164	1018660	11	22	44	52	71	83	100	109	179	234	242	248	252	287	#
165	983081	3	27	61	71	81	95	99	109	123	152	180	196	216	287	#
166	961622	9	21	24	26	68	71	101	119	153	185	206	233	241	287	#
167	955813	0	19	81	109	138	145	152	185	199	202	228	240	244	287	#
168	650370	54	83	92	110	138	169	173	207	252	288	#
169	792018	29	30	55	59	75	83	131	164	229	288	#
170	729181	10	131	138	153	157	198	207	243	255	288	#
171	665554	129	147	150	154	156	173	193	222	224	288	#
172	656727	32	34	65	75	76	110	113	174	223	288	#
173	626803	45	96	164	206	207	212	233	243	252	288	#
174	78828	203	#
175	43368	175	#
176	1559484	4	9	14	21	22	26	28	45	58	80	88	93	95	101	119	125	163	164	205	218	240	289	#
177	1814979	18	28	34	46	51	71	76	80	91	109	110	147	153	189	200	205	214	218	244	251	254	289	#
178	1678449	6	14	28	39	55	63	69	76	100	101	120	144	147	164	173	188	223	232	247	249	252	289	#
179	1578447	21	26	28	38	48	69	70	101	110	114	121	123	125	141	142	146	159	163	180	220	249	289	#
180	1499295	6	14	18	32	43	62	82	107	108	110	119	126	155	157	159	172	175	197	214	247	252	289	#
181	1491273	8	54	59	64	88	93	108	113	119	134	146	149	159	163	164	199	205	211	213	215	218	289	#
182	293676	96	111	217	290	#
183	206523	30	152	217	290	#
184	181806	64	74	96	290	#
185	702496	24	71	111	113	149	167	243	252	291	#
186	721122	3	14	24	46	47	100	194	206	291	#
187	658690	75	89	113	127	167	169	191	202	291	#
188	580987	19	29	30	64	104	113	149	167	291	#
189	578850	39	71	81	144	149	176	179	247	291	#
190	570125	40	46	49	81	101	111	144	239	291	#
191	334293	31	44	122	131	133	139	149	198	231	292	#
192	487428	23	62	83	106	134	151	209	223	231	292	#
193	455915	17	25	73	95	123	132	149	162	240	292	#
194	408323	49	67	133	134	163	192	200	210	224	292	#
195	557425	53	67	106	116	121	150	168	178	253	293	#
196	820537	3	5	48	59	82	121	138	169	219	293	#
197	772874	114	116	126	143	150	154	206	242	245	293	#
198	763482	37	44	87	106	123	139	158	169	206	293	#
199	688647	13	15	75	89	150	160	163	184	202	293	#
200	638019	9	15	32	53	80	84	168	183	225	293	#
201	1970949	24	33	46	49	66	75	78	97	112	113	135	142	143	169	186	189	190	195	199	205	215	218	221	232	243	246	247	294	#
202	2098807	3	15	24	38	46	51	53	69	71	77	87	102	104	106	124	143	146	177	178	181	200	218	222	242	246	248	249	294	#
203	2069627	12	32	38	40	42	55	63	76	77	83	106	108	113	133	138	141	145	152	153	155	156	173	181	188	217	224	243	294	#
204	1985049	9	10	18	21	28	32	37	38	62	67	69	83	94	97	107	113	115	144	153	176	191	199	224	233	242	249	251	294	#
205	1983729	5	26	28	32	34	40	51	72	75	82	83	91	97	106	108	113	129	150	179	188	192	196	225	227	231	248	251	294	#
206	1938261	1	4	28	65	75	77	108	113	116	126	130	143	145	151	155	158	160	169	173	174	189	191	196	201	217	218	219	294	#
207	705096	5	39	43	114	132	134	185	208	225	227	295	#
208	787671	24	43	51	87	113	161	176	211	223	233	295	#
209	785076	9	24	33	45	68	81	130	164	185	228	295	#
210	759171	25	29	36	39	133	146	164	171	179	251	295	#
211	735114	3	22	64	69	104	108	152	191	227	252	295	#
212	631707	6	59	70	113	125	132	183	204	242	249	295	#
213	254064	26	41	84	108	134	296	#
214	310491	26	82	142	149	239	296	#
215	308870	38	41	49	128	163	296	#
216	284431	22	112	114	134	149	296	#
217	250746	4	36	84	95	250	296	#
218	925220	6	38	52	63	83	92	101	102	115	119	167	174	197	241	297	#
219	1105766	1	5	21	47	92	104	106	140	158	178	209	244	252	254	297	#
220	1103893	0	27	83	94	102	104	138	152	182	183	200	218	225	237	297	#
221	1021569	16	35	44	66	101	115	150	176	189	191	200	228	234	249	297	#
222	965168	12	16	24	25	35	42	80	98	102	128	167	203	217	237	297	#
223	961524	27	33	104	106	115	122	128	179	186	210	226	227	232	241	297	#
224	300280	86	108	140	142	298	#
225	302209	29	140	170	234	298	#
226	275659	108	140	233	246	298	#
227	259104	34	86	213	233	298	#
228	195545	97	142	229	231	298	#
229	144431	43	52	95	151	299	#
230	183239	45	78	107	151	299	#
231	746179	2	3	16	46	86	141	194	231	234	300	#
232	767017	16	61	106	109	138	142	178	204	243	300	#
233	737753	18	82	92	96	137	141	179	211	226	300	#
234	720064	3	10	16	86	97	103	124	128	206	300	#
235	662921	3	8	52	56	79	157	170	238	246	300	#
236	639441	23	28	33	55	75	91	200	209	234	300	#
237	851084	29	69	93	96	146	148	153	162	179	204	205	214	227	244	301	#
238	1248944	7	21	39	74	77	124	144	158	160	182	201	205	219	222	301	#
239	1145159	10	55	84	116	123	136	139	168	172	175	182	184	222	244	301	#
240	1063560	13	15	19	49	69	71	74	89	136	142	207	208	222	231	301	#
241	1049268	9	19	50	93	97	107	124	140	148	184	186	187	200	242	301	#
242	1006604	13	21	29	32	137	152	184	185	196	209	214	220	240	241	301	#
243	610276	17	21	92	93	98	161	238	254	302	#
244	657045	2	55	63	72	98	187	214	241	302	#
245	644414	17	18	51	56	63	95	154	238	302	#
246	627530	146	154	160	161	168	177	189	215	302	#
247	567619	36	142	147	154	225	238	240	254	302	#
248	565128	4	18	76	93	118	234	238	239	302	#
249	377723	24	25	92	216	303	#
250	378002	15	104	216	226	303	#
251	364186	25	138	184	238	303	#
252	329187	24	49	57	245	303	#
253	298010	37	89	92	104	303	#
254	1705967	4	10	18	21	37	73	74	82	84	95	98	120	125	133	155	160	170	173	182	199	204	208	213	217	226	230	240	244	251	304	#
255	2275401	5	16	27	36	37	57	61	69	71	82	98	110	113	137	143	148	150	158	160	164	193	201	212	215	219	222	227	234	240	304	#
256	2226573	1	5	26	42	44	57	58	67	69	72	74	84	100	125	130	137	146	147	149	158	159	161	164	169	209	211	229	241	248	304	#
257	2079184	6	9	11	22	26	32	69	82	88	91	117	120	132	177	179	180	182	183	187	188	205	209	219	225	228	237	241	242	250	304	#
258	2068340	1	3	4	10	17	45	78	80	89	113	120	130	134	137	140	146	150	158	160	167	170	178	179	180	186	198	212	247	255	304	#
259	2018068	10	18	43	55	66	73	81	82	87	88	92	93	100	107	118	131	132	146	177	180	182	190	205	206	228	230	242	243	251	304	#
260	43351	152	#
261	612098	20	64	111	126	130	147	178	190	210	230	305	#
262	710168	0	8	23	61	94	121	147	208	210	244	305	#
263	676270	34	66	85	115	130	133	146	155	188	192	305	#
264	672911	64	121	125	132	159	186	192	200	224	239	305	#
265	666543	6	101	118	122	147	158	181	193	224	244	305	#
266	611131	66	78	106	117	126	128	139	187	193	230	305	#
267	691994	3	24	30	126	158	236	306	#
268	580316	19	21	24	33	103	108	306	#
269	512206	7	39	158	186	217	248	306	#
270	457255	10	72	125	236	247	255	306	#
271	351729	30	116	136	172	181	229	306	#
272	316286	3	64	74	121	149	208	306	#
273	38200	139	#
274	65393	127	#
275	103489	169	246	307	#
276	145486	246	251	307	#
277	99869	73	169	307	#
278	745172	4	22	43	91	108	109	122	127	131	200	224	247	308	#
279	1006164	27	43	51	92	149	158	192	197	199	215	229	245	308	#
280	885559	57	62	75	97	108	127	144	158	175	181	192	234	308	#
281	846801	1	33	46	85	96	122	128	152	164	172	188	234	308	#
282	841343	49	55	91	96	101	102	173	207	214	223	226	250	308	#
283	829385	34	42	75	88	91	144	161	192	195	199	200	207	308	#
284	3379956	9	14	15	18	25	29	31	36	41	46	52	56	57	67	71	76	84	85	87	94	97	102	105	106	110	118	135	140	149	154	158	162	164	168	172	176	181	183	192	205	209	210	211	218	223	237	238	240	247	251	252	254	309	#
285	4039655	2	12	19	22	23	24	27	31	41	46	48	54	73	76	78	80	81	83	92	94	98	103	107	123	127	128	129	134	138	139	144	155	156	158	161	167	171	187	193	195	197	205	206	208	217	219	223	234	238	247	250	252	309	#
286	3887450	2	4	6	7	8	17	24	26	28	35	40	41	46	49	60	71	75	83	92	99	101	103	107	114	115	138	140	148	149	161	162	170	181	182	183	184	186	188	192	193	204	207	223	232	238	240	242	246	247	250	251	252	309	#
287	3837266	2	4	15	20	22	28	38	43	46	50	61	65	71	73	92	100	101	104	115	118	128	131	136	144	149	152	158	163	164	166	167	168	174	181	182	184	189	191	193	199	211	220	222	223	232	234	240	241	242	244	254	255	309	#
288	3827179	3	8	11	16	18	19	23	24	26	27	31	38	40	41	42	51	54	58	71	78	80	81	82	90	101	103	107	113	118	122	123	124	131	132	144	149	152	157	162	167	174	182	184	197	209	214	223	231	232	242	247	252	309	#
289	3781798	0	2	8	11	13	19	29	31	36	45	46	49	53	58	64	71	72	79	80	83	92	96	99	104	113	115	131	138	139	149	158	161	164	168	170	172	174	182	183	197	201	206	211	220	223	232	234	246	247	248	250	251	309	#
290	1883559	1	5	15	27	34	43	57	68	76	86	97	100	111	141	149	152	160	166	170	172	190	201	220	221	231	235	245	254	310	#
291	2253217	3	14	16	30	59	78	80	94	106	108	110	115	120	132	135	139	146	151	153	182	185	195	197	225	234	235	246	255	310	#
292	2172870	5	14	16	19	31	38	59	67	80	84	97	103	117	135	140	152	154	158	160	177	179	181	190	192	219	226	230	233	310	#
293	2153745	8	15	20	36	45	52	61	75	76	95	113	115	116	139	147	160	166	168	169	177	179	182	188	190	195	201	223	235	310	#
294	2152625	23	48	49	52	57	72	73	74	75	101	105	112	121	123	145	146	147	154	160	176	177	184	185	188	203	237	241	245	310	#
295	2122676	15	21	24	27	41	43	53	59	71	79	80	86	96	116	126	132	138	143	146	158	174	185	190	203	214	219	234	238	310	#
296	65160	67	232	311	#
297	74286	87	232	311	#
298	68322	67	253	311	#
299	664600	0	39	87	107	188	221	229	230	255	312	#
300	770575	0	81	117	151	161	174	188	222	224	312	#
301	739343	2	60	75	87	91	106	164	197	230	312	#
302	679758	39	91	106	109	188	195	212	229	253	312	#
303	641803	6	45	89	96	161	173	198	218	255	312	#
304	580301	25	37	64	105	108	152	186	198	221	312	#
305	281326	42	164	177	221	313	#
306	241461	15	103	177	233	313	#
307	228452	64	140	164	204	313	#
308	197165	88	162	216	221	313	#
309	180324	42	122	174	248	313	#
310	789005	10	14	21	49	61	64	81	113	116	142	155	218	219	314	#
311	1031921	22	29	47	51	82	88	90	113	140	155	186	220	231	314	#
312	930720	22	45	73	117	142	169	186	189	192	203	242	250	254	314	#
313	914716	18	94	144	155	189	206	210	217	218	220	227	228	240	314	#
314	912295	34	54	82	83	84	107	110	155	166	180	187	231	250	314	#
315	903820	1	19	44	49	52	66	90	101	110	179	214	250	253	314	#
316	212382	29	115	134	315	#
317	100024	134	155	178	315	#
318	1290897	16	24	74	90	100	110	136	147	153	173	178	179	183	187	208	222	239	252	316	#
319	1515740	24	50	67	75	76	94	100	107	110	130	134	139	145	152	182	195	219	245	316	#
320	1363347	19	21	34	46	62	77	80	90	100	134	147	162	187	194	197	221	231	247	316	#
321	1331125	7	17	24	39	41	62	74	115	133	136	145	161	179	182	192	201	220	248	316	#
322	1280311	24	39	48	54	82	99	106	110	127	141	142	143	169	173	192	206	237	250	316	#
323	1246943	12	15	19	25	47	53	61	74	77	111	136	139	152	155	179	185	196	203	316	#
324	118794	104	210	317	#
325	154556	104	138	317	#
326	321630	89	117	147	155	318	#
327	347794	57	89	179	242	318	#
328	280034	100	117	174	249	318	#
329	244690	95	110	155	218	318	#
330	896913	18	23	37	45	57	68	100	139	159	167	227	234	244	319	#
331	1000054	3	10	23	26	28	87	108	131	161	171	244	250	251	319	#
332	962169	4	36	49	87	114	135	144	154	158	167	212	233	243	319	#
333	927190	5	18	58	83	90	122	148	167	184	193	235	236	249	319	#
334	903127	11	23	64	82	112	152	163	165	188	195	238	242	245	319	#
335	889972	22	37	61	87	117	144	158	172	186	239	243	245	249	319	#
336	428237	79	89	102	103	105	215	228	250	320	#
337	588110	11	63	80	105	111	197	225	245	320	#
338	558620	52	71	118	158	201	215	221	250	320	#
339	545816	29	50	57	63	102	191	239	250	320	#
340	523191	6	45	49	67	103	120	185	213	320	#
341	509278	37	89	117	147	205	227	232	239	320	#
342	171564	81	155	177	183	321	#
343	256598	20	21	177	203	321	#
344	208693	37	182	183	226	321	#
345	2507168	1	4	6	14	23	24	28	33	34	35	39	47	49	66	67	72	77	80	89	92	125	129	148	151	166	167	175	177	184	196	203	209	223	228	233	236	322	#
346	2774797	7	9	10	23	25	28	34	36	37	41	50	61	67	86	96	98	99	133	134	138	141	144	152	160	167	176	196	197	204	209	215	218	229	234	237	240	322	#
347	2687750	12	23	46	48	49	50	53	54	55	58	61	65	66	70	79	91	96	106	129	136	141	145	178	185	186	191	192	194	195	197	200	202	209	230	234	243	322	#
348	2664927	6	9	14	22	33	36	43	50	59	81	98	105	107	116	119	123	125	126	129	132	138	147	152	158	177	185	191	219	225	230	233	234	236	240	243	249	322	#
349	2608948	0	28	39	43	54	55	76	79	81	89	93	97	101	102	109	118	123	132	135	143	145	146	190	197	198	202	203	204	213	218	220	226	229	234	240	249	322	#
350	2594491	7	26	28	31	39	42	49	61	74	89	95	100	103	114	119	120	123	126	131	144	147	148	150	168	177	193	194	198	202	203	207	209	229	235	240	243	322	#
351	437570	50	56	90	138	220	238	323	#
352	395246	87	100	138	192	218	241	323	#
353	381547	56	57	73	95	216	238	323	#
354	318971	10	36	56	62	85	86	323	#
355	267081	2	14	90	111	138	231	323	#
356	243011	88	102	116	135	219	220	323	#
357	149427	85	95	155	212	324	#
358	201680	158	211	212	249	324	#
359	180752	102	111	155	172	324	#
360	234524	20	27	174	207	249	325	#
361	306496	37	68	159	167	207	325	#
362	301338	11	27	115	165	175	325	#
363	215490	139	150	174	192	241	325	#
364	205721	20	172	207	212	239	325	#
365	455814	34	44	49	105	107	185	189	205	326	#
366	515446	2	111	181	199	205	206	228	238	326	#
367	505827	49	55	79	120	129	132	232	233	326	#
368	476735	25	57	62	151	183	189	195	254	326	#
369	472495	34	44	46	83	132	137	180	234	326	#
370	472024	8	48	90	113	185	188	235	236	326	#
371	102115	120	#
372	463146	7	73	79	89	144	202	208	237	327	#
373	643763	7	54	56	109	168	184	193	229	327	#
374	632621	56	89	91	102	158	208	217	223	327	#
375	543529	19	89	112	164	202	206	211	247	327	#
376	522244	21	22	51	52	79	149	216	246	327	#
377	447906	12	20	61	81	135	144	154	243	327	#
378	231415	36	42	107	133	328	#
379	296580	133	146	223	247	328	#
380	255108	36	167	188	232	328	#
381	233136	42	71	249	253	328	#
382	115243	6	107	135	178	328	#
383	779108	12	34	51	87	132	148	166	223	235	329	#
384	764701	32	51	79	89	112	115	144	159	175	329	#
385	702120	8	39	74	87	99	151	176	235	247	329	#
386	686876	12	43	69	86	100	115	227	235	255	329	#
387	632063	8	87	115	116	142	207	220	221	239	329	#
388	622322	123	132	135	144	151	176	193	208	236	329	#
389	687090	6	17	45	75	86	101	147	181	221	235	330	#
390	891651	77	82	101	115	127	202	214	229	234	254	330	#
391	726939	55	60	66	75	84	129	131	159	198	231	330	#
392	723625	12	17	63	74	78	106	118	220	231	241	330	#
393	702753	4	45	80	101	125	138	156	167	180	246	330	#
394	692008	5	6	50	64	83	183	199	200	221	251	330	#
395	1210559	8	53	65	69	98	119	137	154	164	169	170	183	185	203	231	242	251	255	331	#
396	1621532	14	24	33	43	51	59	72	98	109	123	129	154	155	184	214	215	222	246	331	#
397	1451316	17	49	69	71	75	87	98	115	133	145	166	189	191	199	217	223	229	233	331	#
398	1410499	12	16	20	24	38	52	74	87	96	114	115	128	131	138	167	170	223	242	331	#
399	1404439	13	22	58	67	68	108	125	129	142	143	166	178	185	202	207	214	223	231	331	#
400	1375130	32	35	36	54	55	66	80	81	96	106	131	154	164	175	183	214	231	255	331	#
401	328929	90	105	116	129	165	240	332	#
402	404401	26	29	90	182	244	248	332	#
403	401059	0	40	70	116	129	189	332	#
404	392374	122	145	173	238	240	242	332	#
405	328351	85	96	131	141	165	226	332	#
406	1054167	19	22	38	52	61	95	98	99	132	158	176	179	224	238	333	#
407	1125520	3	22	24	27	33	70	77	83	125	155	166	184	214	248	333	#
408	1093557	25	37	57	91	98	108	111	113	132	160	179	224	237	252	333	#
409	1055914	52	65	80	98	110	117	153	154	170	184	185	241	249	252	333	#
410	976844	4	5	10	33	61	72	95	139	165	186	193	225	238	252	333	#
411	961892	53	55	72	102	120	128	131	132	163	214	221	231	235	245	333	#
412	425416	9	204	206	211	250	255	334	#
413	527760	18	120	130	131	245	255	334	#
414	458647	99	143	155	171	219	250	334	#
415	404983	41	61	92	103	115	204	334	#
416	394033	20	63	104	187	206	250	334	#
417	357964	58	77	84	160	194	211	334	#
418	268523	13	177	195	210	241	335	#
419	400064	117	145	168	177	249	335	#
420	317374	6	123	129	195	240	335	#
421	298306	145	176	217	233	241	335	#
422	282027	26	49	72	189	210	335	#
423	68252	64	83	336	#
424	31822	83	111	336	#
425	186998	55	67	219	337	#
426	171133	23	67	176	337	#
427	169994	167	207	219	337	#
428	80205	62	181	338	#
429	109743	173	181	338	#
430	101237	51	62	338	#
431	1467686	27	31	33	45	58	68	72	75	79	84	85	101	104	115	123	129	133	144	161	175	181	205	210	223	237	245	251	339	#
432	2113253	10	34	43	45	57	58	59	67	80	96	98	140	144	153	163	171	176	189	195	204	212	214	237	244	248	251	253	339	#
433	2039633	3	17	28	46	64	79	83	95	98	104	112	128	129	133	137	144	145	176	184	205	210	214	235	236	238	249	252	339	#
434	2026313	2	6	10	22	34	38	46	58	63	65	76	105	117	120	133	163	165	168	185	189	195	214	218	222	235	251	255	339	#
435	1986839	6	11	33	36	41	42	44	71	90	93	98	101	104	128	138	161	163	183	198	200	212	217	219	223	234	251	252	339	#
436	1974767	7	10	11	51	65	67	72	75	76	85	95	106	111	112	133	137	167	168	170	177	191	208	219	222	229	235	254	339	#
437	1541421	1	12	19	44	46	50	64	76	86	88	93	98	129	152	173	178	184	198	216	237	238	240	246	340	#
438	1749267	0	10	11	46	48	53	63	67	90	125	132	140	146	161	180	181	201	219	221	234	240	247	250	340	#
439	1708246	0	11	20	39	43	45	56	62	101	106	122	129	134	136	144	153	154	156	165	167	214	215	255	340	#
440	1695360	0	13	19	21	28	52	66	67	77	99	113	116	119	121	147	150	186	188	197	202	220	238	249	340	#
441	1682503	4	10	21	30	39	44	60	63	65	76	110	114	127	128	144	163	164	184	186	191	197	250	251	340	#
442	1658957	10	34	35	63	68	79	96	98	108	120	123	124	150	156	159	170	201	208	218	222	240	243	255	340	#
443	308737	13	61	104	236	341	#
444	404574	76	119	195	236	341	#
445	353098	61	107	110	156	341	#
446	1314929	3	22	27	29	53	75	84	91	94	100	106	108	124	127	133	173	175	223	234	342	#
447	1578710	1	5	24	55	70	75	77	124	127	173	180	194	200	206	215	216	217	242	247	342	#
448	1574312	36	66	78	100	105	108	109	115	131	154	165	180	186	198	212	217	226	231	250	342	#
449	1568895	18	21	48	73	82	83	106	108	118	136	137	141	157	160	198	216	219	234	242	342	#
450	1407993	11	18	23	75	82	108	132	133	136	142	153	166	183	188	192	200	230	231	233	342	#
451	1385973	13	48	70	73	95	122	138	147	170	180	183	189	220	223	231	234	243	250	251	342	#
452	829614	16	42	141	158	197	209	216	219	343	#
453	653128	44	53	71	141	152	177	197	198	343	#
454	646186	24	47	142	144	168	192	216	240	343	#
455	640962	10	104	114	129	146	209	216	247	343	#
456	636245	32	34	67	130	158	179	213	240	343	#
457	632168	18	28	30	85	141	143	198	236	343	#
458	148693	120	214	344	#
459	148519	93	120	344	#
460	125710	1	214	344	#
461	197456	24	43	44	124	162	345	#
462	287873	30	47	124	163	199	345	#
463	275286	44	96	189	200	249	345	#
464	165061	109	162	165	201	240	345	#
465	1049886	17	23	44	61	87	95	96	107	109	150	153	163	172	174	192	196	211	214	346	#
466	1469247	0	13	14	36	42	47	77	87	96	98	114	120	141	156	159	167	194	196	346	#
467	1309685	8	30	43	46	80	87	95	120	122	134	138	196	208	210	214	223	230	242	346	#
468	1278533	27	50	57	60	78	89	96	100	126	163	176	182	194	209	212	213	224	237	346	#
469	1273867	1	13	27	60	64	86	126	128	140	141	147	153	196	214	222	234	246	255	346	#
470	1264001	7	43	47	60	70	81	88	96	99	126	148	150	156	164	196	199	218	248	346	#
471	98053	240	251	347	#
472	57303	9	240	347	#
473	244756	75	80	206	233	348	#
474	320091	43	51	75	155	348	#
475	239697	102	103	139	206	348	#
476	151476	116	123	233	247	348	#
477	322157	14	89	115	134	159	349	#
478	398812	60	115	133	197	252	349	#
479	344828	123	155	159	195	211	349	#
480	324869	21	89	107	198	214	349	#
481	285486	39	59	60	71	134	349	#
482	268193	8	14	78	119	238	349	#
483	135941	229	231	350	#
484	163683	124	229	350	#
485	154845	127	231	350	#
486	1127409	0	11	13	14	31	56	116	132	141	157	165	169	176	205	209	235	236	247	351	#
487	1521274	21	24	39	45	51	54	96	117	141	187	188	196	198	200	207	208	214	226	351	#
488	1449777	5	16	34	49	52	70	94	110	127	141	167	176	206	209	222	225	226	246	351	#
489	1365237	39	49	52	57	74	81	84	89	118	132	143	146	167	181	194	198	236	245	351	#
490	1354227	19	20	38	39	45	51	54	69	101	152	165	194	208	209	226	245	247	251	351	#
491	1342879	16	26	45	49	70	74	79	89	96	107	131	167	172	196	197	205	226	251	351	#
492	1467073	2	14	16	35	51	59	74	84	110	116	117	121	131	147	168	178	189	207	208	216	225	239	352	#
493	1851344	11	15	33	75	83	94	100	107	115	117	136	147	164	169	178	189	190	211	222	223	224	238	352	#
494	1796287	3	7	16	21	34	54	59	83	88	119	125	132	134	138	144	148	162	199	203	207	213	235	352	#
495	1695066	14	31	53	64	82	83	84	114	127	132	147	158	161	168	175	183	184	188	189	202	211	235	352	#
496	1630959	7	8	10	11	14	46	47	51	54	61	82	98	111	138	146	164	188	193	198	225	234	249	352	#
497	1614036	34	51	58	60	75	81	82	97	105	107	115	127	141	147	156	162	165	169	183	205	239	245	352	#
498	106135	219	#
499	493214	59	126	132	174	194	206	353	#
500	473177	39	59	62	148	194	206	353	#
501	457877	20	75	94	101	126	178	353	#
502	445059	37	49	114	120	130	206	353	#
503	432467	2	123	132	148	230	251	353	#
504	404520	38	59	65	124	182	236	353	#
505	486187	43	63	77	111	127	136	240	252	354	#
506	672848	43	56	82	117	127	130	177	200	354	#
507	625346	18	109	120	121	136	158	208	238	354	#
508	622343	2	41	57	63	119	158	195	244	354	#
509	585475	43	62	82	109	131	133	170	232	354	#
510	504316	30	36	103	119	143	186	231	240	354	#
511	87859	194	#
512	951387	6	8	22	26	38	52	62	74	103	108	125	159	171	186	199	206	251	255	355	#
513	1419389	10	11	15	29	56	57	99	103	115	138	159	162	166	180	187	192	206	220	355	#
514	1359040	6	25	77	86	94	99	100	113	115	135	143	160	179	196	203	211	233	243	355	#
515	1329514	3	18	39	59	63	81	84	93	108	109	147	155	192	198	224	234	243	245	355	#
516	1276657	4	15	18	39	43	64	70	79	95	117	124	133	140	159	184	186	199	245	355	#
517	1268094	8	9	38	64	77	88	104	115	134	140	169	177	181	183	189	215	224	253	355	#
518	153299	91	169	356	#
519	184737	138	169	356	#
520	643529	23	27	107	132	154	201	203	214	217	357	#
521	874288	78	87	100	101	108	195	199	202	214	357	#
522	777211	23	37	69	98	105	124	131	138	197	357	#
523	741761	48	78	92	126	132	178	198	243	247	357	#
524	684119	11	56	129	170	194	217	219	249	254	357	#
525	609776	11	47	107	145	196	202	214	231	232	357	#
526	506561	4	7	19	30	121	153	161	226	358	#
527	593982	0	134	140	153	160	161	200	217	358	#
528	547460	2	92	107	143	150	153	209	216	358	#
529	518300	40	62	66	97	121	136	169	252	358	#
530	515841	7	95	144	150	164	183	215	218	358	#
531	506911	1	69	79	117	152	175	226	242	358	#
532	105390	234	#
533	2414469	1	5	12	14	16	17	30	31	34	41	47	51	52	53	54	56	59	64	66	77	81	89	97	109	115	140	150	164	178	185	199	231	241	359	#
534	2627929	8	33	34	40	42	50	51	61	70	77	81	89	94	109	122	142	171	176	184	189	195	200	211	217	218	221	222	224	231	235	242	245	248	359	#
535	2610856	16	28	34	35	42	51	53	80	85	106	123	125	126	128	129	143	149	155	175	178	195	198	199	200	204	206	210	212	222	224	228	231	250	359	#
536	2597871	1	3	17	27	28	34	42	51	55	56	57	78	80	87	88	97	105	122	123	128	136	138	142	147	169	181	182	207	217	231	238	248	251	359	#
537	2575664	13	16	28	30	37	40	42	53	55	69	75	83	94	97	101	104	109	110	119	122	128	142	143	149	168	175	206	227	231	238	245	248	251	359	#
538	2554507	1	5	14	19	32	43	48	50	51	55	56	79	89	93	106	109	110	116	127	140	153	160	173	175	179	184	193	200	206	207	213	219	242	359	#
539	283759	23	25	36	86	107	201	203	360	#
540	398550	23	33	42	122	142	206	221	360	#
541	363705	86	94	104	112	153	160	233	360	#
542	115955	75	165	193	361	#
543	107524	124	165	234	361	#
544	84654	88	126	193	361	#
545	541841	15	64	108	155	170	224	226	235	249	362	#
546	804256	79	86	97	106	108	130	140	157	213	362	#
547	792207	15	18	51	81	101	143	189	219	226	362	#
548	685320	9	91	138	144	155	160	161	191	217	362	#
549	630408	2	20	21	64	115	118	215	229	235	362	#
550	623730	18	64	77	187	191	208	211	212	224	362	#
551	116617	31	194	363	#
552	154339	31	128	363	#
553	164055	34	180	239	364	#
554	217286	30	239	248	364	#
555	149964	34	193	231	364	#
556	133238	36	91	180	364	#
557	1159370	10	68	71	80	90	97	111	117	136	160	189	197	222	241	250	365	#
558	1214138	0	27	34	39	65	89	127	145	161	163	168	202	241	250	251	365	#
559	1134492	5	15	19	21	28	31	37	71	176	181	182	185	206	226	229	365	#
560	1085231	30	34	41	52	55	86	100	160	186	205	224	225	232	242	245	365	#
561	1082993	7	18	20	24	46	49	72	90	136	144	153	164	225	247	248	365	#
562	1071484	28	37	41	56	71	86	90	121	132	172	180	186	222	234	241	365	#
563	351359	15	35	159	198	227	366	#
564	440232	10	28	35	178	233	366	#
565	413251	8	102	155	180	198	366	#
566	322420	38	54	146	170	227	366	#
567	301577	15	17	205	217	236	366	#
568	231456	41	52	79	159	238	366	#
569	459032	18	152	188	195	236	367	#
570	497104	132	188	195	207	212	367	#
571	369568	3	30	152	236	253	367	#
572	362005	27	51	129	201	236	367	#
573	353372	12	18	63	155	236	367	#
574	307674	14	181	188	192	231	367	#
575	1098382	0	22	32	33	52	56	85	100	109	138	145	148	149	152	171	175	191	196	200	368	#
576	1550394	41	42	63	75	115	118	129	143	148	161	168	176	178	200	205	216	238	243	255	368	#
577	1497340	8	9	21	55	75	77	80	110	128	135	145	155	161	171	193	206	232	234	254	368	#
578	1420372	19	28	30	34	47	53	73	75	96	108	115	129	135	145	180	200	219	221	255	368	#
579	1412951	20	25	30	50	61	63	75	76	105	115	129	141	148	149	155	172	200	233	245	368	#
580	1392894	3	29	35	37	54	65	69	96	109	111	118	127	135	137	205	212	244	250	253	368	#
581	366085	20	39	113	168	255	369	#
582	417130	23	107	143	168	169	369	#
583	395842	57	88	113	132	141	369	#
584	281540	11	12	20	96	156	369	#
585	139464	89	126	183	191	255	369	#
586	1156547	0	5	16	38	62	64	68	72	73	85	113	135	143	146	175	182	190	202	227	229	370	#
587	1604335	0	1	3	11	16	21	26	63	64	67	129	135	160	165	182	196	198	229	245	247	370	#
588	1462228	18	25	49	78	82	83	107	121	139	140	142	176	182	197	203	213	218	229	240	243	370	#
589	1450254	1	5	11	17	18	36	49	50	68	74	95	107	125	146	154	194	215	223	245	251	370	#
590	1436727	8	12	28	34	37	40	58	61	68	69	80	100	109	128	164	182	215	218	220	225	370	#
591	1433135	0	18	26	50	81	82	85	87	92	107	122	126	152	159	177	197	213	221	231	248	370	#
592	293684	38	49	92	120	371	#
593	315706	53	66	92	154	371	#
594	281464	120	123	154	249	371	#
595	220279	49	89	128	253	371	#
596	202515	38	139	179	233	371	#
597	608959	17	27	38	74	94	150	234	372	#
598	678695	94	123	164	165	166	182	234	372	#
599	603312	41	54	94	167	182	198	213	372	#
600	570865	38	42	52	61	106	136	206	372	#
601	466501	15	24	27	41	80	83	102	372	#
602	466327	6	48	57	74	80	99	151	372	#
603	733623	68	108	115	119	131	133	172	196	204	212	221	373	#
604	864587	18	25	41	113	130	143	156	197	200	204	251	373	#
605	846154	2	46	67	101	108	130	135	148	188	213	221	373	#
606	832180	45	61	68	69	72	115	126	144	206	246	248	373	#
607	830455	5	23	25	110	119	169	199	204	211	231	248	373	#
608	776154	14	61	68	93	114	115	126	168	200	235	246	373	#
609	351221	22	72	98	207	212	213	227	374	#
610	511143	138	196	197	203	207	212	241	374	#
611	461951	22	116	123	154	180	187	197	374	#
612	403697	54	98	110	132	173	192	250	374	#
613	353807	41	126	177	190	227	238	249	374	#
614	353616	64	212	213	228	230	235	254	374	#
615	879015	4	21	32	46	102	103	104	140	155	167	181	194	209	210	233	237	247	375	#
616	1273583	3	4	30	34	47	156	182	185	188	194	208	217	226	233	245	248	249	375	#
617	1079473	11	34	57	58	72	82	124	133	153	159	180	184	202	225	235	247	248	375	#
618	1077611	5	11	32	70	75	80	116	122	138	142	213	214	216	220	226	237	247	375	#
619	1065552	3	12	20	34	57	88	100	103	113	143	165	182	188	192	202	213	253	375	#
620	1057676	19	32	34	51	90	104	107	119	128	135	136	142	143	149	151	212	236	375	#
621	1906352	4	8	18	45	49	59	80	81	86	95	97	105	117	127	133	143	146	158	172	175	186	187	190	192	200	206	211	232	243	253	376	#
622	2651057	0	3	4	18	35	37	61	72	79	111	112	115	117	137	140	141	142	146	147	149	159	170	187	188	211	217	222	225	242	252	376	#
623	2390484	6	27	28	30	37	49	61	70	73	76	78	93	105	110	124	125	126	127	139	140	170	176	179	190	200	204	206	208	222	234	376	#
624	2283485	0	17	25	28	49	67	70	71	86	98	105	121	123	124	158	169	179	190	198	200	202	204	212	214	215	217	221	230	236	247	376	#
625	2185223	10	12	19	28	35	36	45	49	55	57	64	78	79	84	92	108	110	117	133	137	150	158	166	175	181	200	204	211	229	255	376	#
626	2138482	0	4	10	11	15	27	28	37	43	48	73	80	84	92	123	127	134	137	140	188	189	202	217	222	223	225	228	232	236	243	376	#
627	2274810	5	11	19	27	28	34	37	51	53	57	65	73	76	84	88	94	100	119	128	140	149	150	151	157	163	165	170	173	191	197	200	208	210	212	229	252	253	377	#
628	3140236	14	18	19	24	26	57	59	63	66	76	80	81	91	93	96	101	110	115	117	120	141	145	150	163	176	182	183	187	197	205	210	214	222	225	233	244	248	377	#
629	2874502	5	14	15	17	27	29	35	37	43	51	59	60	63	66	71	74	76	79	80	81	84	92	108	114	115	116	120	122	136	139	153	159	173	200	210	229	251	377	#
630	2774839	1	11	26	30	31	37	44	51	57	58	59	63	74	79	80	82	89	105	110	116	119	122	140	141	151	166	174	189	206	210	214	216	219	229	231	236	254	377	#
631	2754662	1	12	14	19	21	23	27	34	35	43	54	73	76	92	97	101	118	119	120	122	123	125	128	137	157	165	170	173	183	185	200	214	219	220	229	230	234	377	#
632	2742801	1	5	6	10	21	28	34	35	43	61	63	65	67	82	86	90	96	97	106	108	125	127	157	164	168	189	200	202	210	212	216	217	230	232	244	248	250	377	#
633	139021	12	193	378	#
634	179563	12	168	378	#
635	90625	193	242	378	#
636	216144	22	40	199	240	379	#
637	291747	11	208	240	251	379	#
638	245230	13	40	180	255	379	#
639	213366	84	151	199	202	379	#
640	521005	17	19	30	135	140	207	237	380	#
641	528843	4	17	86	88	224	238	254	380	#
642	522037	42	87	97	103	140	174	199	380	#
643	481368	87	116	119	154	192	207	242	380	#
644	467892	16	24	30	49	52	90	172	380	#
645	465605	30	119	155	159	199	204	237	380	#
646	384273	9	35	63	80	159	242	381	#
647	446461	21	63	155	193	205	238	381	#
648	416970	35	39	65	77	218	219	381	#
649	402024	18	97	159	192	211	214	381	#
650	380941	9	26	111	219	238	243	381	#
651	330571	35	39	176	218	228	242	381	#
652	165209	59	237	382	#
653	200675	59	150	382	#
654	150407	5	237	382	#
655	409689	3	85	103	185	187	196	383	#
656	487013	37	61	78	85	136	167	383	#
657	486886	3	43	110	155	182	245	383	#
658	475147	32	107	112	128	185	195	383	#
659	413530	21	124	181	187	193	195	383	#
660	241038	35	97	107	122	172	196	383	#
661	680152	57	67	87	159	240	242	243	244	248	384	#
662	761822	23	41	92	104	147	158	190	243	248	384	#
663	589760	56	84	151	180	187	210	220	228	242	384	#
664	587938	39	47	87	113	150	170	174	215	232	384	#
665	581772	22	27	34	92	107	159	215	227	242	384	#
666	570855	7	20	81	107	159	166	235	240	247	384	#
667	450549	40	46	50	116	117	118	165	238	385	#
668	611127	6	26	107	117	178	183	194	203	385	#
669	526159	50	109	121	146	183	212	221	238	385	#
670	516970	15	39	50	70	164	165	204	224	385	#
671	494748	17	46	88	104	113	146	167	209	385	#
672	492506	40	86	142	158	167	212	229	233	385	#
673	121549	177	#
674	368459	43	54	69	78	102	124	386	#
675	470258	45	69	87	99	170	192	386	#
676	447447	40	100	102	135	182	252	386	#
677	402649	8	43	87	106	171	188	386	#
678	393422	2	43	54	79	180	213	386	#
679	378256	0	35	113	124	152	220	386	#
680	560924	32	35	55	90	99	122	144	163	218	387	#
681	801424	18	79	126	144	184	210	230	241	244	387	#
682	790094	14	28	30	36	55	98	124	178	224	387	#
683	785880	18	24	32	60	76	136	166	169	197	387	#
684	627644	99	106	124	129	142	156	175	216	218	387	#
685	605151	32	53	56	76	90	99	134	153	241	387	#
686	1004989	14	25	40	45	46	61	85	120	169	174	183	235	242	244	250	388	#
687	1229850	10	14	61	63	67	70	73	82	120	147	188	199	210	248	251	388	#
688	1199589	24	38	59	87	89	107	111	127	140	145	182	207	213	242	250	388	#
689	1138757	45	49	92	107	130	145	151	158	162	163	197	229	250	252	253	388	#
690	1111415	35	45	55	67	79	85	86	89	97	108	128	146	213	226	244	388	#
691	1081890	17	46	48	54	59	60	61	72	89	120	138	180	183	225	233	388	#
692	117289	210	245	389	#
693	151534	217	245	389	#
694	130643	34	210	389	#
695	167597	52	76	151	207	390	#
696	192313	151	171	200	239	390	#
697	366414	18	49	62	90	190	215	391	#
698	483883	18	46	103	161	181	186	391	#
699	434108	14	16	50	90	114	238	391	#
700	385451	0	31	99	110	176	190	391	#
701	347617	49	72	81	84	126	224	391	#
702	308794	44	149	150	172	192	215	391	#
703	1012143	30	54	70	74	123	130	133	144	153	170	177	195	227	250	392	#
704	1228204	8	54	76	80	81	110	113	151	154	160	163	168	177	186	392	#
705	1108832	19	37	61	99	131	139	147	153	158	160	169	180	218	241	392	#
706	1107951	16	27	43	63	76	82	92	107	122	178	181	203	206	250	392	#
707	1099592	38	66	70	108	120	129	133	154	158	159	171	235	241	252	392	#
708	1099223	17	46	63	78	103	106	130	133	144	156	164	181	182	184	392	#
709	94052	52	149	165	393	#
710	128575	20	165	231	393	#
711	1029628	1	9	43	73	81	83	107	120	133	147	174	203	211	217	235	394	#
712	1273982	18	49	51	81	83	104	123	138	149	182	197	199	204	235	254	394	#
713	1254867	43	44	53	56	58	82	83	92	127	130	138	147	184	231	237	394	#
714	1208370	8	11	22	76	107	116	117	140	147	166	197	202	215	238	254	394	#
715	1174532	2	37	57	73	74	81	83	109	112	130	151	158	166	181	184	394	#
716	1155250	43	59	108	109	114	147	148	152	165	168	182	186	208	211	242	394	#
717	1007757	1	25	50	51	53	59	60	73	154	157	173	183	197	215	227	248	254	395	#
718	1407482	0	33	34	49	53	54	102	124	138	185	186	194	207	208	217	250	255	395	#
719	1365493	20	30	57	94	112	127	138	139	145	147	148	161	183	220	222	240	248	395	#
720	1359570	0	19	54	63	72	117	122	128	165	177	202	212	213	217	244	254	255	395	#
721	1359081	18	33	41	77	81	119	126	140	154	161	184	189	194	203	214	227	243	395	#
722	1290838	12	23	28	33	57	93	122	124	127	128	137	152	157	203	208	215	219	395	#
723	1151259	18	25	75	79	139	147	149	153	166	177	186	201	205	210	211	219	228	234	396	#
724	1443266	44	50	57	65	70	74	80	82	128	150	151	170	173	197	219	220	243	249	396	#
725	1377453	32	34	65	69	75	80	111	126	137	150	167	170	182	194	200	205	234	244	396	#
726	1354610	19	75	79	80	84	102	123	126	132	139	145	149	159	173	207	236	243	251	396	#
727	1305666	14	52	61	65	82	84	97	103	104	118	147	150	157	160	165	210	219	236	396	#
728	1287867	2	48	80	87	102	113	150	161	179	184	186	195	219	225	230	247	248	251	396	#
729	899724	4	6	9	29	67	73	78	91	96	148	149	166	174	189	235	247	397	#
730	1265420	7	9	16	35	78	91	96	111	120	167	181	183	184	197	235	251	397	#
731	1217544	6	12	29	47	78	80	92	96	108	138	144	153	164	205	241	251	397	#
732	1126780	0	9	16	40	45	74	92	138	148	162	177	178	188	190	236	241	397	#
733	1119221	0	15	35	49	69	73	111	149	155	157	158	159	162	181	224	229	397	#
734	1088294	3	8	9	113	119	136	138	184	186	189	191	192	217	230	232	249	397	#
735	421505	7	26	74	98	122	181	398	#
736	495452	7	15	50	127	160	203	398	#
737	477953	18	59	64	122	166	251	398	#
738	473633	37	83	98	130	211	242	398	#
739	422209	17	26	28	60	148	158	398	#
740	377899	6	15	25	74	121	145	398	#
741	3606323	5	7	10	12	20	26	33	35	39	40	43	44	45	46	49	64	65	72	81	89	90	94	95	99	100	107	112	114	119	120	126	129	131	140	141	143	144	147	156	157	159	162	165	175	177	180	188	191	192	194	195	200	213	214	223	235	237	239	240	252	253	399	#
742	4808578	3	5	7	9	14	26	27	34	36	37	41	42	43	45	47	64	69	72	76	77	81	82	83	105	106	107	108	112	119	121	124	130	139	140	143	147	150	155	158	159	161	170	183	184	186	188	194	195	199	215	216	218	227	233	234	242	243	247	251	252	255	399	#
743	4659144	3	5	14	25	30	31	37	41	45	47	49	50	59	61	64	68	69	72	77	80	82	89	91	93	94	95	100	104	105	108	124	131	134	144	147	150	161	176	180	182	185	192	196	197	200	204	208	211	213	215	218	222	223	234	236	237	239	243	246	252	255	399	#
744	4556164	2	5	9	14	19	25	27	35	43	45	50	55	61	62	67	68	69	89	90	92	95	98	100	102	106	107	114	119	120	126	127	128	129	132	134	135	139	143	147	156	159	188	192	193	196	197	198	200	204	210	213	214	216	218	227	239	241	242	248	251	255	399	#
745	4509383	2	3	4	9	11	18	27	28	32	39	44	45	47	59	64	70	74	80	81	82	86	87	90	91	92	94	97	104	106	108	120	121	126	131	132	136	141	146	152	153	156	158	161	163	177	180	185	194	197	202	206	215	216	219	220	235	239	240	247	248	252	399	#
746	4355944	0	2	3	4	9	11	13	33	49	50	55	61	64	67	70	75	77	78	80	82	83	87	93	99	101	106	117	119	121	124	127	136	139	143	147	149	155	156	157	161	164	170	175	177	188	197	200	202	204	210	213	214	218	219	222	226	239	242	248	249	252	399	#
747	363778	50	51	97	107	209	400	#
748	410868	19	97	137	142	254	400	#
749	313314	32	51	58	88	237	400	#
750	301356	50	54	62	80	199	400	#
751	269774	53	88	107	118	164	400	#
752	138349	33	118	205	209	253	400	#
753	388929	9	48	68	132	162	190	401	#
754	499650	43	48	62	71	167	242	401	#
755	420222	27	53	96	99	162	223	401	#
756	375546	11	57	132	171	182	239	401	#
757	266539	53	68	121	146	219	239	401	#
758	174220	49	88	149	190	230	246	401	#
759	238746	10	177	213	402	#
760	244678	20	213	223	402	#
761	203502	177	209	235	402	#
762	194164	10	54	146	402	#
763	65958	11	107	403	#
764	9454	11	232	403	#
765	121027	14	58	404	#
766	181402	14	198	404	#
767	118606	58	66	404	#
768	213809	54	58	90	111	226	405	#
769	282585	37	44	97	194	226	405	#
770	254707	6	58	146	148	247	405	#
771	249035	40	90	111	179	212	405	#
772	244603	7	36	44	54	203	405	#
773	217378	4	10	22	111	155	405	#
774	94207	23	247	255	406	#
775	95148	23	151	255	406	#
776	1062059	26	54	63	67	95	118	122	124	126	129	133	138	144	150	207	216	407	#
777	1277496	8	16	27	34	37	67	74	89	98	126	127	134	137	141	206	249	407	#
778	1273161	27	32	44	51	67	81	98	100	106	118	122	144	153	169	218	249	407	#
779	1209195	13	47	54	67	83	100	109	137	142	150	196	203	223	235	238	239	407	#
780	1207784	5	64	80	109	122	154	180	194	196	207	227	228	238	239	240	245	407	#
781	1203246	10	16	48	49	51	52	59	122	127	128	137	155	160	169	232	243	407	#
782	617534	15	31	58	67	110	114	136	139	192	254	408	#
783	898357	30	43	56	97	114	138	147	185	197	239	408	#
784	890585	46	52	67	70	109	113	148	164	181	243	408	#
785	780175	40	58	130	144	146	159	173	216	223	247	408	#
786	769327	33	36	66	113	157	159	170	192	198	223	408	#
787	724734	10	12	31	101	129	134	140	143	206	216	408	#
788	79973	166	#
789	565874	19	23	37	93	95	98	142	252	409	#
790	605895	30	54	95	145	146	148	166	196	409	#
791	591109	19	24	96	158	176	196	205	212	409	#
792	497100	20	23	45	52	59	108	163	214	409	#
793	494248	5	9	40	60	154	226	252	255	409	#
794	492600	84	98	107	119	159	178	210	240	409	#
795	942811	15	26	34	49	73	144	190	206	219	225	250	410	#
796	981679	14	18	26	31	41	59	69	71	78	144	229	410	#
797	936350	13	35	38	66	79	96	115	124	170	188	190	410	#
798	905529	9	104	123	128	131	169	172	188	206	212	229	410	#
799	893325	15	16	30	66	69	106	124	141	156	186	220	410	#
800	887430	65	96	108	115	148	158	170	219	231	248	249	410	#
801	833701	11	31	33	52	67	73	91	105	151	171	191	222	224	228	235	237	252	411	#
802	1246706	19	57	64	75	105	108	109	118	144	147	160	171	200	219	220	251	252	411	#
803	1208589	10	19	27	32	34	40	54	75	91	92	110	130	151	174	193	248	252	411	#
804	1207310	7	10	24	33	46	49	56	59	127	133	155	174	177	194	199	226	233	411	#
805	1198770	20	39	68	112	118	127	130	142	147	151	154	156	194	207	235	237	254	411	#
806	1191560	33	51	64	74	87	105	122	144	171	192	196	200	206	223	226	235	252	411	#
807	208006	59	186	412	#
808	161577	59	220	412	#
809	125443	186	203	412	#
810	136270	39	64	137	149	192	#
811	273067	27	96	218	413	#
812	308135	55	96	105	413	#
813	241409	182	218	233	413	#
814	173071	27	148	247	413	#
815	497724	34	81	94	109	122	140	190	196	224	251	414	#
816	721207	18	66	69	101	109	129	176	182	244	245	414	#
817	709891	102	108	140	153	204	205	208	218	237	250	414	#
818	660126	3	4	16	112	152	179	193	196	224	254	414	#
819	643820	21	23	41	86	122	137	144	164	223	242	414	#
820	629462	11	34	47	77	98	127	144	150	178	237	414	#
821	50564	220	#
822	158805	9	118	415	#
823	134380	118	157	415	#
824	116740	9	180	415	#
825	392331	19	133	140	157	170	416	#
826	479831	19	51	88	238	251	416	#
827	342143	0	4	95	98	170	416	#
828	320264	37	140	174	223	237	416	#
829	296026	1	6	25	157	200	416	#
830	408757	67	90	129	175	184	417	#
831	437885	47	67	81	83	128	417	#
832	422853	49	126	132	133	184	417	#
833	374684	49	77	110	129	240	417	#
834	292254	60	81	90	175	184	417	#
835	257247	26	90	102	108	133	417	#
836	2721864	5	6	12	13	15	27	30	55	56	65	84	91	103	112	118	122	123	125	130	131	132	134	135	141	142	143	157	158	163	168	174	179	184	197	199	202	206	217	222	236	249	418	#
837	3155005	0	5	10	15	20	25	29	37	42	45	55	57	65	66	68	71	73	75	88	97	117	123	131	132	138	140	143	152	155	165	168	176	181	182	185	194	211	217	222	224	254	418	#
838	3002383	5	10	13	17	29	31	42	51	55	59	65	68	77	79	85	90	103	115	119	123	132	134	147	155	157	161	163	165	169	178	183	184	185	196	210	216	217	220	224	228	241	418	#
839	2977781	4	20	21	24	30	31	33	37	44	51	53	56	58	79	87	92	96	99	101	104	110	112	123	124	127	145	150	168	178	179	183	184	194	198	203	205	213	221	229	236	255	418	#
840	2973227	5	17	19	20	22	23	26	31	35	36	51	56	59	79	84	87	89	92	94	96	99	101	112	115	122	124	125	129	139	143	150	154	160	170	192	193	206	233	247	252	254	418	#
841	2892353	0	5	8	11	12	21	24	30	43	55	65	66	73	78	79	89	97	101	110	119	123	127	129	132	135	150	153	157	176	177	179	192	197	206	211	219	221	227	242	247	250	418	#
842	191919	154	250	419	#
843	154598	187	250	419	#
844	115045	154	210	419	#
845	1214597	18	20	32	78	79	93	96	101	102	122	131	139	144	145	154	157	192	199	203	205	207	217	229	252	420	#
846	1820978	28	29	39	42	50	69	76	77	80	81	82	83	99	107	122	140	144	170	182	199	209	221	234	247	420	#
847	1811826	28	32	42	51	66	86	97	98	99	105	112	119	138	154	157	160	168	185	195	196	199	247	248	254	420	#
848	1803379	14	18	35	38	43	48	53	61	63	69	80	106	110	118	126	144	145	160	182	193	198	203	229	246	420	#
849	1770212	0	12	16	33	50	55	67	69	74	78	91	111	116	160	177	184	199	205	223	225	238	242	250	254	420	#
850	1733779	18	28	60	66	67	85	96	104	116	118	131	132	137	139	145	152	154	168	170	171	175	195	237	242	420	#
851	196584	84	105	222	244	421	#
852	284643	45	105	212	233	421	#
853	246203	1	70	222	231	421	#
854	164861	134	153	220	244	421	#
855	88610	156	#
856	1997471	9	16	21	25	30	42	51	56	77	81	87	107	111	116	126	132	136	157	167	175	176	178	183	184	191	193	197	204	233	238	422	#
857	2512916	3	12	16	29	31	49	72	81	86	100	104	105	118	138	153	160	166	167	181	206	212	216	221	229	235	236	239	241	243	250	422	#
858	2441864	9	16	17	22	39	46	48	49	77	105	112	124	141	156	162	174	176	178	189	195	197	198	211	214	220	222	236	243	244	252	422	#
859	2396002	4	20	21	46	51	69	72	81	85	88	91	105	116	133	136	137	138	144	145	176	179	183	188	197	233	234	238	243	245	251	422	#
860	2346624	9	18	29	32	56	64	65	69	74	82	91	105	106	116	121	122	124	125	127	144	169	182	184	192	221	223	234	243	244	250	422	#
861	2344849	3	16	22	29	30	34	41	43	56	65	71	75	79	80	87	88	89	110	124	125	128	132	145	149	174	181	186	218	243	250	422	#
862	1580955	0	23	35	38	64	66	80	81	83	93	96	109	141	164	166	175	181	187	219	221	239	245	423	#
863	1709607	23	38	47	51	58	76	82	94	102	113	180	195	205	211	218	219	223	227	244	245	247	250	423	#
864	1671632	6	7	11	26	38	64	82	86	96	108	114	125	153	167	181	189	212	222	239	243	245	251	423	#
865	1649593	3	30	38	45	64	79	80	82	85	99	101	131	132	135	148	215	217	222	239	243	247	251	423	#
866	1513714	8	26	27	72	76	81	82	94	113	115	119	120	126	147	149	190	192	203	216	217	245	253	423	#
867	1503305	0	7	18	26	34	66	85	94	108	126	132	134	152	162	163	182	187	196	202	247	249	254	423	#
868	1557537	16	24	29	47	61	72	78	90	117	121	134	137	157	161	163	178	181	218	238	247	424	#
869	1626358	9	13	16	23	32	38	47	54	66	69	74	121	134	161	177	179	223	226	238	247	424	#
870	1608903	10	15	41	51	57	74	78	84	87	100	106	109	117	133	161	172	219	225	239	244	424	#
871	1550750	24	48	86	111	121	124	126	141	144	147	157	167	177	185	195	210	219	226	236	238	424	#
872	1491658	14	24	38	39	53	72	91	106	114	130	134	155	163	167	177	194	213	215	239	251	424	#
873	1482069	9	47	57	61	81	87	106	134	148	155	162	167	169	172	189	192	200	219	232	255	424	#
874	750955	2	17	20	31	67	80	112	117	140	190	425	#
875	830143	31	64	128	143	177	185	217	224	240	245	425	#
876	759429	2	15	72	86	110	115	131	140	147	195	425	#
877	755718	8	44	112	113	138	142	158	194	242	252	425	#
878	689438	17	103	111	118	128	140	164	190	197	229	425	#
879	671883	24	41	49	63	91	117	142	199	201	238	425	#
880	641100	16	18	90	111	128	133	144	160	204	205	426	#
881	845927	10	51	69	82	92	108	119	204	212	255	426	#
882	842663	57	92	117	133	144	160	162	178	194	213	426	#
883	807232	16	18	39	90	156	178	181	208	224	252	426	#
884	703166	0	4	18	41	55	103	171	178	223	224	426	#
885	653625	7	16	60	80	154	173	183	184	223	243	426	#
886	501655	38	106	176	179	201	215	251	427	#
887	488517	71	72	127	133	162	215	251	427	#
888	473749	7	20	105	106	125	210	237	427	#
889	470827	119	162	178	188	201	206	251	427	#
890	450997	18	81	93	99	158	168	176	427	#
891	375988	13	39	73	133	143	179	200	427	#
892	231317	24	104	210	428	#
893	243040	24	45	179	428	#
894	203686	8	37	210	428	#
895	133063	42	104	127	428	#
896	821552	15	46	53	63	74	76	118	139	149	177	181	429	#
897	898946	26	37	61	63	64	66	81	87	109	136	197	429	#
898	877748	11	29	42	46	57	89	109	167	214	234	242	429	#
899	825039	14	77	84	88	112	125	126	177	184	193	230	429	#
900	804621	20	26	63	97	107	123	149	162	198	233	239	429	#
901	804533	38	53	113	128	130	136	137	143	198	199	228	429	#
902	1039955	6	7	20	43	53	54	56	59	72	75	91	146	191	200	203	219	248	430	#
903	1385030	48	51	54	69	99	103	137	144	152	161	184	206	207	214	239	248	253	430	#
904	1349717	13	15	44	49	51	54	75	91	94	100	102	105	126	141	158	159	196	430	#
905	1334115	14	33	43	56	78	84	121	128	130	138	146	161	184	219	223	238	239	430	#
906	1296390	35	64	91	106	109	111	126	138	184	195	201	205	219	227	239	247	250	430	#
907	1286272	5	24	33	43	44	67	69	71	128	136	143	147	161	183	234	238	249	430	#
908	210331	33	34	53	167	431	#
909	285481	33	42	96	160	431	#
910	282922	70	167	193	217	431	#
911	229041	25	53	79	103	431	#
912	1885831	6	15	57	63	72	81	99	125	128	130	132	137	143	149	175	190	194	195	197	203	214	432	#
913	1836146	70	72	77	80	81	108	110	112	124	132	137	143	147	151	157	190	205	211	221	234	252	432	#
914	1793446	0	17	20	51	57	67	68	91	92	116	121	128	144	154	166	175	193	211	214	233	248	432	#
915	1743659	1	3	39	43	46	57	61	102	104	106	112	121	140	152	183	206	212	214	234	245	250	432	#
916	1740194	1	41	71	86	88	107	120	123	125	132	149	156	158	172	176	184	187	195	213	214	247	432	#
917	1731156	2	57	68	79	86	92	106	128	145	148	157	183	184	193	203	223	229	231	237	251	252	432	#
918	866544	42	72	104	113	117	125	176	180	194	213	231	433	#
919	1116150	3	7	16	41	105	115	147	205	212	213	219	433	#
920	899562	3	31	61	67	82	113	130	144	196	229	244	433	#
921	882918	7	71	72	96	98	104	120	124	192	198	205	433	#
922	818266	3	9	26	41	42	44	108	117	131	242	243	433	#
923	793093	31	93	97	104	117	176	182	193	206	243	255	433	#
924	1828329	4	20	22	23	26	29	30	38	42	51	54	61	84	91	100	121	125	131	133	134	174	177	186	196	197	198	202	209	228	242	247	434	#
925	2539950	4	14	19	27	34	35	37	61	65	72	76	79	80	84	105	113	130	145	151	157	158	160	166	186	188	197	201	208	219	228	233	434	#
926	2377974	4	16	27	52	59	65	74	76	79	88	115	116	119	120	133	139	146	151	158	164	165	167	179	196	197	204	220	221	222	236	252	434	#
927	2368414	18	19	29	35	55	84	92	99	103	105	121	125	138	139	142	146	151	157	163	166	167	170	188	189	203	207	238	241	242	246	250	434	#
928	2365746	3	4	11	15	16	17	20	28	29	65	70	72	74	79	98	106	109	116	131	134	138	143	148	151	164	166	174	189	209	250	253	434	#
929	2311572	3	25	48	62	73	76	91	93	106	109	118	131	134	135	137	142	143	158	166	167	169	201	215	220	225	227	241	244	247	251	252	434	#
930	634061	0	1	87	93	111	138	152	194	220	223	435	#
931	841301	9	28	29	119	133	138	157	217	218	222	435	#
932	780197	5	54	55	82	85	87	105	128	149	152	435	#
933	762482	19	46	64	85	147	148	158	166	223	241	435	#
934	749433	30	37	64	82	92	111	152	170	181	211	435	#
935	710241	11	26	57	60	82	91	120	127	194	247	435	#
936	529977	0	100	148	201	219	235	436	#
937	620604	34	73	77	132	184	235	436	#
938	542945	0	51	74	85	101	132	436	#
939	457435	22	124	148	179	216	253	436	#
940	440029	10	22	51	100	181	248	436	#
941	407457	0	58	73	97	138	201	436	#
942	169933	69	149	162	191	437	#
943	202702	34	63	124	162	437	#
944	288315	87	98	143	165	248	438	#
945	403090	51	98	122	189	210	438	#
946	350602	87	150	160	177	186	438	#
947	350576	16	45	84	193	248	438	#
948	177027	62	165	201	215	245	438	#
949	952959	12	40	43	45	65	67	79	86	99	139	158	172	173	181	197	199	220	439	#
950	1353700	10	11	22	28	49	74	79	83	84	114	115	121	136	158	167	215	241	439	#
951	1333444	3	14	43	74	114	115	125	169	172	178	192	197	199	201	208	231	248	439	#
952	1196650	2	35	45	52	56	64	65	98	113	114	141	152	173	192	223	247	250	439	#
953	1176645	10	67	79	83	94	117	125	131	151	155	196	227	230	231	245	250	254	439	#
954	1144530	44	51	61	65	66	73	94	101	109	115	153	176	199	223	232	239	240	439	#
955	235350	120	149	194	440	#
956	275513	104	105	120	440	#
957	217442	23	194	205	440	#
958	205559	66	103	149	440	#
959	2425166	6	10	11	20	35	38	39	55	64	73	77	85	86	94	105	107	122	126	127	133	143	144	146	147	152	170	172	177	187	198	206	207	215	216	224	232	236	247	250	441	#
960	2976498	5	14	16	22	27	35	50	51	53	78	82	91	96	98	101	105	118	133	137	140	153	155	159	163	164	176	188	189	195	202	207	214	216	219	225	231	234	237	247	441	#
961	2895151	1	10	11	27	30	31	47	55	56	59	61	70	86	87	94	96	103	109	116	125	132	144	150	154	156	158	160	170	174	186	190	194	200	208	216	234	239	243	254	441	#
962	2881439	2	13	18	21	22	24	33	53	61	62	68	70	74	86	87	97	98	104	110	113	124	147	153	156	159	172	176	181	183	189	194	200	204	209	216	218	225	231	251	441	#
963	2880286	3	25	27	31	40	43	46	49	51	55	61	68	70	75	83	86	98	105	116	125	132	138	144	148	158	159	161	163	172	176	178	181	194	195	205	213	215	242	249	441	#
964	2879687	6	20	24	27	28	36	53	59	61	69	70	81	96	97	98	103	105	110	124	132	133	140	144	146	168	181	194	199	202	208	217	220	228	231	233	239	242	245	252	441	#
965	348121	0	1	5	121	222	442	#
966	412333	0	6	167	236	244	442	#
967	396569	5	138	189	215	253	442	#
968	373201	1	28	36	73	241	442	#
969	344653	20	45	69	133	222	442	#
970	213878	11	14	121	170	190	442	#
971	1933257	5	22	27	30	46	51	55	58	78	82	92	96	134	142	145	147	148	161	189	192	213	226	245	253	443	#
972	2097098	10	17	55	57	67	80	82	83	98	121	123	128	141	142	182	189	195	204	206	210	213	222	236	241	443	#
973	1854083	18	37	41	44	51	70	77	86	92	98	112	124	132	134	144	145	160	182	196	198	205	207	234	236	443	#
974	1821446	5	29	46	49	57	63	70	92	104	110	118	122	136	146	147	205	206	213	216	227	235	237	238	246	443	#
975	1814987	8	19	26	54	78	85	97	100	106	108	133	145	146	163	177	179	183	187	194	199	214	216	223	235	443	#
976	1796567	3	5	17	23	26	30	33	39	44	46	50	55	82	87	108	109	112	118	155	185	186	247	249	253	443	#
977	570672	14	36	120	125	170	210	215	245	444	#
978	534539	3	14	47	70	137	148	151	196	444	#
979	531397	15	36	80	83	153	227	241	254	444	#
980	500689	44	46	49	100	173	206	210	235	444	#
981	499663	21	137	151	170	171	180	205	248	444	#
982	495307	49	60	201	213	215	223	240	248	444	#
983	339907	82	94	110	166	211	445	#
984	424118	16	94	112	123	157	445	#
985	393611	37	50	57	82	151	445	#
986	382236	4	158	166	181	217	445	#
987	267046	49	57	110	122	247	445	#
988	201195	12	37	43	170	211	445	#
989	782776	2	17	50	63	67	121	155	222	240	243	254	446	#
990	965616	50	54	71	112	118	168	177	206	245	251	254	446	#
991	914603	16	17	28	71	74	116	120	140	190	196	199	446	#
992	827613	38	61	71	121	123	140	192	218	228	229	254	446	#
993	808308	18	26	72	73	82	126	147	163	199	231	240	446	#
994	785126	67	110	128	146	154	166	187	215	238	240	247	446	#
995	464184	31	42	62	74	104	165	195	447	#
996	653372	0	7	42	97	108	176	221	447	#
997	557955	31	104	115	123	125	184	219	447	#
998	493567	27	31	38	98	112	130	253	447	#
999	478261	57	67	91	134	193	195	255	447	#
1000	426397	1	72	74	114	126	172	207	447	#
