%% File generated by CATS v.2.1Wed Jun 19 19:19:26 2013

%% The CATS webpage is http://robotics.stanford.edu/CATS

%% PARAMETER SETTINGS:
% Goods: 256; Bids: 1000; Distribution: arbitrary; Runs: 50; Seed: 1371664721
% Arbitrary Distribution Parameters:
% Max Substitutable Bids = 5
% Removing HV Neighbor   = 0.1
% Adding DIAG Neighbor   = 0.2
% Additional Location    = 0.9
% Additivity             = 0.2
% Budget Factor          = 1.5
% Resale Factor          = 0.5
% Uniform Private Value:
%   Deviation            = 0.5
%   Max Good Value       = 100



goods 256
bids 1001
dummy 184

0	700714	67	73	93	97	99	137	187	201	241	256	#
1	773076	58	67	91	98	110	138	139	152	183	256	#
2	762781	56	73	88	117	128	153	154	222	232	256	#
3	667134	22	49	53	82	97	105	155	197	214	256	#
4	664542	36	57	67	91	99	175	193	233	238	256	#
5	637609	21	43	73	76	93	138	230	243	250	256	#
6	126467	85	93	257	#
7	40725	85	170	257	#
8	86564	125	#
9	1788822	0	1	5	10	23	53	60	66	71	84	89	90	104	114	116	142	143	146	151	155	192	194	219	239	255	258	#
10	1938032	1	26	54	58	60	63	65	72	88	97	112	135	139	150	154	162	164	188	240	241	246	247	251	254	255	258	#
11	1916878	2	56	61	62	85	90	92	94	100	104	119	135	152	155	181	190	202	213	215	217	219	228	239	251	253	258	#
12	1890642	2	9	15	25	42	44	47	53	56	74	75	80	87	93	95	97	111	122	139	163	164	190	194	204	229	258	#
13	1791607	5	11	26	35	37	47	52	55	56	67	74	75	76	85	111	114	116	122	126	133	162	175	181	206	219	258	#
14	1786554	20	26	35	40	42	44	75	84	93	94	97	112	116	121	123	135	136	154	172	177	192	204	221	233	241	258	#
15	1412524	5	12	31	34	51	80	91	112	117	120	129	148	151	165	170	179	190	193	208	216	221	223	233	236	259	#
16	1807424	1	26	33	35	38	54	79	96	111	112	128	140	142	161	165	166	173	175	192	193	212	230	235	254	259	#
17	1805495	31	34	68	72	82	90	91	100	106	127	134	136	139	164	173	184	193	197	201	221	227	238	243	249	259	#
18	1795038	7	23	25	32	43	56	65	75	102	116	126	128	131	146	160	198	207	212	214	215	221	232	248	253	259	#
19	1775378	8	32	40	56	57	59	73	86	105	106	112	116	118	125	148	172	181	184	211	227	235	237	249	252	259	#
20	1765783	18	35	38	50	76	80	81	100	126	138	144	160	169	179	191	201	214	222	233	242	246	247	253	254	259	#
21	522516	11	54	111	114	118	139	141	161	260	#
22	719064	11	63	71	93	138	140	188	245	260	#
23	611222	24	25	31	53	105	111	120	217	260	#
24	589888	88	114	136	163	194	213	239	247	260	#
25	546030	2	5	16	78	141	163	188	201	260	#
26	541587	35	53	54	78	171	210	244	247	260	#
27	1028420	25	52	60	63	70	76	89	95	114	141	170	188	193	206	212	220	261	#
28	1312430	11	13	45	69	71	89	97	108	133	159	185	188	191	212	220	242	261	#
29	1285717	16	25	40	42	63	78	85	89	90	91	110	127	139	152	193	209	261	#
30	1233451	55	57	67	93	109	117	128	154	160	166	188	190	193	202	217	227	261	#
31	1160981	19	20	65	73	78	132	154	156	186	188	190	212	221	228	232	255	261	#
32	1150511	1	3	19	60	80	111	113	115	128	132	148	167	172	181	187	242	261	#
33	560270	47	51	52	110	137	185	203	211	220	252	262	#
34	834577	7	58	86	92	137	141	152	213	235	241	262	#
35	727101	3	17	20	115	136	210	222	251	252	254	262	#
36	706460	11	35	113	147	181	198	203	229	232	239	262	#
37	692436	9	40	78	124	146	159	175	185	220	243	262	#
38	676207	51	53	95	106	143	195	203	213	231	246	262	#
39	1321827	6	31	44	66	72	81	112	119	120	125	128	131	165	177	215	218	232	238	263	#
40	1488031	3	16	18	28	29	39	44	47	51	78	90	112	145	178	183	236	238	244	263	#
41	1481904	4	11	23	41	44	47	86	96	97	136	155	158	159	168	181	232	238	242	263	#
42	1366057	6	10	25	36	53	59	89	90	97	117	140	145	174	217	228	235	243	246	263	#
43	1360348	7	23	36	42	47	77	90	98	119	122	123	124	126	131	209	245	246	253	263	#
44	1320158	3	23	31	42	72	117	120	131	134	140	155	164	183	194	207	217	219	235	263	#
45	88425	86	205	264	#
46	130666	120	205	264	#
47	517944	34	45	48	56	141	168	196	265	#
48	636674	56	106	112	118	138	200	218	265	#
49	583996	45	49	51	151	183	184	233	265	#
50	570467	0	12	56	168	229	230	233	265	#
51	549482	38	56	115	141	157	161	195	265	#
52	523603	82	92	157	161	191	196	229	265	#
53	2005212	3	14	20	49	55	71	72	79	87	92	93	99	100	116	117	119	170	174	180	191	210	218	219	220	241	245	266	#
54	2266637	5	16	25	34	35	38	62	71	72	75	100	112	122	127	154	158	166	192	201	210	213	218	230	241	245	251	266	#
55	2106209	2	18	19	30	35	46	71	87	92	93	137	142	143	157	165	166	173	177	181	204	210	220	222	230	245	248	266	#
56	2061953	3	6	21	24	25	35	75	93	96	106	120	127	132	146	150	155	170	171	173	180	183	188	195	205	246	251	266	#
57	1994188	11	21	32	49	56	67	71	77	86	87	88	147	155	158	177	195	198	202	210	211	213	216	220	228	251	253	266	#
58	1926481	3	4	6	10	55	79	86	87	92	108	124	125	133	148	160	173	180	199	210	211	215	228	229	234	246	247	266	#
59	371550	139	142	150	218	267	#
60	366666	0	123	133	142	267	#
61	345949	23	139	178	254	267	#
62	342325	111	121	150	201	267	#
63	197766	119	189	190	218	267	#
64	1153458	2	60	65	79	96	103	126	139	144	150	151	204	217	228	232	248	268	#
65	1358052	25	31	61	81	85	95	96	110	139	142	162	178	194	198	234	242	268	#
66	1251814	2	16	17	18	21	25	27	39	42	83	100	103	120	178	217	251	268	#
67	1217181	10	13	20	31	32	33	48	56	78	92	100	119	198	217	232	253	268	#
68	1166126	6	11	19	26	32	33	66	79	91	98	152	153	182	192	202	241	268	#
69	1165685	1	23	25	64	65	72	74	102	110	136	151	166	170	243	245	248	268	#
70	650494	1	32	35	140	152	153	168	187	189	229	269	#
71	806849	2	6	28	30	140	151	187	190	201	212	269	#
72	769239	1	29	33	62	86	103	104	185	201	238	269	#
73	768284	23	32	73	74	77	94	131	204	230	253	269	#
74	725994	25	46	92	106	136	148	149	177	189	250	269	#
75	703834	7	28	47	75	148	153	203	204	213	250	269	#
76	85921	147	164	#
77	438705	4	67	80	160	202	246	270	#
78	429452	25	50	67	111	201	213	270	#
79	427180	9	21	115	136	216	246	270	#
80	345426	21	51	52	68	156	202	270	#
81	303806	80	88	216	225	227	230	270	#
82	297804	4	27	83	93	197	248	270	#
83	1183383	2	36	49	51	53	95	96	104	138	161	163	170	179	223	246	271	#
84	1275729	1	36	54	65	76	81	82	105	112	130	137	194	202	208	215	271	#
85	1138085	3	66	96	118	121	128	137	148	159	173	184	190	207	229	249	271	#
86	1123728	16	33	40	41	51	65	80	100	111	120	184	191	197	229	238	271	#
87	1120950	7	15	53	62	71	74	83	95	145	148	152	192	204	224	225	271	#
88	1088374	25	33	48	67	119	131	138	153	160	161	162	209	223	232	244	271	#
89	534428	0	79	92	94	152	177	179	201	215	272	#
90	724159	46	56	68	72	97	123	144	177	193	272	#
91	675458	7	63	88	116	126	141	212	215	243	272	#
92	588210	31	63	138	152	174	177	202	231	233	272	#
93	582825	51	79	91	95	147	187	237	249	254	272	#
94	562312	5	26	97	101	138	164	179	189	235	272	#
95	399413	32	154	241	273	#
96	278374	48	84	154	273	#
97	1185075	15	20	48	71	99	108	119	121	144	162	164	179	190	200	216	250	252	274	#
98	1462905	6	15	24	30	42	51	94	96	99	138	144	157	159	179	188	189	253	274	#
99	1295148	17	28	29	42	55	77	79	83	115	130	164	190	215	216	217	232	253	274	#
100	1269895	12	15	17	27	51	55	66	70	92	100	104	115	166	181	185	200	254	274	#
101	1183283	9	48	81	83	88	110	113	118	123	138	161	168	179	212	218	220	233	274	#
102	1139571	1	16	26	49	60	66	98	125	138	164	170	171	172	175	177	188	197	274	#
103	768668	11	23	49	80	89	111	136	176	208	227	245	275	#
104	911360	10	25	31	48	97	106	110	129	136	217	222	275	#
105	854091	6	55	80	125	126	139	149	187	198	224	241	275	#
106	852135	5	11	43	45	138	164	176	180	196	242	246	275	#
107	815453	52	64	83	111	112	138	145	158	164	202	208	275	#
108	807386	48	49	127	131	158	176	177	204	224	225	241	275	#
109	257328	0	134	167	276	#
110	262792	127	167	181	276	#
111	148107	0	168	201	276	#
112	114088	85	111	134	276	#
113	606072	28	107	131	143	148	156	164	243	277	#
114	724100	1	26	30	55	120	164	192	205	277	#
115	680119	1	28	55	93	117	130	195	214	277	#
116	615674	4	104	114	127	156	170	242	247	277	#
117	570466	12	22	58	79	113	131	152	188	277	#
118	544002	12	14	17	73	107	148	155	201	277	#
119	59419	241	#
120	864495	0	24	25	46	59	65	97	109	110	154	189	278	#
121	947232	0	32	50	71	81	136	140	154	166	195	202	278	#
122	898296	27	42	73	96	103	109	140	202	216	232	255	278	#
123	870031	5	19	24	65	90	106	126	158	173	178	229	278	#
124	840719	25	32	52	75	76	90	102	189	201	202	225	278	#
125	795917	11	13	17	37	87	90	138	173	189	207	219	278	#
126	267972	6	26	165	233	279	#
127	367758	28	77	121	233	279	#
128	320498	45	148	165	168	279	#
129	228277	26	129	173	213	279	#
130	200315	6	77	85	160	279	#
131	512934	7	12	42	50	72	147	158	168	169	196	280	#
132	721393	14	34	77	78	120	147	183	184	223	231	280	#
133	687815	14	42	48	60	101	154	194	212	221	235	280	#
134	656620	26	40	46	53	108	118	124	168	179	225	280	#
135	632261	7	57	77	84	94	101	119	131	172	252	280	#
136	597394	12	34	55	119	133	135	158	170	172	182	280	#
137	1771887	2	5	6	13	16	21	24	38	44	46	68	86	98	103	107	147	158	159	161	169	177	189	192	195	199	226	247	281	#
138	2197787	8	9	11	12	17	32	38	51	67	83	94	98	108	110	130	149	165	169	173	190	198	214	215	221	222	224	248	281	#
139	2166862	4	7	8	12	13	19	20	23	32	36	46	47	51	68	94	107	151	166	173	176	178	185	190	195	214	222	254	281	#
140	2111359	3	5	14	22	26	28	34	54	56	64	72	80	81	85	87	146	152	155	161	175	177	180	195	198	242	247	255	281	#
141	2069039	2	7	13	14	16	17	18	23	56	78	86	100	105	114	121	146	147	167	169	180	188	212	216	220	247	248	255	281	#
142	2068148	19	28	36	44	50	64	68	79	83	85	94	102	105	120	130	132	135	144	145	151	152	164	183	195	229	230	254	281	#
143	2005249	14	26	29	30	41	42	46	47	55	64	69	71	79	126	182	190	200	203	204	222	226	227	228	230	233	241	242	253	282	#
144	2329795	3	18	22	27	39	41	47	55	56	57	73	99	126	165	169	176	180	181	188	199	201	207	222	223	225	237	238	249	282	#
145	2108495	0	16	17	22	36	43	61	63	87	92	101	112	118	125	126	133	135	146	163	164	176	179	182	198	201	212	222	238	282	#
146	2034641	1	5	7	11	15	22	63	66	73	76	82	106	107	108	124	141	148	160	164	176	198	207	210	219	225	228	240	253	282	#
147	2012174	18	23	37	40	44	54	56	71	85	86	89	99	134	153	158	161	181	185	187	188	194	201	222	227	235	243	248	253	282	#
148	2009865	1	6	18	26	27	34	41	73	74	87	95	107	116	117	119	141	148	171	180	181	182	185	191	210	212	238	254	255	282	#
149	272918	15	95	118	180	283	#
150	245816	94	115	134	180	283	#
151	232715	20	23	95	249	283	#
152	159356	15	38	140	240	283	#
153	280499	0	31	214	284	#
154	366944	0	31	128	284	#
155	216923	0	175	247	284	#
156	2085012	0	3	5	7	19	22	24	34	35	36	62	68	73	77	92	98	113	132	134	146	147	157	162	191	192	199	214	217	234	245	247	285	#
157	2731942	3	6	16	28	36	55	57	59	72	73	79	94	99	103	124	126	136	140	150	152	162	165	170	192	198	199	201	224	226	234	248	285	#
158	2463259	0	5	17	20	22	37	39	49	55	57	65	67	72	75	77	78	99	110	117	124	126	128	150	176	196	197	199	209	224	228	234	285	#
159	2408129	12	24	29	31	32	33	39	47	49	57	59	61	66	67	69	73	77	86	99	114	124	132	139	148	150	168	170	204	229	234	247	285	#
160	2397573	5	11	17	24	27	29	39	53	55	56	57	77	95	98	107	135	150	151	162	164	166	167	174	176	180	188	193	208	220	221	254	285	#
161	2387429	0	10	13	22	24	26	27	28	39	61	72	73	84	98	123	126	131	135	138	146	147	148	151	170	180	192	202	215	226	237	244	285	#
162	781506	71	85	109	115	141	153	158	160	190	209	224	255	286	#
163	971061	0	35	77	87	109	144	147	148	157	189	202	206	286	#
164	967150	6	8	21	49	80	153	166	188	200	241	242	250	286	#
165	918215	42	43	75	86	101	141	144	165	168	179	213	217	286	#
166	892629	36	43	121	160	161	164	173	194	201	239	243	254	286	#
167	865321	58	122	125	131	167	170	174	191	224	226	230	253	286	#
168	224655	66	123	170	238	287	#
169	330398	53	97	170	190	287	#
170	215522	30	55	66	172	287	#
171	139358	18	58	204	238	287	#
172	952528	7	14	42	45	61	81	101	102	123	134	162	164	174	201	238	251	288	#
173	1303674	8	11	18	42	47	69	75	86	96	98	140	211	213	225	237	251	288	#
174	1266503	13	14	51	90	98	110	124	130	134	142	161	191	199	226	251	254	288	#
175	1241922	2	7	36	43	51	69	115	126	158	161	179	200	201	216	225	229	288	#
176	1197084	7	8	14	47	90	97	101	117	123	139	146	175	179	206	229	251	288	#
177	1191625	22	39	51	65	72	92	98	105	131	182	187	196	198	225	231	238	288	#
178	225367	20	23	248	289	#
179	218758	71	141	248	289	#
180	195009	20	30	169	289	#
181	175713	23	122	204	289	#
182	85781	105	196	#
183	113721	63	118	290	#
184	104158	10	118	290	#
185	45656	63	223	290	#
186	563528	30	44	55	61	62	91	124	159	196	211	219	291	#
187	762798	26	41	46	68	75	99	100	128	159	243	252	291	#
188	731643	11	15	47	81	91	112	114	116	141	162	191	291	#
189	703275	11	23	45	61	86	154	185	188	207	242	246	291	#
190	680416	26	44	65	66	71	72	91	97	163	196	225	291	#
191	615915	5	50	90	104	127	143	146	154	204	211	220	291	#
192	524263	30	100	109	113	130	178	250	292	#
193	583305	40	74	152	178	191	227	248	292	#
194	523584	25	71	75	86	113	191	200	292	#
195	474604	34	75	100	101	117	189	255	292	#
196	435861	7	42	102	104	109	119	235	292	#
197	419881	30	88	122	141	143	147	218	292	#
198	1424200	11	14	17	23	28	39	42	54	59	79	85	111	114	127	146	147	188	195	218	250	293	#
199	1681817	1	3	23	24	28	55	62	110	112	123	130	149	179	188	207	220	230	236	243	254	293	#
200	1573214	1	8	20	64	74	85	91	99	109	110	145	165	173	177	188	197	223	232	242	254	293	#
201	1558252	7	15	19	22	23	32	53	57	66	71	79	92	118	158	203	204	218	227	228	239	293	#
202	1536733	3	15	23	64	67	79	84	85	92	125	126	132	133	138	151	176	177	218	228	232	293	#
203	1507540	23	47	48	60	64	84	90	98	102	110	165	168	186	188	211	213	228	230	232	249	293	#
204	1238058	16	32	36	40	43	47	60	71	98	109	121	131	143	216	224	234	255	294	#
205	1432343	11	32	40	47	55	65	66	143	152	164	167	217	218	219	230	236	249	294	#
206	1354729	11	21	31	32	43	54	57	93	99	113	143	173	192	197	213	249	252	294	#
207	1305781	4	5	32	45	54	56	69	87	95	126	131	133	153	173	196	218	219	294	#
208	1289332	14	26	43	92	102	105	116	122	127	143	152	169	181	192	205	217	253	294	#
209	1256786	15	35	40	43	56	73	91	92	122	149	152	169	181	231	232	248	249	294	#
210	1583259	3	14	16	18	24	43	48	76	80	112	123	126	131	140	149	169	184	196	205	228	240	254	295	#
211	1775303	7	20	28	39	62	68	70	74	79	91	96	112	120	123	128	169	176	190	201	205	239	250	295	#
212	1652826	5	7	18	24	39	55	62	85	112	121	136	138	147	155	158	173	199	205	211	225	239	240	295	#
213	1645797	7	9	18	19	20	28	34	50	55	69	74	80	100	106	111	131	132	149	237	238	245	252	295	#
214	1617333	10	14	24	34	39	40	58	81	90	123	124	132	139	162	175	177	205	209	211	212	234	245	295	#
215	1615938	4	5	34	36	43	52	54	55	74	77	126	130	138	150	166	167	177	179	183	192	224	255	295	#
216	119119	83	160	#
217	1067535	34	46	59	84	101	102	105	130	145	182	190	204	211	218	220	296	#
218	1193258	6	25	45	74	85	87	101	109	112	156	176	182	190	211	224	296	#
219	1164199	7	35	46	59	77	83	95	111	138	142	163	192	203	207	252	296	#
220	1148234	1	3	25	90	117	130	141	163	189	196	201	224	228	243	253	296	#
221	1107378	10	14	15	16	25	31	83	103	115	130	158	190	191	204	250	296	#
222	1045615	7	10	21	33	35	37	68	85	118	128	130	150	220	236	238	296	#
223	451756	6	16	98	125	137	163	191	196	297	#
224	598164	6	110	140	163	176	194	222	253	297	#
225	597813	55	98	101	104	107	142	144	165	297	#
226	570287	6	35	48	89	135	136	191	230	297	#
227	520822	44	46	159	163	168	209	212	253	297	#
228	495351	16	53	144	179	194	199	223	230	297	#
229	2102209	6	7	16	19	25	39	56	58	61	68	72	82	90	97	132	137	145	163	168	170	175	177	178	190	201	207	229	232	243	247	248	298	#
230	2607318	6	7	29	48	60	71	72	86	90	94	97	105	112	116	120	130	140	141	152	154	155	158	161	162	166	172	178	212	228	245	255	298	#
231	2529796	1	11	29	50	51	59	70	72	74	86	90	108	110	115	124	134	137	154	161	162	178	193	195	212	214	215	218	222	236	237	245	298	#
232	2364846	9	11	14	25	26	33	59	63	69	71	72	74	81	94	100	110	118	127	136	137	140	141	150	161	166	170	184	199	214	228	247	298	#
233	2361444	7	12	17	27	39	40	45	67	72	78	92	95	102	105	106	122	133	134	143	161	170	171	173	177	190	215	228	230	232	239	243	298	#
234	2358462	16	63	68	74	109	115	117	122	124	141	145	146	151	154	161	165	166	168	177	180	184	187	189	195	200	204	215	228	230	233	255	298	#
235	456996	19	114	117	122	145	201	299	#
236	544754	8	16	45	117	128	228	299	#
237	429965	6	7	23	56	73	114	299	#
238	425899	2	82	110	120	145	231	299	#
239	289590	35	52	64	132	201	245	299	#
240	276290	31	82	114	122	134	157	299	#
241	1205441	3	25	41	51	57	107	111	118	135	138	177	184	219	227	234	237	300	#
242	1305033	1	14	16	27	103	106	123	153	164	173	188	206	208	232	237	251	300	#
243	1265903	0	4	24	33	55	62	69	89	100	115	124	134	184	207	232	237	300	#
244	1135624	0	11	39	69	100	106	115	148	154	160	192	193	198	200	227	231	300	#
245	1125507	4	65	69	86	103	108	151	155	163	173	174	180	185	190	234	254	300	#
246	1093099	3	22	42	124	150	155	165	167	178	200	207	227	228	230	234	240	300	#
247	547136	16	48	66	101	129	172	201	208	232	301	#
248	744185	23	67	73	78	117	126	142	195	232	301	#
249	677628	20	24	107	118	136	152	153	208	220	301	#
250	664912	18	47	48	74	99	133	192	236	247	301	#
251	659144	22	62	63	129	144	190	209	226	255	301	#
252	656868	9	12	66	81	94	142	151	188	251	301	#
253	1467564	5	25	52	61	79	80	83	101	103	114	118	127	157	161	163	164	170	172	173	186	194	205	216	302	#
254	1862714	2	3	36	61	66	77	101	103	114	137	145	184	192	199	215	221	226	230	231	237	238	247	252	302	#
255	1830775	34	39	41	49	55	76	78	83	89	95	100	111	118	125	130	164	200	206	214	219	226	231	255	302	#
256	1796054	14	36	47	55	56	71	72	105	119	126	134	161	170	174	184	186	190	192	199	225	230	231	254	302	#
257	1765476	2	6	15	25	30	55	67	77	89	100	104	113	114	117	138	152	159	164	167	183	188	207	216	302	#
258	1749050	1	34	35	54	68	73	94	114	138	151	175	181	186	187	192	206	215	216	230	247	249	251	255	302	#
259	1827631	5	11	15	20	25	37	73	77	82	84	92	108	111	142	143	145	146	148	156	157	171	177	178	188	201	206	216	219	220	249	303	#
260	2499593	2	4	8	13	22	23	26	32	33	35	60	62	77	83	106	108	110	111	126	148	151	170	172	173	181	199	204	225	251	255	303	#
261	2448705	5	10	11	25	33	45	52	56	58	77	79	84	100	110	111	116	126	142	150	156	166	173	178	190	191	206	218	226	249	254	303	#
262	2418328	1	2	10	15	17	27	41	42	55	60	62	68	83	98	102	104	109	126	128	137	168	170	173	181	219	226	232	241	244	255	303	#
263	2353349	4	15	28	31	33	36	49	55	60	64	69	77	80	82	110	118	139	140	149	152	166	171	173	211	213	214	224	230	232	236	303	#
264	2343455	5	10	15	16	45	48	49	52	60	77	83	84	91	110	134	142	146	156	159	161	166	173	175	204	208	216	219	227	232	249	303	#
265	379379	55	69	92	111	121	195	304	#
266	524886	8	22	69	90	181	195	304	#
267	462754	91	111	171	178	182	254	304	#
268	433686	50	55	64	71	72	253	304	#
269	378116	8	25	92	114	120	176	304	#
270	329497	29	40	64	121	126	206	304	#
271	745468	6	28	50	76	94	121	145	170	181	239	249	305	#
272	804538	36	37	73	133	138	161	175	203	213	217	249	305	#
273	793266	16	19	32	71	76	93	135	186	219	245	254	305	#
274	758279	6	27	117	182	194	211	213	224	247	248	251	305	#
275	745835	28	74	83	129	168	178	189	197	201	218	222	305	#
276	715500	17	65	108	140	147	150	155	181	203	209	238	305	#
277	2303747	1	11	22	32	46	65	72	81	97	111	116	117	121	123	125	126	138	141	143	149	155	156	165	174	176	177	184	202	205	207	240	255	306	#
278	2547536	0	7	16	25	26	27	32	46	59	71	76	82	98	104	115	130	136	140	145	150	155	167	176	178	190	196	201	217	246	248	254	255	306	#
279	2488317	1	3	6	8	9	22	42	46	47	50	56	62	65	67	74	81	83	84	95	108	130	134	140	154	163	177	183	186	188	197	218	240	306	#
280	2485815	12	29	31	32	47	50	56	62	71	84	85	97	100	110	122	125	129	136	137	155	163	172	184	192	205	214	217	218	223	231	239	244	306	#
281	2455386	1	2	8	16	26	32	33	47	58	65	70	71	72	74	84	101	115	122	125	126	139	177	192	199	204	212	217	218	237	239	240	252	306	#
282	2454206	1	3	6	7	10	13	20	22	33	72	100	102	118	123	124	126	129	131	136	140	143	153	156	158	171	173	174	184	197	204	214	254	306	#
283	2335514	24	27	28	30	48	51	53	58	64	65	108	138	142	143	145	157	165	168	169	173	179	182	188	201	209	216	219	221	222	227	228	231	234	235	238	245	249	307	#
284	2955018	0	1	6	11	30	37	46	50	56	62	72	73	84	85	87	90	113	115	116	120	127	132	133	138	142	143	154	162	170	181	185	211	222	232	239	249	252	307	#
285	2797088	3	4	10	13	14	25	30	42	48	50	57	59	60	62	78	86	90	95	99	100	112	126	127	145	150	157	171	196	197	201	207	209	213	234	235	244	251	307	#
286	2787978	0	1	6	10	13	29	30	42	50	51	55	61	72	73	90	92	94	99	102	113	132	134	144	149	153	162	165	179	180	184	190	200	215	221	232	239	241	307	#
287	2733505	1	2	3	4	13	18	30	46	49	55	71	76	80	86	89	94	98	100	106	108	109	119	131	134	136	159	164	170	172	187	188	192	197	207	218	240	251	307	#
288	2686330	0	2	6	9	13	16	18	32	37	42	46	78	80	99	102	122	125	127	132	134	138	142	143	148	149	157	166	171	181	184	198	206	209	231	234	245	251	307	#
289	301438	25	78	219	308	#
290	298617	10	25	89	308	#
291	249881	181	219	241	308	#
292	196200	78	98	169	308	#
293	71503	37	#
294	86075	119	205	309	#
295	73244	205	255	309	#
296	378528	8	70	83	99	136	170	310	#
297	553951	43	74	83	90	170	181	310	#
298	492930	31	81	123	136	218	248	310	#
299	428753	71	81	99	147	156	194	310	#
300	301935	12	42	70	93	210	233	310	#
301	298181	4	26	170	173	213	234	310	#
302	717559	56	83	109	112	125	131	148	205	229	311	#
303	797293	8	97	110	112	127	140	148	177	241	311	#
304	788329	3	41	76	102	125	140	165	204	251	311	#
305	699011	70	77	83	86	109	164	177	231	247	311	#
306	698466	3	8	15	59	94	112	122	127	254	311	#
307	536300	20	39	53	89	105	109	122	149	182	311	#
308	371958	10	45	112	136	151	208	312	#
309	501466	35	39	104	112	212	223	312	#
310	494921	10	110	162	200	225	252	312	#
311	431217	6	101	174	190	201	208	312	#
312	342204	3	21	98	113	134	151	312	#
313	285556	10	60	136	221	224	235	312	#
314	280565	33	150	193	230	313	#
315	405415	32	70	150	161	313	#
316	263182	89	104	106	193	313	#
317	230837	12	33	132	166	313	#
318	198007	113	131	156	230	313	#
319	83710	254	#
320	37845	157	#
321	431078	30	114	145	162	182	253	255	314	#
322	575236	16	25	113	154	156	206	253	314	#
323	500887	40	142	153	165	178	213	255	314	#
324	460592	92	120	123	132	149	162	163	314	#
325	395560	59	83	109	114	139	182	234	314	#
326	316773	61	81	103	145	155	163	237	314	#
327	362385	31	68	174	188	200	235	315	#
328	492347	46	61	143	155	158	200	315	#
329	489317	24	155	157	158	174	213	315	#
330	402906	27	101	124	167	188	236	315	#
331	354984	9	54	68	99	221	245	315	#
332	269177	112	124	127	170	224	235	315	#
333	903047	0	20	46	56	58	80	84	88	102	190	195	252	316	#
334	1008167	21	33	58	61	62	84	113	142	150	152	218	252	316	#
335	890345	6	14	15	64	84	104	132	154	195	208	215	254	316	#
336	861191	11	52	66	88	97	115	136	137	142	154	233	252	316	#
337	851627	6	39	54	65	69	80	84	137	165	170	224	239	316	#
338	809071	8	15	20	30	43	64	77	80	85	191	237	253	316	#
339	782598	1	28	44	48	53	75	104	149	155	179	200	206	238	317	#
340	984779	28	30	55	60	68	71	98	134	143	182	197	205	228	317	#
341	926092	12	53	54	55	57	98	131	149	164	200	228	233	238	317	#
342	923926	21	42	44	48	57	58	62	83	110	168	170	236	245	317	#
343	920408	5	12	60	79	80	82	99	110	127	131	145	200	222	317	#
344	899038	1	43	48	72	81	84	89	131	140	154	168	224	230	317	#
345	389022	2	17	32	61	69	246	318	#
346	466406	32	99	103	121	138	240	318	#
347	406508	2	10	102	159	187	240	318	#
348	313463	69	98	226	227	243	246	318	#
349	290280	17	56	93	234	249	255	318	#
350	196498	24	61	140	174	182	219	318	#
351	547305	7	34	48	114	137	201	227	319	#
352	617715	10	34	129	131	133	192	227	319	#
353	525056	0	14	19	32	48	52	133	319	#
354	513133	98	99	137	161	185	216	237	319	#
355	464342	49	63	73	92	183	201	232	319	#
356	402840	50	58	88	114	161	163	250	319	#
357	46692	43	#
358	108285	86	119	#
359	215551	64	84	185	217	320	#
360	289175	65	91	185	222	320	#
361	282970	21	67	217	235	320	#
362	125880	84	104	117	195	320	#
363	131428	62	68	321	#
364	151343	68	184	321	#
365	471697	14	21	35	45	48	76	211	220	238	322	#
366	647890	15	21	48	76	80	88	109	182	221	322	#
367	579256	0	1	26	33	76	176	205	211	223	322	#
368	576563	19	21	44	73	94	137	157	158	164	322	#
369	560297	14	20	54	139	150	179	205	225	244	322	#
370	535075	14	45	158	162	220	240	241	252	253	322	#
371	272693	137	215	222	323	#
372	327193	2	184	222	323	#
373	304509	42	124	215	323	#
374	1234168	17	23	31	32	57	64	65	78	98	107	113	159	198	214	234	324	#
375	1182078	17	28	40	44	72	77	78	87	95	126	135	149	222	225	229	324	#
376	1148348	16	28	32	34	52	118	126	141	180	187	205	214	233	238	240	324	#
377	1139537	15	49	65	79	87	93	103	126	164	169	187	197	205	214	222	324	#
378	1120678	0	18	21	34	50	66	75	79	90	98	101	162	169	224	236	324	#
379	1116538	15	32	37	79	86	102	108	112	148	161	166	211	213	214	218	324	#
380	170300	1	174	#
381	951597	16	34	39	72	78	90	105	112	129	136	142	255	325	#
382	915903	1	7	35	65	109	155	162	192	216	233	250	255	325	#
383	912144	16	47	51	62	66	79	90	95	142	151	166	172	325	#
384	902721	20	31	34	65	76	78	95	121	158	162	189	219	325	#
385	887233	47	50	114	118	125	129	152	219	236	241	251	252	325	#
386	879956	0	4	16	25	36	58	73	81	132	136	187	218	325	#
387	47742	91	#
388	247492	79	97	130	167	326	#
389	349047	116	130	152	236	326	#
390	346368	79	105	215	223	326	#
391	307428	65	97	195	253	326	#
392	179000	108	167	217	240	326	#
393	899870	45	69	81	114	122	129	138	150	153	163	209	247	251	327	#
394	1055313	3	24	39	50	66	123	147	148	164	175	200	251	253	327	#
395	927191	0	11	45	64	71	91	132	141	150	194	233	234	246	327	#
396	856808	38	53	74	78	86	112	114	134	141	155	163	219	247	327	#
397	849263	14	43	69	90	91	124	131	155	183	199	204	233	243	327	#
398	841095	2	39	67	72	92	97	102	122	127	129	160	182	243	327	#
399	236601	184	222	328	#
400	189264	97	184	328	#
401	164528	198	222	328	#
402	124689	100	#
403	1309115	13	26	61	70	76	95	120	151	153	155	166	169	171	173	190	203	223	229	230	237	254	329	#
404	1687349	1	19	26	27	48	61	78	88	98	100	107	109	123	148	167	171	192	209	212	232	247	329	#
405	1646488	0	13	15	17	28	50	56	93	143	145	147	149	151	153	158	171	173	186	188	190	251	329	#
406	1575544	7	19	26	32	87	99	128	134	136	158	163	170	171	181	189	205	218	221	229	248	254	329	#
407	1523269	1	4	9	21	54	65	73	84	129	132	141	155	171	188	197	198	203	213	228	247	254	329	#
408	1507878	0	6	9	15	17	19	58	86	89	92	102	124	126	128	140	151	156	225	229	232	247	329	#
409	555177	10	12	13	15	62	94	109	149	197	225	330	#
410	811828	11	13	26	56	90	108	124	138	201	236	330	#
411	771597	25	27	53	62	69	71	88	124	152	255	330	#
412	769016	15	26	29	62	124	140	153	159	170	215	330	#
413	741471	7	12	28	36	74	90	104	118	153	221	330	#
414	699430	26	29	67	82	93	141	155	197	221	230	330	#
415	1161982	0	5	21	22	49	55	110	127	133	155	160	177	180	181	331	#
416	1195654	3	21	32	80	101	120	121	125	132	160	177	179	221	230	331	#
417	1136994	0	5	22	61	68	79	91	119	136	164	194	218	225	230	331	#
418	1048814	14	27	28	31	33	55	134	139	150	169	180	194	202	233	331	#
419	1008283	5	22	39	58	92	98	105	131	141	158	181	233	245	255	331	#
420	1004328	3	5	48	75	96	110	115	128	134	145	150	177	179	210	331	#
421	1252384	25	38	40	41	63	77	105	108	116	118	134	143	154	177	186	201	210	215	246	332	#
422	1583430	1	23	24	25	49	55	57	64	95	115	125	138	148	158	160	194	203	230	231	332	#
423	1432016	8	22	31	33	41	43	50	53	55	70	77	140	141	159	165	174	191	208	251	332	#
424	1409554	0	11	34	36	45	55	68	89	139	148	156	168	178	179	181	182	230	232	246	332	#
425	1405871	34	40	68	70	73	110	126	148	149	158	164	165	178	195	206	215	216	230	255	332	#
426	1402319	5	10	36	39	57	77	86	151	161	168	186	191	203	204	218	229	232	247	252	332	#
427	254011	75	135	162	166	333	#
428	348548	56	85	162	189	333	#
429	268943	45	132	143	166	333	#
430	239925	18	75	80	190	333	#
431	174100	99	119	135	241	333	#
432	379657	23	79	114	123	334	#
433	330843	114	131	152	242	334	#
434	315866	11	55	123	220	334	#
435	260452	23	115	133	187	334	#
436	230211	79	82	133	211	334	#
437	1558112	3	5	19	31	32	37	38	48	61	66	77	102	112	114	120	123	126	127	149	154	174	186	211	245	335	#
438	2190663	3	13	22	31	39	43	51	54	66	78	97	107	120	124	143	152	164	175	213	216	218	220	225	231	335	#
439	1824892	1	36	37	38	50	78	80	81	85	95	99	151	159	175	194	197	200	206	211	213	216	221	223	251	335	#
440	1809804	3	25	28	38	44	48	56	61	96	104	111	115	120	126	137	151	154	186	187	194	196	214	227	240	335	#
441	1792805	0	5	8	9	12	19	49	51	61	65	88	107	131	175	181	211	216	218	229	237	247	248	252	253	335	#
442	1756606	2	3	8	41	43	49	51	55	61	77	79	90	142	152	154	163	175	193	200	204	223	237	251	255	335	#
443	466918	1	56	109	161	167	336	#
444	473518	107	151	161	182	192	336	#
445	404045	7	56	96	114	255	336	#
446	310470	109	111	180	182	231	336	#
447	235112	4	74	119	167	186	336	#
448	465808	13	15	87	117	132	240	252	337	#
449	606452	39	88	92	120	158	187	252	337	#
450	518370	4	15	22	166	196	199	237	337	#
451	495537	20	30	43	54	132	140	166	337	#
452	456610	18	65	150	165	207	234	240	337	#
453	450830	0	1	13	117	129	190	219	337	#
454	207145	29	48	159	195	338	#
455	297518	42	92	191	195	338	#
456	260188	48	55	151	235	338	#
457	169747	147	159	186	214	338	#
458	335111	69	71	152	168	169	250	339	#
459	498353	0	11	22	71	195	236	339	#
460	458841	55	155	164	187	248	250	339	#
461	457317	60	64	152	155	165	194	339	#
462	406706	67	71	144	169	186	225	339	#
463	367663	60	69	112	168	185	253	339	#
464	1371351	0	6	20	28	51	61	68	79	82	91	115	118	119	157	162	167	173	181	183	221	229	246	340	#
465	1748671	1	6	20	25	29	69	74	78	90	99	102	104	114	115	120	173	189	192	194	196	216	222	340	#
466	1742813	3	13	18	33	43	47	49	57	74	79	104	120	122	148	159	162	167	177	194	216	229	233	340	#
467	1656305	3	9	26	27	79	80	81	91	102	119	126	154	157	162	163	171	173	175	193	197	202	251	340	#
468	1645627	6	11	12	25	47	69	136	175	181	183	206	210	211	213	219	222	225	230	231	234	243	251	340	#
469	1643864	12	23	27	35	36	40	53	62	67	102	104	105	116	125	126	131	151	194	203	214	242	246	340	#
470	1327471	18	28	34	35	46	50	79	102	117	123	150	175	178	181	207	218	245	341	#
471	1453530	28	31	39	46	75	78	102	110	144	152	174	178	188	203	205	221	232	341	#
472	1434091	3	4	19	35	46	52	60	75	108	136	161	165	176	183	203	225	239	341	#
473	1305454	3	11	31	33	46	57	80	119	127	152	160	165	192	208	209	228	243	341	#
474	1295382	5	8	31	33	65	71	79	82	97	152	175	178	189	208	209	217	255	341	#
475	1239907	22	28	30	84	85	104	105	110	119	135	150	171	175	184	207	209	224	341	#
476	680268	2	18	70	79	116	125	136	206	248	342	#
477	841795	52	56	70	126	138	150	179	181	245	342	#
478	812722	2	70	71	98	136	213	215	237	248	342	#
479	676380	3	22	56	113	136	149	169	188	206	342	#
480	650881	18	40	48	49	90	98	151	204	236	342	#
481	639542	26	116	138	151	164	176	195	197	220	342	#
482	213587	18	144	190	234	343	#
483	281824	18	91	152	233	343	#
484	240523	23	26	59	190	343	#
485	60055	233	#
486	266425	22	28	85	344	#
487	324442	22	118	253	344	#
488	142318	19	85	244	344	#
489	444281	62	152	167	196	207	231	247	345	#
490	568169	9	28	29	62	122	139	143	345	#
491	516133	19	121	162	163	167	178	228	345	#
492	492146	36	59	73	96	152	230	232	345	#
493	442967	73	88	120	139	178	207	231	345	#
494	425201	49	118	123	130	170	202	207	345	#
495	1871679	56	70	76	120	123	127	135	137	143	152	160	161	172	174	192	193	194	209	215	224	226	241	253	346	#
496	1878148	12	21	27	37	55	62	82	95	100	112	121	122	128	143	145	171	180	200	204	233	246	251	254	346	#
497	1833093	8	22	27	36	41	51	68	88	95	106	128	135	148	162	165	192	198	204	210	211	216	246	254	346	#
498	1804685	25	55	57	59	68	69	80	92	137	144	145	159	162	164	170	194	224	226	230	241	242	244	254	346	#
499	1742162	10	22	68	123	132	152	158	159	161	164	173	190	193	199	209	211	224	226	234	242	244	246	253	346	#
500	1736728	2	18	28	37	42	65	77	79	90	97	110	141	161	163	164	181	186	207	211	215	220	237	244	346	#
501	618449	5	46	64	68	91	177	214	216	223	236	245	347	#
502	885249	21	62	82	85	87	134	162	184	188	223	249	347	#
503	839530	27	39	46	68	91	95	101	111	136	178	218	347	#
504	746595	5	22	55	66	69	78	103	158	186	224	244	347	#
505	734349	13	22	79	105	124	137	177	211	214	215	226	347	#
506	683215	1	2	19	46	93	103	131	177	180	188	227	347	#
507	76059	94	156	348	#
508	97411	135	156	348	#
509	1016797	4	7	52	79	84	126	142	146	150	178	179	215	349	#
510	980613	16	25	60	66	111	123	124	151	167	175	215	242	349	#
511	934586	9	26	79	96	110	115	126	134	142	144	219	224	349	#
512	929616	9	22	28	31	41	80	119	126	149	151	195	241	349	#
513	889375	41	46	52	114	127	140	160	164	172	180	224	254	349	#
514	879914	8	22	23	69	136	155	173	176	178	210	211	250	349	#
515	392680	22	26	85	97	148	179	226	350	#
516	576426	26	85	96	103	107	147	230	350	#
517	517066	2	42	97	101	112	129	145	350	#
518	498261	22	59	61	72	161	176	208	350	#
519	474209	85	117	150	204	239	249	251	350	#
520	437423	42	108	109	118	207	226	254	350	#
521	483849	11	82	98	106	119	158	182	351	#
522	612079	0	10	11	45	82	115	232	351	#
523	571239	33	44	93	145	158	167	196	351	#
524	555665	28	112	119	147	180	188	245	351	#
525	551915	11	20	65	149	188	248	254	351	#
526	482270	84	90	91	98	144	145	237	351	#
527	264114	22	69	218	352	#
528	202429	22	38	111	352	#
529	176148	117	118	218	352	#
530	834922	35	87	102	118	130	162	186	210	225	238	247	353	#
531	1082227	19	46	48	105	106	118	132	143	184	198	228	353	#
532	813049	20	63	74	88	106	107	133	191	210	228	254	353	#
533	810715	19	33	41	71	78	87	104	105	113	133	162	353	#
534	795352	55	61	78	92	105	122	127	168	178	186	222	353	#
535	788226	85	87	102	130	173	198	235	238	244	247	248	353	#
536	638702	66	90	169	181	191	215	252	354	#
537	625785	100	128	144	181	191	209	216	354	#
538	595298	5	111	126	144	159	181	188	354	#
539	542144	37	80	99	138	206	215	252	354	#
540	502016	35	66	99	120	124	151	195	354	#
541	487592	20	103	153	209	228	252	253	354	#
542	247038	26	30	45	84	355	#
543	327217	84	149	164	184	355	#
544	314554	45	87	106	145	355	#
545	287552	26	108	115	168	355	#
546	219471	30	45	121	146	355	#
547	309132	48	81	109	117	157	204	245	356	#
548	462784	55	59	73	89	109	163	252	356	#
549	382451	18	48	71	81	115	117	140	356	#
550	315667	8	13	41	48	74	117	133	356	#
551	393818	29	89	93	148	220	223	357	#
552	520321	14	30	107	146	148	164	357	#
553	426935	29	35	127	133	148	240	357	#
554	426869	30	93	172	218	243	251	357	#
555	365901	4	10	93	103	218	223	357	#
556	331443	37	54	58	70	93	220	357	#
557	441684	6	101	127	147	180	197	233	237	358	#
558	655831	2	52	71	131	180	185	206	230	358	#
559	509268	7	26	27	32	119	129	237	251	358	#
560	477302	5	11	14	71	185	197	211	239	358	#
561	469522	6	48	69	82	85	98	240	247	358	#
562	438222	15	52	88	115	126	205	227	233	358	#
563	1095986	11	12	28	36	48	82	91	107	123	131	134	139	152	192	199	241	359	#
564	1415957	2	28	30	36	51	63	67	105	106	123	126	128	150	156	173	227	359	#
565	1378315	9	11	16	30	33	48	49	53	58	63	94	107	111	133	226	241	359	#
566	1363791	30	31	56	61	75	77	88	101	107	112	118	136	153	173	181	234	359	#
567	1355280	4	6	7	25	28	35	36	48	67	108	126	175	185	240	241	243	359	#
568	1272293	2	53	68	71	88	94	143	154	163	180	181	192	200	226	244	251	359	#
569	1542030	15	25	30	35	54	63	66	70	71	98	102	108	115	141	212	216	218	242	244	248	360	#
570	1686202	0	26	34	41	50	55	68	77	83	87	101	108	109	145	182	211	215	242	244	249	360	#
571	1612321	31	35	43	53	55	56	88	100	115	169	170	176	188	191	202	218	222	228	252	253	360	#
572	1445852	18	31	41	53	62	63	86	120	121	138	144	159	173	175	191	194	199	202	214	216	360	#
573	1440007	10	12	26	38	41	49	62	63	78	102	104	133	141	167	170	178	190	214	242	248	360	#
574	1426067	12	22	35	53	67	79	89	99	125	130	140	142	161	162	168	170	178	191	227	244	360	#
575	89147	34	#
576	248180	78	169	171	191	245	361	#
577	341882	2	78	103	135	252	361	#
578	332580	46	110	191	209	231	361	#
579	299623	17	19	171	233	235	361	#
580	211928	118	124	165	169	193	361	#
581	181101	5	12	93	99	245	361	#
582	762751	33	42	59	64	69	86	114	137	163	219	228	362	#
583	982611	24	26	31	32	56	59	74	195	213	240	247	362	#
584	961158	3	16	132	145	168	193	198	209	219	232	242	362	#
585	878851	6	13	20	33	50	55	78	152	163	168	239	362	#
586	753536	11	43	66	67	86	159	163	170	179	181	249	362	#
587	735909	4	13	15	46	48	71	73	159	188	219	228	362	#
588	926032	39	52	54	60	66	75	87	99	108	109	118	122	177	187	216	224	242	363	#
589	1364573	32	47	64	86	103	109	138	146	167	174	181	185	203	216	230	234	246	363	#
590	1364344	3	50	56	60	82	92	100	122	126	150	181	188	194	196	219	236	248	363	#
591	1358983	4	24	51	55	77	118	138	143	165	185	210	224	228	237	251	253	255	363	#
592	1328494	3	18	24	31	38	53	57	64	65	66	70	87	98	104	125	128	155	363	#
593	1317262	33	38	42	52	80	95	98	107	111	128	145	201	206	210	229	232	250	363	#
594	128390	32	117	189	249	364	#
595	84401	37	80	186	189	364	#
596	390151	51	102	126	127	146	151	163	170	240	365	#
597	538402	45	131	153	163	175	182	196	211	246	365	#
598	483806	30	75	92	133	164	181	191	202	240	365	#
599	468286	48	76	96	145	159	170	189	197	245	365	#
600	220995	48	152	189	366	#
601	290213	51	150	152	366	#
602	217488	48	104	192	366	#
603	1922325	3	22	24	41	42	45	68	71	80	109	111	112	130	161	183	189	195	198	200	205	210	216	221	233	236	237	241	242	248	367	#
604	2352502	3	16	23	28	36	38	43	44	56	66	78	79	80	81	83	84	110	113	151	160	181	194	195	197	206	223	225	226	253	367	#
605	2323484	2	3	7	16	17	32	33	47	51	55	65	68	71	92	99	101	111	114	130	134	155	160	165	188	191	199	206	226	240	367	#
606	2314156	3	5	15	21	22	25	32	53	54	68	72	80	93	110	112	116	118	120	125	126	131	142	150	151	155	188	198	200	206	367	#
607	2234608	23	26	29	33	37	39	52	65	67	72	79	81	92	97	99	111	123	135	148	153	160	162	178	201	210	217	218	219	221	367	#
608	2161648	2	3	8	23	32	35	47	48	56	65	72	75	88	90	91	124	126	137	139	144	155	177	182	191	216	219	221	226	227	367	#
609	1157066	2	24	35	70	84	85	113	120	135	143	156	173	183	194	196	197	228	232	368	#
610	1496979	11	31	33	48	138	144	146	152	160	169	180	183	202	211	213	225	232	237	368	#
611	1491002	38	46	56	70	82	86	89	90	101	107	112	181	184	208	213	220	228	247	368	#
612	1471056	2	19	27	33	84	107	120	124	136	142	173	183	197	204	222	228	237	248	368	#
613	1401222	18	48	56	62	70	123	128	132	137	143	146	167	175	211	213	215	245	252	368	#
614	1397068	2	14	18	19	24	33	55	59	61	82	92	107	120	136	170	208	243	254	368	#
615	3505764	10	22	30	40	44	49	57	62	66	69	72	73	82	83	87	91	96	101	113	118	119	124	125	129	134	141	144	151	153	154	158	160	162	165	166	173	182	183	188	195	196	200	203	209	218	226	228	229	235	236	240	248	250	369	#
616	3965101	0	7	14	15	18	19	21	29	32	36	42	43	53	66	72	74	75	78	80	86	87	96	98	99	108	119	122	125	136	154	155	158	162	165	177	178	181	183	191	192	198	203	205	214	215	218	227	231	233	236	239	242	253	369	#
617	3904340	3	10	15	17	18	19	27	32	34	43	51	54	57	58	65	75	77	86	88	92	96	97	110	112	118	125	129	135	139	144	154	156	157	165	167	180	181	183	184	195	196	203	208	211	214	221	222	232	233	237	239	250	253	369	#
618	3878349	0	4	5	6	14	15	17	19	21	25	27	29	31	32	34	36	40	41	42	43	45	51	60	65	72	76	79	92	98	99	112	128	134	136	137	139	146	158	159	163	195	196	205	207	209	212	214	215	217	220	224	233	254	369	#
619	3849459	4	6	11	17	19	22	31	36	43	44	45	53	58	61	62	74	76	82	98	105	107	113	117	120	123	124	130	136	138	139	145	151	153	167	173	180	186	195	196	198	201	204	205	207	211	213	217	220	221	226	233	243	244	369	#
620	3809395	5	6	11	14	17	21	27	31	43	57	62	65	66	71	74	82	88	91	92	96	98	101	107	120	125	128	132	144	158	165	174	181	186	187	195	197	200	202	209	211	213	214	215	221	226	229	231	234	235	237	239	240	242	369	#
621	396776	22	97	139	148	171	234	245	370	#
622	510712	22	97	144	185	201	208	255	370	#
623	502648	22	39	45	59	139	144	157	370	#
624	481183	9	26	59	73	126	136	171	370	#
625	457002	59	89	100	105	113	131	245	370	#
626	440897	45	56	116	117	134	148	209	370	#
627	246271	84	219	237	238	244	371	#
628	349766	5	114	141	152	219	371	#
629	250226	22	38	173	223	238	371	#
630	225008	52	73	84	104	223	371	#
631	204684	26	104	165	205	244	371	#
632	158370	24	156	165	216	237	371	#
633	459927	26	120	138	169	170	246	372	#
634	380927	43	55	116	120	210	243	372	#
635	376994	18	179	196	220	245	246	372	#
636	374203	47	92	114	138	139	249	372	#
637	343234	23	26	176	177	220	223	372	#
638	222994	6	44	80	144	169	176	372	#
639	125947	225	#
640	582976	2	17	33	37	111	183	242	252	373	#
641	754807	2	39	77	96	135	136	173	196	373	#
642	613991	17	18	22	26	33	72	104	226	373	#
643	611967	17	27	89	105	110	131	203	243	373	#
644	606562	11	13	26	92	178	183	195	246	373	#
645	557683	2	26	63	134	146	171	241	242	373	#
646	662046	38	39	40	58	59	69	108	187	202	203	224	232	242	374	#
647	912459	26	55	70	91	92	122	141	148	164	192	202	211	232	374	#
648	903285	18	25	38	40	58	74	83	118	133	140	141	180	205	374	#
649	882899	33	43	44	55	75	165	168	180	187	206	212	213	216	374	#
650	845617	5	14	23	84	93	108	109	111	171	173	187	226	254	374	#
651	819876	33	55	58	86	103	113	199	210	216	238	246	250	254	374	#
652	205498	13	61	155	185	375	#
653	217922	0	61	81	210	375	#
654	216078	9	13	63	109	375	#
655	190962	117	185	214	236	375	#
656	994401	9	12	14	22	45	78	83	106	134	139	154	165	216	223	230	245	376	#
657	1296518	36	55	87	88	108	116	123	160	165	180	194	196	199	221	222	246	376	#
658	1293901	5	16	33	37	42	49	52	72	83	95	116	144	178	181	210	222	376	#
659	1252005	6	14	19	45	50	92	100	110	114	117	152	153	192	223	230	241	376	#
660	1192722	20	36	50	53	67	94	100	114	129	152	155	170	180	181	190	245	376	#
661	1182798	6	17	49	50	67	84	85	97	114	132	161	162	168	213	216	220	376	#
662	354820	4	12	13	25	151	377	#
663	475592	4	6	86	127	159	377	#
664	397964	25	95	122	143	179	377	#
665	361008	27	99	151	156	201	377	#
666	317768	13	66	122	153	225	377	#
667	232766	12	29	30	35	57	377	#
668	876285	11	13	40	64	87	117	145	162	200	216	219	255	378	#
669	1025405	24	31	79	100	102	147	171	180	189	216	228	232	378	#
670	959901	67	79	81	108	122	152	165	168	189	219	222	247	378	#
671	892211	15	61	67	71	107	111	138	139	170	182	200	233	378	#
672	864428	1	13	25	32	136	155	158	162	171	197	198	226	378	#
673	851737	3	40	63	87	128	138	157	158	193	197	222	227	378	#
674	684534	34	67	97	129	158	181	187	228	237	379	#
675	820817	10	12	34	36	98	145	173	188	213	379	#
676	697083	110	129	138	144	168	171	181	183	239	379	#
677	692845	10	81	94	100	121	124	158	188	251	379	#
678	684234	19	45	46	67	74	82	237	241	247	379	#
679	673331	36	69	73	113	126	187	198	216	228	379	#
680	259341	26	35	107	171	380	#
681	361195	0	35	248	254	380	#
682	339818	16	22	171	254	380	#
683	315770	19	107	131	183	380	#
684	409296	1	63	90	93	134	174	381	#
685	505926	31	44	86	133	134	191	381	#
686	439477	1	93	168	172	180	219	381	#
687	378472	63	91	100	153	201	233	381	#
688	363159	49	50	93	125	164	174	381	#
689	340832	1	45	83	130	152	207	381	#
690	168353	73	129	148	382	#
691	223700	129	152	198	382	#
692	150556	73	115	228	382	#
693	1659742	2	13	22	23	58	71	77	94	106	122	145	150	153	161	184	186	205	218	220	226	233	249	383	#
694	1767949	33	45	58	71	82	94	99	111	126	131	142	144	151	160	188	189	192	198	202	206	228	237	383	#
695	1717214	8	11	19	53	56	61	72	75	77	94	99	123	128	136	153	158	159	175	223	235	242	249	383	#
696	1684413	19	35	39	45	66	71	76	99	108	126	150	151	167	171	176	179	190	191	203	221	233	235	383	#
697	1658476	3	17	54	58	71	77	90	91	93	141	145	146	153	159	167	196	197	198	206	209	218	233	383	#
698	1657385	1	16	36	43	50	57	68	75	77	94	128	135	148	152	165	177	179	186	190	207	230	232	383	#
699	297150	136	166	168	218	245	384	#
700	405818	73	136	151	181	188	384	#
701	381836	74	82	113	150	218	384	#
702	375957	4	25	47	212	245	384	#
703	257069	75	161	168	177	213	384	#
704	240615	109	166	216	236	244	384	#
705	448987	9	11	59	176	241	254	385	#
706	542425	43	51	108	112	228	254	385	#
707	538875	9	11	77	104	140	214	385	#
708	381662	11	17	48	85	147	183	385	#
709	365419	10	95	164	176	187	217	385	#
710	338397	29	118	140	197	211	241	385	#
711	439634	4	15	104	121	150	188	227	386	#
712	640945	42	62	159	178	191	227	232	386	#
713	604933	63	93	115	150	179	192	215	386	#
714	571856	20	32	104	179	194	216	224	386	#
715	520527	4	17	27	89	96	124	222	386	#
716	477457	42	121	165	179	191	235	255	386	#
717	1070162	15	25	35	37	59	70	76	79	95	101	118	150	216	229	387	#
718	1288045	15	30	33	47	70	72	126	161	162	181	193	251	252	253	387	#
719	1203034	15	31	50	65	79	91	95	102	127	158	185	194	229	233	387	#
720	1189181	3	35	43	46	47	57	95	101	107	108	139	140	190	230	387	#
721	1155586	35	56	71	89	114	118	133	152	180	181	193	219	239	242	387	#
722	1129578	8	55	68	76	86	102	105	114	123	130	152	158	166	211	387	#
723	303531	13	22	38	115	116	388	#
724	428481	116	173	179	181	221	388	#
725	415484	22	145	197	200	247	388	#
726	342794	16	17	80	115	143	388	#
727	270927	13	43	51	102	129	388	#
728	234594	8	38	165	196	209	388	#
729	718093	18	20	51	83	105	136	198	222	245	389	#
730	807433	66	87	100	106	117	157	219	222	230	389	#
731	782766	34	35	56	62	94	104	116	136	231	389	#
732	743017	11	99	140	144	157	166	195	230	245	389	#
733	740011	18	31	50	56	105	163	165	192	246	389	#
734	677540	21	33	54	83	90	94	100	153	205	389	#
735	885597	9	26	36	43	72	73	76	123	201	212	219	229	242	390	#
736	1146854	9	13	36	55	65	90	93	107	119	154	179	201	229	390	#
737	1053607	16	32	39	40	127	144	152	156	201	219	224	247	251	390	#
738	1004267	9	22	26	35	44	51	55	114	161	163	174	224	248	390	#
739	951857	6	24	36	67	83	135	139	146	162	178	204	224	253	390	#
740	946196	9	15	34	48	55	70	138	139	150	179	196	219	238	390	#
741	294821	59	146	180	249	391	#
742	272828	134	180	220	255	391	#
743	231234	59	133	192	236	391	#
744	230382	25	48	116	146	391	#
745	191824	11	60	214	249	391	#
746	1766953	9	27	29	30	39	43	52	53	59	73	76	79	83	85	88	89	101	116	129	137	138	145	160	178	181	194	235	392	#
747	2211480	9	10	16	23	30	38	47	56	69	74	83	95	113	134	143	145	157	166	188	191	199	201	202	210	225	230	246	392	#
748	2210385	8	25	32	50	55	56	57	68	76	77	95	106	110	115	117	125	137	144	145	148	150	152	153	157	204	241	242	392	#
749	2159656	1	10	15	16	33	36	41	52	57	84	92	128	131	134	145	152	159	163	180	181	199	200	214	221	229	230	235	392	#
750	2090112	24	27	33	44	49	70	78	92	97	98	100	101	125	126	139	140	145	152	155	186	190	206	210	229	235	239	253	392	#
751	2045416	5	9	11	21	38	39	44	50	53	56	59	68	70	74	85	98	112	120	128	134	137	144	178	183	188	206	221	392	#
752	689490	9	26	73	79	125	131	163	206	214	218	393	#
753	873761	7	9	17	86	129	144	164	194	199	242	393	#
754	800545	5	41	52	67	108	138	139	157	181	218	393	#
755	717853	39	58	63	72	87	91	122	135	165	206	393	#
756	708576	0	7	23	27	46	69	142	163	180	234	393	#
757	701464	71	82	93	120	125	176	207	214	218	236	393	#
758	319130	80	124	145	196	212	220	394	#
759	415814	29	99	103	124	125	137	394	#
760	402684	12	32	69	71	157	196	394	#
761	396421	69	115	120	145	174	200	394	#
762	359718	52	53	71	82	212	215	394	#
763	300295	58	93	99	194	209	395	#
764	407280	30	51	93	96	190	395	#
765	399605	39	64	165	194	243	395	#
766	306437	11	117	179	198	209	395	#
767	258665	99	183	237	247	249	395	#
768	153663	18	58	69	187	220	395	#
769	41411	205	#
770	899489	41	65	93	104	106	110	136	139	152	162	234	396	#
771	840119	1	12	43	98	110	112	132	139	167	210	224	396	#
772	791756	43	51	56	60	106	139	145	192	219	231	239	396	#
773	766711	4	27	58	77	80	104	116	148	204	247	251	396	#
774	758143	27	50	51	63	67	70	110	117	174	182	222	396	#
775	756771	0	1	44	105	122	162	183	190	218	219	241	396	#
776	291079	21	109	200	217	397	#
777	318808	37	178	183	217	397	#
778	269208	28	111	167	200	397	#
779	229146	66	109	182	235	397	#
780	884379	27	47	48	74	83	98	122	131	134	160	241	242	398	#
781	1019459	6	12	33	60	67	74	85	98	136	146	237	241	398	#
782	984250	37	47	76	99	101	142	154	164	178	195	198	201	398	#
783	948824	33	62	105	134	157	174	179	182	192	221	232	240	398	#
784	929654	20	34	57	64	66	155	181	186	221	241	245	246	398	#
785	892052	9	27	53	98	101	127	128	132	144	168	222	223	398	#
786	748720	1	19	31	123	153	185	186	246	252	399	#
787	749732	31	104	108	117	126	129	140	148	185	399	#
788	747717	7	22	30	130	137	153	222	242	252	399	#
789	747350	1	23	28	32	115	153	169	192	221	399	#
790	712335	2	14	41	53	148	206	233	246	252	399	#
791	710410	2	3	30	31	58	163	168	184	185	399	#
792	695649	5	24	37	49	98	108	118	129	211	247	400	#
793	898387	4	13	37	61	128	175	178	207	230	248	400	#
794	864707	4	14	23	85	107	125	146	148	247	252	400	#
795	780055	16	27	55	78	81	93	108	220	225	231	400	#
796	778536	0	4	10	35	60	62	118	128	206	222	400	#
797	724520	20	24	75	93	167	195	213	220	238	252	400	#
798	78107	24	101	401	#
799	89948	101	166	401	#
800	181294	81	99	216	402	#
801	188620	195	216	253	402	#
802	177843	99	117	167	402	#
803	151639	81	136	191	402	#
804	1654544	7	37	38	44	47	70	80	95	97	100	121	122	124	133	136	139	150	174	184	227	232	242	244	250	252	403	#
805	1941985	16	34	38	44	52	53	59	70	74	84	108	113	132	135	138	144	150	171	178	208	213	217	221	224	245	403	#
806	1914272	3	9	34	44	53	59	65	67	84	89	122	143	146	155	161	182	186	187	206	210	221	224	242	245	252	403	#
807	1876591	33	34	42	46	67	69	74	127	128	136	137	160	162	164	171	174	176	182	194	213	231	235	242	244	250	403	#
808	1843714	34	60	63	71	111	120	121	124	126	128	154	160	167	174	184	192	197	208	210	216	221	224	234	242	254	403	#
809	1819782	8	10	19	43	69	71	80	89	96	119	120	148	163	169	172	174	197	206	208	219	227	242	245	247	254	403	#
810	2166618	6	8	10	17	26	29	30	41	51	59	70	77	84	87	89	92	107	112	113	123	127	140	150	159	163	165	169	190	215	227	232	233	238	251	404	#
811	2651357	6	13	19	39	41	61	77	79	87	89	115	118	121	129	132	143	144	154	155	158	164	165	166	168	170	181	199	208	213	221	226	227	237	239	404	#
812	2401385	41	42	47	59	64	77	83	86	99	104	107	110	121	122	130	135	143	152	161	168	169	180	196	202	214	218	219	225	227	231	232	236	240	248	404	#
813	2364768	0	18	21	31	43	44	51	53	58	74	81	92	98	110	129	135	136	158	163	166	176	178	199	215	218	225	227	229	237	241	245	250	251	253	404	#
814	2362507	10	18	19	20	26	31	43	52	59	61	77	102	104	109	110	115	118	121	126	139	144	147	157	158	159	165	178	186	199	225	230	236	239	249	404	#
815	2351985	1	11	13	14	21	25	26	27	36	43	57	66	79	90	101	102	103	110	115	118	123	129	137	140	154	158	163	220	223	230	232	233	240	246	404	#
816	455931	35	72	100	161	235	236	405	#
817	538179	22	27	56	175	236	241	405	#
818	493333	10	16	72	89	98	251	405	#
819	422499	31	35	64	123	139	216	405	#
820	387422	79	100	129	148	155	240	405	#
821	273357	24	48	59	161	212	240	405	#
822	73547	6	#
823	1055398	9	13	25	27	33	48	70	71	111	131	192	199	221	245	406	#
824	1099469	15	20	33	42	70	74	124	127	135	156	157	165	232	243	406	#
825	1093673	27	35	43	55	71	73	84	89	104	105	142	182	197	201	406	#
826	1086317	9	51	110	164	166	169	181	182	189	194	198	237	242	252	406	#
827	1018083	42	55	69	90	96	114	131	140	171	185	204	205	217	241	406	#
828	1002583	3	8	19	41	59	96	106	124	140	186	190	199	215	235	406	#
829	471093	33	36	62	215	407	#
830	436297	1	33	82	128	407	#
831	370713	9	33	36	131	407	#
832	280535	38	130	202	215	407	#
833	56572	166	#
834	1996766	3	10	13	21	22	40	47	80	90	113	117	123	130	134	139	140	142	152	155	158	164	174	189	192	197	209	239	250	251	408	#
835	2326186	1	16	20	30	33	34	41	47	59	65	71	90	113	125	139	157	164	168	175	190	199	203	215	225	226	235	247	250	251	408	#
836	2306947	1	10	28	30	54	56	62	75	78	101	102	113	118	121	123	124	134	139	155	179	184	185	186	196	200	203	221	242	251	408	#
837	2256859	10	32	47	48	51	62	63	68	78	84	99	101	114	117	122	132	136	139	145	184	202	203	205	209	231	233	235	242	250	408	#
838	2243591	3	22	32	36	39	62	67	70	85	99	102	107	109	117	125	136	147	150	164	165	186	193	204	222	235	239	247	249	254	408	#
839	2227089	1	10	11	33	51	52	55	89	90	100	101	103	105	132	139	146	157	162	182	183	186	189	209	222	224	231	250	252	254	408	#
840	61867	46	#
841	791654	15	43	58	105	118	135	140	158	167	183	191	193	243	409	#
842	1183955	36	43	47	48	49	62	146	157	181	185	190	230	234	409	#
843	1074513	2	32	77	101	118	122	140	146	158	181	183	198	217	409	#
844	1045993	15	45	82	95	96	105	136	143	198	223	234	237	243	409	#
845	1016144	49	50	67	85	99	116	125	190	193	202	219	221	248	409	#
846	997350	44	49	57	62	134	138	174	179	185	190	191	217	245	409	#
847	418159	32	123	131	169	233	410	#
848	368146	12	197	202	233	253	410	#
849	300280	32	87	156	205	240	410	#
850	287752	50	104	131	159	200	410	#
851	245221	64	81	123	169	250	410	#
852	238123	4	127	160	169	240	410	#
853	523730	28	65	101	143	188	411	#
854	430050	65	70	105	125	209	411	#
855	396340	9	39	143	146	183	411	#
856	352981	85	148	188	224	228	411	#
857	334089	35	39	101	116	171	411	#
858	409409	68	73	139	154	160	188	193	205	207	254	412	#
859	611247	57	78	95	119	135	160	175	182	207	254	412	#
860	585766	112	127	133	138	149	155	163	188	189	242	412	#
861	541106	96	109	131	155	158	177	179	202	238	254	412	#
862	530992	59	65	73	121	128	151	193	218	228	233	412	#
863	503176	11	53	139	157	171	173	196	198	231	240	412	#
864	668324	105	110	125	143	193	214	242	243	413	#
865	662883	44	75	80	104	178	184	242	249	413	#
866	661674	15	57	115	125	130	142	181	237	413	#
867	641853	86	138	167	178	198	202	214	255	413	#
868	606314	30	78	103	105	112	117	148	215	413	#
869	596038	25	28	141	143	179	184	186	193	413	#
870	296342	58	161	191	247	414	#
871	408883	146	161	173	242	414	#
872	262472	39	48	159	191	414	#
873	177413	4	58	160	243	414	#
874	123957	73	118	186	247	414	#
875	166275	49	241	415	#
876	227557	49	138	415	#
877	139639	188	241	415	#
878	67900	139	#
879	4761641	0	2	3	4	6	9	10	11	12	19	22	29	31	33	37	41	44	45	47	50	52	67	69	70	73	74	82	84	87	97	98	100	106	107	115	130	144	145	146	147	155	156	163	170	175	176	184	186	191	193	194	195	202	205	209	213	215	218	219	223	226	228	233	235	247	252	254	416	#
880	4917449	0	3	6	7	10	17	27	29	31	41	43	47	51	53	61	65	69	74	75	82	95	96	100	105	106	108	110	127	131	133	137	142	147	148	150	157	158	163	172	174	176	181	186	188	190	194	195	196	200	202	205	206	207	208	210	214	215	217	221	225	226	230	240	241	247	252	255	416	#
881	4905089	4	9	10	12	14	16	20	23	25	37	43	47	59	60	61	69	74	77	79	80	92	95	96	97	98	100	106	108	110	111	112	115	119	123	126	140	142	145	146	150	151	157	158	160	172	174	177	188	191	194	195	196	209	214	216	218	219	221	225	228	229	233	240	241	248	252	254	416	#
882	4724120	6	12	13	16	28	37	38	39	41	45	47	49	56	57	64	74	75	79	80	83	87	92	97	101	105	106	110	111	114	122	123	126	129	132	136	138	144	148	157	170	172	178	181	182	186	187	189	190	191	192	193	194	202	205	208	210	215	218	221	228	230	238	240	247	248	251	255	416	#
883	4692901	1	4	5	6	12	13	16	21	23	29	33	39	50	51	53	59	75	77	79	81	91	92	95	96	105	106	110	115	119	126	127	129	131	137	140	141	145	146	150	153	157	158	159	161	168	173	178	182	184	185	187	188	193	195	196	206	208	209	210	213	214	219	225	226	235	252	253	416	#
884	4685731	4	9	10	12	16	22	23	26	29	31	41	43	59	62	69	70	77	79	82	83	87	90	91	99	100	104	118	127	141	144	147	150	153	156	157	160	163	165	173	174	176	179	181	189	194	196	202	207	209	210	211	214	218	219	221	223	228	230	233	238	240	241	244	245	248	252	254	416	#
885	134603	234	239	417	#
886	171171	232	234	417	#
887	92481	113	239	417	#
888	315279	51	94	99	163	186	241	418	#
889	448037	34	62	81	94	200	248	418	#
890	422698	8	45	112	139	163	180	418	#
891	411552	47	73	130	162	186	228	418	#
892	388835	29	44	79	240	241	243	418	#
893	384073	15	26	51	162	172	190	418	#
894	170863	53	127	419	#
895	124108	53	190	419	#
896	82927	127	205	419	#
897	125594	32	#
898	1265309	9	19	40	41	90	116	148	151	155	156	162	176	200	207	213	221	227	234	239	240	420	#
899	1680060	14	33	40	63	82	86	97	100	118	123	126	131	136	145	161	198	217	228	230	231	420	#
900	1583046	1	16	22	31	50	57	59	62	72	73	85	110	141	148	161	181	207	209	230	246	420	#
901	1577684	4	9	23	25	52	61	78	94	100	104	107	110	134	138	144	145	168	176	228	239	420	#
902	1463766	3	14	33	41	49	53	61	102	104	107	131	143	145	200	213	224	242	244	251	252	420	#
903	1454693	15	19	23	62	89	90	92	128	132	136	142	154	162	165	204	210	211	231	252	255	420	#
904	289726	8	38	54	64	170	209	421	#
905	413820	54	84	116	167	184	209	421	#
906	408778	8	91	106	124	136	201	421	#
907	379828	38	42	56	94	212	249	421	#
908	370598	64	98	125	170	211	242	421	#
909	365037	54	78	111	207	212	242	421	#
910	406045	20	24	89	124	127	156	422	#
911	574664	59	77	89	127	205	251	422	#
912	471515	51	56	93	156	196	218	422	#
913	377200	6	56	75	124	173	211	422	#
914	360731	24	38	156	170	248	254	422	#
915	353056	20	64	82	89	135	202	422	#
916	469628	117	137	153	175	188	196	249	255	423	#
917	618706	13	39	54	55	71	72	188	201	423	#
918	607465	26	54	69	137	153	184	196	219	423	#
919	579908	1	29	47	50	137	232	249	252	423	#
920	556964	11	20	75	125	131	152	168	175	423	#
921	550129	43	51	73	153	188	194	222	255	423	#
922	101169	106	#
923	357134	13	20	31	50	99	183	197	220	424	#
924	509391	7	50	93	113	184	204	214	237	424	#
925	492992	13	49	105	186	208	214	242	251	424	#
926	446198	23	89	110	122	123	220	235	236	424	#
927	421874	14	54	99	127	138	173	184	223	424	#
928	394266	31	61	64	138	143	160	224	251	424	#
929	419333	2	23	85	168	190	425	#
930	449914	2	16	20	110	173	425	#
931	361725	23	103	163	178	215	425	#
932	332329	76	156	190	198	217	425	#
933	269165	38	50	85	230	231	425	#
934	259778	5	66	158	168	251	425	#
935	197406	10	38	153	162	176	426	#
936	223329	38	94	109	129	150	426	#
937	200811	37	149	162	210	231	426	#
938	822365	26	54	67	68	69	84	133	162	171	172	187	208	221	223	427	#
939	1094484	5	7	15	16	69	72	99	100	146	168	173	196	219	249	427	#
940	1089019	8	13	27	38	50	64	67	68	100	112	120	148	151	195	427	#
941	1054895	16	19	58	69	82	95	112	136	162	172	196	198	219	234	427	#
942	1035123	35	49	109	115	138	141	165	171	178	196	228	237	239	249	427	#
943	999230	17	49	54	81	84	89	90	113	138	165	168	179	195	196	427	#
944	787465	43	80	90	102	154	165	168	238	242	251	254	428	#
945	908594	6	41	66	108	113	154	190	209	224	233	254	428	#
946	896163	37	46	48	74	92	98	158	165	168	184	233	428	#
947	860665	97	113	126	167	179	190	231	237	244	246	254	428	#
948	818202	52	55	56	98	111	117	118	165	175	179	236	428	#
949	773743	38	41	59	75	90	96	107	120	200	203	251	428	#
950	196373	15	40	129	429	#
951	241766	104	107	129	429	#
952	227948	15	115	132	429	#
953	172692	40	142	189	429	#
954	200123	115	134	200	430	#
955	283514	34	78	115	430	#
956	227527	134	251	254	430	#
957	215373	97	118	200	430	#
958	170044	86	187	431	#
959	138969	86	197	431	#
960	84549	58	187	431	#
961	520341	171	179	180	187	191	204	237	244	432	#
962	643422	51	55	99	152	155	191	210	219	432	#
963	635662	53	65	67	128	162	179	196	208	432	#
964	621247	26	79	88	128	152	164	180	199	432	#
965	565483	12	22	23	96	171	178	187	251	432	#
966	541694	6	21	82	99	109	114	126	237	432	#
967	261902	28	154	234	433	#
968	257984	154	178	244	433	#
969	184835	28	221	229	433	#
970	1348099	26	69	72	92	114	120	132	146	157	168	184	188	202	206	213	216	220	226	240	255	434	#
971	1666495	18	22	34	39	41	52	78	95	107	141	150	184	187	188	189	210	229	230	234	251	434	#
972	1664063	3	10	18	21	34	47	69	94	106	114	125	127	155	170	173	193	194	232	237	246	434	#
973	1595256	0	25	48	69	76	99	103	110	124	125	132	141	150	159	164	177	181	183	222	239	434	#
974	1559563	0	22	25	28	44	68	78	93	108	139	140	147	157	161	174	201	215	240	241	254	434	#
975	1482407	35	44	56	70	78	89	102	118	128	139	141	144	164	169	187	205	210	220	226	246	434	#
976	237845	109	122	161	224	251	435	#
977	334827	7	24	141	151	161	435	#
978	327163	39	55	109	110	122	435	#
979	290934	1	12	25	122	252	435	#
980	257488	6	61	69	98	224	435	#
981	725032	4	53	55	94	118	129	130	131	149	180	185	250	255	436	#
982	1067468	5	41	46	57	83	86	140	148	163	180	199	211	246	436	#
983	1014731	24	75	100	101	129	134	140	148	180	201	202	237	255	436	#
984	1002845	33	49	54	58	100	110	128	158	185	189	201	205	241	436	#
985	968719	10	21	65	86	87	116	120	125	131	163	178	206	217	436	#
986	951445	4	10	56	65	73	113	131	164	180	192	198	248	252	436	#
987	232742	96	110	139	437	#
988	202511	139	218	236	437	#
989	158844	70	96	249	437	#
990	950374	46	57	62	94	108	123	150	164	180	207	222	438	#
991	923141	15	62	94	104	125	143	165	179	180	248	249	438	#
992	880456	3	61	74	91	95	125	142	150	154	204	235	438	#
993	832629	25	57	69	70	136	143	159	191	216	224	239	438	#
994	776416	3	84	91	102	143	207	220	229	237	249	254	438	#
995	772473	27	67	73	111	122	145	149	157	164	222	253	438	#
996	337704	198	202	208	214	439	#
997	324970	23	111	141	214	439	#
998	310951	52	140	150	202	439	#
999	293438	163	189	198	213	439	#
1000	242871	73	144	208	231	439	#
