%% File generated by CATS v.2.1Wed Jun 19 19:19:30 2013

%% The CATS webpage is http://robotics.stanford.edu/CATS

%% PARAMETER SETTINGS:
% Goods: 256; Bids: 1000; Distribution: arbitrary; Runs: 50; Seed: 1371664721
% Arbitrary Distribution Parameters:
% Max Substitutable Bids = 5
% Removing HV Neighbor   = 0.1
% Adding DIAG Neighbor   = 0.2
% Additional Location    = 0.9
% Additivity             = 0.2
% Budget Factor          = 1.5
% Resale Factor          = 0.5
% Uniform Private Value:
%   Deviation            = 0.5
%   Max Good Value       = 100



goods 256
bids 1002
dummy 184

0	79469	228	251	256	#
1	92384	228	235	256	#
2	39275	71	251	256	#
3	681716	5	6	21	28	37	40	57	67	88	94	116	120	132	192	195	257	#
4	1003837	0	4	6	22	37	43	58	59	98	110	149	171	216	248	250	257	#
5	1003825	16	39	57	89	94	102	132	141	146	158	173	213	218	219	230	257	#
6	944995	8	14	15	28	59	67	78	83	85	100	126	128	132	135	246	257	#
7	941069	2	46	53	59	102	105	125	132	156	158	159	174	219	234	249	257	#
8	936756	1	9	14	26	28	147	152	154	157	158	166	203	213	237	247	257	#
9	217457	94	147	227	258	#
10	307610	84	94	189	258	#
11	306146	36	147	245	258	#
12	147992	76	226	227	258	#
13	219679	22	80	215	259	#
14	285171	80	143	173	259	#
15	198030	1	162	215	259	#
16	2035707	2	4	29	33	38	55	56	58	71	83	94	121	123	126	131	144	163	175	177	183	184	193	194	204	205	214	223	227	230	236	245	260	#
17	2346162	3	22	41	52	55	56	66	71	88	89	101	126	132	145	149	160	166	177	178	184	192	199	205	208	218	230	236	237	239	244	255	260	#
18	2333552	0	19	24	31	45	48	49	63	70	74	95	97	101	108	112	119	121	122	123	132	163	165	173	175	195	199	216	219	238	248	255	260	#
19	2322323	16	27	31	32	38	41	54	56	88	91	93	94	97	98	112	123	131	139	143	148	153	158	162	175	195	197	205	215	229	230	249	260	#
20	2321967	0	3	10	18	29	36	41	50	64	68	70	86	87	88	102	110	119	122	126	139	158	160	163	170	187	195	205	220	222	229	252	260	#
21	2299164	3	12	25	29	37	41	46	54	55	58	74	94	95	98	108	113	119	139	163	187	195	199	205	208	219	231	232	233	234	237	249	260	#
22	1995347	5	16	24	27	47	59	63	84	96	113	137	139	154	157	163	165	168	172	175	188	193	201	229	231	232	234	236	248	252	253	255	261	#
23	2448687	7	12	22	24	30	42	47	52	61	66	72	86	96	106	107	108	117	119	131	152	164	180	192	199	200	201	222	224	241	252	255	261	#
24	2425418	0	7	12	17	20	24	28	32	33	38	61	102	117	119	126	135	136	146	153	154	161	163	179	184	192	193	204	212	233	238	245	261	#
25	2360489	19	20	30	32	39	44	47	51	64	81	87	93	96	99	104	112	131	133	142	146	171	175	180	188	191	193	204	211	218	228	241	261	#
26	2305482	16	19	33	34	35	39	53	64	72	81	88	96	104	120	129	138	141	148	153	159	171	199	201	212	218	227	231	238	241	247	253	261	#
27	2303018	10	11	16	18	24	35	44	85	93	96	98	101	105	113	116	123	126	131	142	146	161	163	170	174	175	187	199	203	218	233	245	261	#
28	264815	17	23	43	106	262	#
29	374850	43	94	133	178	262	#
30	324784	106	119	151	156	262	#
31	234290	14	17	59	104	262	#
32	227331	23	72	131	196	262	#
33	735172	31	76	78	97	106	125	137	166	185	220	221	225	250	263	#
34	1073472	9	17	25	41	91	107	126	142	166	196	223	238	240	263	#
35	1036275	11	13	17	31	34	73	106	120	121	203	223	252	253	263	#
36	1014684	10	33	36	55	75	80	93	97	110	145	148	219	236	263	#
37	968389	1	43	52	78	79	90	107	124	133	139	211	227	232	263	#
38	888725	10	33	58	89	106	107	130	175	180	223	231	233	241	263	#
39	2486126	10	19	21	28	30	37	54	64	68	70	88	89	93	95	107	124	127	135	149	151	156	177	178	179	183	185	192	195	199	200	204	224	233	234	247	251	264	#
40	2946617	4	12	18	21	24	43	45	54	59	70	73	86	89	90	91	104	107	115	117	124	132	141	152	159	177	181	184	192	197	216	224	230	232	246	251	253	264	#
41	2903381	0	4	5	6	15	18	19	23	33	57	59	75	82	83	89	107	131	133	139	142	143	150	161	170	179	181	192	197	208	216	224	229	233	249	252	254	264	#
42	2887260	3	6	10	14	24	25	30	31	33	35	37	43	47	54	56	58	73	87	89	93	98	122	125	136	147	152	177	178	192	196	203	213	225	229	230	252	264	#
43	2879701	10	12	18	23	27	34	42	43	47	54	55	83	86	102	117	123	127	143	152	156	174	179	183	184	187	192	196	197	202	216	221	224	231	237	244	251	264	#
44	2861893	13	25	30	39	62	66	75	77	80	82	90	91	104	114	130	136	139	142	157	170	174	179	183	184	187	188	191	197	212	216	218	222	228	230	232	242	264	#
45	310344	90	171	200	208	265	#
46	363233	86	142	171	209	265	#
47	291242	148	200	205	230	265	#
48	199393	90	114	194	251	265	#
49	187906	58	81	84	208	265	#
50	160944	4	89	266	#
51	154425	4	130	266	#
52	140434	89	190	266	#
53	1092933	10	19	26	44	47	55	71	86	90	93	119	150	207	219	232	267	#
54	1178673	10	21	84	92	108	109	119	131	132	138	139	156	207	227	232	267	#
55	1174875	15	22	33	55	92	121	122	123	132	140	146	169	222	227	254	267	#
56	1126837	25	26	32	34	44	47	54	64	68	90	119	131	132	167	178	267	#
57	1088889	2	22	30	47	50	75	80	94	104	115	158	160	163	171	180	267	#
58	1074096	13	60	71	84	99	121	128	136	139	159	165	179	180	202	219	267	#
59	1494573	8	16	40	68	94	96	105	110	123	127	130	134	148	169	184	187	188	189	206	210	218	253	268	#
60	1906153	8	33	39	80	84	86	89	99	121	123	148	155	169	175	181	182	206	218	220	222	232	237	268	#
61	1850827	27	33	34	46	58	67	81	84	121	133	138	155	174	181	189	198	199	219	227	229	236	245	268	#
62	1809112	8	16	17	26	75	90	94	104	113	130	131	141	144	169	176	184	198	214	215	242	246	253	268	#
63	1796418	11	24	29	44	64	78	80	87	111	117	123	127	133	148	152	189	215	217	228	237	246	249	268	#
64	1745295	3	31	33	34	42	52	78	90	91	104	109	113	138	148	165	169	182	198	200	235	241	248	268	#
65	689707	22	49	94	100	121	156	161	170	187	217	269	#
66	897364	1	26	108	119	187	195	209	218	232	253	269	#
67	874428	13	15	19	86	100	152	161	194	239	248	269	#
68	779918	27	96	114	122	125	161	162	204	239	240	269	#
69	765496	42	93	106	137	156	197	199	220	234	251	269	#
70	731239	27	53	57	87	95	123	139	170	179	217	269	#
71	2004300	9	16	24	26	27	31	33	35	53	57	58	65	76	78	112	119	120	122	127	137	141	165	185	198	207	219	270	#
72	2195210	1	14	16	24	31	33	37	52	77	79	84	107	109	120	130	132	138	143	176	185	192	198	201	210	212	230	270	#
73	2120389	17	20	39	65	79	96	98	120	129	138	141	142	153	165	167	170	183	188	192	208	212	213	220	221	242	246	270	#
74	2071578	6	20	24	35	38	55	59	61	77	97	99	121	127	132	141	150	156	192	215	234	236	237	241	248	252	254	270	#
75	2068391	9	15	24	29	30	33	40	44	54	65	73	84	92	105	106	127	132	143	146	167	174	198	207	211	214	240	270	#
76	2064210	16	30	33	40	51	54	61	105	108	114	121	138	142	144	149	150	156	168	169	171	210	219	220	238	240	248	270	#
77	344501	38	108	168	188	194	220	231	271	#
78	511913	4	5	75	108	126	231	232	271	#
79	503775	9	154	168	172	200	206	236	271	#
80	499046	10	24	38	65	131	138	171	271	#
81	488913	14	127	140	154	164	194	220	271	#
82	62626	16	175	272	#
83	53954	88	175	272	#
84	920502	10	22	29	34	46	50	52	57	132	152	164	181	273	#
85	1058861	15	46	54	73	82	84	90	102	113	131	163	219	273	#
86	1047595	10	42	47	54	90	93	108	182	187	203	206	216	273	#
87	924885	14	34	54	63	64	72	90	96	131	203	223	231	273	#
88	916741	40	64	104	107	112	117	133	158	162	181	222	229	273	#
89	907903	19	83	90	99	111	116	134	152	158	180	183	240	273	#
90	668571	19	44	76	87	106	112	171	175	180	223	274	#
91	832964	1	44	107	136	183	189	195	222	228	237	274	#
92	810817	55	58	89	99	104	139	156	165	223	247	274	#
93	810115	31	37	46	98	103	106	138	154	187	238	274	#
94	794219	26	27	85	87	110	112	145	167	238	245	274	#
95	739363	46	118	127	130	155	180	192	208	213	252	274	#
96	282843	46	119	224	275	#
97	289234	220	224	230	275	#
98	243228	46	51	248	275	#
99	487571	110	161	207	209	230	276	#
100	490190	48	62	216	222	230	276	#
101	473776	57	110	145	163	213	276	#
102	419551	27	153	161	216	251	276	#
103	283462	121	207	210	240	243	276	#
104	186476	37	148	175	190	209	276	#
105	421080	43	48	53	63	183	190	277	#
106	555166	108	109	110	180	183	199	277	#
107	503584	14	41	43	80	211	235	277	#
108	489750	48	157	177	211	230	246	277	#
109	487597	39	53	107	177	201	230	277	#
110	386996	36	39	81	129	137	190	277	#
111	1610056	0	9	36	38	39	58	80	85	95	99	101	102	116	119	128	136	163	168	181	186	202	212	225	235	242	278	#
112	2127768	0	9	29	90	101	105	121	129	130	140	148	151	169	171	175	181	185	197	200	213	219	225	232	246	248	278	#
113	1942892	0	10	12	32	55	80	85	90	92	95	104	112	114	126	146	166	171	197	210	221	225	237	241	242	247	278	#
114	1925775	0	15	25	61	67	80	81	94	122	127	142	155	178	183	187	191	192	210	212	214	219	221	234	242	246	278	#
115	1903109	1	13	24	34	84	85	97	116	117	121	154	156	163	172	175	194	195	205	206	212	213	221	232	240	242	278	#
116	1856992	10	13	17	32	43	58	63	76	94	114	127	166	170	197	198	199	206	207	209	224	228	230	238	243	248	278	#
117	450823	15	19	65	136	158	177	238	279	#
118	662489	15	25	27	57	127	224	228	279	#
119	588834	39	145	177	180	232	233	250	279	#
120	536533	60	92	136	184	221	246	253	279	#
121	523209	19	69	104	116	119	122	151	279	#
122	492140	9	127	158	165	168	241	250	279	#
123	1812577	16	25	33	52	60	67	72	100	105	109	116	120	150	153	176	177	186	188	191	211	217	224	235	238	247	249	251	252	254	280	#
124	2444798	0	10	26	59	64	70	106	107	115	124	136	140	141	143	148	153	157	162	163	170	175	177	188	197	213	216	230	235	249	280	#
125	2380712	2	6	12	20	21	33	44	48	60	62	63	70	80	105	106	109	122	140	141	142	146	174	186	207	208	209	239	248	252	280	#
126	2343941	2	19	21	25	35	52	55	87	88	91	92	99	105	106	120	122	133	147	151	170	171	181	197	203	209	220	232	235	252	280	#
127	2322371	1	34	35	39	43	52	53	70	83	88	94	123	133	138	148	156	163	164	165	171	190	230	231	233	238	241	247	249	252	280	#
128	2283514	5	44	54	69	70	99	105	106	109	112	115	116	124	127	138	139	143	149	162	174	189	194	199	202	211	230	238	247	254	280	#
129	2843562	8	12	22	33	54	58	82	83	90	91	92	94	100	104	107	111	114	118	119	123	124	128	129	130	135	137	139	145	155	165	169	176	197	199	202	203	217	222	223	241	247	281	#
130	3156307	0	2	7	20	30	46	48	50	51	53	58	61	65	75	77	78	79	81	83	86	88	90	94	97	98	99	102	106	111	119	123	126	129	158	175	178	184	216	222	236	239	281	#
131	3138185	2	18	20	29	30	32	34	46	52	57	66	79	81	84	90	107	109	117	123	124	126	132	135	137	138	152	155	157	158	165	168	181	196	197	206	211	218	224	239	245	247	281	#
132	3082327	4	7	12	13	18	25	30	33	41	51	55	56	65	68	69	73	79	83	88	91	103	105	106	113	137	140	145	147	155	158	163	164	188	196	198	205	211	216	231	239	250	281	#
133	3072241	12	18	20	26	29	30	38	50	52	55	67	76	79	80	82	83	94	100	102	105	119	120	145	155	164	171	188	189	191	197	202	203	207	208	212	219	230	239	240	248	253	281	#
134	3068805	8	12	13	16	20	22	30	44	58	61	62	67	77	78	82	86	88	94	102	107	110	114	115	129	136	137	144	151	158	160	168	187	189	199	207	211	216	227	235	236	249	281	#
135	240329	13	207	218	233	282	#
136	330561	13	184	218	224	282	#
137	310129	13	89	157	192	282	#
138	230567	19	109	233	237	282	#
139	1462818	30	56	62	70	87	90	94	98	110	134	154	157	165	181	182	188	194	215	227	248	283	#
140	1653809	13	20	21	22	41	47	64	75	88	97	110	138	154	170	213	215	218	233	239	250	283	#
141	1583336	16	24	29	33	89	91	134	154	155	161	165	171	175	181	186	239	246	247	254	255	283	#
142	1520193	12	32	37	43	66	72	84	87	94	99	134	141	155	156	159	216	218	222	228	252	283	#
143	1496292	28	33	65	69	99	105	114	115	144	145	151	161	162	181	183	184	187	193	205	239	283	#
144	1477308	7	9	60	99	110	112	117	122	125	134	171	174	177	184	186	187	190	202	220	221	283	#
145	2960276	0	13	16	20	29	33	46	49	56	89	95	111	119	127	133	136	140	143	144	157	158	163	172	176	177	184	185	188	192	196	202	208	217	220	221	226	231	233	237	240	241	284	#
146	3474569	10	16	18	19	20	43	46	57	59	69	84	90	95	107	110	117	119	125	133	135	136	143	144	150	155	156	158	159	169	171	181	183	189	193	194	208	212	215	225	239	255	284	#
147	3402759	5	8	16	18	22	31	35	43	46	50	62	70	72	85	92	93	102	103	107	112	115	123	131	136	139	160	162	170	171	195	201	206	208	212	215	224	228	230	239	244	255	284	#
148	3383253	1	5	7	12	13	15	17	18	20	33	36	61	72	79	82	90	103	110	112	113	125	131	137	146	154	167	175	184	193	200	201	204	215	219	226	228	234	246	248	252	254	284	#
149	3298070	10	13	14	15	18	21	28	32	40	46	57	59	64	66	69	83	97	98	121	127	130	140	144	148	160	167	171	174	175	185	198	201	207	208	211	213	214	233	234	237	241	284	#
150	3286304	9	31	32	33	35	46	60	65	72	91	102	108	110	112	125	135	136	137	138	145	149	155	166	170	171	174	175	179	183	185	188	193	194	198	211	212	214	216	229	230	237	284	#
151	1709009	1	3	22	26	30	33	38	48	67	73	80	86	103	104	105	110	116	135	155	159	160	203	209	212	218	232	233	285	#
152	2356473	39	49	51	79	82	83	88	91	95	105	140	164	177	179	192	202	204	214	216	217	236	239	241	244	245	250	252	285	#
153	2296318	0	2	25	26	49	56	65	78	99	116	121	122	133	136	140	155	156	165	167	183	184	205	215	230	234	239	252	285	#
154	2056372	6	16	18	22	59	73	78	83	90	100	107	131	133	155	158	164	169	175	177	185	195	200	207	212	232	235	249	285	#
155	2007159	26	37	39	44	73	85	90	95	99	106	116	122	128	143	154	158	159	160	171	176	203	213	233	235	245	251	252	285	#
156	1991693	7	8	25	28	31	34	36	39	42	50	79	80	83	93	98	101	105	117	137	139	148	152	166	199	207	237	239	285	#
157	142107	28	188	286	#
158	163852	28	68	286	#
159	134939	153	188	286	#
160	1353017	1	4	19	32	44	45	51	62	77	81	94	95	112	114	133	162	169	177	213	225	243	246	287	#
161	1767520	1	16	45	53	61	66	67	84	89	113	138	140	152	170	189	196	202	216	226	227	234	237	287	#
162	1624831	7	17	34	45	46	61	82	88	110	133	138	149	158	168	177	184	195	206	226	228	239	255	287	#
163	1624474	5	26	32	36	43	44	60	95	117	135	139	147	151	156	172	179	189	193	205	236	238	254	287	#
164	1624126	5	9	13	36	37	38	69	81	83	99	110	121	132	133	167	186	196	216	226	229	233	246	287	#
165	1593814	1	4	9	13	38	40	51	61	83	135	137	140	141	142	158	195	199	200	210	226	234	252	287	#
166	409012	80	81	102	114	129	215	219	245	250	288	#
167	542909	25	55	57	60	91	117	150	162	250	288	#
168	529045	62	71	79	82	137	156	217	245	255	288	#
169	357509	23	78	97	119	149	157	158	217	219	288	#
170	770518	12	30	50	83	105	109	117	209	224	239	289	#
171	848146	5	24	30	136	142	202	206	223	230	249	289	#
172	793060	29	144	145	184	207	208	222	235	239	251	289	#
173	772777	22	25	32	107	108	109	122	133	136	209	289	#
174	726191	32	36	47	66	95	105	117	127	242	255	289	#
175	689932	45	54	76	132	139	141	209	224	245	249	289	#
176	519215	3	55	61	63	132	171	178	290	#
177	605014	1	44	63	107	120	214	232	290	#
178	598592	25	43	89	123	138	178	210	290	#
179	588592	1	20	61	75	94	135	195	290	#
180	504111	48	55	85	135	149	154	171	290	#
181	425564	74	118	130	143	171	172	203	290	#
182	599502	31	75	147	183	186	197	221	227	251	291	#
183	803818	19	28	95	119	160	183	185	189	249	291	#
184	785815	25	31	32	48	89	151	196	199	203	291	#
185	635018	12	21	33	62	75	100	135	174	241	291	#
186	622874	88	91	93	131	178	186	200	219	221	291	#
187	621817	87	100	112	157	181	183	202	217	251	291	#
188	47016	27	#
189	1216354	33	63	65	80	100	113	136	147	152	156	180	193	228	234	240	292	#
190	1212914	16	22	26	61	76	80	88	133	163	176	194	197	208	242	246	292	#
191	1176182	34	37	47	63	77	90	112	114	135	152	155	190	234	245	246	292	#
192	1119294	9	50	88	119	122	152	181	193	195	201	220	225	231	234	248	292	#
193	1117925	5	8	10	16	50	52	65	70	109	113	116	124	156	160	224	292	#
194	1096258	4	8	18	40	65	101	125	128	134	165	167	172	174	180	193	292	#
195	301318	14	98	165	197	293	#
196	393202	57	98	127	214	293	#
197	307623	121	147	180	197	293	#
198	267002	54	165	205	255	293	#
199	144511	14	31	107	220	293	#
200	889198	35	52	60	86	144	152	181	189	217	218	223	234	294	#
201	1025083	85	86	87	107	112	139	146	163	173	205	223	246	294	#
202	944221	14	17	35	74	123	132	142	169	178	200	201	230	294	#
203	909515	31	35	70	101	106	118	119	154	185	218	230	254	294	#
204	906807	3	20	22	99	142	154	157	181	183	209	218	228	294	#
205	900978	38	60	113	123	138	147	169	174	188	202	223	234	294	#
206	2300279	12	24	32	38	39	40	45	48	53	54	55	59	65	78	82	83	94	103	115	122	125	127	129	162	167	176	192	195	208	216	223	233	234	242	249	295	#
207	2934944	2	9	11	26	32	35	36	58	66	68	77	83	88	98	108	111	113	145	148	159	161	173	189	192	202	204	207	209	214	216	223	229	231	239	245	295	#
208	2853867	1	2	12	25	26	29	30	33	41	49	55	66	90	91	93	115	122	126	130	133	134	140	150	154	159	162	175	194	196	197	209	216	230	237	244	295	#
209	2746107	6	25	32	45	65	69	73	92	93	115	130	132	138	139	151	152	157	170	173	179	182	186	192	201	202	214	216	217	224	237	241	242	244	249	251	295	#
210	2745666	9	12	19	24	27	32	45	58	66	71	73	84	91	111	113	116	117	121	130	131	133	135	136	150	154	167	172	175	197	200	215	234	237	242	253	295	#
211	2737891	2	12	25	26	55	58	76	78	81	84	86	91	101	111	112	119	123	132	143	150	167	170	192	195	204	209	216	217	228	230	231	236	237	238	241	295	#
212	1725497	4	5	19	27	29	39	43	61	68	90	92	98	119	132	134	151	166	174	187	189	206	212	220	226	296	#
213	2189165	4	12	20	29	30	39	42	103	122	139	140	148	151	153	170	174	175	183	187	195	224	229	242	253	296	#
214	2003134	10	33	39	70	72	89	95	108	135	147	148	170	187	189	192	198	212	216	217	228	229	234	235	248	296	#
215	1924064	5	23	24	26	39	42	50	53	54	72	87	99	114	131	139	140	157	158	201	220	235	242	243	255	296	#
216	1922953	5	32	45	60	72	83	97	104	116	119	135	149	165	169	174	178	191	195	203	209	216	225	239	241	296	#
217	1908955	4	34	40	43	56	74	78	89	90	95	103	129	135	145	163	166	182	189	203	217	229	242	244	246	296	#
218	541509	4	14	104	137	140	232	297	#
219	496724	57	86	104	107	177	235	297	#
220	496535	8	18	48	129	232	240	297	#
221	448544	3	75	140	163	177	243	297	#
222	446129	4	57	94	216	242	251	297	#
223	442802	9	14	66	149	150	208	297	#
224	2717141	9	12	14	15	19	23	30	34	37	39	43	44	45	59	67	69	72	73	82	84	88	92	95	97	108	109	123	133	152	157	162	172	177	184	192	209	227	239	250	298	#
225	3366847	0	9	10	12	15	17	21	24	26	27	30	32	38	39	41	53	58	61	73	81	82	84	94	108	111	114	122	133	141	162	164	169	180	187	195	199	213	242	245	298	#
226	3304324	7	9	13	14	23	39	47	57	70	72	82	84	91	95	114	119	124	125	130	149	152	161	165	169	173	174	185	192	195	199	201	210	212	213	216	218	220	238	241	298	#
227	3230931	15	27	36	41	52	53	57	61	68	73	79	84	88	91	98	108	109	113	115	119	122	127	146	148	152	175	191	199	200	202	204	212	213	216	220	225	228	239	252	298	#
228	3207928	1	6	7	19	26	27	44	60	66	68	72	73	74	80	84	87	91	95	97	98	106	114	117	147	157	158	164	187	189	194	196	204	211	212	213	221	222	237	239	298	#
229	3146640	1	12	15	43	54	61	67	74	76	79	82	84	101	108	109	115	116	123	133	134	137	151	152	158	164	165	169	174	175	185	199	201	211	213	226	237	238	239	248	298	#
230	512420	0	27	52	151	203	237	299	#
231	470528	24	31	80	87	167	237	299	#
232	445123	0	60	72	110	127	203	299	#
233	404127	24	27	157	172	185	227	299	#
234	404059	52	145	155	156	159	203	299	#
235	374957	52	54	58	151	198	209	299	#
236	2032460	8	27	49	60	73	76	95	102	104	105	106	109	111	132	149	152	162	163	182	185	188	193	206	220	300	#
237	2054968	15	36	50	58	70	93	96	107	109	111	134	143	149	161	169	170	181	192	210	216	225	232	248	249	300	#
238	1915583	2	10	31	42	60	70	79	83	91	106	109	117	126	137	162	171	192	200	213	219	243	246	248	250	300	#
239	1875846	14	27	29	31	43	90	94	96	104	109	118	122	137	145	152	163	169	170	174	181	216	218	227	241	300	#
240	1849335	21	25	36	39	49	55	63	73	88	96	104	111	130	134	145	149	154	161	196	219	242	245	251	255	300	#
241	1785756	0	7	17	29	34	39	79	83	90	94	95	132	157	161	181	192	207	210	222	230	232	236	246	249	300	#
242	791894	2	40	57	97	150	179	195	220	225	301	#
243	832661	2	24	46	59	130	177	208	214	248	301	#
244	779867	36	80	81	87	150	151	160	177	248	301	#
245	757685	16	23	97	99	139	156	178	227	228	301	#
246	691937	2	6	23	38	40	64	80	221	242	301	#
247	673252	28	33	53	64	103	195	205	227	231	301	#
248	1212520	11	27	33	41	42	58	109	132	160	171	172	198	216	228	242	246	247	302	#
249	1516013	9	20	43	50	92	97	99	107	114	117	168	170	171	204	228	229	248	302	#
250	1330543	8	18	30	35	63	86	131	132	142	145	147	150	178	203	204	232	233	302	#
251	1329690	7	20	52	65	69	103	113	125	127	129	136	141	147	158	160	181	219	302	#
252	1323788	33	38	44	53	88	97	113	118	127	133	152	181	185	193	210	220	242	302	#
253	1320335	6	33	37	48	51	58	62	99	158	165	171	172	180	191	206	214	236	302	#
254	264200	5	28	164	207	303	#
255	353525	15	28	209	236	303	#
256	291948	5	157	179	195	303	#
257	269935	30	157	174	207	303	#
258	169370	14	57	164	237	303	#
259	891496	24	50	54	64	86	95	125	127	135	147	168	189	220	304	#
260	1115126	25	38	50	89	146	148	153	183	206	211	212	219	249	304	#
261	1034934	16	17	25	31	50	88	91	95	112	137	207	236	244	304	#
262	1018639	21	84	97	106	113	127	148	168	189	206	208	242	249	304	#
263	1015258	24	47	95	104	117	120	123	178	183	237	243	250	253	304	#
264	967359	8	27	65	79	103	107	116	147	161	179	203	228	246	304	#
265	89854	82	233	305	#
266	128608	82	88	305	#
267	87020	147	233	305	#
268	665079	33	61	104	135	151	169	216	225	306	#
269	722942	49	52	79	150	163	169	184	225	306	#
270	658627	20	61	82	124	163	166	199	216	306	#
271	585625	20	26	33	42	58	114	184	198	306	#
272	570074	74	95	151	160	164	174	182	234	306	#
273	551946	13	58	75	104	129	155	183	223	306	#
274	371701	29	32	157	211	249	307	#
275	420094	26	29	40	55	91	307	#
276	413297	29	97	115	125	249	307	#
277	353042	31	109	157	217	239	307	#
278	350848	16	32	49	149	229	307	#
279	243469	69	75	76	125	211	307	#
280	2671898	1	2	12	14	23	41	67	68	75	78	88	110	112	116	122	123	126	156	160	165	169	175	176	177	180	185	189	211	213	214	220	230	241	247	308	#
281	3002416	2	15	26	40	41	49	50	73	82	83	85	88	90	103	106	116	124	139	143	161	167	171	185	190	192	199	207	208	211	212	214	229	236	252	308	#
282	2953449	2	9	23	30	31	36	46	48	49	58	62	63	74	83	88	91	102	106	126	135	158	172	180	191	199	209	213	216	221	224	234	241	243	246	308	#
283	2904335	2	23	49	59	69	70	71	74	85	102	106	120	130	131	135	138	145	152	160	163	171	190	192	206	212	215	216	218	219	224	242	243	252	253	308	#
284	2834323	2	37	43	46	52	59	67	69	70	73	74	88	97	110	116	127	138	139	147	156	158	163	164	169	170	171	172	183	216	224	228	242	245	248	308	#
285	2828313	4	16	20	26	36	38	40	48	58	75	83	116	118	127	140	143	152	154	163	174	175	184	185	190	209	214	218	219	221	225	239	246	252	254	308	#
286	255119	96	221	253	309	#
287	311268	73	97	221	309	#
288	277701	62	96	222	309	#
289	231927	115	234	253	309	#
290	109757	77	96	128	310	#
291	161036	31	77	163	310	#
292	110659	28	102	128	310	#
293	179619	172	210	212	311	#
294	246869	70	74	212	311	#
295	164818	97	210	229	311	#
296	102434	0	52	172	311	#
297	33172	50	#
298	128776	92	#
299	673105	24	48	69	76	98	116	161	224	312	#
300	687393	7	24	98	123	157	171	191	210	312	#
301	655617	2	36	98	139	158	193	199	240	312	#
302	605986	22	41	96	125	130	193	223	224	312	#
303	570669	6	35	108	111	161	175	202	232	312	#
304	536029	10	26	60	76	121	161	171	208	312	#
305	1447485	25	36	47	75	92	103	104	122	132	134	143	148	177	179	180	187	195	244	313	#
306	1690185	6	7	15	18	36	61	91	98	100	128	132	134	145	152	161	171	179	239	313	#
307	1558271	4	13	15	39	51	56	84	85	103	110	111	130	132	149	161	177	189	238	313	#
308	1483212	21	22	62	65	84	91	92	97	103	117	119	121	130	132	144	151	166	197	313	#
309	1461824	36	45	94	96	123	171	178	179	180	185	193	206	208	215	228	238	245	252	313	#
310	1428009	25	36	40	42	51	62	75	118	120	126	161	174	178	186	199	217	219	244	313	#
311	1007218	6	8	23	49	93	107	117	131	142	149	158	170	190	222	249	314	#
312	1333757	13	33	46	49	51	101	110	122	127	139	153	202	231	237	251	314	#
313	1294350	0	38	68	70	73	109	150	158	170	175	179	189	231	232	241	314	#
314	1220572	27	39	40	62	73	80	112	140	155	172	192	198	221	228	249	314	#
315	1214245	13	28	30	51	87	103	122	131	149	150	157	160	206	209	247	314	#
316	1204878	35	42	43	53	58	63	67	83	89	93	117	140	203	206	229	314	#
317	379094	46	117	119	190	215	315	#
318	447368	12	46	126	131	151	315	#
319	437952	4	25	215	242	255	315	#
320	378977	0	4	119	161	215	315	#
321	372800	106	182	190	197	199	315	#
322	366015	88	117	126	151	245	315	#
323	4207682	16	23	30	32	36	38	40	44	46	48	49	51	65	68	74	75	78	87	90	92	98	100	109	112	119	124	134	137	138	139	140	141	143	146	151	156	157	159	161	166	167	168	169	171	172	187	189	199	205	208	216	217	225	231	241	242	245	251	316	#
324	4936716	0	2	6	12	16	18	21	27	29	30	32	34	44	46	48	52	59	68	69	74	75	90	97	98	106	109	112	115	117	120	128	133	139	140	141	145	147	156	157	159	165	170	178	183	185	189	191	197	199	206	207	218	220	232	234	237	242	253	316	#
325	4885146	0	4	8	20	21	25	28	30	32	34	35	48	55	64	66	68	89	90	92	98	99	103	115	124	130	131	135	138	139	141	143	145	151	152	156	157	159	160	163	165	168	171	172	177	178	186	191	195	197	204	205	207	209	214	217	239	244	245	316	#
326	4572728	7	11	20	31	32	34	40	46	47	49	66	67	68	74	75	81	84	87	89	90	92	96	99	103	117	131	136	137	140	141	144	145	148	157	161	169	171	178	180	181	187	190	191	195	205	207	210	211	217	221	227	231	237	242	244	245	253	255	316	#
327	4438482	4	7	13	25	31	40	47	49	50	51	54	56	57	61	63	64	66	67	68	74	83	86	89	90	91	97	99	103	115	116	124	131	134	141	143	145	146	148	154	159	165	169	171	173	179	185	191	205	212	213	217	218	235	237	244	245	247	251	316	#
328	4429993	0	1	2	11	16	18	21	25	31	38	47	49	51	55	69	74	75	76	81	87	90	92	97	99	108	109	115	122	131	137	140	141	153	154	156	157	158	160	163	165	167	174	178	179	184	185	187	197	200	207	217	220	222	237	241	242	254	255	316	#
329	344363	0	76	138	223	228	232	317	#
330	494423	0	6	50	115	216	223	317	#
331	390889	47	80	129	155	170	223	317	#
332	382434	54	78	88	138	201	231	317	#
333	342215	19	53	184	186	197	228	317	#
334	275988	40	76	107	140	154	159	317	#
335	418288	55	60	84	171	216	318	#
336	403783	60	62	106	154	180	318	#
337	395256	149	177	209	216	249	318	#
338	392931	2	44	59	171	241	318	#
339	301486	55	136	218	240	250	318	#
340	283641	84	127	137	185	254	318	#
341	469723	59	63	84	156	204	248	319	#
342	643344	91	151	156	158	201	223	319	#
343	537196	58	63	105	122	203	239	319	#
344	513595	84	90	148	165	211	246	319	#
345	464919	135	155	177	204	216	230	319	#
346	454289	40	63	64	67	156	248	319	#
347	640859	25	52	76	106	157	185	207	210	239	320	#
348	776131	63	83	112	113	136	161	177	179	239	320	#
349	753357	52	59	80	85	90	95	130	134	190	320	#
350	747743	52	90	93	120	142	148	163	207	212	320	#
351	725853	20	25	33	40	68	83	94	129	186	320	#
352	694744	13	74	84	93	109	153	157	181	185	320	#
353	2109788	17	28	34	44	46	49	72	83	90	91	128	133	142	147	150	160	167	174	175	176	183	188	207	229	237	239	241	248	250	321	#
354	2508977	2	9	18	30	32	53	72	87	89	92	105	114	117	123	133	134	149	161	163	165	176	185	186	205	206	211	240	242	243	321	#
355	2428375	14	17	18	20	32	34	39	45	60	63	66	72	92	104	109	132	133	140	150	153	167	181	183	191	195	199	233	236	241	321	#
356	2347249	2	14	29	34	45	92	97	102	104	107	122	125	140	142	144	152	163	173	180	188	191	201	203	217	234	237	240	242	247	321	#
357	2304049	16	17	22	29	44	63	69	83	86	87	98	99	101	129	136	137	168	182	183	205	206	213	221	236	237	240	242	245	247	321	#
358	2284530	21	29	32	44	56	57	72	84	94	99	104	123	128	130	133	150	153	160	163	169	170	182	192	212	219	236	241	245	247	321	#
359	519957	0	26	114	142	176	209	241	322	#
360	568980	26	31	38	182	201	204	209	322	#
361	494260	26	27	51	111	163	175	176	322	#
362	493372	0	27	36	142	147	175	234	322	#
363	489850	0	32	88	105	166	176	216	322	#
364	483988	13	90	111	157	217	241	246	322	#
365	211192	39	148	323	#
366	125795	3	148	323	#
367	115352	39	#
368	639559	17	47	51	55	69	76	80	171	174	206	324	#
369	902282	2	51	78	89	135	140	143	156	206	254	324	#
370	832023	58	64	69	115	119	133	148	153	222	237	324	#
371	735742	27	50	60	80	99	114	156	174	185	237	324	#
372	729262	13	14	47	79	83	133	134	146	209	218	324	#
373	695340	0	48	50	165	174	179	195	220	222	251	324	#
374	499247	47	55	98	109	117	200	325	#
375	474680	5	39	109	191	198	214	325	#
376	450654	10	59	96	98	138	139	325	#
377	421413	47	147	188	228	241	252	325	#
378	395239	157	163	175	200	204	243	325	#
379	309571	0	55	63	117	132	148	325	#
380	2294406	2	12	13	19	20	60	65	79	82	93	94	98	101	117	123	133	134	157	162	165	168	171	178	192	199	203	204	215	216	241	243	244	251	326	#
381	2839682	17	18	36	47	65	66	70	79	83	88	89	91	98	99	104	113	125	141	153	161	168	176	178	190	195	199	213	222	224	235	242	244	246	326	#
382	2765056	1	6	70	74	76	83	93	100	112	119	137	140	156	160	161	163	165	166	170	181	195	196	201	203	213	216	229	234	235	236	239	242	254	326	#
383	2653257	11	14	19	44	47	66	68	73	79	84	87	88	104	107	137	147	149	153	155	160	169	172	176	177	178	187	190	214	227	228	236	247	253	326	#
384	2640078	0	9	12	14	15	22	25	44	54	57	59	62	74	96	105	112	114	136	140	147	154	163	164	166	169	178	184	192	201	236	238	253	254	326	#
385	2627967	1	19	24	39	51	74	79	84	87	88	104	105	112	117	121	123	147	153	154	156	157	160	163	178	181	186	190	201	216	227	230	241	253	326	#
386	2554965	10	15	18	24	26	43	52	53	55	64	65	68	70	71	84	86	87	93	103	126	148	150	156	161	186	189	219	224	225	230	234	238	248	251	255	327	#
387	2970872	0	1	11	12	16	18	38	40	43	68	70	92	93	99	107	112	113	138	139	150	151	161	166	176	178	180	197	205	218	237	238	239	241	252	255	327	#
388	2891741	7	18	27	29	34	35	47	49	57	65	71	78	79	90	98	106	133	140	144	148	151	156	183	200	204	210	211	212	219	225	230	232	239	251	254	327	#
389	2882884	2	3	6	12	17	19	23	29	37	39	49	57	61	62	77	88	93	98	100	109	134	140	143	144	148	153	163	167	178	182	191	195	218	226	249	327	#
390	2854607	9	15	16	42	49	53	57	64	66	77	79	92	98	114	117	132	134	137	138	140	147	161	165	169	193	202	203	204	205	210	219	231	240	250	255	327	#
391	2840684	2	6	11	12	15	20	24	29	39	52	54	57	66	89	93	100	105	122	125	127	133	134	139	156	162	165	176	185	201	204	210	211	231	245	252	327	#
392	146881	48	131	328	#
393	163574	61	131	328	#
394	107136	48	172	328	#
395	240615	128	181	222	329	#
396	302755	20	184	222	329	#
397	289081	92	170	181	329	#
398	183257	13	43	128	329	#
399	398952	30	50	59	68	107	255	330	#
400	580266	15	68	73	86	115	243	330	#
401	446522	107	123	176	203	209	242	330	#
402	433817	15	36	50	153	186	202	330	#
403	374497	30	44	60	76	205	216	330	#
404	362128	53	59	102	112	140	168	330	#
405	2018183	9	34	47	52	55	65	68	71	74	76	86	115	119	130	144	146	168	178	184	189	192	195	199	226	228	232	240	331	#
406	2256918	13	14	15	29	37	63	65	76	79	80	81	83	86	93	94	97	156	165	184	200	206	207	213	224	230	248	252	331	#
407	2251902	9	47	48	65	73	74	83	102	109	129	132	134	136	140	145	148	156	190	199	204	205	208	217	227	242	246	248	331	#
408	2177292	21	24	52	85	88	89	91	92	98	123	124	130	134	150	171	175	198	200	206	208	209	211	224	225	234	239	242	331	#
409	2133770	9	22	28	30	39	53	54	73	104	110	119	122	130	136	140	143	146	174	190	195	203	204	208	209	217	240	254	331	#
410	2122462	4	15	41	44	55	73	75	92	93	102	104	110	118	130	134	139	178	191	195	202	211	213	215	218	229	231	240	331	#
411	83210	139	#
412	381845	18	26	32	106	332	#
413	306918	26	34	181	220	332	#
414	299691	32	133	142	241	332	#
415	272910	105	106	150	234	332	#
416	183537	3	18	155	202	332	#
417	542925	77	88	139	149	161	185	333	#
418	533904	11	12	99	172	185	198	333	#
419	498552	54	77	92	137	195	239	333	#
420	495450	2	124	149	191	200	224	333	#
421	464384	33	57	123	155	161	190	333	#
422	429390	79	114	139	172	174	196	333	#
423	238592	41	104	159	334	#
424	251317	97	104	233	334	#
425	235494	58	106	159	334	#
426	200742	41	208	252	334	#
427	177555	101	185	335	#
428	190591	101	232	335	#
429	165984	21	185	335	#
430	46735	244	#
431	1298132	16	38	45	54	81	83	85	94	132	136	147	177	197	202	237	238	239	336	#
432	1474474	20	25	54	62	72	77	86	118	128	148	156	163	198	223	235	238	241	336	#
433	1421433	31	49	63	85	91	95	101	116	134	176	178	200	201	212	220	228	237	336	#
434	1376430	24	68	74	77	81	84	137	148	161	164	180	189	202	234	239	246	255	336	#
435	1365472	80	95	118	156	177	178	179	194	196	198	201	207	212	220	237	241	248	336	#
436	1333782	5	11	15	27	67	77	83	99	101	110	114	140	161	189	190	209	252	336	#
437	344149	133	213	236	337	#
438	304862	12	68	133	337	#
439	247781	53	62	93	107	338	#
440	326341	33	53	174	216	338	#
441	296047	34	62	125	155	338	#
442	264805	90	93	167	254	338	#
443	257168	23	61	79	107	338	#
444	79895	6	85	166	339	#
445	86922	3	24	166	339	#
446	36325	187	#
447	606386	26	41	95	97	104	164	174	340	#
448	687076	73	97	109	122	135	152	212	340	#
449	648205	13	22	39	41	104	145	212	340	#
450	604938	2	41	87	210	222	237	243	340	#
451	517245	34	142	151	166	174	178	230	340	#
452	477731	37	84	141	164	167	175	226	340	#
453	958820	50	68	99	108	112	126	133	138	218	222	237	341	#
454	1078244	48	61	70	106	128	138	154	178	213	221	242	341	#
455	983648	7	49	84	99	150	204	213	223	231	245	246	341	#
456	980525	25	29	33	40	85	88	112	114	152	212	248	341	#
457	864078	11	19	41	48	50	79	106	150	160	189	195	341	#
458	794239	5	6	60	116	126	133	147	157	165	190	236	341	#
459	731115	26	39	54	130	137	148	239	244	342	#
460	699974	26	29	39	41	50	89	115	239	342	#
461	686061	20	37	52	119	148	171	212	221	342	#
462	680803	4	39	49	141	190	199	239	244	342	#
463	626457	6	21	137	190	212	226	234	248	342	#
464	622773	130	161	183	194	212	230	244	250	342	#
465	330803	53	121	192	230	343	#
466	449633	34	92	106	121	343	#
467	405665	121	127	160	230	343	#
468	195438	53	125	145	190	343	#
469	184110	71	179	187	192	343	#
470	428474	44	71	145	174	177	237	255	344	#
471	640916	8	11	40	71	112	164	239	344	#
472	404819	44	104	114	119	142	225	247	344	#
473	383104	16	67	125	135	154	177	237	344	#
474	351562	43	82	125	149	174	202	253	344	#
475	343396	4	58	112	208	234	249	255	344	#
476	703286	24	53	114	117	137	144	146	159	206	225	227	254	345	#
477	1033914	24	47	53	70	88	116	180	206	210	232	241	243	345	#
478	969913	35	42	115	121	178	201	206	216	217	227	239	249	345	#
479	939573	24	30	39	54	67	128	137	153	158	163	192	220	345	#
480	926807	29	31	68	71	76	95	106	123	146	157	171	208	345	#
481	917637	8	12	35	49	72	123	140	168	183	192	227	228	345	#
482	316578	40	43	118	165	346	#
483	319605	30	98	165	210	346	#
484	253248	43	51	127	205	346	#
485	216774	116	118	138	218	346	#
486	297585	19	66	196	200	251	347	#
487	400386	27	99	158	181	251	347	#
488	339668	58	66	71	196	241	347	#
489	322419	19	33	83	180	184	347	#
490	311088	50	103	200	209	252	347	#
491	233910	37	66	175	176	251	347	#
492	153721	124	128	225	348	#
493	165549	124	202	225	348	#
494	158116	56	140	225	348	#
495	555400	17	32	34	71	103	124	135	222	231	349	#
496	687549	6	15	17	89	109	161	164	173	233	349	#
497	674662	15	19	41	70	124	151	197	222	243	349	#
498	631217	16	17	34	50	79	81	105	134	160	349	#
499	601580	2	32	52	56	71	86	132	178	252	349	#
500	600303	5	19	35	52	69	104	192	215	222	349	#
501	1137875	24	25	35	47	71	75	96	98	112	117	160	180	184	187	194	210	218	350	#
502	1364487	4	8	17	27	33	57	89	97	133	140	147	174	194	218	227	242	248	350	#
503	1316102	8	30	37	52	89	98	99	105	144	165	167	175	176	223	233	248	255	350	#
504	1284193	7	19	25	36	76	84	95	98	104	112	149	175	185	199	210	223	245	350	#
505	1248026	27	35	47	69	70	77	109	117	131	133	141	153	177	198	219	235	236	350	#
506	1237814	1	34	35	56	57	71	79	126	131	142	163	165	174	180	182	207	245	350	#
507	419747	59	69	83	147	234	351	#
508	434336	9	97	111	147	198	351	#
509	350659	59	71	117	122	161	351	#
510	350594	7	69	142	222	224	351	#
511	292615	10	83	181	188	198	351	#
512	193451	37	56	154	221	234	351	#
513	314577	54	57	86	172	255	352	#
514	457022	52	54	165	181	254	352	#
515	359701	3	20	42	57	171	352	#
516	333687	172	180	181	239	245	352	#
517	315291	37	90	183	188	255	352	#
518	292407	4	39	86	115	139	352	#
519	1538448	11	14	39	40	46	54	71	84	90	111	112	133	138	149	158	162	210	229	234	248	353	#
520	1669448	34	41	46	51	52	59	61	73	88	92	124	130	139	176	197	198	199	229	237	244	353	#
521	1661574	12	39	51	63	79	83	112	114	118	133	143	154	167	171	178	188	218	229	237	246	353	#
522	1549017	3	14	40	49	60	77	89	92	112	121	124	145	147	180	216	220	233	239	249	250	353	#
523	1537822	11	44	58	61	63	77	90	131	138	139	143	147	163	165	167	169	175	215	246	250	353	#
524	1528157	1	9	18	60	61	63	73	82	84	85	90	98	105	112	114	119	205	229	233	244	353	#
525	445693	42	62	151	162	164	203	227	354	#
526	600219	25	162	182	188	206	216	226	354	#
527	588088	6	55	62	95	116	209	235	354	#
528	548150	72	105	116	151	164	167	189	354	#
529	473359	42	59	71	88	159	212	227	354	#
530	417479	53	90	126	159	164	203	226	354	#
531	221161	82	172	197	355	#
532	287259	25	42	197	355	#
533	193076	47	172	229	355	#
534	173073	42	82	179	355	#
535	195758	48	185	356	#
536	125097	185	209	356	#
537	107590	48	233	356	#
538	130549	72	#
539	297707	167	184	224	357	#
540	318424	139	224	233	357	#
541	177734	13	156	184	357	#
542	1051472	11	27	35	46	57	66	75	137	153	189	208	215	219	220	232	243	245	358	#
543	1372783	3	29	32	48	60	77	85	127	133	159	162	170	189	191	199	246	252	358	#
544	1309366	4	9	27	46	66	88	97	166	171	179	181	184	205	213	218	221	248	358	#
545	1290886	22	98	105	108	123	130	134	145	149	163	186	199	208	213	249	250	252	358	#
546	1273932	6	19	28	33	66	151	152	183	184	191	204	218	219	232	233	235	245	358	#
547	1253365	11	25	29	48	51	60	87	106	141	151	168	171	184	186	194	206	243	358	#
548	367660	46	121	172	190	197	359	#
549	363079	6	19	73	197	218	359	#
550	362744	67	121	146	181	217	359	#
551	352253	133	146	160	172	186	359	#
552	310949	46	47	123	188	223	359	#
553	259749	7	154	155	190	229	359	#
554	2695134	1	7	15	23	28	33	35	37	53	61	71	72	84	104	106	109	110	115	118	125	132	136	145	147	159	163	174	182	184	192	193	194	203	207	214	225	226	247	248	360	#
555	3184525	6	28	36	41	45	57	58	68	90	101	103	104	110	127	133	134	138	140	147	150	165	170	174	180	188	193	197	205	206	212	214	215	218	220	229	230	242	244	251	360	#
556	3124138	0	1	2	5	9	48	52	64	75	82	85	88	90	91	95	97	106	112	120	123	126	135	138	140	144	156	163	168	170	176	180	181	182	185	192	199	217	232	246	360	#
557	3084875	2	6	7	9	13	22	33	37	40	41	48	50	59	83	85	86	109	112	118	120	128	133	144	147	158	172	174	182	197	203	205	206	214	221	226	232	238	242	255	360	#
558	3030785	1	8	15	22	33	53	64	66	71	73	85	90	92	96	104	116	124	127	133	136	138	144	145	163	168	172	181	183	184	185	203	211	212	218	220	225	240	251	252	360	#
559	3029276	15	21	24	25	28	34	35	39	40	45	57	61	72	84	89	96	99	112	113	116	118	123	127	129	135	139	160	163	168	169	170	193	197	205	206	217	218	242	251	360	#
560	869034	2	67	69	85	94	95	112	120	180	224	361	#
561	831014	7	30	32	51	102	117	134	198	224	226	361	#
562	780936	5	95	96	109	129	161	200	208	230	236	361	#
563	744426	9	28	42	67	71	76	141	180	211	214	361	#
564	721294	67	85	86	109	149	171	209	223	241	243	361	#
565	719617	29	30	48	80	120	129	181	184	244	254	361	#
566	690564	34	43	64	137	143	169	195	362	#
567	638319	15	40	151	154	169	200	205	362	#
568	631159	34	76	80	140	161	173	231	362	#
569	559772	13	28	75	96	99	103	195	362	#
570	540644	82	87	123	137	197	204	211	362	#
571	523487	14	65	116	140	143	151	195	362	#
572	397635	15	28	36	42	235	363	#
573	491017	36	131	161	182	214	363	#
574	416600	15	30	71	80	206	363	#
575	313365	7	110	146	227	235	363	#
576	267920	5	28	104	152	227	363	#
577	226554	4	42	128	138	221	363	#
578	67906	131	#
579	87163	146	#
580	404692	5	126	147	166	204	364	#
581	522486	5	34	85	184	230	364	#
582	504390	63	89	150	158	204	364	#
583	401516	21	147	179	201	228	364	#
584	346788	126	167	193	241	248	364	#
585	261480	21	33	74	166	192	364	#
586	399863	34	106	118	120	174	228	365	#
587	521682	29	34	57	92	120	230	365	#
588	397647	19	24	108	118	120	199	365	#
589	379953	52	67	84	91	118	212	365	#
590	355114	6	92	149	165	174	236	365	#
591	340660	52	90	120	181	228	253	365	#
592	241786	28	54	59	76	366	#
593	329444	53	54	179	183	366	#
594	221376	34	37	48	76	366	#
595	221009	28	118	156	197	366	#
596	130016	21	59	183	217	366	#
597	119856	26	#
598	795124	9	72	110	143	153	163	189	218	367	#
599	697168	79	91	143	151	177	189	235	236	367	#
600	653693	3	36	59	62	74	153	191	246	367	#
601	641874	35	40	73	136	154	159	163	175	367	#
602	619840	0	9	79	110	160	189	200	206	367	#
603	583791	56	59	154	158	173	197	218	246	367	#
604	384671	46	127	133	158	368	#
605	368542	46	77	189	203	368	#
606	340495	12	133	179	221	368	#
607	325379	18	69	90	158	368	#
608	304356	96	110	127	192	368	#
609	1436773	18	21	22	30	56	62	80	98	109	123	144	158	162	205	207	209	221	236	369	#
610	1556541	1	27	42	58	62	76	90	110	117	119	151	153	161	179	232	236	239	253	369	#
611	1521819	12	21	47	51	62	71	77	80	93	98	117	137	143	148	154	157	205	253	369	#
612	1478787	6	12	22	49	64	67	94	99	132	145	157	161	172	197	198	230	242	244	369	#
613	1471009	10	17	24	27	37	54	98	99	110	117	118	147	177	179	201	210	230	236	369	#
614	1376998	15	60	65	128	146	153	160	166	176	194	197	203	207	211	212	224	232	236	369	#
615	153073	21	135	190	370	#
616	150241	26	73	135	370	#
617	107116	212	#
618	1250784	16	40	57	81	108	116	151	160	172	182	224	228	230	231	238	244	371	#
619	1475776	16	29	52	92	95	97	106	111	124	134	136	147	169	176	201	214	371	#
620	1333820	2	10	20	53	86	95	130	133	137	138	162	206	207	236	238	244	371	#
621	1291729	33	45	46	53	68	79	106	108	138	158	163	180	185	194	201	246	371	#
622	1291331	32	61	84	123	124	127	148	155	177	186	189	213	230	236	246	255	371	#
623	1269270	35	40	46	57	61	93	105	113	129	140	145	149	193	243	253	255	371	#
624	39506	250	#
625	455959	35	37	76	123	213	224	372	#
626	562952	37	57	103	152	170	213	372	#
627	545602	87	135	170	173	224	226	372	#
628	521495	63	89	123	143	196	242	372	#
629	506108	37	51	77	138	171	253	372	#
630	466907	5	76	115	138	151	212	372	#
631	1135006	3	10	14	22	41	44	83	88	90	107	159	177	215	219	228	245	249	252	373	#
632	1657422	7	33	36	47	109	115	149	152	180	187	192	204	211	215	232	235	246	253	373	#
633	1516273	28	32	46	48	62	70	72	83	97	115	116	163	167	204	205	211	214	235	373	#
634	1378209	2	7	41	44	63	96	104	114	116	117	145	180	181	187	191	234	238	253	373	#
635	1366905	0	1	4	10	11	22	27	57	68	89	115	116	142	160	168	169	232	250	373	#
636	1359799	11	20	24	31	35	68	88	89	134	163	166	191	217	228	238	239	244	255	373	#
637	389633	64	156	166	212	243	374	#
638	461860	69	156	213	225	252	374	#
639	373754	39	64	128	152	220	374	#
640	334225	85	150	164	212	225	374	#
641	333831	50	166	185	215	237	374	#
642	296125	17	21	96	240	243	374	#
643	406556	68	73	79	114	128	228	375	#
644	477381	6	29	40	55	147	228	375	#
645	474899	79	103	153	159	224	246	375	#
646	431459	73	135	180	214	235	251	375	#
647	413031	34	50	51	68	126	129	375	#
648	375548	37	114	131	140	191	200	375	#
649	315929	45	77	109	195	198	209	376	#
650	441942	21	45	83	139	199	221	376	#
651	373653	15	23	78	169	195	196	376	#
652	368539	46	49	73	77	158	221	376	#
653	364752	34	50	117	209	214	250	376	#
654	317779	39	76	176	198	223	227	376	#
655	91577	59	175	377	#
656	53957	67	175	377	#
657	96983	122	#
658	209310	73	101	207	378	#
659	230555	43	73	133	378	#
660	193701	32	166	207	378	#
661	171319	101	191	203	378	#
662	135092	128	225	379	#
663	121968	142	225	379	#
664	92495	128	241	379	#
665	283489	13	104	146	380	#
666	281412	2	13	174	380	#
667	280283	0	104	167	380	#
668	181276	7	139	146	380	#
669	114594	207	#
670	3422945	4	13	21	36	38	40	41	57	59	60	61	66	69	76	78	79	85	87	88	92	97	105	110	120	122	135	136	142	158	161	166	169	173	174	182	185	187	188	193	194	215	216	223	233	234	236	241	249	381	#
671	3762684	13	24	26	33	38	47	49	53	62	79	87	89	103	104	107	108	110	125	131	135	142	144	145	152	161	164	165	172	173	179	180	190	191	195	197	206	208	213	223	227	229	230	232	236	240	248	252	254	381	#
672	3734258	6	12	20	23	24	25	30	39	41	49	53	59	64	66	76	79	80	91	98	104	118	120	122	129	137	139	144	145	146	161	174	179	180	185	197	200	202	203	205	208	209	210	211	215	230	248	251	253	381	#
673	3720486	12	13	14	24	27	29	35	38	39	53	59	66	71	72	81	86	91	92	103	104	106	121	122	124	127	135	146	149	151	152	170	180	182	183	193	196	201	202	205	207	209	210	215	217	230	234	247	248	381	#
674	3716374	0	12	18	29	36	37	42	47	49	53	79	80	85	86	87	89	91	92	93	101	102	110	114	116	123	125	128	129	135	137	138	155	170	180	181	185	188	193	194	205	210	211	212	213	215	216	218	252	381	#
675	3710969	21	27	39	47	53	63	64	66	71	80	85	87	91	97	107	110	112	122	131	132	135	138	144	145	146	163	164	165	166	170	172	182	185	186	193	194	201	204	206	208	218	232	235	237	239	241	242	251	381	#
676	1064778	25	60	67	69	81	97	107	120	140	189	204	220	236	382	#
677	1142887	5	6	30	60	77	83	103	115	189	202	203	224	231	382	#
678	1094429	0	7	17	70	115	121	136	204	208	212	214	235	249	382	#
679	1080457	21	25	50	60	84	122	156	162	189	199	207	216	236	382	#
680	1023457	2	14	67	110	127	135	147	152	183	192	223	239	240	382	#
681	1015450	19	30	39	60	72	98	143	147	164	191	200	201	250	382	#
682	445231	116	150	176	211	235	236	383	#
683	525065	6	83	134	150	193	223	383	#
684	418203	16	17	18	119	213	235	383	#
685	369241	6	33	44	116	217	235	383	#
686	358254	35	114	170	236	243	248	383	#
687	342529	96	105	173	190	195	211	383	#
688	1694534	15	24	28	51	61	68	75	76	82	91	95	131	132	148	155	156	164	168	172	183	190	193	202	206	212	223	384	#
689	2035652	10	11	31	39	43	54	60	68	91	98	133	135	144	146	147	148	151	155	169	176	191	204	222	234	239	249	384	#
690	2013937	2	13	25	50	55	68	72	74	82	94	109	123	131	139	165	168	179	183	203	204	212	216	221	222	241	245	384	#
691	2002058	20	24	31	36	41	52	55	61	62	72	90	97	109	118	139	164	166	170	179	185	219	231	233	241	246	253	384	#
692	1993441	1	8	15	26	29	43	54	55	68	74	97	108	115	117	132	151	168	179	185	203	210	212	219	226	238	243	384	#
693	1929305	13	30	31	39	50	51	72	91	100	106	115	136	147	155	156	179	181	193	199	200	201	219	222	234	238	249	384	#
694	482596	37	39	52	67	118	158	247	253	385	#
695	678623	17	24	46	52	163	190	239	242	385	#
696	665408	8	39	42	71	89	120	130	191	385	#
697	626442	20	66	67	74	124	130	143	220	385	#
698	585785	3	39	100	106	156	158	176	243	385	#
699	534089	12	24	37	55	75	90	182	217	385	#
700	376538	98	104	147	166	244	386	#
701	442198	75	98	109	232	244	386	#
702	385233	64	98	146	149	166	386	#
703	347839	67	131	147	171	210	386	#
704	335331	45	82	91	97	244	386	#
705	304249	31	81	104	193	211	386	#
706	250348	53	109	149	387	#
707	309283	85	109	204	387	#
708	250278	19	53	81	387	#
709	109432	117	132	149	387	#
710	136233	109	126	388	#
711	140420	109	212	388	#
712	118582	126	150	388	#
713	50191	59	#
714	233734	13	16	36	389	#
715	220737	13	68	126	389	#
716	176685	36	130	166	389	#
717	346755	4	86	92	228	251	390	#
718	451854	4	129	145	207	224	390	#
719	446647	6	77	90	92	134	390	#
720	429896	41	57	100	104	228	390	#
721	373525	98	142	192	198	251	390	#
722	329460	86	111	150	165	255	390	#
723	496561	4	76	79	125	148	176	242	391	#
724	536100	63	79	125	128	138	157	199	391	#
725	526545	41	47	72	77	85	123	176	391	#
726	509871	6	11	52	79	102	166	192	391	#
727	497538	4	48	60	79	106	160	255	391	#
728	490238	77	78	79	81	148	196	243	391	#
729	649126	10	35	84	99	137	169	189	232	245	392	#
730	669335	43	50	58	169	178	191	192	195	205	392	#
731	659173	35	39	42	116	128	148	204	220	242	392	#
732	658818	10	29	59	71	73	122	134	171	173	392	#
733	628816	18	99	106	163	174	185	227	241	254	392	#
734	618977	80	106	137	183	194	198	233	237	250	392	#
735	398787	26	58	191	213	222	393	#
736	401401	4	58	112	190	213	393	#
737	355753	7	21	186	191	196	393	#
738	297340	3	58	165	174	246	393	#
739	281160	4	163	222	226	250	393	#
740	278266	26	81	91	112	247	393	#
741	703736	69	81	97	110	147	171	187	196	203	394	#
742	744214	17	53	73	140	185	196	199	217	240	394	#
743	708602	6	18	34	86	110	140	157	171	240	394	#
744	683138	6	15	40	61	116	142	147	241	246	394	#
745	671942	51	81	94	110	116	157	159	197	232	394	#
746	632091	20	93	110	135	142	194	222	227	242	394	#
747	414167	122	161	174	212	240	395	#
748	513254	2	40	122	133	146	395	#
749	324701	85	174	180	210	226	395	#
750	283747	37	58	161	220	250	395	#
751	275589	21	68	201	210	240	395	#
752	251982	95	149	159	194	212	395	#
753	197464	67	168	185	247	396	#
754	292797	67	71	134	223	396	#
755	151105	126	144	168	174	396	#
756	246408	74	94	181	235	397	#
757	297116	48	62	74	205	397	#
758	291556	175	215	232	235	397	#
759	226859	11	86	94	251	397	#
760	676423	27	64	78	85	130	139	176	195	202	254	398	#
761	865309	18	27	77	85	124	130	143	199	216	246	398	#
762	786113	36	53	64	86	134	147	164	176	222	228	398	#
763	780753	63	82	103	106	136	151	176	205	244	247	398	#
764	760232	8	36	48	82	174	189	202	212	215	254	398	#
765	753556	10	28	32	53	135	173	195	202	205	228	398	#
766	768570	39	43	56	64	105	134	146	151	176	191	399	#
767	781997	34	47	64	71	73	97	99	149	212	214	399	#
768	766099	62	78	82	102	121	134	151	164	171	185	399	#
769	757561	10	105	112	118	140	145	192	215	238	255	399	#
770	745229	11	34	61	103	108	134	150	168	174	249	399	#
771	741567	47	56	123	153	158	170	184	212	213	225	399	#
772	312370	10	72	178	196	400	#
773	380820	72	172	207	212	400	#
774	273817	10	92	162	214	400	#
775	272645	171	178	187	235	400	#
776	256582	138	146	157	196	400	#
777	1463305	9	69	73	74	98	99	101	105	115	139	167	175	180	182	185	187	246	401	#
778	1482504	0	36	81	105	135	139	149	165	166	169	187	192	204	223	236	242	244	401	#
779	1431373	15	27	36	47	83	104	136	144	150	187	200	203	210	217	230	236	246	401	#
780	1355168	0	18	31	33	35	36	55	73	74	107	135	138	144	171	200	246	248	401	#
781	1283387	2	8	18	44	83	86	102	171	175	192	197	199	201	222	229	234	239	401	#
782	1277305	7	25	27	49	64	73	78	81	85	91	104	144	162	168	172	183	246	401	#
783	547565	40	79	103	149	203	226	236	402	#
784	664803	2	79	92	120	142	169	207	402	#
785	612498	40	59	77	153	223	240	252	402	#
786	552742	8	19	58	92	117	192	203	402	#
787	502264	147	223	225	226	236	243	252	402	#
788	498889	101	103	135	138	150	159	168	402	#
789	929236	18	41	88	107	113	141	151	220	239	403	#
790	802859	18	83	106	141	143	175	186	191	241	403	#
791	766191	13	43	72	93	107	113	157	207	253	403	#
792	742572	4	15	41	43	77	132	142	183	186	403	#
793	723826	43	47	95	113	117	151	160	187	246	403	#
794	684584	13	70	75	106	115	129	140	141	175	403	#
795	909516	21	33	56	59	94	99	103	109	161	165	404	#
796	922778	8	18	40	47	92	94	99	108	233	236	404	#
797	829497	7	76	148	161	179	182	186	213	232	246	404	#
798	826962	30	33	55	103	124	165	170	182	218	236	404	#
799	776760	18	59	66	93	95	114	117	142	170	237	404	#
800	728370	15	63	81	100	103	112	126	149	164	202	404	#
801	1025171	17	30	49	56	65	67	74	76	89	153	180	204	246	405	#
802	1152481	6	27	30	46	61	81	112	164	201	237	239	246	248	405	#
803	1114659	26	28	74	76	85	111	133	136	173	174	239	245	248	405	#
804	1062984	25	30	77	81	88	104	116	133	138	153	189	200	224	405	#
805	1062652	2	51	56	73	74	118	124	138	148	165	179	184	248	405	#
806	1042857	0	17	20	30	77	85	111	114	138	179	181	204	242	405	#
807	2225225	6	13	24	29	50	52	60	68	69	75	76	78	106	118	154	167	168	171	173	175	177	180	189	191	206	209	229	230	231	233	241	244	252	254	406	#
808	2800334	28	29	31	49	53	79	81	83	84	95	107	109	112	119	130	133	134	142	143	155	156	163	165	168	169	178	181	189	206	209	218	222	231	255	406	#
809	2649254	8	9	18	19	24	39	68	69	84	97	115	127	128	130	131	133	152	161	168	174	177	178	181	190	191	205	212	215	231	234	236	242	252	255	406	#
810	2614881	3	4	20	25	29	43	50	52	57	62	78	94	98	107	117	128	130	134	164	172	173	181	182	200	201	207	218	221	231	236	246	248	249	254	406	#
811	2611920	5	13	29	34	36	40	44	45	48	56	68	83	84	114	119	133	136	138	152	163	166	172	173	185	188	191	204	213	222	229	233	244	250	254	406	#
812	2573062	1	9	18	19	27	29	39	56	79	84	99	107	111	114	118	119	128	133	139	155	167	169	175	181	182	185	189	191	194	215	219	247	248	253	406	#
813	971472	4	7	43	44	48	56	119	140	159	193	204	206	210	218	407	#
814	1239433	8	20	41	45	83	92	97	114	115	119	171	184	239	244	407	#
815	1152205	1	6	12	43	108	134	150	157	175	201	202	209	210	218	407	#
816	1061797	1	15	26	48	53	56	63	134	140	156	208	218	248	251	407	#
817	1054861	6	9	59	79	95	98	119	120	159	181	193	207	228	252	407	#
818	1021452	81	85	97	108	114	176	178	196	205	206	217	239	250	252	407	#
819	470021	4	7	38	182	190	209	222	252	408	#
820	634294	95	165	175	190	196	200	209	212	408	#
821	592245	5	31	50	73	146	163	241	252	408	#
822	591421	7	13	36	60	75	105	134	255	408	#
823	581698	74	119	132	135	182	183	203	213	408	#
824	565720	5	62	87	101	120	133	206	209	408	#
825	135562	8	#
826	376581	16	53	56	67	72	178	409	#
827	435176	7	16	106	134	171	227	409	#
828	423864	52	57	67	145	210	231	409	#
829	394723	53	61	82	146	181	215	409	#
830	371280	0	42	72	90	157	202	409	#
831	273106	56	82	87	175	230	247	409	#
832	306049	27	34	71	113	199	410	#
833	389814	22	34	116	123	167	410	#
834	359032	27	29	42	61	251	410	#
835	331907	0	32	113	169	190	410	#
836	320854	16	19	21	79	199	410	#
837	1167751	23	24	28	40	47	59	63	68	91	116	146	151	162	164	180	194	203	218	227	232	238	243	411	#
838	1730243	6	9	25	28	29	60	72	85	87	89	93	94	110	129	138	143	148	154	161	162	167	199	411	#
839	1691340	4	7	15	33	43	58	59	62	79	85	87	104	107	132	145	148	164	169	180	185	195	205	411	#
840	1669264	2	17	32	40	80	86	101	103	105	111	116	121	132	144	149	154	157	185	195	204	219	225	411	#
841	1636059	2	5	20	28	48	60	94	98	100	121	125	126	138	149	156	185	189	213	234	243	248	252	411	#
842	1621801	12	16	17	23	24	36	59	60	70	72	78	82	109	126	144	149	198	214	219	227	235	242	411	#
843	260775	6	19	65	95	157	180	208	255	#
844	280510	3	71	105	174	207	412	#
845	392783	12	108	136	174	245	412	#
846	368520	67	105	111	139	220	412	#
847	305628	48	107	156	175	207	412	#
848	297193	27	50	53	71	166	412	#
849	253778	3	27	39	94	202	412	#
850	666228	10	23	29	43	56	111	120	137	153	182	187	229	233	234	413	#
851	998568	24	63	79	80	105	124	153	160	193	199	217	219	220	248	413	#
852	977561	63	93	97	102	120	134	173	175	182	184	193	225	229	243	413	#
853	960507	23	63	66	70	96	97	108	110	114	122	129	194	208	220	413	#
854	947912	14	27	28	41	52	97	149	176	179	183	202	210	233	239	413	#
855	929182	29	37	48	56	94	112	119	131	151	171	181	210	212	229	413	#
856	1103872	9	11	17	39	50	73	105	116	122	123	132	143	159	223	225	241	414	#
857	1387454	9	20	21	32	36	64	98	146	154	177	204	205	223	248	249	254	414	#
858	1294928	7	33	48	66	90	105	108	120	137	148	159	169	212	224	229	231	414	#
859	1279226	24	34	39	54	79	90	99	116	129	135	159	177	200	201	233	242	414	#
860	1277763	29	30	57	88	89	107	122	167	194	205	216	217	223	231	242	249	414	#
861	1269255	21	30	40	74	95	96	103	110	120	133	143	180	217	242	248	249	414	#
862	58084	87	#
863	428523	30	149	183	221	223	415	#
864	444537	112	134	149	170	199	415	#
865	425015	87	118	139	223	231	415	#
866	423247	6	126	136	137	221	415	#
867	386168	30	192	211	216	240	415	#
868	335530	23	178	183	231	255	415	#
869	720953	26	41	59	136	150	181	190	207	219	254	416	#
870	854573	9	33	59	88	127	173	192	198	211	252	416	#
871	788270	8	12	21	45	56	66	135	150	161	241	416	#
872	764495	25	70	127	130	131	135	181	200	211	228	416	#
873	747933	32	41	61	107	150	168	182	200	222	236	416	#
874	737616	14	25	39	41	68	115	136	196	219	243	416	#
875	230479	89	189	417	#
876	221498	16	189	417	#
877	972971	17	21	38	78	80	81	83	126	127	152	161	166	167	193	201	418	#
878	1264190	6	7	26	72	73	87	93	126	130	179	188	197	212	233	247	418	#
879	1189872	6	11	41	63	116	117	120	129	165	168	193	212	231	237	243	418	#
880	1186333	3	28	32	62	68	71	87	97	112	181	183	187	201	211	216	418	#
881	1182200	3	11	26	38	40	92	93	106	116	121	140	152	186	218	231	418	#
882	1143639	19	28	40	41	80	87	89	129	141	144	145	168	195	224	237	418	#
883	1003904	35	39	44	69	80	86	108	127	169	228	231	237	244	419	#
884	1129677	24	49	80	99	116	127	146	161	180	218	223	224	242	419	#
885	1080063	0	4	21	80	99	140	170	171	202	219	224	228	243	419	#
886	1057985	33	65	73	89	109	120	184	214	218	224	228	243	245	419	#
887	1048551	24	26	68	105	146	169	171	175	177	215	226	243	255	419	#
888	1028119	1	26	33	35	67	115	146	169	183	184	211	220	224	419	#
889	624737	38	40	42	58	66	142	168	179	199	420	#
890	778506	66	90	136	144	155	163	192	201	236	420	#
891	772715	3	7	9	36	107	111	179	214	228	420	#
892	770726	38	52	84	99	154	165	214	222	252	420	#
893	683553	32	42	45	57	79	140	192	202	223	420	#
894	670807	37	40	42	75	101	147	172	197	249	420	#
895	245767	93	129	181	198	200	421	#
896	290047	22	26	27	29	129	421	#
897	279897	4	77	126	181	226	421	#
898	232191	11	151	198	217	247	421	#
899	530574	0	48	104	112	142	183	209	422	#
900	669579	47	48	68	112	134	169	184	422	#
901	562683	24	50	95	104	118	170	175	422	#
902	520367	61	78	99	136	142	173	187	422	#
903	472568	0	12	26	59	93	113	142	422	#
904	470503	85	116	135	143	182	195	209	422	#
905	837414	17	63	90	119	152	170	183	187	201	207	238	423	#
906	1073018	64	92	135	139	151	169	170	185	186	204	236	423	#
907	990089	7	8	63	90	99	139	181	187	204	217	238	423	#
908	943425	18	46	116	138	157	161	185	191	198	201	233	423	#
909	932155	9	22	25	35	61	73	151	155	187	190	249	423	#
910	862761	46	83	112	138	155	171	187	238	240	252	253	423	#
911	1096355	0	23	32	49	55	103	105	117	125	140	144	153	168	187	196	210	243	246	424	#
912	1502783	1	12	53	57	73	79	84	85	117	133	138	147	153	173	184	198	236	245	424	#
913	1420910	14	39	69	73	95	106	117	133	162	184	200	215	223	224	228	237	239	243	424	#
914	1375558	0	11	28	47	58	62	72	95	110	116	137	142	151	210	217	229	251	254	424	#
915	1273316	11	23	27	55	70	76	80	120	131	139	152	156	171	210	221	222	237	250	424	#
916	1266237	5	7	14	59	68	71	93	134	136	138	141	143	149	161	168	187	228	251	424	#
917	1332730	19	20	42	44	51	69	76	79	130	141	145	146	172	178	184	185	212	223	227	229	255	425	#
918	1711592	15	30	47	50	57	73	81	83	96	127	130	159	160	184	185	188	202	206	226	227	230	425	#
919	1661493	27	29	33	38	50	52	73	94	106	110	113	126	176	182	183	189	209	228	236	248	255	425	#
920	1617441	20	21	32	35	39	73	79	92	93	102	104	108	110	114	127	135	153	161	166	201	243	425	#
921	1562626	13	14	25	33	38	42	61	62	63	84	93	133	145	155	176	186	192	209	222	241	249	425	#
922	1555801	13	31	40	42	57	66	68	80	114	144	173	178	184	185	199	216	222	232	238	245	254	425	#
923	638301	49	78	87	99	182	195	241	426	#
924	601692	121	156	174	195	214	223	253	426	#
925	563713	20	70	126	149	159	182	249	426	#
926	543948	26	56	99	112	165	178	182	426	#
927	540396	35	49	96	124	239	251	253	426	#
928	485212	1	51	87	110	162	182	209	426	#
929	201988	43	94	173	427	#
930	284312	43	73	133	427	#
931	249576	33	94	185	427	#
932	195888	89	173	190	427	#
933	826147	8	43	44	84	117	158	159	164	179	222	428	#
934	857414	8	15	30	44	50	103	147	168	174	198	428	#
935	854934	16	20	34	80	83	133	164	167	177	227	428	#
936	832078	29	30	116	117	120	182	183	190	222	226	428	#
937	812264	24	43	78	81	115	121	159	213	219	233	428	#
938	794327	8	50	100	111	169	179	190	232	234	240	428	#
939	425648	106	141	171	190	232	429	#
940	544078	77	123	190	216	239	429	#
941	372105	49	99	141	188	193	429	#
942	365717	75	100	216	232	244	429	#
943	357523	51	106	138	142	158	429	#
944	280192	29	145	171	208	241	429	#
945	281552	25	154	187	202	430	#
946	315799	25	94	152	174	430	#
947	306683	75	83	136	202	430	#
948	252384	160	175	187	228	430	#
949	207062	52	100	154	187	430	#
950	756337	8	54	55	142	156	176	222	232	235	241	431	#
951	1010189	29	84	145	195	204	207	213	232	243	245	431	#
952	908956	2	9	84	85	131	144	169	176	202	242	431	#
953	844569	0	38	49	92	136	148	149	156	204	250	431	#
954	781041	32	49	63	85	101	150	203	222	242	249	431	#
955	775880	37	54	68	77	133	135	153	169	235	237	431	#
956	964398	24	31	49	59	66	94	98	109	190	192	234	432	#
957	942428	13	30	73	99	107	109	175	194	206	244	254	432	#
958	861366	2	11	15	46	94	98	118	122	209	235	243	432	#
959	822279	15	23	30	33	48	74	98	100	127	146	147	432	#
960	822114	9	24	26	27	50	78	99	147	201	227	248	432	#
961	799634	5	13	19	29	105	122	157	173	181	192	207	432	#
962	1905157	7	9	10	30	45	48	52	62	68	78	80	90	91	117	141	152	162	169	170	177	180	193	195	206	228	244	433	#
963	2134845	7	17	29	31	34	37	62	70	75	83	86	88	103	106	111	115	122	146	156	170	172	197	212	213	223	244	433	#
964	2076199	26	28	34	50	52	57	66	84	91	122	124	136	141	157	162	165	166	180	189	200	208	212	214	218	224	242	433	#
965	2043315	29	36	39	43	46	48	52	55	68	71	84	85	87	113	134	142	145	156	166	178	184	191	200	212	228	242	433	#
966	2020782	9	20	26	34	36	52	54	56	87	88	94	109	112	115	121	155	160	164	172	173	177	195	198	240	251	252	433	#
967	2017501	0	2	8	9	25	26	58	62	74	75	79	84	85	122	132	133	150	152	160	172	179	180	188	192	238	240	433	#
968	1309718	17	42	49	60	64	69	71	77	110	113	119	120	128	132	133	140	142	173	190	228	229	232	434	#
969	1912294	1	2	9	12	18	39	51	64	67	80	100	102	158	163	178	195	196	215	218	219	231	254	434	#
970	1909904	2	27	35	42	62	101	107	112	117	128	134	173	178	184	192	203	221	223	229	237	243	253	434	#
971	1870461	8	12	17	27	39	40	47	54	62	63	71	75	102	111	143	151	180	189	193	201	223	239	434	#
972	1721760	20	27	29	55	69	71	74	77	87	111	116	126	147	151	163	179	186	208	216	239	244	250	434	#
973	1690793	6	54	60	61	64	74	77	85	86	104	116	117	140	151	186	198	203	229	231	234	236	253	434	#
974	571770	35	42	137	182	213	222	435	#
975	616397	78	110	127	152	156	213	435	#
976	516904	55	56	92	120	137	140	435	#
977	503082	21	57	105	119	173	222	435	#
978	478182	5	42	67	164	207	224	435	#
979	447563	12	35	69	120	182	251	435	#
980	589742	18	27	119	150	193	206	241	246	436	#
981	722110	27	36	53	84	89	95	142	199	436	#
982	655655	64	99	189	211	222	236	246	253	436	#
983	627861	10	18	73	137	144	191	200	253	436	#
984	550161	14	85	96	119	169	203	233	236	436	#
985	499906	7	48	51	66	76	206	221	245	436	#
986	2019126	1	3	9	11	13	15	38	86	91	92	115	130	132	133	145	147	156	160	164	174	192	215	237	252	255	437	#
987	2149707	2	7	11	25	54	60	72	89	91	93	133	142	145	147	152	166	182	206	214	215	221	226	229	237	247	437	#
988	2033123	13	27	39	42	51	53	63	73	95	126	127	130	141	147	163	170	179	205	206	213	215	224	227	249	254	437	#
989	2010927	3	19	25	28	30	45	72	79	85	87	105	108	127	133	151	160	174	195	214	218	232	234	237	242	247	437	#
990	2003678	11	13	24	34	59	60	92	97	116	125	137	144	163	173	177	178	179	183	185	221	226	228	237	247	250	437	#
991	1992197	2	9	14	24	28	57	59	64	74	78	87	88	91	113	126	127	148	161	186	189	192	194	198	203	233	437	#
992	59045	159	#
993	1244044	3	26	32	43	53	56	61	68	92	101	105	139	155	175	179	201	208	215	217	242	438	#
994	1741653	11	16	59	60	61	62	104	106	112	115	134	153	157	196	206	212	218	225	236	244	438	#
995	1670533	29	61	95	101	140	141	142	169	177	180	182	187	192	208	211	212	214	215	216	240	438	#
996	1660689	3	18	35	43	62	73	84	92	111	134	138	148	160	184	193	216	217	222	243	248	438	#
997	1618811	2	15	16	43	45	56	65	66	107	109	126	151	173	188	205	214	216	218	225	242	438	#
998	1554940	12	43	44	50	62	76	84	88	91	95	114	138	139	143	151	174	178	188	222	249	438	#
999	209469	17	18	221	439	#
1000	265191	18	122	139	439	#
1001	195282	135	221	234	439	#
