%% File generated by CATS v.2.1Wed Jun 19 19:19:31 2013

%% The CATS webpage is http://robotics.stanford.edu/CATS

%% PARAMETER SETTINGS:
% Goods: 256; Bids: 1000; Distribution: arbitrary; Runs: 50; Seed: 1371664721
% Arbitrary Distribution Parameters:
% Max Substitutable Bids = 5
% Removing HV Neighbor   = 0.1
% Adding DIAG Neighbor   = 0.2
% Additional Location    = 0.9
% Additivity             = 0.2
% Budget Factor          = 1.5
% Resale Factor          = 0.5
% Normal Private Value:
%   Mean                 = 0
%   Standard Deviation   = 30



goods 256
bids 1000
dummy 188

0	144838	40	119	208	256	#
1	182981	40	151	234	256	#
2	127850	10	12	238	257	#
3	156571	10	64	235	257	#
4	50527	12	33	208	257	#
5	79192	8	#
6	204146	96	111	191	258	#
7	236786	111	215	248	258	#
8	219185	191	196	201	258	#
9	148702	23	96	173	258	#
10	9070	193	#
11	493973	36	42	47	66	67	72	112	122	159	174	177	223	259	#
12	740606	8	19	24	60	72	95	134	144	185	207	219	241	259	#
13	658414	7	21	40	66	83	88	112	129	177	185	205	221	259	#
14	657995	6	17	65	110	122	172	179	181	182	202	205	243	259	#
15	620922	6	105	120	174	199	207	228	229	230	231	245	252	259	#
16	606861	30	47	55	64	66	84	89	109	155	186	188	220	259	#
17	430364	31	51	85	98	102	145	172	190	217	223	260	#
18	567882	100	156	168	176	182	200	217	219	220	239	260	#
19	526721	65	76	82	85	90	126	180	186	190	221	260	#
20	524338	4	11	32	41	61	119	143	178	208	223	260	#
21	518811	50	53	98	119	129	174	175	191	202	207	260	#
22	494023	33	51	124	147	164	169	184	199	214	220	260	#
23	808641	15	24	35	41	55	56	57	77	96	122	174	177	217	236	247	261	#
24	1157546	18	58	60	78	87	92	102	105	116	136	145	195	229	239	247	261	#
25	1062206	5	21	24	31	42	56	61	67	111	121	151	157	190	191	194	261	#
26	1058032	0	4	21	35	40	75	78	102	115	158	166	174	196	200	207	261	#
27	970006	5	28	41	54	63	65	70	144	158	182	191	216	217	236	252	261	#
28	929384	0	4	44	78	96	142	149	150	152	161	186	217	218	248	254	261	#
29	52848	1	#
30	493268	36	91	127	134	142	157	195	202	223	262	#
31	625496	5	28	41	76	127	141	174	209	233	262	#
32	624497	36	76	115	200	223	232	234	243	248	262	#
33	605202	24	45	65	91	96	100	139	156	162	262	#
34	575907	19	56	90	120	133	157	170	227	250	262	#
35	545431	4	27	34	50	59	95	143	202	208	262	#
36	433114	52	89	98	106	114	150	165	180	198	217	263	#
37	635486	16	92	103	106	123	135	150	159	189	205	263	#
38	577737	0	31	50	66	89	108	176	187	213	222	263	#
39	555282	40	65	67	80	175	217	235	237	238	254	263	#
40	553358	3	29	90	117	120	128	178	180	222	253	263	#
41	545984	12	20	33	54	83	103	109	135	150	187	263	#
42	1106679	9	10	11	32	50	77	80	100	101	115	119	130	140	142	174	211	239	245	248	264	#
43	1630282	1	2	35	38	39	47	50	54	103	109	124	157	162	169	190	207	215	232	234	264	#
44	1317352	1	3	9	13	15	46	58	67	77	78	82	141	161	194	222	224	233	243	245	264	#
45	1296899	12	15	20	34	57	62	80	83	122	150	197	200	202	206	213	229	230	237	243	264	#
46	1270391	14	20	28	76	85	94	108	134	142	153	172	175	179	217	221	234	241	244	253	264	#
47	1251467	4	11	31	34	47	70	71	73	77	100	110	120	130	141	154	204	215	235	243	264	#
48	658598	7	10	14	59	62	78	93	151	162	180	183	210	215	265	#
49	911903	13	14	60	73	116	149	225	232	236	240	245	253	255	265	#
50	907105	5	8	27	78	79	98	119	137	143	154	182	227	252	265	#
51	873131	9	18	84	114	152	153	159	160	191	194	196	210	236	265	#
52	870195	18	25	30	39	49	63	73	76	92	122	188	215	225	265	#
53	822605	10	17	29	47	50	70	98	101	119	210	211	215	251	265	#
54	255904	37	87	131	184	233	266	#
55	348819	16	50	102	105	131	266	#
56	332993	3	37	78	115	163	266	#
57	325676	95	134	184	189	243	266	#
58	317533	29	72	87	133	137	266	#
59	294337	21	169	189	233	255	266	#
60	1076756	17	25	33	37	46	82	85	87	107	129	171	192	196	211	212	222	225	229	267	#
61	1476240	3	32	37	56	58	60	63	90	103	162	163	174	177	190	222	225	233	250	267	#
62	1371096	13	17	31	52	75	78	101	115	136	138	146	158	171	190	200	211	218	225	267	#
63	1237947	16	18	43	50	54	60	65	161	207	208	215	218	229	234	241	244	245	253	267	#
64	1231043	5	24	32	35	53	87	93	100	118	136	145	157	158	184	187	224	236	250	267	#
65	1184401	23	28	33	35	36	43	54	85	102	109	124	129	145	146	156	172	219	241	267	#
66	806571	8	10	23	26	52	71	73	82	117	130	160	183	220	245	246	249	268	#
67	1007464	29	52	61	63	68	91	98	102	134	145	160	187	202	207	233	244	268	#
68	988384	4	11	36	39	46	52	58	63	91	107	124	127	159	238	248	252	268	#
69	935662	3	10	62	69	76	79	109	110	114	129	159	189	205	221	231	235	268	#
70	915632	45	52	54	64	76	117	126	145	148	156	207	209	228	236	238	249	268	#
71	888791	30	44	71	82	84	128	131	142	151	175	189	194	195	218	240	247	268	#
72	31334	181	#
73	384965	8	16	86	173	269	#
74	393835	8	90	237	243	269	#
75	322339	14	16	50	92	269	#
76	275124	23	25	40	173	269	#
77	273791	11	86	88	233	269	#
78	428004	7	15	32	35	95	111	182	211	241	270	#
79	593162	0	69	114	123	148	173	182	220	248	270	#
80	556162	32	51	59	70	100	120	142	145	210	270	#
81	548174	0	7	13	15	54	73	75	98	178	270	#
82	507461	32	77	145	185	210	211	225	240	247	270	#
83	506421	13	15	67	76	97	134	149	229	254	270	#
84	1021665	33	38	67	73	101	124	133	150	172	188	195	197	200	222	252	271	#
85	1132400	4	25	42	52	55	91	92	98	114	124	147	152	195	225	236	271	#
86	1070721	23	26	34	35	47	54	62	73	136	148	153	179	200	229	248	271	#
87	1057156	2	16	39	51	57	99	114	118	137	178	188	205	208	212	224	271	#
88	1019874	13	29	33	47	67	70	104	136	153	176	178	191	224	236	241	271	#
89	933746	18	42	71	82	87	101	102	107	116	119	125	150	164	169	235	271	#
90	255335	43	46	108	134	191	241	272	#
91	338447	46	58	81	100	132	164	272	#
92	296299	0	5	51	128	233	241	272	#
93	278719	26	132	134	191	231	237	272	#
94	169769	49	80	93	108	223	241	272	#
95	901563	3	5	42	53	71	111	113	114	149	155	157	165	170	188	194	219	273	#
96	1212423	28	35	46	61	65	71	73	114	118	129	135	140	162	205	218	219	273	#
97	1118040	3	22	29	32	64	82	91	124	135	182	184	196	211	227	234	235	273	#
98	1032152	11	15	50	58	63	71	90	139	154	156	172	175	183	202	213	224	273	#
99	972095	3	21	40	45	60	84	89	94	97	135	159	165	176	226	234	255	273	#
100	968990	18	25	40	54	81	86	114	115	118	127	135	157	171	181	189	236	273	#
101	76829	20	#
102	106170	14	66	187	#
103	184403	115	153	221	274	#
104	187989	79	153	159	274	#
105	133057	53	221	235	274	#
106	80545	3	115	121	274	#
107	756303	19	26	34	67	72	81	88	102	112	176	186	190	200	214	226	237	241	275	#
108	1103172	2	16	28	43	96	99	102	110	114	140	142	143	176	223	228	231	249	275	#
109	1045385	13	14	20	22	33	74	100	109	114	129	132	140	142	193	200	236	248	275	#
110	1015483	10	22	27	37	57	59	106	131	133	162	166	184	196	206	226	236	254	275	#
111	1004079	7	16	55	65	71	73	78	109	131	138	148	162	167	176	222	237	246	275	#
112	935146	11	19	44	49	60	69	70	89	91	109	112	129	132	164	174	223	236	275	#
113	996494	3	21	27	33	59	73	92	119	125	128	149	177	210	224	231	276	#
114	1180445	33	41	42	59	105	122	149	157	160	169	188	194	233	250	254	276	#
115	1153522	38	42	66	71	83	93	108	128	135	140	206	211	242	246	248	276	#
116	1101355	35	39	60	90	124	149	151	155	168	170	185	201	231	235	248	276	#
117	1094122	70	73	94	130	138	157	160	165	174	190	191	200	211	224	233	276	#
118	1090687	10	21	28	36	44	50	54	90	114	120	142	150	229	233	252	276	#
119	654065	5	25	37	41	104	119	121	155	159	164	218	248	277	#
120	838017	35	46	75	76	91	159	170	199	203	210	220	244	277	#
121	823209	1	3	60	83	93	104	112	139	175	194	229	248	277	#
122	804993	4	63	95	125	133	137	139	164	185	190	205	250	277	#
123	695546	19	36	71	117	121	150	154	192	205	214	215	225	277	#
124	694624	27	36	37	64	100	104	146	147	160	209	228	247	277	#
125	35537	168	#
126	398482	49	108	132	169	193	196	226	236	278	#
127	563697	28	55	94	107	108	132	193	222	278	#
128	521148	0	2	51	87	91	108	124	150	278	#
129	483994	20	144	151	171	188	196	227	249	278	#
130	383715	82	83	88	96	126	169	185	222	278	#
131	297260	12	24	49	84	119	139	198	206	278	#
132	40149	17	#
133	4007	12	#
134	829832	4	10	31	32	39	42	52	82	95	106	142	167	200	228	247	279	#
135	1179017	55	60	86	102	125	144	146	159	167	185	200	204	219	236	247	279	#
136	1097104	22	30	43	49	52	64	83	104	107	108	145	169	183	199	230	279	#
137	1087206	31	44	51	58	64	68	74	101	136	144	152	158	190	193	252	279	#
138	1075543	27	30	34	39	41	63	86	98	99	105	146	152	164	220	249	279	#
139	1044868	12	14	17	29	49	71	90	147	163	167	171	184	221	233	244	279	#
140	49519	32	155	#
141	99907	209	218	280	#
142	112742	209	224	280	#
143	84765	212	218	280	#
144	294776	116	117	158	281	#
145	291878	116	158	253	281	#
146	290173	90	116	234	281	#
147	192585	20	68	117	281	#
148	374481	22	102	120	182	282	#
149	360603	22	44	102	222	282	#
150	301717	22	117	136	166	282	#
151	268267	22	33	97	120	282	#
152	1060683	19	29	36	40	64	99	101	107	129	160	169	182	185	187	208	218	255	283	#
153	1390327	5	6	8	29	52	54	56	66	73	88	96	121	160	163	226	230	243	283	#
154	1259796	29	39	42	50	62	67	91	93	94	127	129	136	177	224	230	247	251	283	#
155	1239980	31	35	37	53	58	64	66	101	116	135	146	186	194	204	212	253	254	283	#
156	1178841	8	19	29	30	32	34	127	129	158	161	166	169	202	227	229	231	244	283	#
157	1171926	12	14	29	48	79	80	81	84	129	130	162	172	182	231	233	243	248	283	#
158	234733	121	215	240	284	#
159	308063	71	93	121	284	#
160	214453	221	240	249	284	#
161	184371	121	180	215	284	#
162	336050	24	68	96	135	233	241	252	285	#
163	496404	24	44	93	159	197	208	225	285	#
164	493557	28	98	140	164	211	233	243	285	#
165	463444	6	11	109	128	139	141	252	285	#
166	401819	9	15	145	154	175	236	241	285	#
167	336149	86	96	122	143	147	226	234	285	#
168	60212	29	#
169	452171	29	32	92	113	151	165	215	286	#
170	455904	6	29	48	91	187	199	234	286	#
171	385609	25	29	113	135	210	214	226	286	#
172	350206	33	67	92	189	191	217	244	286	#
173	333520	7	38	78	186	212	215	240	286	#
174	272999	68	129	131	165	173	174	229	286	#
175	268234	57	97	137	192	287	#
176	382259	37	71	137	239	287	#
177	233664	57	82	126	253	287	#
178	184970	97	99	157	229	287	#
179	1644866	10	18	42	44	47	49	55	58	59	61	123	125	129	130	135	144	146	154	160	174	178	189	211	217	226	228	237	254	288	#
180	2116747	4	18	20	23	25	29	53	55	59	60	70	74	81	90	91	99	117	126	150	154	187	208	229	234	235	244	248	252	288	#
181	2058248	1	4	15	19	21	30	31	34	43	44	45	55	64	65	74	80	83	90	91	111	145	147	158	170	192	214	234	252	288	#
182	1979601	5	17	20	29	35	43	49	65	86	102	105	113	123	128	130	132	144	154	162	169	177	189	194	197	210	222	225	226	288	#
183	1843655	1	2	3	18	22	43	47	48	63	77	111	113	123	128	134	135	145	148	151	159	165	166	173	174	175	211	215	243	288	#
184	1838559	2	20	29	34	37	42	48	58	60	72	77	83	85	86	87	90	118	129	135	137	143	179	210	212	220	226	241	242	288	#
185	556354	3	17	64	125	146	151	181	221	252	289	#
186	618890	18	21	58	65	145	172	186	252	254	289	#
187	583569	8	45	52	116	151	172	188	221	241	289	#
188	557520	5	7	50	51	64	127	148	173	222	289	#
189	531152	7	17	20	28	61	72	98	217	229	289	#
190	515331	22	72	149	181	187	206	230	231	234	289	#
191	117446	135	239	290	#
192	146090	135	219	290	#
193	136873	42	239	290	#
194	231563	46	134	238	291	#
195	329104	3	23	46	291	#
196	209469	75	134	241	291	#
197	496332	13	41	82	104	105	132	135	153	198	213	292	#
198	717168	74	104	141	168	179	181	183	197	218	255	292	#
199	633548	55	79	113	115	116	118	131	159	213	218	292	#
200	621465	11	16	19	24	60	77	132	149	217	248	292	#
201	604765	10	19	82	124	139	141	152	190	192	215	292	#
202	457919	13	31	74	91	121	123	159	182	188	241	292	#
203	1269625	27	32	55	66	68	71	76	120	157	161	172	189	191	194	202	225	232	244	250	293	#
204	1640124	11	21	22	28	68	91	97	98	115	122	128	147	167	170	205	241	246	251	254	293	#
205	1354131	11	35	70	112	120	123	124	136	154	161	168	183	187	191	196	205	232	246	254	293	#
206	1270406	15	48	55	71	81	84	90	99	107	137	138	152	161	164	203	225	226	250	252	293	#
207	1262328	10	19	21	29	42	55	64	100	128	140	143	176	178	195	197	220	223	226	231	293	#
208	1249853	3	34	45	65	82	91	104	115	121	152	160	171	183	188	212	214	226	244	246	293	#
209	123170	58	#
210	276338	36	51	90	201	225	294	#
211	373467	90	154	187	199	253	294	#
212	346289	9	34	55	139	225	294	#
213	293960	1	36	114	211	250	294	#
214	206728	24	119	136	138	201	294	#
215	200252	19	51	95	210	248	294	#
216	1321066	28	49	67	90	105	111	134	152	157	164	194	195	196	222	223	230	247	248	295	#
217	1291277	23	41	55	58	67	75	99	101	128	134	160	187	199	223	226	243	248	255	295	#
218	1268477	45	56	80	92	102	118	119	120	135	137	139	143	167	179	195	200	220	228	295	#
219	1221287	7	12	20	29	37	51	55	117	131	146	158	171	207	217	222	230	247	248	295	#
220	1145047	1	16	38	47	49	73	118	123	131	132	142	149	159	163	167	214	220	222	295	#
221	1135942	2	7	19	68	79	88	90	109	116	119	134	137	144	163	173	236	246	255	295	#
222	800995	17	27	45	96	115	116	121	137	166	170	171	184	193	237	249	296	#
223	1085646	6	37	54	80	91	115	123	145	151	157	164	176	185	229	252	296	#
224	1017525	16	50	51	103	106	110	143	145	155	177	205	206	207	236	237	296	#
225	1009431	0	4	25	27	33	36	48	80	96	98	111	129	154	167	197	296	#
226	999738	2	31	41	45	56	64	72	96	142	151	152	189	201	220	254	296	#
227	992427	28	75	81	82	99	113	136	137	170	185	190	193	205	235	252	296	#
228	183115	7	187	297	#
229	195368	187	237	297	#
230	182277	7	165	297	#
231	397018	7	12	31	40	50	60	78	171	192	298	#
232	570355	50	61	84	104	173	196	198	238	243	298	#
233	532682	12	66	87	143	176	192	193	196	220	298	#
234	517982	4	104	178	183	192	205	234	247	253	298	#
235	516411	40	78	88	90	133	137	151	160	179	298	#
236	456385	7	46	66	113	153	154	168	178	224	298	#
237	127187	21	#
238	956844	0	30	39	86	100	101	142	178	196	204	224	230	299	#
239	1001617	2	5	30	52	101	116	170	173	212	215	223	230	299	#
240	822570	5	30	81	130	158	207	217	220	235	247	251	254	299	#
241	796967	4	27	52	86	163	172	204	230	232	235	239	247	299	#
242	796295	1	20	36	55	56	67	74	86	90	177	216	234	299	#
243	795182	26	40	64	65	75	84	101	111	136	144	230	245	299	#
244	1163731	4	33	40	47	72	75	97	106	109	119	134	147	150	163	164	174	195	210	213	221	224	226	235	243	300	#
245	1723428	19	25	33	39	88	90	93	98	100	114	116	151	153	156	182	192	206	213	218	226	237	238	241	245	300	#
246	1684887	10	49	50	63	64	65	66	68	71	89	92	122	124	141	144	148	153	156	158	188	221	227	229	239	300	#
247	1658850	11	12	30	64	74	78	80	84	93	122	131	144	148	169	175	177	180	193	194	195	196	213	243	252	300	#
248	1657314	11	13	34	52	61	63	64	69	83	92	104	112	115	154	157	158	162	171	184	199	218	231	235	243	300	#
249	1607614	8	9	14	15	17	22	55	59	101	105	107	121	134	147	149	162	164	167	175	179	224	225	241	242	300	#
250	588844	3	11	14	42	79	125	140	222	301	#
251	715913	11	27	74	114	118	171	178	253	301	#
252	711091	14	33	41	101	127	164	217	238	301	#
253	689960	20	42	45	63	68	84	127	179	301	#
254	688133	3	4	17	51	60	141	186	195	301	#
255	518807	28	53	54	163	169	170	212	222	301	#
256	366794	65	84	104	142	164	241	242	302	#
257	524365	64	142	190	192	195	222	237	302	#
258	427334	21	84	120	138	141	143	221	302	#
259	401905	9	13	14	24	231	237	241	302	#
260	369118	31	38	62	90	95	104	164	302	#
261	353173	23	65	81	142	193	198	224	302	#
262	588246	14	15	26	40	47	90	93	100	112	124	133	148	184	243	245	303	#
263	876429	0	16	38	61	65	77	99	106	111	124	125	127	180	203	252	303	#
264	861463	4	27	93	110	121	134	138	139	151	180	188	211	227	228	239	303	#
265	853638	1	6	11	51	60	66	82	100	140	190	194	212	215	235	253	303	#
266	815998	5	27	41	66	86	90	99	113	129	144	159	186	205	214	247	303	#
267	815186	8	29	51	70	75	82	102	135	138	146	158	184	203	224	247	303	#
268	160094	60	188	230	304	#
269	140403	198	211	230	304	#
270	103055	31	188	225	304	#
271	79592	60	186	220	304	#
272	988833	14	15	23	34	42	61	68	69	84	93	135	156	190	201	305	#
273	1405960	1	6	23	28	37	49	50	68	93	102	104	179	225	254	305	#
274	963195	35	39	49	66	84	87	104	117	119	132	149	205	207	225	305	#
275	925035	11	33	35	54	61	69	121	122	125	131	161	222	228	243	305	#
276	910121	37	42	74	99	123	126	129	137	157	182	183	245	248	255	305	#
277	841054	17	28	40	47	76	94	119	154	167	190	198	225	229	247	305	#
278	175989	100	175	306	#
279	104188	100	201	306	#
280	124820	175	#
281	38601	193	254	307	#
282	42036	53	193	307	#
283	943465	30	41	91	93	103	104	142	168	169	179	181	222	229	242	245	252	308	#
284	1195980	10	17	22	29	32	39	65	73	98	100	105	136	141	152	179	229	308	#
285	1170803	2	44	52	58	79	133	147	165	172	189	193	200	207	228	234	252	308	#
286	1120344	40	45	65	91	96	97	102	151	194	215	216	219	227	228	248	250	308	#
287	1074658	8	18	28	30	48	54	79	105	136	153	160	184	213	228	244	254	308	#
288	997951	26	33	67	72	74	77	87	118	122	135	196	200	211	228	229	247	308	#
289	134873	86	237	309	#
290	106295	201	237	309	#
291	137735	115	244	310	#
292	173993	93	115	310	#
293	135621	47	244	310	#
294	657397	50	53	67	75	81	121	123	197	228	237	311	#
295	971877	2	22	48	50	54	80	91	132	230	239	311	#
296	765243	70	164	179	191	197	217	224	230	244	254	311	#
297	697625	6	13	65	75	90	172	182	187	234	248	311	#
298	618219	51	61	71	73	131	165	188	195	214	237	311	#
299	601389	49	57	81	87	135	152	185	198	220	251	311	#
300	56825	141	#
301	338802	5	40	87	148	223	242	312	#
302	508081	140	148	196	224	226	251	312	#
303	379398	5	83	103	172	175	211	312	#
304	305958	93	131	164	171	172	242	312	#
305	269924	0	2	18	132	182	223	312	#
306	259549	14	40	51	162	171	183	312	#
307	615453	26	31	40	47	72	74	139	151	163	213	235	236	244	313	#
308	896234	5	10	26	43	46	58	68	69	77	118	151	163	225	313	#
309	872862	4	27	40	74	90	101	139	175	178	207	221	231	245	313	#
310	788857	22	31	70	73	86	107	140	179	200	212	228	235	240	313	#
311	786925	10	19	30	31	51	103	114	146	147	161	178	226	233	313	#
312	749143	27	30	51	66	97	112	135	157	158	196	207	214	244	313	#
313	7037	176	#
314	99165	191	212	236	246	314	#
315	108837	149	212	227	233	314	#
316	59033	212	#
317	607458	23	30	65	69	106	130	177	203	216	315	#
318	655998	30	38	80	122	161	192	222	232	242	315	#
319	612435	60	74	96	105	203	208	239	252	255	315	#
320	601918	28	62	68	110	124	129	137	177	216	315	#
321	598760	23	71	74	143	155	178	209	224	244	315	#
322	587821	10	31	44	66	149	188	212	216	229	315	#
323	1218221	8	18	27	36	44	48	50	73	75	78	91	105	117	132	146	186	188	194	316	#
324	1291729	19	44	54	84	92	121	122	126	164	178	187	196	198	203	225	228	232	248	316	#
325	1238458	38	39	47	119	146	149	154	159	161	165	171	176	194	200	224	229	230	246	316	#
326	1231549	24	27	34	40	43	49	57	62	64	65	70	80	102	125	153	186	225	227	316	#
327	1214324	21	23	26	30	50	55	56	112	128	154	163	164	185	199	207	217	244	249	316	#
328	1199891	2	12	33	51	53	60	80	84	104	146	172	188	213	216	226	229	231	232	316	#
329	1354930	13	14	19	51	62	72	82	89	95	107	116	125	136	152	154	175	176	186	197	207	220	236	238	251	317	#
330	1924449	2	4	5	21	30	38	45	50	51	54	69	71	141	177	180	191	197	198	200	211	212	251	252	254	317	#
331	1843557	5	7	18	36	44	62	69	75	92	105	119	131	148	156	185	186	191	210	215	219	222	237	251	253	317	#
332	1767104	0	11	45	47	58	62	63	80	92	106	109	122	126	128	137	141	143	146	176	206	222	234	242	245	317	#
333	1690518	13	31	51	55	58	75	82	83	85	86	94	98	112	114	116	175	191	193	201	205	211	221	224	239	317	#
334	1674455	2	10	13	25	29	33	42	68	69	75	78	84	85	115	120	141	142	147	177	181	224	226	239	246	317	#
335	749406	4	6	59	79	105	157	179	188	195	318	#
336	779885	25	31	48	58	59	60	174	200	244	318	#
337	756791	1	26	47	66	82	148	188	202	203	318	#
338	725730	9	15	17	46	70	157	159	161	215	318	#
339	646858	0	68	105	106	162	166	174	189	243	318	#
340	565001	4	19	135	137	138	147	148	168	253	318	#
341	854208	31	32	61	76	86	99	108	128	154	200	240	248	319	#
342	1013592	0	21	31	39	47	100	114	167	171	192	232	240	319	#
343	864621	34	46	54	62	110	132	145	158	172	178	179	248	319	#
344	840458	9	22	25	39	52	93	99	100	116	135	176	238	319	#
345	832557	16	24	30	36	76	79	128	144	161	165	170	248	319	#
346	806253	1	14	57	94	144	151	186	197	200	208	247	254	319	#
347	183228	43	106	125	153	173	207	227	320	#
348	216444	1	15	63	67	104	202	227	320	#
349	1202875	2	40	43	61	90	107	115	117	129	133	136	188	190	193	198	208	211	321	#
350	1519871	9	22	27	43	57	73	88	137	154	157	162	169	175	211	224	237	254	321	#
351	1346986	3	22	35	36	47	88	116	117	136	167	195	205	208	216	224	226	247	321	#
352	1177791	8	31	54	58	64	93	103	118	132	139	168	195	197	208	211	217	255	321	#
353	1144350	2	3	36	79	99	110	133	153	179	190	195	213	217	225	234	244	245	321	#
354	1121017	2	44	49	61	72	74	76	93	128	153	180	186	198	205	230	252	253	321	#
355	1137276	19	20	26	27	28	34	96	106	108	141	145	159	169	172	176	181	189	235	395	#
356	979893	3	31	43	52	62	67	87	92	114	148	191	206	208	219	221	226	241	322	#
357	1388553	3	4	21	23	45	68	69	85	143	152	164	179	215	225	229	249	250	322	#
358	1340928	87	91	105	122	138	149	177	195	200	209	219	222	223	229	232	241	255	322	#
359	1266397	18	25	27	33	34	43	69	92	104	145	150	153	158	170	229	239	249	322	#
360	1233719	12	21	65	74	119	122	128	131	135	142	148	154	156	187	191	224	240	322	#
361	1233056	19	23	62	71	79	102	104	126	136	138	177	191	195	208	213	241	243	322	#
362	277799	0	154	244	254	323	#
363	292352	14	160	222	244	323	#
364	236126	6	22	154	175	323	#
365	187649	0	97	169	200	323	#
366	833247	3	34	36	51	59	97	114	118	123	129	154	162	174	199	200	247	251	324	#
367	1226069	1	3	20	28	38	59	73	114	119	146	149	154	198	206	215	251	253	324	#
368	1209461	7	23	28	32	59	84	107	115	116	162	172	196	200	232	237	243	250	324	#
369	1206440	43	48	63	73	112	117	123	130	144	146	156	175	177	179	182	218	223	324	#
370	1141692	41	46	52	71	73	89	101	110	111	120	129	143	201	211	215	250	255	324	#
371	1106856	25	32	51	53	60	71	84	87	126	135	145	158	161	167	208	217	226	324	#
372	1208950	6	7	13	30	31	50	75	81	108	125	138	181	182	208	211	213	242	325	#
373	1510354	1	4	12	27	30	48	84	96	101	109	131	138	177	193	195	206	253	325	#
374	1311220	12	18	57	64	69	74	75	81	90	132	137	138	163	201	208	220	243	325	#
375	1301108	12	38	42	53	75	80	113	114	121	164	167	175	179	194	210	213	251	325	#
376	1274636	19	21	23	39	40	77	79	90	105	106	115	175	192	195	223	232	242	325	#
377	1199630	1	10	15	54	64	96	101	129	130	139	211	212	220	228	230	246	249	325	#
378	390501	6	17	21	132	139	173	221	233	251	326	#
379	567879	54	57	114	124	157	189	199	217	251	326	#
380	542184	21	25	60	84	93	132	133	229	235	326	#
381	510556	6	24	78	132	139	150	170	175	243	326	#
382	486126	42	56	88	99	110	132	144	163	190	326	#
383	477596	9	50	55	75	107	109	141	161	221	326	#
384	591995	60	87	91	94	170	185	203	233	327	#
385	600084	22	24	88	94	104	106	133	204	327	#
386	562314	5	36	43	128	131	170	192	225	327	#
387	520322	60	93	111	124	131	152	210	241	327	#
388	481305	57	72	82	85	87	95	117	224	327	#
389	452365	5	11	61	75	76	167	185	209	327	#
390	377253	2	79	110	115	156	168	192	201	213	328	#
391	547233	138	142	143	178	192	197	201	206	236	328	#
392	521018	15	89	110	141	144	151	161	184	204	328	#
393	503847	9	33	109	113	126	154	192	232	237	328	#
394	467915	21	57	98	99	129	157	161	172	213	328	#
395	455506	30	42	44	53	90	156	189	225	238	328	#
396	816577	86	97	112	114	128	191	207	208	226	232	233	243	255	329	#
397	960250	22	23	45	90	112	127	132	147	193	204	217	219	249	329	#
398	909021	59	89	103	108	119	122	157	171	184	205	208	243	246	329	#
399	859533	29	49	79	95	109	146	167	173	188	205	221	225	226	329	#
400	804375	18	29	33	34	56	59	128	132	137	148	187	211	212	329	#
401	785428	29	33	57	91	108	121	180	197	204	205	228	233	243	329	#
402	287605	3	20	115	223	253	330	#
403	398441	20	60	93	198	201	330	#
404	391219	87	106	115	128	221	330	#
405	366105	3	31	43	244	247	330	#
406	347141	46	104	135	205	253	330	#
407	319125	22	23	156	223	228	330	#
408	1817431	27	32	34	36	47	60	79	80	99	112	115	127	131	132	156	158	161	162	167	199	207	211	233	236	239	240	242	250	255	331	#
409	2158304	4	22	25	32	55	57	71	77	79	82	85	91	92	113	114	134	140	143	144	156	159	167	175	185	221	226	228	236	241	331	#
410	2018676	7	16	43	54	85	88	101	104	106	113	117	122	127	133	151	152	154	161	165	167	185	208	215	224	228	230	232	233	238	331	#
411	1984776	12	13	19	31	35	37	43	46	49	80	84	93	105	109	114	120	140	143	153	160	187	194	197	209	219	232	234	237	240	331	#
412	1964951	2	9	16	29	37	40	67	74	91	98	102	108	111	126	132	136	155	157	177	180	183	184	188	189	190	225	234	237	245	331	#
413	1958813	11	12	13	16	27	30	32	58	60	84	93	108	111	113	127	135	141	158	172	186	201	211	229	230	234	239	240	247	252	331	#
414	439599	12	59	141	176	207	239	242	243	332	#
415	577546	16	94	108	158	185	207	223	247	332	#
416	558873	5	34	35	112	156	193	207	239	332	#
417	558226	31	52	59	123	147	153	214	248	332	#
418	541546	82	84	105	113	115	141	159	162	332	#
419	512327	4	91	108	154	159	204	238	243	332	#
420	130165	109	191	217	333	#
421	183018	35	85	109	333	#
422	179937	175	187	191	333	#
423	179737	94	156	217	333	#
424	124774	119	146	334	#
425	143941	119	159	334	#
426	82871	70	146	334	#
427	369374	11	24	69	106	178	192	335	#
428	409636	25	55	69	154	169	229	335	#
429	399662	11	41	59	167	171	249	335	#
430	362389	67	72	105	152	178	193	335	#
431	350824	25	65	170	179	192	228	335	#
432	184167	24	61	108	127	130	165	335	#
433	383968	64	85	113	117	165	222	336	#
434	503863	4	23	32	97	146	165	336	#
435	474287	5	8	27	105	113	134	336	#
436	466149	30	64	125	132	162	196	336	#
437	277749	85	116	119	134	214	216	336	#
438	237309	16	50	157	215	222	247	336	#
439	196349	103	175	231	337	#
440	254053	90	102	175	337	#
441	170784	103	106	195	337	#
442	144444	64	82	231	337	#
443	628915	11	39	125	205	214	243	248	338	#
444	775955	5	61	63	90	98	144	205	338	#
445	616134	39	58	98	120	148	164	195	338	#
446	529118	21	91	161	179	180	201	248	338	#
447	525615	11	27	92	161	184	211	228	338	#
448	433052	42	63	117	148	183	207	214	338	#
449	246738	3	175	244	339	#
450	268695	184	244	246	339	#
451	247424	21	43	175	339	#
452	213718	3	154	215	339	#
453	173917	222	223	340	#
454	223821	141	222	340	#
455	112115	2	223	340	#
456	1047353	29	63	75	90	91	94	107	109	114	119	130	175	180	186	187	200	216	227	238	341	#
457	1555163	8	13	14	22	28	43	46	63	69	71	75	94	99	140	172	181	186	190	200	341	#
458	1416123	7	22	29	34	54	55	58	75	87	98	116	130	162	172	175	200	209	251	253	341	#
459	1396841	6	7	46	49	65	68	91	105	127	136	140	154	196	211	232	243	244	250	251	341	#
460	1316877	7	16	40	66	91	111	114	117	135	136	168	193	196	227	230	237	242	243	253	341	#
461	1300737	5	7	9	24	39	45	55	58	74	92	104	109	112	122	177	178	187	195	252	341	#
462	58978	220	#
463	833099	1	46	57	60	67	86	97	99	107	138	139	140	174	216	236	255	342	#
464	1116007	0	39	40	68	92	93	126	138	140	150	153	178	188	213	234	242	342	#
465	1067530	26	39	44	52	60	66	100	102	110	113	149	155	206	212	242	246	342	#
466	1027473	0	46	50	60	62	75	79	85	91	107	137	140	183	216	229	234	342	#
467	960156	8	34	36	40	59	60	97	139	148	157	178	190	205	206	213	250	342	#
468	945843	3	14	38	46	64	69	71	82	90	105	107	113	121	170	218	228	342	#
469	473159	24	27	53	82	91	100	103	132	158	343	#
470	661562	11	54	69	73	83	112	132	199	235	343	#
471	629947	72	100	112	165	183	190	208	222	251	343	#
472	618197	6	13	27	86	131	214	226	246	252	343	#
473	614099	50	53	60	80	139	193	201	203	233	343	#
474	598353	6	7	27	101	103	135	171	202	210	343	#
475	99209	35	#
476	190995	23	28	238	344	#
477	286188	151	200	238	344	#
478	203002	23	93	213	344	#
479	152430	28	97	211	344	#
480	657920	8	18	43	54	79	122	129	203	209	345	#
481	637725	8	32	39	45	97	120	125	187	197	345	#
482	622694	16	52	54	97	126	155	161	222	236	345	#
483	593823	4	34	96	126	170	184	185	209	224	345	#
484	586775	40	95	122	124	137	142	149	155	183	345	#
485	580018	59	64	89	106	129	143	164	178	236	345	#
486	630868	41	45	53	58	80	96	139	166	219	255	346	#
487	756476	11	41	44	54	58	101	207	210	234	238	346	#
488	705835	42	67	80	93	95	114	117	132	152	182	346	#
489	681761	76	92	156	186	198	211	212	219	233	241	346	#
490	612696	1	51	57	105	112	124	132	139	163	204	346	#
491	545030	12	39	54	68	72	112	120	147	153	255	346	#
492	198387	47	131	155	194	347	#
493	275389	3	131	240	245	347	#
494	242927	75	187	194	218	347	#
495	172898	126	155	158	233	347	#
496	1486741	5	11	24	32	85	88	93	109	110	135	136	144	152	154	162	178	182	185	193	199	223	233	251	348	#
497	1839802	6	25	29	42	80	85	86	93	96	129	136	137	145	152	178	179	180	205	222	226	232	238	243	348	#
498	1533969	13	21	73	76	93	96	101	105	109	112	113	134	138	159	164	170	180	208	225	240	242	244	248	348	#
499	1426474	7	11	24	30	33	35	37	46	93	101	120	122	130	136	143	152	176	200	216	217	223	224	240	348	#
500	1347587	10	22	27	30	54	58	67	73	84	88	112	113	122	131	135	162	178	185	190	195	218	223	248	348	#
501	1344858	42	44	48	52	57	60	64	67	68	88	92	101	119	144	146	158	165	173	189	195	224	229	241	348	#
502	564186	24	75	82	161	195	199	224	252	349	#
503	582274	43	81	100	103	127	178	196	252	349	#
504	573853	7	9	14	39	88	141	195	211	349	#
505	477978	16	82	88	101	120	130	141	236	349	#
506	458366	27	56	67	204	220	222	224	234	349	#
507	450935	24	41	59	110	172	217	240	255	349	#
508	1072377	3	13	30	34	37	51	53	59	63	65	94	97	111	139	160	188	197	218	221	233	255	350	#
509	1454732	12	30	31	45	54	55	60	63	97	116	123	130	141	150	157	162	168	173	177	183	207	350	#
510	1442237	1	8	16	17	23	47	58	59	82	93	98	141	145	153	159	193	218	230	233	235	245	350	#
511	1439833	1	28	30	34	40	57	62	75	81	94	116	144	150	155	169	201	217	225	245	253	255	350	#
512	1427462	3	13	22	24	25	37	66	74	80	88	108	111	136	144	150	192	196	200	201	204	229	350	#
513	1423111	11	13	14	43	44	70	75	78	94	113	140	169	179	209	211	223	225	227	230	250	255	350	#
514	822856	0	1	27	34	41	43	75	182	187	198	218	351	#
515	986524	43	104	108	112	114	117	128	140	170	226	229	351	#
516	897791	39	53	60	83	104	132	139	161	178	187	244	351	#
517	850919	0	11	73	77	80	93	151	170	177	202	238	351	#
518	839408	0	1	15	39	89	94	152	186	215	243	244	351	#
519	741517	1	3	26	41	99	142	147	175	179	189	232	351	#
520	511567	14	43	55	66	169	225	352	#
521	405279	47	59	107	225	234	248	352	#
522	366682	55	101	117	130	163	202	352	#
523	358592	36	43	68	142	151	238	352	#
524	311690	16	66	134	192	212	241	352	#
525	284764	131	165	169	188	204	231	352	#
526	251110	74	127	162	353	#
527	285983	47	161	162	353	#
528	253255	74	147	149	353	#
529	127940	1	127	223	353	#
530	159946	10	135	354	#
531	158582	10	144	354	#
532	155097	59	135	354	#
533	705886	8	15	27	42	55	109	168	198	213	221	238	239	355	#
534	921108	27	43	63	72	112	128	138	141	166	167	216	225	355	#
535	911220	8	28	48	103	122	124	127	133	146	156	188	224	355	#
536	705171	9	16	31	37	68	77	80	123	168	198	221	252	355	#
537	621957	1	36	45	48	55	66	117	153	162	183	216	238	355	#
538	618278	54	59	86	92	111	158	168	170	178	198	205	209	355	#
539	1118430	1	21	33	34	38	60	68	76	85	93	112	122	151	205	207	211	242	356	#
540	1398331	9	12	13	20	35	55	76	85	111	136	139	162	182	193	196	248	252	356	#
541	1303046	17	30	33	46	54	60	96	116	178	180	189	195	200	203	205	228	235	356	#
542	1240274	0	11	24	33	42	56	74	85	105	108	145	188	190	191	203	205	215	356	#
543	1217317	9	21	57	78	87	93	94	120	121	124	162	169	172	197	221	239	253	356	#
544	1156770	0	4	33	34	44	63	82	84	95	108	141	157	162	170	188	215	239	356	#
545	990329	6	25	30	45	57	113	115	140	169	186	188	189	195	212	229	231	242	252	253	357	#
546	1407054	0	9	13	20	39	45	47	55	61	67	83	99	112	137	188	196	212	213	220	357	#
547	1273774	29	31	37	52	56	61	70	116	119	132	139	140	161	167	190	203	204	214	231	357	#
548	1260799	1	25	53	61	64	66	70	79	82	96	98	115	181	200	206	218	222	241	250	357	#
549	1212736	3	4	11	55	70	72	85	110	156	159	177	179	197	216	226	241	243	245	252	357	#
550	1185369	8	48	63	71	72	79	82	114	137	152	154	155	157	174	177	207	236	242	247	357	#
551	315829	61	144	194	203	358	#
552	353451	54	75	194	228	358	#
553	307539	1	24	80	203	358	#
554	251095	23	61	133	230	358	#
555	941338	32	62	64	69	71	81	126	173	183	185	219	224	248	359	#
556	1094198	32	38	74	96	119	122	148	182	183	211	219	247	252	359	#
557	1072105	48	50	59	71	73	88	139	149	168	179	206	213	240	359	#
558	1033529	20	32	58	63	65	92	98	129	150	152	200	217	231	359	#
559	1029601	12	15	46	50	81	87	91	156	163	208	247	248	252	359	#
560	918503	21	48	49	56	69	71	93	127	133	156	205	220	243	359	#
561	167569	25	69	110	360	#
562	196929	46	69	173	360	#
563	172830	25	87	255	360	#
564	170366	0	23	110	360	#
565	154751	91	179	361	#
566	166643	91	188	361	#
567	155794	21	179	361	#
568	1284780	20	25	42	56	78	79	87	91	98	102	111	118	161	166	170	177	189	195	220	227	231	242	245	247	362	#
569	1778420	11	16	29	46	60	62	76	83	88	92	107	121	134	138	154	156	181	189	200	203	204	219	236	242	362	#
570	1735730	2	8	10	25	29	40	71	74	102	108	111	120	168	179	180	186	188	193	198	203	223	240	241	252	362	#
571	1721393	9	11	20	22	40	41	54	76	83	102	106	113	126	144	151	161	170	173	184	200	215	231	245	246	362	#
572	1712509	1	5	14	21	38	40	50	54	61	71	94	140	155	179	191	193	194	198	204	205	220	233	235	252	362	#
573	1676509	2	16	30	32	36	38	48	102	107	110	114	120	140	149	152	170	177	185	198	209	218	219	239	240	362	#
574	1900693	4	8	9	23	36	47	62	84	110	113	115	117	128	129	135	141	154	159	161	168	169	170	171	186	197	210	212	213	226	237	241	245	254	363	#
575	2643618	1	10	11	36	38	48	57	60	67	74	75	77	96	100	113	116	119	121	140	156	158	167	175	200	210	224	225	231	232	233	241	246	251	363	#
576	2442430	16	19	39	50	61	64	71	73	74	76	79	91	92	94	97	110	119	123	128	146	152	158	162	167	192	195	199	203	216	218	226	228	249	363	#
577	2419978	1	8	11	12	34	72	74	75	78	82	96	117	124	140	151	154	156	164	165	166	168	177	186	200	208	221	227	233	236	244	247	251	255	363	#
578	2366925	10	31	34	49	61	63	64	73	77	87	88	93	102	110	113	115	122	156	158	165	167	171	184	192	194	204	223	239	240	246	250	252	255	363	#
579	2359515	0	18	38	41	42	57	61	64	71	83	100	113	120	140	144	146	156	164	167	186	187	197	199	200	208	210	213	219	224	238	239	242	246	363	#
580	589288	0	23	87	98	116	156	176	364	#
581	593392	21	87	114	123	134	153	200	364	#
582	568095	40	94	106	116	138	167	226	364	#
583	479759	6	11	14	43	87	156	255	364	#
584	469218	0	38	61	69	77	162	164	364	#
585	396214	15	59	98	123	138	153	188	364	#
586	92185	4	5	78	108	155	221	#
587	53117	160	#
588	281840	13	59	144	177	365	#
589	310709	143	167	177	188	365	#
590	256850	144	186	197	218	365	#
591	231157	13	111	146	206	365	#
592	200560	25	26	59	73	365	#
593	914380	36	47	50	67	70	73	98	110	122	131	139	140	142	189	197	200	366	#
594	1221808	1	11	41	47	53	59	67	81	92	93	104	131	151	182	219	224	366	#
595	1204984	2	81	93	114	124	139	152	157	167	172	197	202	218	240	242	247	366	#
596	1203595	64	70	79	104	108	116	128	145	151	165	166	167	199	225	229	250	366	#
597	1175651	22	47	52	64	70	81	90	94	97	140	153	196	204	221	224	253	366	#
598	1140661	23	42	53	57	64	88	89	115	140	143	165	166	168	189	205	236	366	#
599	1641427	1	36	37	47	50	58	62	64	68	72	88	90	95	96	106	110	111	119	130	141	149	160	194	212	219	220	231	245	367	#
600	1993723	1	3	20	39	41	48	52	96	104	106	114	116	119	125	126	127	128	158	173	186	196	197	198	221	226	240	246	255	367	#
601	1934117	1	7	9	25	35	38	41	43	56	59	61	100	120	123	137	144	146	164	167	177	194	207	220	226	227	229	250	254	367	#
602	1909606	1	9	47	57	58	61	65	87	91	98	104	107	111	117	122	134	141	142	156	160	178	195	205	209	213	226	242	253	367	#
603	1871083	5	30	55	61	75	76	83	89	90	94	102	104	106	116	121	131	134	139	142	145	152	155	156	161	172	184	214	232	367	#
604	1838157	23	34	42	43	46	68	71	75	79	91	92	96	120	123	127	139	151	157	172	180	191	194	201	218	221	228	245	248	367	#
605	122972	2	109	368	#
606	178666	20	109	368	#
607	90150	2	202	368	#
608	854314	9	27	30	40	45	57	70	155	170	203	205	214	230	369	#
609	959003	18	40	54	73	104	105	121	127	157	162	164	201	204	369	#
610	930678	28	46	54	77	90	91	123	125	159	176	203	221	252	369	#
611	906069	9	17	23	46	54	81	87	106	113	122	155	157	220	369	#
612	835459	10	16	56	83	93	111	119	165	182	193	205	225	234	369	#
613	818129	33	50	67	72	94	98	122	174	207	223	230	243	245	369	#
614	833013	3	36	70	125	158	182	192	198	213	229	246	370	#
615	957216	43	55	58	62	71	82	106	165	187	198	235	370	#
616	808629	2	3	18	23	27	82	83	199	223	235	244	370	#
617	805956	35	88	106	113	139	147	158	167	170	190	213	370	#
618	724271	43	44	70	75	78	101	127	219	220	232	248	370	#
619	720909	2	33	153	177	179	188	229	233	235	244	246	370	#
620	771926	6	25	44	80	95	108	125	126	139	181	200	220	239	243	247	371	#
621	1115306	48	56	70	86	88	89	124	127	167	173	200	201	205	220	232	371	#
622	1012581	7	14	20	30	39	43	44	48	57	69	108	117	139	186	215	371	#
623	975363	43	61	80	84	91	120	142	156	157	158	161	168	174	232	239	371	#
624	939207	17	21	43	44	52	91	130	149	172	181	208	222	223	231	246	371	#
625	929090	13	20	24	25	49	59	80	124	151	184	186	197	220	221	224	371	#
626	143586	65	77	201	230	372	#
627	162673	33	65	223	255	372	#
628	217403	94	104	185	373	#
629	225150	8	104	172	373	#
630	207175	22	114	185	373	#
631	155551	18	94	156	373	#
632	614980	14	31	51	54	68	132	155	172	182	217	239	254	374	#
633	848678	1	10	20	23	24	37	136	168	224	252	253	254	374	#
634	806953	9	13	18	48	56	84	88	103	147	215	226	239	374	#
635	764626	16	31	58	62	80	102	134	138	140	169	221	233	374	#
636	710637	0	4	18	54	82	115	131	143	182	184	209	231	374	#
637	709254	29	50	94	104	155	164	203	219	231	235	237	242	374	#
638	1284862	9	15	18	28	44	48	55	57	71	72	76	78	92	109	131	133	135	143	157	176	181	193	222	242	248	255	375	#
639	1867623	19	29	46	52	54	80	106	128	132	133	134	149	155	165	167	183	187	188	194	199	207	230	233	236	252	253	375	#
640	1813003	2	12	14	17	23	62	79	88	90	118	125	146	159	170	173	181	182	183	190	197	220	234	243	247	248	254	375	#
641	1741369	4	18	21	27	32	34	45	49	61	81	103	113	118	122	124	132	133	140	143	145	149	156	158	159	189	194	375	#
642	1706595	11	22	32	42	47	66	74	79	87	104	121	123	125	127	129	157	175	177	178	186	193	194	202	217	234	247	375	#
643	1705939	5	9	14	26	36	41	47	61	64	77	94	116	118	124	154	156	157	163	164	180	197	199	218	231	235	243	375	#
644	729581	52	58	68	90	127	149	151	170	176	185	191	376	#
645	866333	51	52	71	102	103	136	149	204	218	219	234	376	#
646	827205	0	22	29	39	40	42	51	54	90	142	203	376	#
647	805966	2	23	27	29	101	127	139	160	163	174	188	376	#
648	722021	34	52	116	139	169	172	179	198	234	246	252	376	#
649	667892	39	58	60	112	139	160	172	191	207	225	236	376	#
650	196399	114	129	150	155	206	377	#
651	246500	67	96	103	114	131	377	#
652	218680	59	144	150	153	164	377	#
653	116751	57	100	135	186	206	377	#
654	139695	140	178	226	378	#
655	186176	136	143	226	378	#
656	156766	10	108	140	378	#
657	95239	142	178	251	378	#
658	32243	231	#
659	157387	26	53	59	134	201	379	#
660	228643	33	45	53	56	158	379	#
661	188609	5	25	26	105	253	379	#
662	857283	0	5	29	32	36	45	102	130	131	182	191	202	239	242	250	380	#
663	1141233	20	30	44	48	50	52	66	91	124	130	142	182	201	217	218	380	#
664	1133355	20	26	38	39	61	73	75	87	158	189	192	202	226	229	241	380	#
665	1092335	4	9	12	29	61	76	101	102	130	136	153	189	198	226	249	380	#
666	1006588	11	29	37	57	70	82	109	120	128	137	150	167	170	250	255	380	#
667	988487	0	1	16	17	36	47	58	76	121	122	128	173	183	218	226	380	#
668	391343	11	41	172	181	217	239	381	#
669	487702	11	72	115	214	239	252	381	#
670	482634	15	42	70	108	217	224	381	#
671	398143	11	57	89	99	105	241	381	#
672	315443	15	41	169	199	254	255	381	#
673	251944	9	17	23	53	118	181	381	#
674	376505	0	6	21	102	247	382	#
675	420249	0	39	102	115	208	382	#
676	370256	39	135	200	209	247	382	#
677	313070	0	70	149	206	228	382	#
678	176132	6	34	66	157	246	382	#
679	167731	21	66	110	142	144	382	#
680	1746951	15	16	23	27	35	45	58	66	77	81	91	94	110	126	144	153	155	159	161	174	176	196	198	234	241	245	250	383	#
681	1993382	18	38	39	47	55	79	91	94	96	108	126	131	138	147	164	165	169	177	191	198	201	204	207	215	224	234	240	383	#
682	1861286	8	18	31	39	48	55	102	107	112	120	123	126	128	149	150	161	163	167	172	178	183	201	211	228	231	250	252	383	#
683	1859421	18	66	91	96	131	136	137	157	164	167	170	174	179	180	185	188	194	196	205	209	223	227	230	231	235	248	250	383	#
684	1856391	0	8	17	20	43	45	48	54	57	70	72	79	85	100	110	117	122	167	170	173	176	187	197	218	224	228	243	383	#
685	1835428	10	18	27	55	59	67	76	104	119	126	131	132	149	151	153	165	176	184	191	195	196	201	205	222	234	237	245	383	#
686	857455	32	46	62	94	121	132	155	158	161	190	201	218	227	235	238	240	241	384	#
687	1285431	2	27	30	56	90	114	117	119	132	171	178	192	199	234	235	247	253	384	#
688	1129368	16	27	30	32	89	90	117	161	166	171	174	209	227	235	237	238	252	384	#
689	1093249	0	2	10	11	13	14	23	30	45	122	147	154	157	223	226	241	246	384	#
690	1088942	10	14	17	29	34	82	87	98	128	129	139	151	198	225	235	240	247	384	#
691	1078513	4	7	15	19	28	30	33	39	61	123	148	149	152	177	183	190	246	384	#
692	446864	65	99	192	199	218	229	237	385	#
693	616678	8	23	74	80	125	229	241	385	#
694	566039	41	140	151	155	160	189	237	385	#
695	461571	53	65	68	96	138	155	195	385	#
696	432798	32	64	99	119	120	181	226	385	#
697	426477	14	114	140	174	201	218	241	385	#
698	850448	47	49	65	91	97	119	126	132	168	185	201	203	211	224	386	#
699	1060900	9	80	88	89	91	118	127	135	151	165	185	198	225	245	386	#
700	957988	7	21	26	37	80	122	132	136	155	170	200	242	244	255	386	#
701	947276	6	21	76	104	113	114	123	165	190	197	203	214	238	251	386	#
702	943361	0	9	36	51	64	90	115	123	126	133	161	163	185	226	386	#
703	906520	13	47	48	49	74	80	102	151	164	176	184	200	228	248	386	#
704	678488	22	87	89	134	138	141	150	194	204	387	#
705	713930	20	21	29	33	95	138	141	156	240	387	#
706	653458	42	98	111	129	167	177	203	204	225	387	#
707	608360	82	89	104	131	143	149	178	194	204	387	#
708	595038	2	45	56	87	102	161	177	187	204	387	#
709	549420	0	38	48	63	123	138	178	215	234	387	#
710	297453	21	95	138	139	214	217	388	#
711	406625	58	59	84	112	138	147	388	#
712	331189	34	88	89	103	217	224	388	#
713	259990	35	72	92	95	112	146	388	#
714	234226	21	66	72	99	108	133	388	#
715	3753382	0	4	13	21	30	33	35	36	39	41	47	48	51	57	58	66	67	69	70	71	74	87	88	89	90	100	122	126	127	131	140	148	150	163	166	168	169	172	174	185	186	189	191	204	208	215	217	221	225	226	231	234	240	241	244	245	389	#
716	3834878	2	5	19	25	27	30	36	38	39	42	55	58	64	71	72	76	85	88	92	93	102	103	114	122	127	129	137	152	163	169	177	191	193	194	198	199	201	202	203	204	210	211	224	225	226	230	231	232	238	240	241	242	245	246	253	254	389	#
717	3815814	0	2	11	21	26	30	32	33	36	38	43	45	48	52	58	59	61	62	66	71	75	86	95	98	99	100	104	132	145	146	151	152	154	156	164	165	169	170	172	175	180	183	186	192	193	203	222	224	225	226	228	234	240	243	246	254	389	#
718	3789520	2	5	7	9	10	12	21	23	28	33	41	47	49	51	54	56	58	59	60	63	82	83	86	87	88	90	96	115	118	122	140	142	147	149	151	153	161	166	170	174	178	183	189	195	203	208	211	212	215	224	231	237	241	245	246	249	389	#
719	3789124	0	3	14	16	18	20	25	49	51	53	69	71	74	80	89	90	91	92	98	101	102	113	116	121	124	126	130	132	136	138	139	144	146	148	157	161	168	171	176	180	182	195	203	205	207	209	215	216	221	225	226	228	231	237	243	245	389	#
720	3768860	2	13	17	25	27	35	36	38	39	43	59	60	66	68	77	81	84	90	98	103	104	105	112	114	116	124	132	135	137	140	147	148	159	163	165	171	178	180	184	186	187	190	198	200	214	217	219	221	223	227	231	237	241	245	246	253	389	#
721	1150005	29	41	50	70	73	86	121	148	153	157	179	203	229	236	250	390	#
722	1158718	31	39	64	74	116	117	121	143	156	190	203	214	229	249	252	390	#
723	1024623	29	39	44	77	101	107	114	126	143	150	177	179	190	193	202	390	#
724	986589	0	20	22	47	54	63	74	112	115	116	146	159	213	218	236	390	#
725	971675	8	18	24	41	52	73	76	93	97	114	117	171	215	224	228	390	#
726	962589	44	48	54	64	67	91	97	107	110	124	139	157	170	207	222	390	#
727	194867	116	124	391	#
728	164565	11	124	391	#
729	159999	85	116	391	#
730	341131	50	61	152	153	164	166	216	392	#
731	503127	12	29	61	68	136	143	144	392	#
732	450479	8	23	42	105	126	136	166	392	#
733	428797	50	54	69	92	124	144	227	392	#
734	292766	51	79	88	130	199	216	222	392	#
735	435933	5	11	20	69	89	108	111	232	393	#
736	643369	6	30	93	111	179	232	240	243	393	#
737	596303	3	17	43	66	69	92	123	144	393	#
738	577489	3	5	43	86	89	102	157	167	393	#
739	554729	27	41	89	98	102	154	158	193	393	#
740	477399	24	75	111	173	187	205	208	223	393	#
741	127361	34	109	394	#
742	130640	34	54	394	#
743	111593	109	234	394	#
744	74814	9	#
745	851453	0	5	17	31	34	42	66	121	148	152	153	159	160	165	168	192	206	231	395	#
746	1247594	11	40	44	64	65	66	122	149	153	165	172	180	184	189	191	199	218	245	395	#
747	1199855	1	13	31	64	82	84	85	123	128	144	157	184	193	194	224	226	246	250	395	#
748	1140616	15	25	27	46	48	61	68	114	121	150	154	180	186	190	198	213	238	240	395	#
749	1139571	13	19	28	32	47	51	56	61	74	96	114	115	130	153	160	185	204	206	395	#
750	143300	51	79	194	396	#
751	171199	79	138	211	396	#
752	199350	89	97	205	397	#
753	233520	34	205	213	397	#
754	216764	73	89	191	397	#
755	131975	53	58	106	214	398	#
756	191162	58	110	118	130	398	#
757	190117	43	85	106	108	398	#
758	1398288	5	15	18	34	66	103	104	106	128	129	150	152	154	187	197	198	199	207	211	216	220	223	231	237	242	244	248	399	#
759	2009654	3	5	18	19	23	37	41	45	53	59	60	62	73	75	91	115	118	143	144	182	197	211	222	225	229	236	246	399	#
760	1998305	0	7	9	20	26	30	66	84	100	107	114	115	123	141	152	162	167	175	178	193	194	203	211	215	220	225	243	399	#
761	1917306	4	24	28	49	61	88	91	95	114	128	129	135	144	149	161	176	183	185	188	198	211	219	232	240	243	244	255	399	#
762	1914784	4	11	15	18	20	49	63	65	68	96	99	103	104	113	125	129	140	147	156	166	172	174	190	197	205	207	227	399	#
763	1898871	2	5	14	17	34	42	54	56	82	83	84	103	127	132	143	147	164	169	172	202	205	207	221	223	235	239	243	399	#
764	1359368	2	3	4	27	40	53	70	74	88	102	103	105	111	119	131	188	189	194	197	215	223	252	400	#
765	1645465	2	5	40	70	88	96	99	110	111	132	141	144	148	152	171	183	188	192	204	222	225	229	400	#
766	1620920	8	21	25	32	37	39	57	60	76	88	95	118	132	136	143	147	155	158	206	239	249	252	400	#
767	1606632	10	18	20	38	45	54	73	91	94	99	100	138	140	162	164	194	207	209	210	215	235	240	400	#
768	1540692	5	19	22	29	36	58	88	93	100	107	112	113	118	152	167	168	174	190	198	219	225	246	400	#
769	1498792	0	2	5	17	44	48	55	59	84	105	119	130	133	148	158	161	163	165	190	194	205	235	400	#
770	679284	9	26	47	57	77	97	107	108	113	117	119	139	151	169	190	219	401	#
771	981112	25	48	75	99	102	125	137	151	152	156	180	195	208	230	240	245	401	#
772	966504	1	5	14	22	26	28	41	81	109	125	154	200	201	224	249	252	401	#
773	956119	0	3	10	43	45	66	67	85	103	109	115	132	182	190	208	249	401	#
774	932746	9	24	44	56	80	82	99	140	153	159	192	195	203	230	232	254	401	#
775	901449	13	24	37	40	47	89	106	114	117	140	185	190	220	227	245	250	401	#
776	1126616	20	28	43	47	78	98	116	121	128	136	168	169	188	203	215	221	227	242	402	#
777	1258415	10	11	16	49	50	51	71	73	84	144	174	180	188	190	232	239	240	245	402	#
778	1235271	2	21	43	52	57	102	121	128	131	136	184	203	207	215	231	239	250	254	402	#
779	1206509	14	20	32	43	54	62	73	94	100	102	108	154	162	164	182	203	216	231	402	#
780	1202428	30	55	63	64	71	73	77	84	95	114	121	146	158	173	175	195	196	231	402	#
781	1192950	6	28	51	55	87	88	114	142	147	175	191	204	213	221	222	243	244	247	402	#
782	568089	6	30	137	143	144	178	190	240	242	403	#
783	692836	128	137	154	162	174	189	196	204	222	403	#
784	602707	80	105	134	166	177	179	190	251	253	403	#
785	566212	6	44	78	120	132	187	195	201	232	403	#
786	549295	27	30	85	126	172	183	193	223	247	403	#
787	544618	35	39	73	100	112	138	143	167	220	403	#
788	52637	103	123	#
789	180346	20	72	108	194	404	#
790	206851	50	60	72	137	404	#
791	180047	108	109	182	248	404	#
792	786553	41	47	55	103	116	157	167	185	250	405	#
793	656941	55	80	94	156	162	163	172	195	216	405	#
794	613297	41	54	89	96	100	116	151	171	187	405	#
795	560926	20	52	101	103	147	173	184	228	242	405	#
796	533048	67	79	81	86	116	119	132	154	213	405	#
797	513429	2	84	107	160	171	176	190	244	250	405	#
798	500650	17	94	113	149	158	159	174	196	204	213	223	406	#
799	717787	9	63	89	115	116	151	157	163	204	210	249	406	#
800	684256	16	19	33	79	102	113	137	138	158	223	239	406	#
801	642801	2	21	26	28	38	94	166	173	175	193	208	406	#
802	639259	8	31	35	36	99	138	144	158	201	224	245	406	#
803	627693	17	34	79	89	99	113	126	137	163	219	230	406	#
804	616594	1	9	15	57	68	85	217	235	407	#
805	754460	57	85	101	116	185	192	205	227	407	#
806	714953	1	11	86	105	138	203	207	252	407	#
807	576193	1	29	98	167	175	176	217	224	407	#
808	574871	68	70	146	147	171	177	213	246	407	#
809	495138	15	23	75	98	136	157	159	186	407	#
810	183909	88	125	180	231	239	408	#
811	248462	108	151	155	180	248	408	#
812	230623	53	72	134	200	231	408	#
813	418414	19	43	91	162	167	209	212	409	#
814	483244	7	47	53	68	162	167	230	409	#
815	468963	66	131	167	176	216	229	253	409	#
816	360591	30	91	149	163	182	203	210	409	#
817	340036	43	45	62	77	97	159	182	409	#
818	311175	19	66	91	147	206	209	231	409	#
819	828912	6	43	79	81	89	104	107	119	128	129	154	160	171	208	235	240	410	#
820	1113535	1	13	29	46	63	69	110	129	144	162	163	164	205	219	232	241	410	#
821	1102878	3	16	25	36	58	89	99	103	141	144	171	227	231	234	237	243	410	#
822	1097900	43	47	49	57	58	98	121	157	166	185	190	219	235	239	246	253	410	#
823	986581	2	4	23	36	43	48	59	107	121	155	186	196	224	235	236	244	410	#
824	973977	47	52	70	85	89	96	97	104	119	172	181	189	190	196	229	253	410	#
825	304159	8	69	190	411	#
826	253264	69	91	152	411	#
827	205857	1	76	190	411	#
828	153625	8	66	202	411	#
829	96932	207	234	412	#
830	72668	36	234	412	#
831	58059	66	207	412	#
832	778121	7	14	17	23	101	128	137	140	165	183	205	206	238	240	241	244	413	#
833	1086810	1	20	46	57	71	100	101	103	111	117	140	176	205	216	219	228	413	#
834	1036940	1	10	72	95	97	119	144	154	181	182	183	206	216	228	229	246	413	#
835	1023292	3	12	39	86	87	110	113	114	124	183	194	203	221	238	251	252	413	#
836	1023106	1	20	31	32	34	37	39	165	169	171	186	203	207	230	234	254	413	#
837	1012335	23	36	39	47	53	57	128	149	156	174	199	203	211	225	234	250	413	#
838	55331	119	218	414	#
839	54510	119	157	414	#
840	1219902	3	5	7	24	31	35	44	56	59	61	74	75	82	87	88	90	106	110	123	129	136	140	157	159	163	203	212	236	247	415	#
841	1829002	6	11	23	26	32	40	42	44	46	53	68	77	87	100	102	104	106	140	168	172	174	185	197	200	219	229	234	238	253	415	#
842	1808059	8	16	26	28	40	44	48	49	58	63	67	73	77	78	95	116	152	158	166	171	174	193	202	215	218	239	250	252	254	415	#
843	1785097	3	8	12	28	42	59	61	74	77	78	81	89	92	101	136	146	147	149	158	160	170	174	182	183	192	199	219	231	233	415	#
844	1778896	6	7	9	31	33	34	37	43	53	55	56	63	73	90	96	103	106	118	129	148	163	174	183	192	201	227	235	247	252	415	#
845	1771246	2	4	8	14	18	27	35	37	38	52	74	89	102	103	116	121	135	145	155	182	187	194	197	202	208	217	233	243	247	415	#
846	695565	22	29	34	77	83	125	145	159	203	230	251	416	#
847	945963	31	86	93	104	124	125	136	144	153	180	197	416	#
848	829280	18	20	33	34	44	161	190	213	230	232	248	416	#
849	757547	41	42	47	93	100	105	160	178	197	220	251	416	#
850	756945	9	10	22	44	46	70	89	129	148	180	197	416	#
851	722270	1	30	49	77	80	99	145	167	203	234	244	416	#
852	500325	4	26	50	68	107	192	203	222	229	417	#
853	708806	6	64	66	68	102	141	180	192	214	417	#
854	578819	10	33	41	50	74	111	141	172	193	417	#
855	556191	38	69	116	132	135	152	222	227	237	417	#
856	495627	26	47	91	101	105	121	171	215	235	417	#
857	485117	7	22	32	58	68	168	198	199	203	417	#
858	266194	42	49	122	153	200	202	418	#
859	336499	2	70	149	180	202	244	418	#
860	329947	13	42	49	64	109	190	418	#
861	296640	102	117	122	181	208	218	418	#
862	266033	68	188	199	200	201	237	418	#
863	250950	48	49	75	109	134	166	418	#
864	906925	5	14	17	30	33	56	59	80	110	122	148	152	203	234	255	419	#
865	1163729	11	14	30	44	100	105	111	121	126	132	147	157	194	213	255	419	#
866	1127120	12	22	56	59	90	94	107	115	122	181	194	216	227	230	246	419	#
867	1081074	3	9	13	33	57	64	84	110	111	132	134	148	171	180	194	419	#
868	1069467	0	19	33	56	64	66	93	116	136	145	146	165	167	188	255	419	#
869	1045556	6	14	38	39	42	55	86	87	88	121	158	169	176	225	246	419	#
870	291798	18	88	115	227	243	420	#
871	366073	17	28	118	187	243	420	#
872	339392	99	115	124	242	252	420	#
873	275396	9	18	95	141	160	420	#
874	254321	37	147	169	193	227	420	#
875	214394	88	155	156	209	255	420	#
876	263604	85	157	184	219	232	240	421	#
877	382650	85	89	186	217	243	251	421	#
878	341338	64	97	131	164	219	248	421	#
879	265125	15	35	155	157	159	239	421	#
880	254134	27	29	45	183	193	232	421	#
881	192006	19	31	69	106	184	210	421	#
882	543450	5	36	64	94	110	154	158	246	422	#
883	582998	44	64	144	145	158	211	233	242	422	#
884	547491	0	113	124	175	225	229	239	246	422	#
885	542546	12	22	31	59	64	68	75	236	422	#
886	514479	3	38	90	94	143	218	231	253	422	#
887	440559	36	76	83	85	98	211	215	239	422	#
888	501451	11	128	178	181	228	242	423	#
889	530566	9	77	128	147	210	239	423	#
890	521341	44	105	168	207	222	242	423	#
891	307971	17	40	73	138	177	178	423	#
892	304640	29	32	67	70	198	228	423	#
893	255305	11	38	103	127	223	241	423	#
894	871005	9	11	36	45	77	83	116	167	182	198	206	213	240	245	424	#
895	1149704	13	23	28	29	58	60	61	116	118	128	177	220	245	246	424	#
896	1056193	1	7	13	60	69	71	83	93	101	148	207	232	241	244	424	#
897	1031105	1	9	56	64	80	100	109	119	135	156	187	234	243	252	424	#
898	1018235	18	32	55	80	91	112	122	148	152	184	219	220	224	240	424	#
899	1005618	11	30	41	57	66	91	95	117	124	131	147	168	174	182	424	#
900	1974935	3	14	18	20	26	30	37	40	45	82	94	96	107	110	112	113	127	144	162	188	191	195	205	207	208	211	220	222	223	233	242	253	425	#
901	2301857	7	16	26	35	43	56	63	66	68	80	91	94	101	104	105	115	126	147	148	150	155	167	182	183	193	197	201	211	217	232	235	244	425	#
902	2128908	2	3	6	9	19	21	29	39	47	64	66	98	105	108	119	123	129	136	145	148	155	156	167	175	195	197	204	211	224	229	240	246	425	#
903	2095462	8	11	23	41	56	61	71	76	77	83	89	97	121	154	167	171	177	188	191	195	196	198	204	216	218	221	225	227	229	231	232	244	425	#
904	2065027	3	5	8	12	14	20	22	34	52	56	59	60	77	79	83	86	89	119	121	127	136	152	154	188	193	199	207	211	232	234	242	244	425	#
905	2056111	5	20	32	35	44	49	73	100	106	112	116	123	126	130	136	149	159	160	167	170	171	172	176	186	194	197	199	205	212	217	221	222	425	#
906	130427	30	76	142	426	#
907	116828	25	62	76	426	#
908	110534	30	110	212	426	#
909	108271	142	171	177	426	#
910	683189	6	10	35	50	53	96	111	200	215	220	230	427	#
911	807397	16	41	50	85	100	134	138	141	144	211	240	427	#
912	793715	3	35	73	150	170	175	186	225	230	235	253	427	#
913	762403	6	7	71	90	137	161	165	176	215	230	244	427	#
914	707953	35	65	78	91	101	134	162	205	220	238	244	427	#
915	693298	3	6	74	94	96	111	173	221	237	238	246	427	#
916	275341	4	150	210	240	428	#
917	375629	71	102	201	240	428	#
918	351246	20	150	229	244	428	#
919	215134	22	62	159	210	428	#
920	149027	4	89	97	209	428	#
921	671656	6	28	62	104	137	141	151	167	223	255	429	#
922	824826	50	125	141	152	183	197	203	207	214	226	429	#
923	706342	5	8	28	61	83	108	129	152	155	201	429	#
924	681787	9	46	55	105	106	137	162	215	220	228	429	#
925	654623	9	23	39	57	95	96	110	151	178	253	429	#
926	625546	6	9	31	52	137	148	187	198	221	244	429	#
927	269653	77	126	154	166	184	194	430	#
928	386978	28	45	59	165	166	175	430	#
929	364181	90	164	175	194	231	254	430	#
930	325302	50	122	154	199	210	214	430	#
931	308052	27	150	162	164	184	220	430	#
932	261842	14	75	77	140	181	237	430	#
933	1075991	6	18	61	64	82	85	95	96	110	113	116	153	165	175	186	188	214	225	248	431	#
934	1540651	22	60	62	64	90	103	127	133	136	137	147	150	156	205	225	228	235	240	248	431	#
935	1497476	15	25	44	54	62	68	71	84	87	101	102	117	175	177	207	211	215	240	253	431	#
936	1450217	3	17	21	22	31	39	63	64	78	80	103	117	127	136	166	175	182	235	247	431	#
937	1431639	18	27	58	69	76	80	109	114	115	127	151	156	170	181	196	200	203	206	233	431	#
938	1426699	15	19	35	43	47	52	56	75	85	94	95	141	152	156	157	184	187	189	225	431	#
939	1326410	30	40	44	51	108	126	127	130	143	150	158	167	173	182	185	192	209	217	223	235	242	432	#
940	1530542	9	16	39	42	57	59	67	77	80	84	96	126	147	151	188	194	195	237	242	245	246	432	#
941	1522607	17	18	23	27	28	33	43	63	71	102	126	127	154	161	173	183	186	209	222	229	232	432	#
942	1510746	0	18	22	33	50	51	70	72	84	89	91	94	129	154	157	167	170	205	219	235	255	432	#
943	1497619	22	50	51	66	75	76	91	96	103	115	117	124	125	132	153	158	201	217	231	241	243	432	#
944	1480573	9	13	30	33	38	51	52	57	104	114	121	128	147	168	176	187	194	214	237	240	249	432	#
945	388230	44	93	149	220	233	251	433	#
946	509043	23	30	64	104	156	220	433	#
947	433239	25	44	194	197	228	246	433	#
948	430260	2	8	25	93	146	236	433	#
949	348678	118	120	137	149	173	206	433	#
950	327770	8	121	182	209	240	251	433	#
951	641374	35	37	43	51	82	88	163	168	173	175	188	191	236	434	#
952	912781	1	12	47	80	100	105	134	175	200	206	216	236	252	434	#
953	805718	6	13	37	63	67	144	146	148	151	174	178	233	254	434	#
954	802604	26	41	53	55	60	108	119	141	148	188	189	221	255	434	#
955	784451	7	37	100	129	152	172	191	192	195	209	212	224	236	434	#
956	779495	7	17	35	57	64	94	99	138	141	185	207	219	242	434	#
957	511910	22	85	107	233	235	239	243	435	#
958	494941	35	63	104	107	187	233	248	435	#
959	479974	7	53	84	110	157	239	251	435	#
960	454592	22	56	69	118	164	227	248	435	#
961	429866	85	115	133	155	190	231	241	435	#
962	326017	18	62	89	109	198	213	243	435	#
963	19242	42	119	436	#
964	28755	24	119	436	#
965	146596	95	113	162	437	#
966	200345	162	163	253	437	#
967	153823	113	224	250	437	#
968	237073	37	41	222	438	#
969	271010	9	208	222	438	#
970	212209	37	111	204	438	#
971	206192	41	56	139	438	#
972	439581	21	48	58	62	120	177	439	#
973	549638	20	26	33	120	124	225	439	#
974	490408	21	49	58	66	178	188	439	#
975	379884	31	48	87	165	174	221	439	#
976	374404	30	58	130	139	145	230	439	#
977	349814	33	92	125	146	177	211	439	#
978	401886	24	27	33	78	86	94	101	119	145	168	172	440	#
979	583760	27	29	63	110	144	145	150	152	168	172	208	440	#
980	557310	34	36	75	94	123	148	179	181	191	218	244	440	#
981	551200	33	36	45	74	95	104	165	182	228	229	253	440	#
982	544961	46	72	81	84	86	100	119	123	161	182	183	440	#
983	538339	51	80	122	145	163	168	185	203	219	232	236	440	#
984	2530389	11	14	18	19	39	42	62	64	73	74	77	81	98	101	104	107	114	115	117	118	119	128	133	134	141	149	160	164	174	175	178	190	203	209	210	211	212	223	243	244	247	248	255	441	#
985	3226251	0	4	6	10	20	22	30	42	43	44	52	58	60	73	82	83	90	92	98	106	115	127	128	143	150	152	165	171	172	179	182	190	196	198	203	205	206	209	213	221	227	230	233	441	#
986	3140138	0	5	16	21	25	29	36	44	60	70	73	79	91	92	93	96	97	108	109	111	116	118	121	126	137	138	141	144	147	157	162	164	166	183	190	191	194	208	209	219	232	246	252	441	#
987	2949727	24	48	54	58	65	71	73	74	75	82	83	92	97	98	99	101	104	108	111	114	118	123	126	144	148	156	158	165	187	190	193	200	201	204	211	215	216	220	223	229	232	237	243	441	#
988	2888201	0	3	9	10	13	14	23	27	30	33	39	50	56	61	65	87	95	100	101	103	105	128	136	140	142	144	153	161	171	173	176	188	190	194	206	210	211	225	226	240	241	245	250	441	#
989	2886643	2	19	25	33	52	54	55	57	58	73	79	80	82	88	95	97	108	116	118	124	132	135	149	157	158	159	163	165	169	172	177	186	197	199	200	201	204	206	208	230	239	247	250	441	#
990	189019	1	13	85	193	442	#
991	252699	13	93	119	127	442	#
992	169913	12	59	157	193	442	#
993	143891	24	27	37	85	442	#
994	708454	5	11	18	34	40	80	173	181	218	225	230	443	#
995	969087	16	76	91	96	128	141	147	177	218	235	240	443	#
996	870341	5	9	20	30	37	56	80	132	141	153	203	443	#
997	779321	3	36	40	76	89	103	126	129	135	144	225	443	#
998	728554	27	45	62	66	76	80	103	135	142	158	167	443	#
999	708400	2	12	17	75	88	96	115	117	133	173	184	443	#
