%% File generated by CATS v.2.1Wed Jun 19 19:19:34 2013

%% The CATS webpage is http://robotics.stanford.edu/CATS

%% PARAMETER SETTINGS:
% Goods: 256; Bids: 1000; Distribution: arbitrary; Runs: 50; Seed: 1371664721
% Arbitrary Distribution Parameters:
% Max Substitutable Bids = 5
% Removing HV Neighbor   = 0.1
% Adding DIAG Neighbor   = 0.2
% Additional Location    = 0.9
% Additivity             = 0.2
% Budget Factor          = 1.5
% Resale Factor          = 0.5
% Uniform Private Value:
%   Deviation            = 0.5
%   Max Good Value       = 100



goods 256
bids 1000
dummy 186

0	203877	9	19	142	256	#
1	204316	19	44	101	256	#
2	177354	9	99	116	256	#
3	107954	94	129	142	256	#
4	191350	15	34	89	104	257	#
5	278221	34	47	81	142	257	#
6	263549	15	36	40	73	257	#
7	217515	7	49	77	104	257	#
8	204188	79	88	114	258	#
9	251521	49	79	230	258	#
10	248102	114	177	212	258	#
11	123110	88	138	250	258	#
12	1518478	1	35	41	47	51	54	58	102	113	117	125	127	131	134	198	203	205	207	210	251	252	259	#
13	1776936	1	5	34	42	76	90	99	107	120	125	143	154	190	193	194	199	203	209	229	247	252	259	#
14	1743538	4	24	47	55	66	71	98	102	116	127	137	138	142	145	148	156	162	198	215	248	249	259	#
15	1629180	29	58	65	68	76	81	82	99	116	130	137	145	158	160	173	185	210	213	231	240	253	259	#
16	1572888	4	6	12	21	25	39	45	46	59	60	113	129	143	146	152	153	162	194	205	218	242	259	#
17	1567394	21	47	69	89	99	103	107	117	118	121	123	149	159	162	175	176	193	197	223	232	242	259	#
18	475562	19	28	36	67	90	161	222	235	248	260	#
19	713107	5	20	66	67	98	103	195	230	241	260	#
20	680049	4	19	36	57	88	176	186	214	240	260	#
21	631704	50	76	112	114	156	161	177	187	191	260	#
22	572998	13	28	36	70	148	167	196	223	254	260	#
23	515486	26	50	76	125	148	175	189	235	246	260	#
24	1306635	6	11	13	30	47	66	93	109	114	132	137	143	147	149	151	166	171	216	220	242	250	253	261	#
25	1712937	5	25	30	38	55	74	76	82	96	105	107	118	140	168	180	183	208	209	213	222	243	244	261	#
26	1656781	3	6	12	18	57	70	73	75	76	93	106	110	116	133	147	154	156	158	171	216	234	245	261	#
27	1628724	12	38	47	77	94	96	104	107	109	127	128	132	147	152	170	175	183	203	216	220	233	235	261	#
28	1599675	12	26	62	67	69	75	89	104	112	122	123	130	131	141	148	154	182	207	213	216	220	235	261	#
29	1598946	14	35	47	55	76	79	82	106	112	128	140	143	165	167	174	176	202	205	216	228	234	243	261	#
30	339336	43	88	151	156	262	#
31	308065	96	151	198	252	262	#
32	232668	43	52	114	221	262	#
33	184500	88	115	126	220	262	#
34	154077	35	153	156	216	262	#
35	223650	99	241	263	#
36	258858	69	241	263	#
37	969852	40	45	60	71	83	140	141	150	155	164	198	204	208	218	222	231	239	264	#
38	1363182	14	22	37	45	83	98	105	141	145	155	185	188	189	202	223	240	251	264	#
39	1354884	22	33	64	79	84	110	120	123	141	145	189	192	202	206	213	218	249	264	#
40	1254622	40	55	56	68	110	115	119	123	126	127	146	164	174	179	187	230	245	264	#
41	1234587	31	38	54	60	83	87	89	110	127	138	141	143	148	150	191	198	223	264	#
42	1214614	6	7	10	13	17	33	42	45	78	108	150	168	183	205	206	208	235	264	#
43	205908	6	103	204	265	#
44	272356	6	11	90	265	#
45	196985	71	151	204	265	#
46	134913	13	96	103	265	#
47	1017367	7	14	33	48	54	59	97	114	126	129	133	157	179	191	196	210	218	222	231	266	#
48	1494020	9	14	44	69	93	122	145	150	181	183	191	208	214	218	227	231	241	249	253	266	#
49	1430665	25	44	51	53	59	68	74	113	157	173	180	200	214	228	245	249	250	252	253	266	#
50	1390931	3	5	15	37	47	59	110	126	135	144	173	191	198	203	204	205	218	246	249	266	#
51	1371338	16	34	68	81	84	120	126	149	155	164	173	181	190	213	231	232	249	252	254	266	#
52	1360683	2	15	33	48	58	69	109	110	122	145	150	164	166	172	181	183	199	200	212	266	#
53	295255	47	214	244	267	#
54	279249	4	77	244	267	#
55	196030	47	107	234	267	#
56	153775	33	91	214	267	#
57	367148	94	142	144	147	153	166	268	#
58	463182	86	114	121	142	154	236	268	#
59	424397	46	105	166	171	204	253	268	#
60	414305	94	110	114	129	156	177	268	#
61	339698	9	144	153	166	216	246	268	#
62	334634	7	42	138	147	178	181	268	#
63	1384300	31	40	45	49	53	78	81	84	87	94	102	122	128	144	170	189	205	208	217	227	231	244	245	269	#
64	1637595	0	8	21	22	29	47	51	54	63	73	88	95	119	129	133	182	184	199	205	214	218	237	241	269	#
65	1625974	2	45	47	51	54	73	74	87	92	107	119	127	136	139	147	188	195	203	209	216	226	244	255	269	#
66	1611366	2	5	14	19	21	45	58	73	78	86	93	95	135	145	150	159	170	180	186	209	214	217	228	269	#
67	1544013	30	33	36	53	56	57	65	68	92	94	113	129	131	137	144	150	158	179	189	195	217	223	234	269	#
68	1542432	3	4	7	26	61	72	110	113	124	128	129	130	132	133	138	139	150	167	198	210	233	245	255	269	#
69	425653	16	50	75	114	167	235	270	#
70	536353	11	88	114	171	211	212	270	#
71	504386	11	26	27	184	233	235	270	#
72	483192	4	36	95	167	198	211	270	#
73	437914	2	9	26	50	94	185	270	#
74	415145	18	29	63	75	96	152	270	#
75	73045	17	#
76	388542	119	127	151	209	229	232	239	271	#
77	517708	13	75	87	188	205	209	236	271	#
78	503073	100	108	151	185	215	234	245	271	#
79	433907	23	28	52	79	101	127	172	271	#
80	426699	61	119	180	211	217	236	253	271	#
81	366382	73	85	99	223	229	231	236	271	#
82	469372	20	47	93	134	143	168	272	#
83	461074	47	89	212	213	224	244	272	#
84	410623	6	69	77	85	134	207	272	#
85	405932	20	28	72	77	88	200	272	#
86	371072	15	67	143	152	168	196	272	#
87	180781	93	102	164	189	201	207	272	#
88	1385593	5	17	32	43	45	47	51	65	92	112	133	135	144	148	153	172	186	213	218	245	253	273	#
89	1637594	7	16	19	29	36	43	50	69	70	90	101	107	134	151	155	184	206	236	242	244	247	273	#
90	1633270	1	13	17	27	47	52	56	65	90	97	107	124	133	138	152	181	191	237	238	244	250	273	#
91	1547688	2	4	7	18	56	60	66	90	92	97	116	122	127	150	181	188	206	213	219	224	253	273	#
92	1546664	16	19	48	58	73	76	92	102	118	133	140	152	153	169	211	218	228	237	244	247	248	273	#
93	1498701	32	43	59	60	70	72	92	95	132	135	136	145	149	183	201	220	227	232	235	236	238	273	#
94	988595	13	17	25	36	47	53	70	75	79	152	164	165	167	274	#
95	1190237	18	25	36	47	51	73	95	100	148	152	212	214	241	274	#
96	1073565	26	53	65	71	78	111	113	115	128	166	167	174	213	274	#
97	1022810	13	22	33	106	125	127	152	183	209	212	223	241	246	274	#
98	1011356	2	6	47	63	132	134	137	139	148	166	177	180	254	274	#
99	990629	52	71	90	114	132	152	161	165	174	175	208	227	253	274	#
100	1022768	14	21	42	78	83	101	119	129	150	151	162	166	173	187	206	275	#
101	1105492	10	48	49	68	72	85	86	98	113	115	127	150	165	166	197	275	#
102	1032529	42	76	85	92	99	101	126	127	129	151	157	164	177	201	235	275	#
103	1030881	34	73	87	104	113	132	133	153	157	166	185	213	221	227	245	275	#
104	1025297	13	21	22	48	82	90	149	153	162	169	176	201	224	241	253	275	#
105	1021042	32	55	64	85	92	100	127	157	173	182	187	190	197	212	218	275	#
106	1093243	14	37	38	46	53	60	64	75	77	124	163	205	225	238	247	250	276	#
107	1462940	4	46	50	68	69	77	113	124	132	141	155	159	162	205	207	223	276	#
108	1218170	8	39	67	69	74	111	116	158	162	205	214	219	225	229	236	238	276	#
109	1124229	0	8	46	63	66	67	77	120	125	141	145	185	197	204	205	249	276	#
110	1117069	7	32	39	78	86	88	113	129	153	163	179	189	190	209	237	245	276	#
111	1114840	8	38	57	60	64	75	78	82	150	163	178	181	202	205	214	250	276	#
112	634199	60	68	89	128	183	236	252	277	#
113	714292	2	18	33	100	184	247	252	277	#
114	630672	2	17	50	150	153	183	200	277	#
115	568146	33	60	127	146	209	236	251	277	#
116	503837	45	53	63	128	159	205	206	277	#
117	480660	18	68	94	127	184	239	244	277	#
118	750505	20	56	73	78	80	98	105	143	168	203	248	278	#
119	871717	15	20	35	59	84	89	95	102	178	196	228	278	#
120	866225	10	11	88	91	105	114	134	149	157	159	192	278	#
121	836160	21	23	59	104	152	161	162	203	232	243	248	278	#
122	800766	29	39	78	92	105	135	145	169	186	203	252	278	#
123	790114	0	42	87	88	98	126	141	159	193	211	235	278	#
124	90884	102	105	279	#
125	118643	0	105	279	#
126	1520194	14	30	39	61	81	83	89	100	102	105	123	130	139	143	159	174	182	190	197	205	234	250	280	#
127	1814901	15	35	59	62	65	75	76	77	92	93	105	123	130	163	169	189	192	208	214	225	226	245	280	#
128	1747381	1	15	35	50	60	68	76	89	95	100	101	106	113	120	137	143	180	197	208	233	239	253	280	#
129	1717949	3	7	14	25	31	50	55	62	93	101	119	130	174	182	189	204	214	226	230	235	238	245	280	#
130	1597791	1	2	4	15	60	61	62	68	78	104	120	130	148	156	172	187	192	200	202	204	228	234	280	#
131	1533583	10	24	25	33	34	36	68	76	79	88	106	148	159	166	176	178	182	223	233	239	241	242	280	#
132	793497	58	59	129	131	149	185	197	200	203	211	218	222	281	#
133	869839	40	107	125	130	144	149	151	152	158	175	232	239	281	#
134	868424	14	55	59	62	74	76	110	133	210	213	225	254	281	#
135	840420	20	47	54	70	76	117	133	144	182	200	226	250	281	#
136	839684	5	29	53	58	119	126	129	156	199	225	226	232	281	#
137	826387	2	31	36	38	52	65	82	87	204	218	226	249	281	#
138	160727	182	200	282	#
139	194509	65	200	282	#
140	164695	56	182	282	#
141	1215942	17	26	32	39	77	79	89	103	109	178	197	230	241	242	283	#
142	1086728	26	39	43	73	82	89	102	111	169	188	199	211	226	236	283	#
143	1086292	25	26	78	106	128	136	178	188	195	197	199	200	246	248	283	#
144	1015806	11	16	25	44	49	72	77	79	127	183	188	195	231	249	283	#
145	1001839	14	18	24	32	79	89	144	147	161	181	192	206	241	249	283	#
146	993747	18	26	48	77	102	112	167	171	186	211	224	234	241	244	283	#
147	188033	116	142	284	#
148	206482	130	142	284	#
149	156096	116	141	284	#
150	845409	10	17	19	50	55	93	108	122	161	167	223	236	285	#
151	998550	8	16	17	41	68	148	150	187	209	218	236	251	285	#
152	975160	10	30	55	76	97	119	149	150	160	177	189	221	285	#
153	955916	7	17	28	58	90	147	148	167	184	223	225	226	285	#
154	939656	3	59	83	99	101	126	130	135	167	218	220	251	285	#
155	885102	2	9	19	50	74	99	103	141	174	175	214	247	285	#
156	1640005	17	28	30	41	50	51	60	76	94	104	131	138	145	155	161	171	181	183	201	202	211	216	217	220	231	249	286	#
157	2019120	17	24	30	40	60	64	70	82	84	104	105	107	119	126	137	146	152	185	190	197	202	205	211	216	223	243	286	#
158	1994560	4	6	8	13	14	17	31	34	35	55	59	61	62	84	90	107	113	144	164	183	211	232	237	245	247	254	286	#
159	1973364	4	17	29	34	53	56	58	82	102	113	114	121	142	144	150	162	164	181	183	192	197	205	217	221	229	251	286	#
160	1892757	17	33	43	51	55	56	59	68	82	83	88	98	99	102	107	125	136	161	170	186	190	191	202	203	230	254	286	#
161	1884108	4	6	17	24	33	46	48	70	82	83	84	93	108	133	138	159	171	173	181	195	204	205	209	214	234	238	286	#
162	1531304	8	29	34	37	46	53	56	59	66	71	86	109	118	125	126	145	175	179	185	194	201	204	212	225	231	252	287	#
163	2231296	8	26	35	38	40	55	96	131	141	151	157	162	167	171	182	190	195	200	204	209	223	226	231	242	243	246	287	#
164	2144059	10	17	29	54	56	60	86	94	104	107	109	113	114	133	134	149	172	183	211	212	219	223	230	242	243	250	287	#
165	2129260	8	27	29	40	57	100	101	109	122	130	134	138	145	148	162	188	204	206	210	213	219	225	238	239	242	252	287	#
166	2014391	2	53	63	78	96	101	103	118	121	131	134	139	148	157	158	159	162	167	183	184	185	195	198	215	235	252	287	#
167	1954399	7	58	62	103	123	134	135	136	147	151	157	158	175	181	191	201	205	206	214	219	225	239	241	243	249	253	287	#
168	1069328	0	17	53	80	83	96	106	116	142	161	168	170	175	177	246	249	252	288	#
169	1429384	1	63	82	92	126	138	142	145	148	161	165	193	200	227	247	252	255	288	#
170	1350423	36	50	56	58	65	80	96	103	110	116	167	171	173	189	205	240	253	288	#
171	1335969	16	66	87	103	142	143	154	160	162	180	189	191	226	235	243	249	253	288	#
172	1262942	3	12	15	45	57	66	67	80	83	99	108	128	166	182	185	193	203	288	#
173	1233677	11	16	17	21	25	28	33	104	110	114	142	155	160	167	168	180	220	288	#
174	355534	56	82	87	93	233	289	#
175	381328	56	100	133	156	168	289	#
176	322493	52	54	93	148	158	289	#
177	308609	3	36	82	95	165	289	#
178	290546	64	145	203	233	250	289	#
179	1326310	15	34	41	58	79	99	100	119	131	140	188	193	207	224	225	231	238	245	249	290	#
180	1533003	1	7	25	26	55	57	77	99	100	107	124	131	154	156	188	194	204	210	238	290	#
181	1480629	7	15	28	30	33	58	65	71	92	99	119	131	133	137	161	197	211	213	245	290	#
182	1470822	16	25	64	69	77	107	115	125	145	146	182	200	209	211	213	227	230	231	243	290	#
183	1449576	0	15	26	35	72	82	86	95	99	116	135	139	148	194	213	222	224	227	253	290	#
184	1428167	5	6	14	19	47	51	64	73	133	137	139	146	147	172	176	193	213	219	225	290	#
185	2868298	0	1	3	5	6	10	18	19	27	35	47	49	52	60	69	83	93	94	97	100	107	126	132	143	144	147	153	161	170	172	177	179	181	184	185	186	198	235	236	237	240	244	245	250	255	291	#
186	3410531	0	3	10	11	12	16	18	22	23	39	47	60	69	70	75	76	99	100	107	117	125	128	130	135	136	137	145	147	152	166	181	183	188	190	192	195	196	204	209	214	234	238	244	248	250	291	#
187	3388765	0	1	5	11	18	20	29	33	35	36	38	46	47	56	67	93	100	102	106	126	132	133	135	140	141	143	145	148	151	160	166	168	170	175	177	181	186	192	194	195	199	217	228	235	237	291	#
188	3265237	11	13	15	23	24	34	35	45	52	63	67	68	76	80	100	106	113	126	127	130	135	139	148	159	162	166	171	177	179	183	187	208	209	211	214	221	223	228	230	232	234	237	245	249	253	291	#
189	3210822	0	8	10	17	20	31	32	34	41	46	50	54	56	59	62	75	85	87	96	100	114	119	130	143	149	152	156	167	170	171	175	199	200	207	211	221	228	230	232	238	242	244	248	249	255	291	#
190	3199945	0	1	5	14	16	17	21	29	31	32	37	50	51	57	62	67	97	99	100	111	115	129	130	144	145	147	150	152	156	166	172	177	181	182	184	194	200	204	207	208	213	234	237	245	254	291	#
191	114996	87	104	235	292	#
192	161022	107	164	235	292	#
193	1262741	18	21	32	37	63	78	93	115	142	144	147	155	161	163	168	195	205	230	231	293	#
194	1505632	25	30	41	55	78	81	82	101	108	110	126	162	165	167	168	176	177	195	206	293	#
195	1495176	0	26	36	37	41	63	65	110	112	122	149	155	163	187	190	230	245	251	255	293	#
196	1468152	55	57	65	66	79	81	122	144	149	160	168	183	187	192	194	195	211	217	247	293	#
197	1465770	0	4	10	32	39	48	64	81	98	110	112	130	144	145	161	187	192	219	225	293	#
198	1402699	6	12	22	44	71	81	84	88	107	113	126	130	160	168	207	227	230	238	243	293	#
199	1919683	17	24	25	28	38	54	59	63	65	66	68	100	106	113	123	125	143	157	158	190	204	206	211	212	229	294	#
200	2052570	7	15	24	27	28	46	54	61	63	70	98	99	110	122	137	142	150	154	159	177	191	195	226	240	245	294	#
201	1996218	1	3	27	38	58	62	65	79	90	100	106	123	128	137	138	157	160	162	163	174	216	218	219	227	231	294	#
202	1995621	2	4	14	17	18	36	54	68	74	80	91	101	113	129	142	159	168	180	182	204	206	209	210	213	218	294	#
203	1985794	12	15	16	17	24	25	28	57	59	61	79	86	98	105	110	113	131	148	159	160	169	177	184	191	221	294	#
204	1958737	3	6	10	12	49	78	79	81	82	88	106	123	128	130	137	157	159	179	182	206	210	214	223	226	247	294	#
205	932512	7	26	43	44	71	107	128	129	152	167	170	197	209	295	#
206	1052237	36	55	56	64	92	115	162	171	209	213	214	240	245	295	#
207	1010122	12	27	45	56	108	129	133	149	162	165	195	208	230	295	#
208	967919	4	34	60	64	83	85	86	128	130	162	165	174	195	295	#
209	942264	7	21	29	43	46	63	92	96	148	149	150	167	229	295	#
210	932942	5	35	65	71	104	130	131	132	135	145	171	175	191	295	#
211	284368	53	75	205	296	#
212	292898	140	174	205	296	#
213	206248	75	117	126	296	#
214	199550	53	98	105	296	#
215	121595	107	172	297	#
216	146505	107	151	297	#
217	181365	136	158	196	298	#
218	260039	70	97	136	298	#
219	258269	158	183	217	298	#
220	140695	26	96	196	298	#
221	64424	124	143	187	#
222	278333	3	40	92	299	#
223	254512	3	126	237	299	#
224	225390	40	70	246	299	#
225	151636	92	118	224	299	#
226	1294352	2	26	63	67	69	70	87	91	113	118	138	139	156	163	170	181	216	231	242	300	#
227	1537466	2	7	14	15	26	50	53	55	110	117	133	144	150	181	196	206	219	230	252	300	#
228	1527499	4	11	16	29	39	42	49	61	65	77	157	160	179	182	231	236	238	242	252	300	#
229	1481078	2	10	17	37	51	70	87	95	118	134	136	139	141	150	157	189	207	209	247	300	#
230	1480220	16	17	23	78	89	116	124	132	133	145	155	181	182	183	187	206	209	236	254	300	#
231	1470381	29	46	54	55	71	94	112	116	121	141	169	192	222	223	228	231	233	240	246	300	#
232	1008384	5	6	31	40	77	79	86	101	111	113	137	157	169	301	#
233	1008914	11	52	69	71	82	97	113	114	120	168	181	188	226	301	#
234	943684	24	39	43	63	90	140	143	152	157	172	180	184	189	301	#
235	917719	1	19	21	40	68	95	133	140	143	190	195	238	248	301	#
236	908156	5	6	23	39	44	45	86	95	105	137	157	203	221	301	#
237	907019	6	31	53	56	76	100	116	153	155	170	172	210	234	301	#
238	261680	12	58	61	86	212	302	#
239	348916	77	86	160	235	238	302	#
240	201499	34	99	165	212	237	302	#
241	170720	61	104	137	165	254	302	#
242	144634	91	228	303	#
243	119013	87	228	303	#
244	56815	91	124	303	#
245	782414	9	16	29	45	60	83	89	127	196	208	304	#
246	763050	21	50	83	86	107	113	141	166	184	199	304	#
247	739278	29	41	45	116	125	127	132	140	200	224	304	#
248	716950	6	15	60	68	121	136	172	211	215	247	304	#
249	709761	9	21	34	41	95	123	149	151	162	175	304	#
250	687101	9	45	67	88	134	137	166	199	216	249	304	#
251	246359	55	90	220	305	#
252	312236	110	167	220	305	#
253	234037	55	153	219	305	#
254	193975	90	113	160	305	#
255	764038	14	19	97	99	126	128	144	182	183	238	254	306	#
256	998700	5	15	25	56	99	100	138	146	150	211	240	306	#
257	977596	6	12	19	41	56	75	120	167	189	190	214	306	#
258	936365	20	58	76	97	119	120	132	152	153	207	246	306	#
259	924397	5	56	76	82	85	95	119	126	130	167	168	306	#
260	882088	25	65	134	152	183	192	216	220	237	246	253	306	#
261	199923	56	129	173	176	184	307	#
262	298897	78	109	129	157	250	307	#
263	289357	4	62	134	184	249	307	#
264	1167943	13	22	27	47	55	91	118	130	155	159	173	209	220	223	236	245	308	#
265	1299382	11	76	104	127	129	141	153	156	157	159	165	173	183	187	214	245	308	#
266	1297911	1	4	25	33	42	64	68	88	133	172	174	181	188	217	223	251	308	#
267	1274587	4	21	22	52	80	84	110	159	167	168	181	187	211	218	220	240	308	#
268	1228774	3	27	55	61	115	123	133	150	151	153	180	182	189	227	247	251	308	#
269	1215890	26	27	42	58	70	113	115	135	141	167	222	232	235	236	240	243	308	#
270	408240	24	55	119	136	204	226	309	#
271	585137	55	69	108	147	230	241	309	#
272	539727	27	98	128	134	185	226	309	#
273	372382	20	27	31	91	117	119	309	#
274	334610	48	89	163	204	208	251	309	#
275	286289	36	49	105	136	158	183	309	#
276	1588273	6	10	12	18	38	51	62	66	85	97	100	104	107	108	116	117	135	143	145	147	149	164	203	205	222	228	310	#
277	1964720	1	10	17	22	24	31	34	41	54	56	59	64	107	111	143	149	158	159	178	183	188	204	213	227	229	235	310	#
278	1901566	1	7	12	18	51	55	85	105	117	133	134	140	143	153	154	161	164	167	183	186	205	226	233	237	246	248	310	#
279	1891194	26	29	44	52	59	76	77	101	121	124	135	141	147	150	168	169	170	174	178	189	190	206	216	224	229	235	310	#
280	1878939	19	38	54	57	63	64	80	92	94	101	106	117	133	141	144	150	151	160	167	169	199	203	204	211	218	227	310	#
281	1878532	15	26	33	40	44	51	55	62	83	121	127	130	133	148	152	167	169	174	185	186	202	204	206	224	245	249	310	#
282	1740672	3	6	8	37	39	49	58	64	83	120	122	135	137	138	144	149	151	155	163	187	195	202	221	235	238	248	249	311	#
283	2074903	1	3	15	32	37	86	100	108	120	121	135	139	149	160	161	183	202	205	206	209	211	212	221	224	236	239	246	311	#
284	2045617	6	21	26	36	50	58	64	66	68	74	119	120	121	128	131	135	149	167	182	196	201	206	225	226	235	240	251	311	#
285	1985861	8	12	15	17	24	31	36	48	64	104	109	118	128	140	149	150	163	172	173	183	205	221	235	237	240	248	252	311	#
286	1928820	16	35	38	39	53	55	60	70	76	96	105	120	123	131	140	153	160	161	165	171	196	199	209	212	227	244	248	311	#
287	1912688	1	19	20	29	49	55	57	58	59	62	113	120	129	140	156	159	160	172	173	178	188	202	204	209	233	239	252	311	#
288	366042	34	46	74	137	165	212	312	#
289	501707	5	125	137	146	187	243	312	#
290	423035	56	72	199	208	212	244	312	#
291	415496	14	36	68	74	138	217	312	#
292	382015	13	28	46	156	184	202	312	#
293	373374	46	79	124	131	132	181	313	#
294	465553	32	33	46	109	184	219	313	#
295	445637	79	114	152	167	174	220	313	#
296	387463	27	59	121	124	186	212	313	#
297	385302	53	89	131	181	208	216	313	#
298	381305	27	44	127	132	219	250	313	#
299	898931	32	41	47	58	61	66	95	102	106	122	139	222	235	314	#
300	1040748	19	25	32	53	78	87	106	125	154	214	220	240	245	314	#
301	1006678	10	25	26	76	122	137	158	167	219	224	231	235	240	314	#
302	997712	2	14	41	66	79	89	110	128	136	153	164	215	240	314	#
303	976912	20	47	49	58	73	88	108	143	152	197	216	231	232	314	#
304	916124	55	57	73	74	130	133	184	192	211	222	229	237	250	314	#
305	104998	150	#
306	209710	43	101	192	315	#
307	258247	51	101	212	315	#
308	204184	43	113	200	315	#
309	160251	74	192	222	315	#
310	145684	141	143	199	316	#
311	197006	46	143	243	316	#
312	1444812	22	37	44	49	56	57	62	73	81	88	89	91	100	105	113	115	117	126	133	134	172	197	198	200	213	317	#
313	1964446	16	22	26	27	45	50	55	57	70	87	88	92	93	95	101	113	142	155	160	193	200	218	231	232	236	317	#
314	1906677	4	15	17	26	29	32	42	54	62	65	68	73	74	97	129	152	158	173	183	193	200	206	218	231	245	317	#
315	1891478	12	14	16	22	32	35	41	57	64	65	67	94	107	135	152	174	175	176	182	188	190	200	224	233	248	317	#
316	1874174	1	35	36	41	42	52	64	70	77	83	87	110	126	134	143	146	149	150	151	171	182	193	200	202	216	317	#
317	1832387	5	8	15	25	26	32	42	49	50	58	60	66	97	114	115	134	141	146	149	158	178	197	200	218	250	317	#
318	931133	7	12	28	38	62	67	90	141	153	157	169	173	184	195	212	242	245	318	#
319	1348756	8	18	30	55	63	101	125	127	150	171	184	201	207	223	247	252	255	318	#
320	1232223	33	58	65	72	74	104	131	136	141	150	153	201	207	210	211	221	224	318	#
321	1207641	28	44	53	80	96	104	113	124	132	136	148	183	184	200	212	231	232	318	#
322	1206173	7	18	30	34	51	67	73	94	120	135	154	160	180	203	210	211	222	318	#
323	1178838	12	44	70	74	88	92	120	121	122	124	125	172	184	201	215	229	232	318	#
324	489163	113	151	160	189	233	243	319	#
325	529279	28	157	184	204	227	243	319	#
326	454057	0	41	72	113	157	212	319	#
327	436774	6	157	188	201	233	252	319	#
328	314920	47	95	118	151	195	222	319	#
329	294128	117	147	153	189	190	210	319	#
330	722849	17	103	127	131	133	142	156	157	320	#
331	708268	82	86	100	113	142	167	168	208	320	#
332	702577	16	56	121	133	157	199	223	243	320	#
333	677613	39	45	80	86	119	156	196	237	320	#
334	605209	10	12	13	17	20	80	114	206	320	#
335	548775	6	65	120	133	155	174	189	237	320	#
336	458071	4	35	82	116	187	198	229	321	#
337	646745	11	46	109	151	211	229	254	321	#
338	561148	15	20	35	42	47	146	157	321	#
339	487771	17	80	116	131	169	189	254	321	#
340	468631	21	50	123	136	171	187	201	321	#
341	466481	33	47	61	82	104	115	225	321	#
342	845822	8	10	29	40	56	64	115	117	139	152	196	223	232	322	#
343	983067	18	26	82	113	115	123	162	171	180	199	215	232	238	322	#
344	974828	8	26	110	113	130	139	143	147	150	163	177	203	250	322	#
345	967049	55	66	78	113	123	139	148	161	191	196	218	224	226	322	#
346	958972	6	7	29	30	31	46	73	76	97	154	209	210	232	322	#
347	951607	15	26	42	70	73	76	82	102	111	115	156	186	202	322	#
348	499586	66	104	141	160	169	228	232	239	323	#
349	606238	12	13	73	97	107	141	203	227	323	#
350	588384	12	66	77	130	149	160	174	220	323	#
351	578847	17	88	107	129	161	191	197	228	323	#
352	557668	16	150	157	160	199	218	231	235	323	#
353	516707	26	87	95	104	143	191	213	243	323	#
354	697006	3	19	44	50	95	103	122	129	179	206	324	#
355	801638	24	37	97	101	103	116	164	214	245	246	324	#
356	773145	33	48	50	76	98	116	128	139	147	222	324	#
357	742181	59	90	95	126	136	179	206	223	229	245	324	#
358	740221	66	97	113	129	148	161	166	206	211	242	324	#
359	712572	19	53	64	128	141	145	184	229	243	244	324	#
360	1689742	3	23	24	28	34	36	45	55	59	67	72	122	126	134	145	152	156	157	168	175	197	214	227	325	#
361	1943771	29	41	43	45	69	80	117	120	128	141	149	156	160	176	178	191	204	207	214	224	229	232	240	325	#
362	1896734	2	4	29	34	35	45	56	61	67	76	82	91	107	132	141	148	153	160	168	177	191	210	211	325	#
363	1865901	4	8	23	39	41	100	110	119	124	126	129	134	153	156	174	191	193	202	211	213	227	242	253	325	#
364	1709181	0	50	62	76	82	86	96	106	119	120	124	131	145	148	149	157	168	176	182	198	205	210	233	325	#
365	1706541	3	18	23	27	40	51	67	69	73	85	91	113	117	119	157	162	163	176	178	191	203	215	245	325	#
366	132693	93	238	326	#
367	148712	93	104	326	#
368	90872	210	238	326	#
369	821565	8	21	48	53	60	95	104	115	130	165	175	188	204	212	235	327	#
370	1228142	38	74	77	107	140	162	166	171	183	211	212	217	228	238	243	327	#
371	1197348	21	39	45	50	65	89	95	107	178	200	203	204	221	237	247	327	#
372	1191055	10	20	23	33	50	78	89	105	126	130	140	170	193	230	240	327	#
373	1156764	5	16	38	49	72	77	90	104	120	157	166	172	178	200	214	327	#
374	1144824	26	61	65	92	95	105	115	164	186	188	192	229	237	240	248	327	#
375	1670507	19	22	54	55	60	62	104	118	120	131	135	165	180	181	185	194	200	202	211	213	239	248	250	328	#
376	1892432	4	23	68	73	83	111	123	139	155	157	159	163	167	171	181	185	190	192	193	223	231	246	250	328	#
377	1889811	19	35	49	52	55	64	71	86	88	92	103	104	113	120	131	132	161	183	204	213	231	245	248	328	#
378	1789495	9	14	20	33	34	44	45	50	69	70	81	82	88	99	120	144	147	180	184	192	197	210	243	328	#
379	1748932	3	45	54	62	69	75	81	110	113	117	118	130	145	157	158	167	172	178	191	212	227	235	251	328	#
380	1626965	2	4	19	40	45	48	54	58	60	80	121	122	124	139	152	171	182	185	201	202	215	224	254	328	#
381	997015	1	26	29	37	38	74	94	95	110	123	161	169	172	234	329	#
382	1194605	20	34	46	70	71	77	93	120	143	160	161	167	172	226	329	#
383	1116091	10	46	98	99	123	127	146	156	179	198	199	218	241	253	329	#
384	1084633	0	9	26	29	94	96	111	114	157	172	205	218	234	241	329	#
385	1014121	0	36	38	50	93	105	110	119	120	125	151	166	221	238	329	#
386	1012673	6	9	90	104	127	141	145	150	180	182	183	209	229	234	329	#
387	260072	4	136	198	209	330	#
388	297864	4	62	211	250	330	#
389	188642	66	178	209	241	330	#
390	184328	22	198	206	234	330	#
391	177975	6	12	99	136	330	#
392	1298462	27	41	51	64	74	112	113	114	121	140	146	160	171	174	175	190	230	231	251	331	#
393	1572973	1	4	6	47	57	64	70	129	146	152	155	175	184	189	194	204	215	231	242	331	#
394	1477007	3	5	9	11	51	143	145	155	167	179	186	188	189	197	231	235	239	251	253	331	#
395	1462609	0	27	75	77	84	103	113	114	140	146	151	153	155	178	203	204	226	243	249	331	#
396	1432011	1	42	54	59	70	76	83	121	125	129	154	171	195	203	221	222	230	239	247	331	#
397	1425342	5	11	14	20	23	40	41	71	88	100	110	116	167	175	196	209	210	211	231	331	#
398	975878	21	55	58	60	82	106	126	170	191	192	205	207	217	247	332	#
399	1092321	54	72	106	114	118	128	141	150	159	163	170	178	198	247	332	#
400	1068904	4	34	46	54	56	60	63	75	103	125	200	205	217	223	332	#
401	1040401	12	13	39	41	76	106	108	110	122	160	170	216	225	253	332	#
402	1032282	6	25	80	82	91	116	121	141	162	171	179	223	225	236	332	#
403	1030814	49	60	79	90	96	110	119	132	157	170	178	203	223	249	332	#
404	253887	125	142	205	333	#
405	278063	98	205	235	333	#
406	209896	110	125	221	333	#
407	177704	9	40	142	333	#
408	465292	40	100	108	134	207	208	211	250	334	#
409	638549	45	78	108	131	136	207	237	242	334	#
410	619984	60	134	136	161	186	190	248	251	334	#
411	618537	40	123	168	175	176	197	248	251	334	#
412	540463	44	87	100	112	181	190	207	229	334	#
413	535168	5	70	149	188	191	198	207	222	334	#
414	357478	33	60	61	85	156	253	335	#
415	421563	29	60	73	92	155	170	335	#
416	375112	85	95	130	197	202	235	335	#
417	338139	93	137	170	175	220	253	335	#
418	306530	33	84	126	154	178	253	335	#
419	197594	61	71	89	132	134	144	335	#
420	849452	3	19	25	35	64	98	124	128	145	179	199	232	336	#
421	1027008	32	35	46	51	57	67	110	128	132	164	206	213	336	#
422	916320	32	61	79	80	81	86	87	91	109	179	213	240	336	#
423	868730	25	59	65	73	75	96	107	146	200	230	240	245	336	#
424	867638	3	7	25	40	64	77	87	193	194	200	213	237	336	#
425	803903	4	7	98	114	115	164	172	181	194	211	236	240	336	#
426	313410	11	50	80	224	337	#
427	269470	11	43	184	223	337	#
428	258614	50	118	201	207	337	#
429	225038	80	134	158	173	337	#
430	148469	31	102	135	224	337	#
431	1529689	23	28	32	54	61	65	94	104	118	141	146	147	151	189	202	214	216	218	246	254	338	#
432	1616864	3	5	11	54	63	78	80	88	90	110	117	129	166	180	202	218	220	234	246	252	338	#
433	1573057	8	11	43	47	59	84	121	128	146	151	165	167	168	177	178	212	216	225	226	241	338	#
434	1538888	15	32	51	56	59	62	69	72	76	94	107	110	116	118	142	144	149	180	199	232	338	#
435	1530987	32	39	43	77	109	112	119	131	132	144	155	157	178	184	202	207	214	228	232	247	338	#
436	1519811	1	4	5	11	24	44	65	72	93	95	98	99	107	131	134	158	159	220	232	241	338	#
437	510905	2	32	65	87	131	145	339	#
438	466087	74	130	145	150	162	167	339	#
439	452948	11	25	65	127	132	133	339	#
440	369699	2	51	62	77	94	245	339	#
441	355040	12	83	87	92	99	154	339	#
442	335803	23	32	48	79	116	213	339	#
443	1795638	13	14	15	34	57	75	79	94	95	105	107	109	123	124	127	151	182	184	193	197	204	209	210	223	225	340	#
444	2073288	10	15	30	47	49	59	61	86	98	107	135	138	143	157	165	170	195	205	210	211	218	226	228	236	253	340	#
445	1961173	3	25	30	44	67	76	79	90	101	117	119	125	126	131	134	151	162	166	171	204	209	214	234	238	241	340	#
446	1954576	3	4	11	25	30	37	43	52	55	86	104	130	137	138	139	144	151	174	177	204	210	225	228	239	252	340	#
447	1916664	8	14	15	30	32	40	41	55	67	73	78	81	99	116	118	137	139	165	170	178	181	194	214	225	241	340	#
448	1878415	13	25	30	39	45	73	82	86	98	101	106	131	139	143	171	174	177	184	186	198	205	220	223	250	253	340	#
449	705767	18	68	77	132	145	150	181	341	#
450	641441	2	137	145	146	167	228	232	341	#
451	606033	19	63	68	166	170	211	248	341	#
452	585864	39	40	132	133	211	232	245	341	#
453	545438	2	18	132	185	195	244	246	341	#
454	466934	8	52	68	77	170	190	224	341	#
455	823689	9	73	82	90	102	103	117	122	168	183	244	342	#
456	847305	4	5	50	60	79	103	123	126	130	153	209	342	#
457	829358	32	33	35	73	90	101	108	123	247	251	255	342	#
458	825714	7	9	60	93	133	153	190	196	242	245	252	342	#
459	804026	4	56	60	108	128	144	183	189	199	201	238	342	#
460	779522	4	8	27	69	75	80	105	106	117	168	227	342	#
461	1219583	18	38	45	52	73	79	101	129	133	162	166	190	195	221	224	231	243	251	343	#
462	1453008	0	39	43	45	91	101	109	142	150	157	171	201	212	214	222	240	243	254	343	#
463	1437332	19	20	26	36	40	44	68	103	117	135	152	172	194	217	230	241	244	251	343	#
464	1363701	7	9	13	17	54	70	91	105	109	140	151	157	168	175	202	220	238	243	343	#
465	1342723	0	15	20	54	64	77	96	98	99	101	152	162	172	202	218	226	233	253	343	#
466	1313209	17	44	59	61	62	98	101	103	105	133	151	156	166	171	176	197	209	215	343	#
467	974042	3	55	57	64	68	91	111	126	150	161	164	186	190	233	344	#
468	1275884	3	32	60	77	101	104	111	120	155	184	186	189	228	238	344	#
469	1219909	18	27	64	70	90	110	111	120	129	144	184	194	215	241	344	#
470	1218746	7	32	41	62	86	92	95	100	111	163	176	179	212	227	344	#
471	1128997	7	23	47	57	68	133	174	178	181	191	213	215	230	247	344	#
472	1084247	16	36	77	110	127	129	154	160	161	164	222	243	244	248	344	#
473	377555	49	150	192	227	345	#
474	373254	78	163	192	252	345	#
475	357881	150	157	201	230	345	#
476	295721	49	157	228	229	345	#
477	169946	33	83	94	227	345	#
478	310519	14	105	219	248	346	#
479	356643	25	105	155	252	346	#
480	331683	116	145	248	252	346	#
481	260670	14	50	115	152	346	#
482	219430	21	33	138	219	346	#
483	931681	41	45	61	69	70	79	105	109	110	126	173	191	202	215	228	347	#
484	1293032	17	30	76	84	104	107	131	133	134	139	141	152	173	230	248	347	#
485	1169820	49	56	59	69	78	82	101	116	120	134	152	177	215	218	247	347	#
486	1168734	17	45	46	74	103	105	126	141	164	165	184	218	221	247	248	347	#
487	1153935	4	42	61	69	92	97	126	147	157	168	181	186	202	218	222	347	#
488	1151206	11	15	17	41	87	88	108	119	126	145	152	176	216	226	237	347	#
489	630585	63	98	113	134	149	167	170	174	187	348	#
490	735259	34	57	81	82	90	113	130	164	205	348	#
491	705184	80	82	116	139	187	195	198	212	247	348	#
492	653188	9	22	63	139	149	176	210	220	252	348	#
493	648344	22	94	119	141	148	157	167	169	220	348	#
494	638377	31	56	98	102	111	142	173	220	224	348	#
495	1133572	2	57	58	83	114	122	161	164	169	178	180	182	184	186	194	217	230	248	349	#
496	1394571	2	10	13	27	38	48	76	110	121	125	144	149	152	181	186	201	211	249	349	#
497	1381416	1	7	16	39	57	67	68	78	88	90	93	129	144	177	179	215	241	246	349	#
498	1357251	8	10	18	57	64	82	93	106	114	122	147	191	194	217	230	235	243	247	349	#
499	1351293	2	27	38	60	68	98	110	123	131	166	174	184	189	201	221	223	229	231	349	#
500	1344908	8	21	27	56	63	64	86	102	111	118	119	120	158	212	215	224	230	248	349	#
501	123518	226	#
502	139054	103	164	251	350	#
503	157845	55	164	168	350	#
504	19168	79	165	#
505	233149	86	224	244	351	#
506	275957	120	205	244	351	#
507	258395	25	86	229	351	#
508	218215	130	224	254	351	#
509	284742	20	120	352	#
510	212391	20	172	352	#
511	167321	87	120	352	#
512	340490	0	143	177	184	188	255	353	#
513	475538	70	76	115	177	178	220	353	#
514	470979	46	55	65	129	184	220	353	#
515	362855	0	1	88	168	225	234	353	#
516	305145	14	64	96	190	195	255	353	#
517	282500	70	139	159	188	197	203	353	#
518	564839	84	110	115	171	187	218	235	243	354	#
519	611597	27	54	93	113	168	172	179	235	354	#
520	578635	11	57	133	196	222	233	235	243	354	#
521	526090	57	96	149	162	164	187	249	251	354	#
522	502367	11	17	110	116	160	168	194	222	354	#
523	458861	28	38	84	87	147	174	187	242	354	#
524	54001	222	#
525	935954	5	25	39	113	130	132	133	154	177	234	244	355	#
526	925805	37	43	74	84	120	123	133	138	188	193	220	355	#
527	876758	1	36	37	56	140	154	183	191	213	226	237	355	#
528	846635	3	31	39	61	142	156	159	233	234	236	244	355	#
529	843562	27	61	99	119	123	132	148	177	191	208	243	355	#
530	793540	19	26	41	89	106	107	113	125	159	186	213	355	#
531	1144496	21	31	73	77	78	105	128	146	148	155	157	169	174	175	185	214	237	239	356	#
532	1478471	1	13	30	33	44	92	107	116	141	148	169	176	180	188	191	192	205	221	356	#
533	1398061	1	38	66	68	75	77	108	119	122	135	144	146	148	157	174	182	192	225	356	#
534	1389588	3	11	21	33	38	50	67	70	73	87	112	116	137	160	210	219	239	248	356	#
535	1383477	7	16	25	43	62	87	90	123	127	132	133	136	148	157	182	185	192	225	356	#
536	1320756	0	3	5	21	26	27	65	73	78	79	88	112	137	146	189	205	216	247	356	#
537	322611	45	153	188	194	217	357	#
538	471740	1	45	107	136	237	357	#
539	389488	92	144	181	203	217	357	#
540	298297	21	153	200	209	238	357	#
541	278323	142	165	166	194	215	357	#
542	275946	146	175	188	233	234	357	#
543	1700067	1	2	7	11	16	24	43	47	69	70	91	117	135	163	164	183	187	194	211	220	222	225	242	253	358	#
544	1989095	4	7	12	15	21	32	65	71	78	81	84	92	98	109	110	113	117	127	158	162	174	184	218	227	358	#
545	1988238	19	32	42	43	53	73	111	131	135	144	152	158	159	171	179	183	187	192	218	219	227	246	248	251	358	#
546	1978112	15	23	29	30	43	44	50	58	93	122	133	136	139	155	161	167	170	173	183	218	225	227	245	246	358	#
547	1865153	4	15	30	32	54	58	70	90	103	105	110	134	151	152	153	156	162	164	185	193	220	221	234	244	358	#
548	1840853	5	10	11	16	26	50	79	81	96	101	103	113	134	136	175	181	190	199	205	209	215	245	251	253	358	#
549	849136	53	56	81	82	132	140	152	159	188	195	227	233	251	359	#
550	1102283	20	46	51	67	68	89	120	142	173	174	207	233	236	359	#
551	1071871	41	55	67	76	116	157	171	199	215	218	226	227	233	359	#
552	1008110	20	24	31	33	45	53	77	80	112	154	182	191	226	359	#
553	985589	22	23	45	55	68	70	84	159	172	175	207	222	226	359	#
554	981889	24	56	81	96	113	151	162	170	173	202	241	245	252	359	#
555	1039492	11	22	28	33	35	72	85	104	112	114	130	151	158	161	164	169	178	184	206	209	360	#
556	1467696	10	16	20	42	75	79	80	82	88	89	99	102	104	133	164	188	223	224	251	252	360	#
557	1465272	24	29	30	49	53	137	167	171	178	179	185	186	188	196	204	209	220	225	238	251	360	#
558	1463639	5	7	21	30	40	42	49	72	77	109	112	113	139	145	147	154	164	179	198	240	360	#
559	1450074	12	27	42	54	59	77	85	88	90	101	104	136	154	161	169	186	188	198	212	237	360	#
560	1443462	3	10	18	19	53	56	69	72	86	112	143	147	150	158	192	219	229	243	244	255	360	#
561	1072378	52	83	105	111	126	131	132	161	170	197	202	213	222	225	230	232	239	247	250	361	#
562	1525942	18	32	35	72	74	84	86	98	103	107	115	130	151	165	170	181	193	196	232	361	#
563	1470487	9	12	36	77	111	122	127	130	144	148	154	155	168	190	204	222	225	240	250	361	#
564	1469128	3	17	26	34	52	55	109	110	117	118	131	147	167	181	216	225	240	252	254	361	#
565	1429091	0	3	10	30	32	71	92	109	132	143	144	155	159	161	170	174	215	241	245	361	#
566	1422047	42	45	46	57	84	94	107	109	121	127	128	131	132	143	155	157	166	198	247	361	#
567	1050380	13	17	46	79	83	108	114	116	133	142	149	201	203	204	218	225	362	#
568	1357067	3	15	20	26	37	47	56	60	75	89	123	142	147	151	229	242	362	#
569	1278640	17	46	53	54	56	64	75	78	83	87	120	154	196	229	236	252	362	#
570	1255921	4	15	20	37	38	43	78	87	133	159	203	207	215	225	239	248	362	#
571	1235055	1	11	46	53	57	58	67	100	149	165	171	187	204	227	241	249	362	#
572	1192647	3	54	62	73	85	101	116	122	132	168	174	186	215	226	234	241	362	#
573	842058	9	16	46	54	82	147	159	237	238	251	363	#
574	915054	46	48	90	108	131	147	162	211	233	245	363	#
575	854698	4	9	16	74	78	131	155	200	233	242	363	#
576	843829	12	16	25	29	65	90	148	205	224	254	363	#
577	721410	34	83	124	152	186	212	214	226	232	237	363	#
578	713325	0	30	46	47	96	109	201	231	245	255	363	#
579	370412	40	71	80	107	166	185	364	#
580	476778	61	80	111	154	155	252	364	#
581	463759	40	128	144	156	194	248	364	#
582	453307	49	68	166	193	198	227	364	#
583	424624	54	66	123	185	203	235	364	#
584	367491	59	64	107	111	145	195	364	#
585	342027	59	134	155	157	365	#
586	338091	60	121	138	155	365	#
587	321432	134	160	173	226	365	#
588	272307	23	118	157	207	365	#
589	221441	28	59	72	84	365	#
590	266480	55	83	92	94	186	197	203	366	#
591	361337	70	75	94	153	198	200	212	366	#
592	305228	50	83	130	149	150	367	#
593	400134	32	96	130	168	223	367	#
594	372174	50	66	91	156	243	367	#
595	328238	45	83	128	223	229	367	#
596	296262	132	150	153	187	211	367	#
597	168733	37	118	146	149	250	367	#
598	291315	43	52	80	103	209	368	#
599	360927	52	72	91	120	251	368	#
600	346110	59	96	103	152	236	368	#
601	299039	26	56	80	135	195	368	#
602	275851	43	81	82	132	144	368	#
603	252269	19	21	181	195	209	368	#
604	1561529	2	35	46	61	64	65	77	93	110	115	125	135	138	148	164	175	186	197	214	235	249	255	369	#
605	1786898	6	15	20	54	56	57	64	107	138	146	155	182	188	197	203	214	220	243	245	247	251	252	369	#
606	1759505	10	17	61	74	90	93	97	103	115	120	130	132	174	180	183	193	209	218	219	248	249	252	369	#
607	1683996	2	9	17	18	20	21	52	76	110	111	112	125	130	155	176	185	193	194	221	223	237	246	369	#
608	1681606	2	11	22	27	28	34	46	57	65	91	131	135	138	140	146	173	174	191	192	215	225	251	369	#
609	1627360	20	23	46	62	65	71	73	78	90	91	109	118	127	151	164	181	185	192	200	216	219	227	369	#
610	691946	23	39	62	71	80	86	134	168	180	212	244	254	370	#
611	959070	12	17	45	46	80	82	100	109	137	156	168	250	370	#
612	824508	9	34	49	107	110	124	156	179	212	215	221	253	370	#
613	797776	24	39	46	63	68	71	77	108	112	141	207	254	370	#
614	777854	41	71	74	148	177	192	197	204	208	211	234	251	370	#
615	771709	38	39	50	58	62	80	83	107	199	203	223	240	370	#
616	1042283	1	20	42	46	49	106	108	111	172	182	192	205	371	#
617	969733	20	31	75	116	128	149	176	192	197	219	231	246	371	#
618	933152	0	26	42	64	69	106	122	138	227	231	242	252	371	#
619	861520	47	48	49	66	96	122	123	124	130	204	221	252	371	#
620	855459	40	46	65	123	130	164	173	174	186	198	221	249	371	#
621	848374	14	26	33	41	51	116	118	192	212	220	237	247	371	#
622	328823	144	157	195	199	239	372	#
623	386363	49	101	157	231	238	372	#
624	381309	39	97	144	189	212	372	#
625	358525	33	70	145	186	199	372	#
626	292901	67	195	197	217	224	372	#
627	209581	50	73	74	75	239	372	#
628	640217	9	16	18	65	77	96	200	212	373	#
629	727966	9	24	142	180	212	214	242	248	373	#
630	617600	25	43	77	99	111	136	154	215	373	#
631	593764	44	85	93	107	150	200	219	251	373	#
632	567873	18	40	76	97	178	200	218	248	373	#
633	548469	16	50	112	160	167	180	198	235	373	#
634	248712	97	177	191	236	374	#
635	326274	7	73	97	248	374	#
636	315725	86	96	193	236	374	#
637	246627	41	191	195	242	374	#
638	222587	39	133	177	251	374	#
639	1245692	9	15	34	39	66	77	81	120	137	159	170	178	219	244	247	252	253	375	#
640	1339950	10	87	88	109	111	115	118	120	153	159	177	180	188	190	201	243	253	375	#
641	1324939	3	4	25	27	68	81	86	112	118	139	148	156	161	184	194	200	208	375	#
642	1270705	4	22	39	40	44	64	117	120	126	133	145	200	208	216	237	248	252	375	#
643	1264571	9	14	18	25	34	39	40	105	119	120	127	155	180	200	215	242	252	375	#
644	1259509	2	7	38	44	49	52	55	90	99	127	139	149	155	158	181	192	247	375	#
645	1207802	30	39	40	42	52	118	120	126	129	139	142	146	165	170	183	198	200	212	215	226	376	#
646	1450150	1	10	18	27	30	55	58	105	108	118	134	146	148	151	154	167	176	208	226	244	376	#
647	1437630	15	41	45	47	56	77	82	96	113	130	136	139	143	158	192	199	201	212	215	228	376	#
648	1435562	1	64	66	93	98	105	113	126	130	156	178	181	197	210	214	221	250	251	252	255	376	#
649	1404970	14	16	18	25	31	36	50	66	78	96	105	113	142	148	155	170	183	206	227	236	376	#
650	1404352	19	33	56	64	68	80	120	125	131	135	136	154	166	181	207	215	217	218	241	242	376	#
651	832303	27	74	108	116	121	158	161	170	227	237	248	377	#
652	958747	3	56	66	86	101	123	195	208	223	227	247	377	#
653	947725	14	17	23	25	36	46	111	116	190	225	238	377	#
654	942083	3	30	34	44	49	74	84	137	161	217	247	377	#
655	868994	22	27	56	63	69	90	127	161	190	197	211	377	#
656	752528	36	59	101	103	112	126	141	183	202	217	237	377	#
657	1087034	50	70	79	111	115	125	134	154	163	191	215	220	223	240	249	254	378	#
658	1309156	6	11	16	23	46	60	104	111	113	131	134	150	152	191	200	251	378	#
659	1302459	11	35	42	43	46	50	72	84	120	122	170	218	227	240	242	248	378	#
660	1262212	13	15	26	45	49	113	115	120	129	132	140	155	156	188	227	251	378	#
661	1169140	6	17	45	54	60	69	98	109	122	123	138	156	194	195	226	249	378	#
662	1148998	16	23	39	41	52	54	113	125	132	138	154	155	160	227	233	245	378	#
663	1214108	0	13	28	37	53	87	99	140	154	156	171	176	183	191	194	208	216	221	224	248	379	#
664	1623725	1	18	36	40	46	52	53	55	68	87	97	115	135	155	160	173	181	183	212	227	379	#
665	1558544	1	8	35	61	63	81	87	92	100	124	126	139	141	142	145	159	160	222	233	249	379	#
666	1527272	0	11	25	28	38	45	49	101	102	111	123	124	130	149	154	198	231	239	246	251	379	#
667	1495550	4	13	44	46	53	65	82	107	118	124	135	145	163	171	180	188	209	224	227	229	379	#
668	1493996	0	4	22	29	40	62	68	73	98	139	157	159	194	208	216	223	224	232	239	249	379	#
669	593407	36	84	96	177	179	193	230	245	249	380	#
670	714983	3	26	68	114	161	183	225	230	245	380	#
671	695427	42	76	113	162	172	211	214	242	249	380	#
672	694802	37	48	56	96	99	126	147	161	205	380	#
673	660430	5	30	38	59	62	64	96	126	177	380	#
674	637034	29	73	98	140	180	197	230	239	254	380	#
675	724186	5	63	82	114	120	166	220	241	245	381	#
676	700183	60	62	82	97	113	139	145	164	210	381	#
677	693981	1	3	97	114	143	164	188	192	226	381	#
678	660557	25	94	98	114	120	125	166	168	253	381	#
679	659583	3	7	20	71	87	133	176	186	241	381	#
680	590580	5	71	82	125	171	180	185	212	248	381	#
681	540657	86	116	119	138	151	155	206	382	#
682	675806	2	76	127	151	202	227	236	382	#
683	577649	4	119	138	156	187	215	245	382	#
684	514739	55	81	85	131	155	207	225	382	#
685	450396	19	20	35	116	166	169	228	382	#
686	444284	61	66	86	107	133	167	229	382	#
687	63833	169	173	383	#
688	65171	169	171	383	#
689	240526	7	48	188	193	235	384	#
690	330576	7	15	93	95	116	384	#
691	252256	123	152	176	188	250	384	#
692	249200	25	37	131	179	193	384	#
693	215784	33	48	61	187	253	384	#
694	653143	23	83	87	128	152	163	171	191	221	385	#
695	726082	73	74	152	171	212	232	233	242	248	385	#
696	627741	3	4	23	28	33	127	155	178	208	385	#
697	611787	35	54	81	128	158	215	224	243	250	385	#
698	608207	10	104	111	144	147	163	169	182	212	385	#
699	607538	4	124	131	142	150	152	181	203	225	385	#
700	194608	0	12	52	105	122	386	#
701	261200	8	12	60	165	208	386	#
702	259763	17	71	105	120	230	386	#
703	204747	0	48	52	55	94	386	#
704	658897	44	51	52	54	66	81	104	106	115	138	155	228	232	387	#
705	924260	12	13	25	38	138	166	173	213	214	228	238	247	251	387	#
706	894672	0	11	27	50	66	69	70	88	149	167	171	187	213	387	#
707	862265	12	52	66	82	89	92	119	138	164	193	222	238	247	387	#
708	846297	9	36	44	83	112	113	122	140	174	180	208	228	229	387	#
709	837113	30	37	44	74	81	85	86	104	125	146	201	203	232	387	#
710	1265456	10	12	13	33	40	44	52	59	81	103	117	123	134	150	158	163	170	198	201	212	250	388	#
711	1654399	3	23	31	40	45	46	53	60	79	84	117	141	155	158	160	181	191	204	212	228	234	388	#
712	1636326	5	22	23	40	44	50	65	77	81	82	90	109	114	149	155	168	177	181	184	207	228	388	#
713	1500789	13	44	45	55	59	76	121	131	142	150	151	155	159	171	172	180	192	194	203	231	246	388	#
714	1495785	13	24	44	45	52	58	69	80	121	150	153	157	161	163	173	180	193	203	212	228	248	388	#
715	1485113	3	9	44	52	70	72	80	92	103	114	143	145	149	155	157	167	191	198	219	220	229	388	#
716	165943	76	158	389	#
717	220166	154	158	389	#
718	133863	76	159	389	#
719	615874	57	58	114	165	178	200	251	390	#
720	682190	12	57	148	157	176	204	211	390	#
721	608210	51	76	157	170	176	200	251	390	#
722	542870	26	62	81	161	191	205	251	390	#
723	522539	37	57	58	103	152	238	247	390	#
724	432321	0	103	104	114	157	171	208	390	#
725	1621125	11	28	39	47	49	54	63	71	76	81	121	152	154	155	158	196	201	213	221	236	242	248	391	#
726	1806039	9	26	45	46	47	48	51	53	60	67	75	82	86	109	130	155	181	208	215	221	245	246	391	#
727	1727436	12	22	27	39	47	54	63	67	87	91	114	148	173	197	201	206	213	222	228	237	238	247	391	#
728	1689479	10	18	27	28	42	46	62	67	73	89	97	98	108	110	118	128	136	151	152	218	236	245	391	#
729	1653256	10	15	27	39	42	69	74	84	89	91	93	97	137	147	151	173	174	179	206	218	240	250	391	#
730	1652139	1	15	42	46	53	60	64	65	92	94	100	140	151	153	156	187	197	205	209	227	236	242	391	#
731	151330	4	112	392	#
732	84612	4	95	392	#
733	448416	1	41	121	137	151	155	194	393	#
734	650262	57	81	86	127	130	151	225	393	#
735	589973	3	68	73	99	100	121	197	393	#
736	527160	34	41	92	139	166	181	195	393	#
737	504907	10	50	95	127	137	155	218	393	#
738	430384	1	16	19	30	42	146	222	393	#
739	61196	51	#
740	1900811	3	13	36	51	56	57	67	69	72	82	106	116	127	129	132	166	191	192	212	215	220	241	245	254	394	#
741	1943889	65	67	81	82	88	98	100	106	107	115	117	121	129	133	153	155	169	191	194	213	217	236	241	247	394	#
742	1857372	3	30	33	36	62	69	70	71	81	94	135	140	149	153	156	165	169	194	207	217	226	238	243	247	394	#
743	1830563	18	20	41	44	56	64	67	68	70	74	107	109	118	126	132	144	149	153	180	196	226	227	241	243	394	#
744	1817056	0	1	18	30	36	45	69	78	102	113	116	131	168	169	180	182	186	194	196	207	233	236	239	246	394	#
745	1780023	6	12	17	25	26	30	50	56	61	67	69	70	86	104	108	120	136	149	169	184	201	213	217	246	394	#
746	685240	74	110	119	146	153	157	187	212	234	236	395	#
747	894709	3	74	87	110	111	145	146	153	176	246	395	#
748	815788	157	163	176	179	187	198	218	236	240	241	395	#
749	669047	91	142	181	200	204	210	212	219	220	245	395	#
750	620901	8	27	74	113	146	166	169	171	210	221	395	#
751	608548	34	71	104	127	187	216	218	221	234	238	395	#
752	632668	35	52	57	121	141	145	148	210	235	396	#
753	751962	10	34	35	51	67	86	120	151	219	396	#
754	728268	32	46	71	79	84	111	121	126	238	396	#
755	663334	57	100	119	121	142	216	218	223	234	396	#
756	662885	11	34	97	105	141	162	198	223	225	396	#
757	654879	10	26	32	66	97	119	134	148	218	396	#
758	486264	0	18	44	68	102	155	196	397	#
759	666849	1	5	11	44	107	165	213	397	#
760	664890	68	83	113	136	177	180	181	397	#
761	493394	52	60	102	118	130	159	175	397	#
762	487020	86	136	148	153	154	196	226	397	#
763	458410	13	18	31	102	111	225	235	397	#
764	183788	2	7	78	398	#
765	157637	2	83	122	398	#
766	138925	78	147	195	398	#
767	91644	7	13	146	398	#
768	360328	57	166	171	194	199	223	399	#
769	533712	19	24	41	107	166	217	399	#
770	526689	57	101	114	144	217	234	399	#
771	444097	24	61	139	167	194	221	399	#
772	433957	48	70	180	189	223	246	399	#
773	402556	34	41	123	195	199	205	399	#
774	1212975	35	40	42	46	56	72	81	85	109	116	117	139	161	211	215	224	230	242	400	#
775	1418267	6	10	39	56	65	68	81	82	130	138	152	162	166	177	212	215	228	244	400	#
776	1414439	30	33	35	41	56	81	84	91	120	127	130	133	141	159	186	208	215	227	400	#
777	1365741	29	33	35	46	62	68	73	74	106	117	127	145	154	183	203	211	230	231	400	#
778	1313736	8	28	33	39	49	56	59	64	117	130	150	174	177	190	208	213	240	248	400	#
779	1255005	2	5	30	38	46	72	73	87	99	109	127	165	182	201	207	216	225	245	400	#
780	823589	6	33	72	76	89	106	113	117	129	140	152	158	163	220	401	#
781	1095540	34	46	56	76	88	89	107	128	152	159	198	201	212	255	401	#
782	1066874	16	64	68	89	108	113	119	124	148	155	182	190	209	245	401	#
783	1015914	45	114	126	132	134	148	152	161	164	192	242	248	253	255	401	#
784	1013195	6	8	17	19	46	63	76	81	123	131	146	148	150	182	401	#
785	969636	1	3	21	47	57	72	83	122	146	164	189	197	203	228	401	#
786	2129545	7	24	30	34	51	56	64	79	81	95	102	107	112	120	122	136	143	160	162	164	169	190	192	196	201	202	211	217	220	227	234	243	249	253	402	#
787	2915147	7	16	22	26	39	40	56	62	75	88	89	97	101	110	125	136	147	149	150	160	185	193	200	205	206	213	215	217	225	226	241	243	248	253	402	#
788	2667160	1	15	26	27	28	47	51	53	59	66	74	75	79	86	87	89	105	107	110	112	114	124	131	150	171	192	199	202	212	215	241	248	252	253	402	#
789	2588128	0	22	24	38	46	50	56	65	69	72	80	95	97	116	120	122	149	150	157	175	192	194	195	197	201	213	220	223	232	236	237	241	248	253	402	#
790	2585913	5	12	29	30	34	36	37	46	51	69	72	77	89	97	98	100	101	112	128	136	155	162	163	173	192	200	202	210	211	215	217	225	236	241	402	#
791	2585457	1	5	9	11	27	34	37	38	57	67	90	98	101	114	121	125	135	136	147	162	163	180	190	192	200	206	211	225	226	235	245	246	250	254	402	#
792	133153	126	132	244	254	#
793	385336	113	142	156	249	403	#
794	433806	4	113	133	213	403	#
795	292804	121	142	170	203	403	#
796	225449	59	143	149	249	403	#
797	189821	59	126	156	236	403	#
798	1520337	10	35	37	52	65	71	84	121	122	128	130	131	140	159	176	190	194	202	208	216	224	237	245	246	404	#
799	1983804	4	12	19	25	27	46	50	55	58	67	71	80	113	118	137	142	166	187	199	205	207	223	226	237	404	#
800	1918459	27	40	44	66	76	88	103	110	148	150	151	156	160	162	193	207	208	226	229	235	240	241	249	254	404	#
801	1892305	2	3	7	11	19	22	28	33	69	79	80	94	101	109	130	147	151	178	181	194	223	225	229	247	404	#
802	1879108	4	22	26	35	46	48	76	96	120	124	136	155	156	157	164	166	176	194	214	223	233	235	245	246	404	#
803	1876832	4	17	26	40	62	69	75	100	120	128	145	147	171	172	181	186	193	201	207	212	216	236	242	248	404	#
804	934564	29	30	45	46	52	67	73	102	132	134	155	160	173	176	198	221	405	#
805	1217096	3	27	35	43	55	78	97	111	134	145	160	179	187	197	198	246	405	#
806	1202310	16	19	26	41	45	57	85	96	116	132	138	181	198	224	227	250	405	#
807	1188979	50	60	64	67	78	85	103	109	123	153	155	176	183	235	247	255	405	#
808	1164785	29	38	39	64	78	88	92	111	132	151	168	176	181	202	247	255	405	#
809	1160333	4	36	38	45	105	133	138	142	176	181	198	200	218	225	229	235	405	#
810	1010428	3	16	31	59	79	121	133	134	161	200	206	210	217	254	406	#
811	1137755	3	41	50	122	128	133	136	155	161	179	182	184	229	242	406	#
812	1066163	35	51	72	82	134	137	156	192	194	197	206	225	252	254	406	#
813	950872	46	48	51	59	66	95	97	102	124	133	214	215	226	229	406	#
814	944009	4	8	53	64	121	126	129	132	133	200	215	217	232	248	406	#
815	941277	26	31	62	100	101	114	120	123	149	152	161	164	212	244	406	#
816	2883307	2	15	17	21	27	35	42	51	56	70	77	79	91	93	94	98	99	100	108	122	127	128	129	134	135	142	143	146	151	153	163	166	170	171	172	176	184	196	206	222	234	241	242	407	#
817	3201191	2	12	15	17	20	24	27	29	31	34	39	42	59	60	61	68	71	77	82	91	93	95	126	135	148	153	162	163	166	174	177	189	195	201	203	205	211	220	231	234	238	242	244	407	#
818	3173955	5	15	23	34	51	60	68	70	72	74	77	81	83	85	86	89	92	95	98	109	111	114	127	128	133	137	139	142	143	145	148	156	169	170	173	176	186	189	202	205	227	240	245	407	#
819	3149422	1	10	12	15	18	20	26	29	34	35	40	50	51	56	58	61	76	79	80	82	84	103	107	112	119	139	144	152	154	156	164	170	174	180	184	185	186	196	207	208	212	229	232	407	#
820	3135397	10	12	15	21	24	42	53	70	71	92	99	106	107	115	116	122	125	126	128	129	132	139	142	146	148	149	152	156	160	170	171	189	190	195	201	203	206	225	226	238	240	242	248	407	#
821	3121826	1	2	12	14	23	30	34	37	48	58	70	74	79	92	98	111	119	124	127	137	138	139	140	142	148	156	162	167	169	172	174	178	179	182	187	189	202	205	206	208	210	225	230	407	#
822	355596	41	48	87	172	195	245	408	#
823	450724	51	89	99	137	195	213	408	#
824	447686	48	55	88	93	115	181	408	#
825	419192	41	74	87	142	180	183	408	#
826	364533	39	67	127	231	245	246	408	#
827	331571	51	93	146	172	195	210	408	#
828	540123	18	22	64	66	110	118	119	171	219	249	409	#
829	805104	45	76	83	123	155	171	186	197	205	249	409	#
830	803499	17	64	82	97	124	148	185	186	213	226	409	#
831	739581	17	40	45	66	95	123	138	174	181	216	409	#
832	735044	8	11	34	99	119	148	213	237	243	247	409	#
833	721479	3	10	35	61	121	129	156	175	219	248	409	#
834	1229400	15	39	50	64	73	79	95	99	101	128	143	157	214	218	248	255	410	#
835	1364579	10	34	59	78	80	87	118	125	139	141	143	157	172	174	243	251	410	#
836	1313629	3	40	54	64	68	111	118	155	156	176	185	186	193	204	205	255	410	#
837	1308962	57	65	84	85	113	120	125	129	138	157	179	200	214	218	243	244	410	#
838	1285699	0	39	44	54	95	107	110	111	121	139	174	182	194	199	209	227	410	#
839	1282368	5	29	42	45	80	83	84	87	101	109	110	124	174	240	251	252	410	#
840	601345	9	10	47	86	109	119	123	156	246	411	#
841	811173	4	11	86	93	110	146	151	165	199	411	#
842	768941	7	17	28	46	77	90	109	115	251	411	#
843	761394	15	116	119	125	146	174	184	207	224	411	#
844	740040	90	93	101	135	150	156	209	215	252	411	#
845	718241	7	10	93	143	147	148	170	227	230	411	#
846	1402125	20	27	41	44	66	71	77	86	96	107	113	117	157	188	191	195	220	235	239	412	#
847	1649502	0	15	19	29	44	46	55	63	77	97	118	120	150	183	219	221	236	239	245	412	#
848	1604697	10	46	64	74	103	110	116	122	130	156	200	203	209	214	227	230	239	240	252	412	#
849	1396634	0	21	27	38	47	64	91	101	130	134	156	162	192	195	206	222	224	227	249	412	#
850	1391571	23	31	44	69	71	74	84	86	89	102	111	127	145	159	161	181	193	237	242	412	#
851	1344210	3	4	8	17	27	42	51	67	68	94	118	131	143	179	193	204	209	230	249	412	#
852	1402989	16	34	69	76	79	105	119	136	150	155	163	171	176	216	243	413	#
853	1337395	2	18	19	73	77	90	93	97	110	125	130	137	156	171	183	413	#
854	1310232	8	19	43	53	67	119	130	147	150	152	166	211	213	216	248	413	#
855	1279667	19	32	43	69	79	97	100	111	129	143	144	152	208	213	243	413	#
856	1222460	0	4	27	30	44	69	74	111	117	121	150	225	227	234	242	413	#
857	1169618	17	19	46	62	64	93	110	119	123	155	171	186	222	234	238	413	#
858	1480499	1	12	20	50	53	56	57	96	102	109	114	120	128	135	151	154	203	212	219	222	244	251	252	414	#
859	1828040	36	50	53	65	71	74	83	86	90	124	136	138	141	161	188	189	192	240	244	248	249	251	253	414	#
860	1733272	17	20	38	56	58	64	82	83	88	95	107	111	122	150	165	180	201	214	217	228	229	231	237	414	#
861	1712247	0	4	5	14	50	58	88	107	122	138	141	156	165	174	176	225	226	234	237	241	250	252	254	414	#
862	1697802	55	59	65	74	77	105	107	113	125	130	141	154	155	163	165	188	213	215	228	229	230	232	247	414	#
863	1646423	18	22	31	43	82	83	88	105	123	124	128	137	141	151	152	154	187	191	231	237	240	246	249	414	#
864	544764	65	137	181	204	248	415	#
865	501899	27	65	76	104	132	415	#
866	395231	18	59	182	204	236	415	#
867	392184	76	79	121	174	248	415	#
868	348803	40	67	181	210	251	415	#
869	270407	0	35	89	103	137	415	#
870	265685	41	87	123	174	416	#
871	365683	113	115	123	181	416	#
872	262157	13	41	93	152	416	#
873	226706	52	93	133	174	416	#
874	94690	87	96	137	216	416	#
875	2115352	9	11	14	20	26	41	43	44	51	56	57	60	78	112	123	124	142	167	170	171	182	226	229	230	233	235	236	240	246	417	#
876	2244184	0	14	19	24	30	39	46	48	52	55	56	73	80	86	89	102	112	121	127	131	136	200	209	212	213	218	225	248	249	417	#
877	2205325	19	24	29	36	49	56	70	74	83	85	87	114	122	123	131	136	139	143	160	168	169	171	182	192	197	225	235	236	251	417	#
878	2198104	0	19	23	32	38	41	42	45	70	78	81	85	86	89	94	97	99	114	119	137	139	144	145	147	152	167	180	181	206	417	#
879	2137903	8	9	20	27	43	44	56	67	69	73	86	92	99	101	117	119	126	130	131	142	150	176	183	185	216	229	238	244	251	417	#
880	2124076	1	21	24	27	32	34	39	41	49	55	57	61	70	119	133	139	145	179	182	188	199	207	208	214	219	225	239	240	252	417	#
881	133390	64	90	418	#
882	144241	31	64	418	#
883	59021	89	90	418	#
884	1604284	22	23	35	45	55	69	81	90	104	107	108	109	116	133	136	142	153	163	177	190	217	222	235	252	254	419	#
885	2223407	13	17	20	23	44	45	47	50	55	62	76	84	106	120	125	137	145	150	155	157	160	179	211	217	251	419	#
886	1916973	22	23	30	31	79	86	106	113	118	120	123	129	138	139	144	145	155	160	163	171	179	185	217	225	251	419	#
887	1811862	0	17	39	61	67	76	86	92	94	96	97	122	131	151	168	177	188	191	216	217	226	240	248	251	252	419	#
888	1795218	17	20	21	24	34	44	55	72	76	86	91	93	98	127	151	158	199	206	211	215	219	221	222	226	240	419	#
889	1782117	0	4	15	20	23	39	45	47	52	63	100	116	135	143	149	151	163	171	172	182	187	188	192	198	243	419	#
890	32267	33	#
891	201795	47	132	420	#
892	180655	21	47	420	#
893	118754	64	132	420	#
894	1068940	15	24	33	40	59	76	82	91	103	123	130	167	197	242	421	#
895	1093318	6	18	65	68	76	93	103	131	137	158	187	194	230	233	421	#
896	1089490	20	30	67	90	94	99	100	151	163	167	177	192	215	247	421	#
897	1086077	15	21	49	73	82	85	100	126	136	154	184	224	233	252	421	#
898	1066596	5	10	18	30	33	61	72	76	120	156	191	205	215	250	421	#
899	1064398	3	11	40	60	67	69	130	134	143	164	196	215	246	247	421	#
900	183705	174	245	422	#
901	202549	32	245	422	#
902	115289	28	174	422	#
903	223844	103	137	190	216	423	#
904	310453	137	153	155	240	423	#
905	131991	42	69	122	216	423	#
906	118522	23	31	190	194	423	#
907	559124	1	4	44	101	120	208	225	242	424	#
908	679472	83	101	127	152	171	189	190	247	424	#
909	569151	16	38	112	119	127	147	198	242	424	#
910	506161	7	25	32	118	128	210	218	225	424	#
911	505302	1	22	62	80	91	100	139	210	424	#
912	490012	35	39	93	120	125	128	134	169	424	#
913	320662	13	38	87	138	163	239	252	425	#
914	448275	31	38	64	78	94	136	217	425	#
915	427742	22	50	78	92	98	129	239	425	#
916	390585	14	65	140	163	177	196	239	425	#
917	334410	18	59	80	87	112	117	167	425	#
918	287421	13	37	40	64	105	121	140	425	#
919	201401	35	71	161	188	426	#
920	255261	35	87	90	141	426	#
921	202815	71	137	156	233	426	#
922	171594	127	246	427	#
923	152283	87	127	427	#
924	125399	21	246	427	#
925	94055	27	#
926	789328	6	71	79	82	100	106	113	114	165	202	213	428	#
927	941370	12	47	89	113	137	152	155	213	219	232	252	428	#
928	829907	10	16	59	64	70	113	170	185	190	193	223	428	#
929	827351	0	33	46	80	82	97	116	211	220	222	238	428	#
930	764941	2	27	93	106	129	190	197	200	223	238	250	428	#
931	743897	43	50	56	79	108	112	157	184	192	207	213	428	#
932	141371	171	178	429	#
933	131372	178	196	429	#
934	69176	171	221	429	#
935	160482	15	184	430	#
936	139329	15	25	430	#
937	130171	122	184	430	#
938	604431	12	23	25	40	114	185	192	204	431	#
939	683796	129	164	192	200	209	211	214	246	431	#
940	640758	67	100	107	173	204	208	215	229	431	#
941	584951	7	25	61	114	192	225	244	251	431	#
942	569436	25	40	53	67	97	114	240	251	431	#
943	540759	23	29	85	198	207	237	249	251	431	#
944	232602	35	129	130	237	255	432	#
945	343548	40	101	180	197	255	432	#
946	334307	9	35	54	117	245	432	#
947	309867	73	93	129	214	219	432	#
948	31317	38	#
949	1639097	8	9	56	57	60	63	68	95	113	119	125	127	140	142	155	186	200	212	219	227	234	249	250	255	433	#
950	1860664	1	32	43	44	46	48	64	68	71	77	103	105	107	119	137	140	150	151	152	163	203	218	241	251	433	#
951	1838709	1	6	41	44	47	58	65	71	76	90	92	115	119	130	164	172	193	212	223	226	229	231	238	251	433	#
952	1810287	6	10	14	22	24	27	32	62	69	76	82	86	87	113	120	127	165	166	176	210	212	218	244	248	433	#
953	1744615	4	22	32	36	37	46	50	66	96	107	113	125	136	137	143	151	177	206	218	219	222	223	228	249	433	#
954	1740391	16	32	33	39	50	68	88	99	108	131	145	153	155	164	167	182	184	202	205	206	212	219	231	234	433	#
955	402284	45	71	99	179	241	434	#
956	500896	1	84	101	103	241	434	#
957	328852	71	103	178	203	223	434	#
958	304987	99	121	146	210	240	434	#
959	302798	45	143	144	171	178	434	#
960	263586	94	124	179	222	248	434	#
961	444470	142	155	159	186	189	239	435	#
962	545147	135	144	149	155	218	230	435	#
963	511380	5	27	33	86	239	241	435	#
964	511357	80	84	130	159	169	189	435	#
965	447455	1	43	47	90	186	220	435	#
966	383588	11	142	194	215	243	253	435	#
967	493926	19	88	94	106	130	143	176	249	436	#
968	596999	33	88	110	122	196	239	251	254	436	#
969	581423	48	93	99	156	163	176	201	251	436	#
970	547503	62	64	68	86	88	130	156	178	436	#
971	527404	19	34	51	53	58	88	148	192	436	#
972	473563	7	46	60	87	140	219	249	253	436	#
973	1453281	10	25	33	38	39	44	80	99	102	106	109	129	133	135	147	158	160	173	187	198	208	230	238	241	437	#
974	1945571	44	46	50	60	69	86	87	93	99	117	119	130	131	135	155	184	191	195	200	232	238	240	245	251	437	#
975	1754578	11	18	23	25	38	46	54	55	63	76	94	106	116	120	152	153	161	175	206	208	223	225	243	248	437	#
976	1722976	0	13	33	44	60	64	76	87	96	98	99	102	114	130	152	156	157	174	177	187	195	202	229	237	437	#
977	1716521	4	19	38	42	49	69	78	79	87	96	99	116	160	191	200	206	210	211	214	217	219	223	245	249	437	#
978	1670901	44	50	60	71	73	85	89	97	106	115	122	124	139	149	163	168	191	203	219	230	235	239	243	247	437	#
979	220684	139	142	202	438	#
980	325019	26	110	142	438	#
981	267089	5	185	202	438	#
982	255952	110	126	139	438	#
983	509819	53	157	162	185	210	223	439	#
984	536839	44	50	162	206	223	233	439	#
985	493995	84	91	137	170	185	219	439	#
986	466086	81	107	157	193	197	222	439	#
987	372817	43	90	162	173	210	222	439	#
988	316286	7	37	100	114	132	223	439	#
989	1286247	34	35	54	76	82	83	87	98	99	125	149	160	163	176	218	222	223	239	243	440	#
990	1584532	8	26	44	49	76	98	148	154	157	163	167	169	175	183	188	196	218	227	233	440	#
991	1574968	15	56	69	76	82	85	87	105	107	141	145	181	190	211	218	222	231	232	251	440	#
992	1551881	59	77	83	90	97	98	123	137	140	143	145	148	151	162	172	185	193	218	235	440	#
993	1440806	2	8	18	47	51	56	69	76	103	120	125	139	175	196	199	204	213	238	242	440	#
994	1438729	5	10	29	44	69	84	91	119	120	143	161	162	163	186	194	199	211	232	235	440	#
995	134467	80	166	441	#
996	123648	145	166	441	#
997	80119	13	80	441	#
998	75947	242	#
999	68382	134	#
