%% File generated by CATS v.2.1Wed Jun 19 19:19:36 2013

%% The CATS webpage is http://robotics.stanford.edu/CATS

%% PARAMETER SETTINGS:
% Goods: 256; Bids: 1000; Distribution: arbitrary; Runs: 50; Seed: 1371664721
% Arbitrary Distribution Parameters:
% Max Substitutable Bids = 5
% Removing HV Neighbor   = 0.1
% Adding DIAG Neighbor   = 0.2
% Additional Location    = 0.9
% Additivity             = 0.2
% Budget Factor          = 1.5
% Resale Factor          = 0.5
% Uniform Private Value:
%   Deviation            = 0.5
%   Max Good Value       = 100



goods 256
bids 1001
dummy 190

0	238871	33	68	246	248	256	#
1	320151	29	35	236	246	256	#
2	284724	68	211	216	227	256	#
3	271341	40	84	113	248	256	#
4	185361	33	50	170	213	256	#
5	184671	136	248	257	#
6	271688	5	248	257	#
7	123327	39	136	257	#
8	1201846	10	18	38	47	51	54	60	64	98	124	125	128	136	154	158	160	197	212	239	242	258	#
9	1723800	3	13	21	23	29	41	61	63	64	70	79	94	98	100	157	173	192	208	210	243	258	#
10	1715534	12	23	25	29	31	38	47	51	61	78	89	132	151	157	173	188	194	210	232	237	258	#
11	1687463	11	35	38	50	60	80	86	87	101	102	123	132	134	154	166	187	192	207	210	249	258	#
12	1685556	8	36	80	81	85	86	98	107	128	132	134	142	149	151	154	158	176	194	240	248	258	#
13	1628286	2	20	22	38	50	69	91	95	97	105	110	131	137	141	158	208	212	214	245	249	258	#
14	3216687	1	9	13	15	17	20	21	25	27	28	35	44	52	54	56	57	68	71	77	79	82	99	104	119	121	127	128	134	145	150	155	157	168	171	174	178	187	188	189	196	215	218	235	238	240	249	251	259	#
15	3805338	17	20	37	38	39	46	50	52	68	74	76	91	96	104	105	107	110	112	113	114	118	119	125	127	128	132	135	138	153	155	164	167	175	177	186	195	203	210	231	238	240	241	242	245	251	254	255	259	#
16	3752756	4	22	28	37	44	48	51	62	66	67	68	70	74	76	87	102	103	104	105	108	114	143	145	155	162	164	170	171	175	186	189	190	203	208	209	212	216	218	224	225	227	235	241	244	247	248	255	259	#
17	3697485	1	11	13	17	22	28	31	33	35	37	39	44	50	52	56	68	95	97	100	102	105	107	110	111	113	119	125	130	142	148	158	165	178	188	207	208	215	216	217	224	229	235	236	241	243	246	250	259	#
18	3673204	1	12	15	27	29	31	33	38	43	47	51	53	56	61	63	66	67	80	89	98	104	111	119	125	135	138	145	149	150	151	162	163	172	178	186	219	224	227	229	230	234	241	244	245	247	250	255	259	#
19	3635159	1	6	12	13	14	38	44	49	50	51	56	67	71	76	82	89	95	98	106	108	113	134	137	141	142	148	151	160	164	177	190	193	199	204	210	216	217	218	221	230	236	238	242	243	247	250	255	259	#
20	1208719	10	33	35	44	77	96	105	132	147	170	182	187	222	227	260	#
21	1318314	2	12	24	44	46	55	58	85	111	123	131	181	209	237	260	#
22	1188674	35	41	61	117	158	163	179	183	184	185	206	240	245	249	260	#
23	1176233	14	26	64	96	109	113	119	122	133	140	169	170	179	204	260	#
24	1135146	28	32	57	92	94	105	128	161	190	203	209	227	237	249	260	#
25	1118321	3	9	33	39	42	51	77	82	100	120	147	155	210	249	260	#
26	4598256	9	12	13	17	21	24	28	31	37	38	42	43	47	51	54	57	58	60	61	64	72	85	91	93	95	96	97	105	109	113	116	134	137	145	149	151	152	158	159	163	171	173	177	190	192	194	198	201	203	206	211	213	217	221	234	235	242	243	246	251	252	255	261	#
27	5208448	3	11	13	18	19	22	24	28	32	36	38	41	51	52	54	60	61	66	68	70	73	85	87	89	96	97	101	107	109	112	113	121	122	127	134	136	138	142	151	152	161	165	170	176	177	182	185	191	193	194	199	203	204	214	222	226	230	231	232	239	248	250	261	#
28	5069282	1	12	15	17	23	26	31	36	41	43	46	51	52	54	59	61	67	70	71	76	81	84	86	88	95	96	97	101	105	109	131	133	134	137	143	144	145	147	151	152	160	161	162	167	171	177	179	182	186	201	202	203	209	213	215	222	223	225	226	238	243	248	261	#
29	5060753	1	8	9	13	14	17	26	27	30	36	38	42	45	54	57	61	66	67	70	74	76	78	89	95	98	101	105	112	119	124	133	144	147	149	150	152	159	160	162	165	170	172	176	177	178	181	182	185	186	187	191	193	201	204	206	211	222	224	226	235	239	248	261	#
30	5002368	9	12	13	18	19	21	24	31	36	42	45	54	60	61	69	70	73	74	76	78	88	89	91	92	95	96	109	111	112	124	127	137	138	151	152	156	158	160	162	165	171	173	174	177	181	182	185	191	203	204	206	207	208	211	217	225	231	233	242	243	250	251	261	#
31	4950298	11	12	15	18	26	28	29	30	35	36	43	44	45	46	47	48	52	64	65	67	73	85	91	95	97	98	109	112	119	121	144	145	155	159	162	171	172	173	174	176	182	185	191	194	201	204	206	210	211	213	215	225	229	230	231	232	234	238	240	246	248	249	261	#
32	948723	8	18	30	39	84	87	130	155	167	196	204	211	262	#
33	1028117	13	17	56	88	100	113	149	191	194	196	204	248	262	#
34	1016641	17	40	110	113	148	155	178	192	194	218	236	241	262	#
35	951509	33	41	82	125	130	134	137	155	194	200	227	239	262	#
36	923466	0	8	65	73	87	95	108	150	157	196	202	209	262	#
37	908457	11	13	27	30	68	81	90	92	155	207	231	254	262	#
38	71667	117	#
39	344934	37	79	118	202	204	248	254	263	#
40	498389	27	28	49	98	119	207	248	263	#
41	426697	11	27	43	114	183	243	254	263	#
42	395721	31	33	37	66	75	126	215	263	#
43	381263	11	31	110	179	204	216	239	263	#
44	361645	11	79	126	141	212	215	251	263	#
45	123454	6	222	#
46	145528	19	186	264	#
47	122204	186	193	264	#
48	116546	19	78	264	#
49	3345250	0	1	4	11	14	20	31	36	40	46	49	55	66	73	74	78	82	87	89	101	105	106	118	123	125	128	130	131	137	148	151	164	169	171	172	177	180	191	198	204	218	222	224	225	228	231	236	238	245	250	265	#
50	4097983	0	5	16	20	21	35	36	40	44	48	50	57	61	64	70	78	82	90	96	98	106	113	125	129	131	139	142	147	150	154	172	181	183	193	194	197	205	210	211	212	214	221	224	230	232	237	239	241	247	252	265	#
51	3952499	0	7	17	33	35	36	42	46	49	56	57	60	65	70	76	79	82	88	89	91	103	108	112	118	127	128	130	131	138	146	147	154	155	165	172	181	183	187	194	197	208	209	211	223	224	227	237	241	247	251	265	#
52	3852506	0	4	10	24	33	40	48	54	55	57	64	65	66	73	79	88	95	100	106	109	110	112	120	122	129	130	137	142	150	155	159	161	164	166	176	179	183	187	204	207	208	210	217	223	227	228	231	232	243	254	265	#
53	3812657	5	10	12	20	21	22	24	32	33	35	36	46	50	56	64	66	69	73	80	89	94	96	109	110	113	114	127	129	130	138	139	144	145	155	166	169	170	180	184	187	202	207	216	223	224	229	232	235	241	248	265	#
54	3781580	0	1	9	14	17	30	33	35	40	42	50	57	58	59	66	73	74	79	84	86	94	96	102	107	108	109	118	121	135	138	142	145	151	153	155	162	165	166	176	178	183	190	194	210	211	224	235	236	243	249	265	#
55	161938	156	219	266	#
56	95744	9	219	266	#
57	63591	156	205	266	#
58	447064	11	23	99	114	146	154	267	#
59	573391	41	50	136	146	217	231	267	#
60	463357	23	69	119	146	180	223	267	#
61	460556	85	114	125	146	151	254	267	#
62	429654	8	27	99	133	199	209	267	#
63	359416	1	72	119	154	156	173	267	#
64	583463	12	82	117	142	182	198	208	242	244	268	#
65	862959	5	31	39	74	89	138	179	182	255	268	#
66	784600	13	41	71	90	105	121	131	236	242	268	#
67	773825	12	35	43	73	80	88	163	195	220	268	#
68	722258	31	37	39	71	88	89	119	198	227	268	#
69	709733	2	81	82	97	113	136	163	200	201	268	#
70	812303	4	12	76	83	102	133	136	165	198	243	252	269	#
71	947476	3	54	100	135	141	150	188	192	195	226	252	269	#
72	933597	14	30	50	77	87	102	111	179	188	200	253	269	#
73	916400	4	9	56	91	94	167	198	203	219	220	237	269	#
74	855167	26	39	61	90	101	108	144	177	188	202	243	269	#
75	839099	61	125	130	133	182	204	213	218	228	235	253	269	#
76	604816	28	72	124	183	185	198	211	220	243	270	#
77	802826	11	30	50	72	80	108	114	122	164	270	#
78	790191	7	19	20	66	90	91	133	139	198	270	#
79	755202	4	18	29	182	211	214	218	236	243	270	#
80	716643	65	66	95	165	183	220	221	231	235	270	#
81	706728	16	64	87	115	124	165	166	190	194	270	#
82	1220804	15	32	33	38	60	61	83	103	109	125	138	139	154	169	189	191	208	217	218	219	220	271	#
83	1706967	7	12	28	32	33	37	41	43	74	105	118	131	151	161	167	187	198	202	204	208	237	271	#
84	1663214	12	23	26	74	86	98	99	118	139	143	145	183	185	186	191	194	198	200	218	224	247	271	#
85	1592645	12	43	62	72	74	113	114	120	139	151	171	172	175	189	190	194	204	208	217	230	237	271	#
86	1556467	15	28	32	43	46	59	61	69	76	122	135	151	153	158	164	165	170	183	195	198	217	271	#
87	1554977	4	5	13	14	36	38	74	81	109	115	117	125	136	144	172	185	189	190	224	237	243	271	#
88	46801	168	#
89	881446	6	8	14	26	122	151	154	178	220	230	231	233	244	272	#
90	1133478	29	48	65	77	109	112	120	141	143	175	220	230	232	272	#
91	1011516	7	36	39	64	112	144	148	151	170	196	202	203	230	272	#
92	988457	14	36	70	112	128	150	155	163	169	186	189	194	242	272	#
93	987006	12	36	69	84	104	114	119	125	128	173	178	194	252	272	#
94	970979	26	57	60	91	92	106	130	173	226	231	238	240	248	272	#
95	428351	17	22	184	235	239	249	273	#
96	548217	48	133	184	194	222	225	273	#
97	444747	2	9	94	164	235	241	273	#
98	434970	10	11	146	148	184	249	273	#
99	350402	59	67	160	175	239	240	273	#
100	335996	22	50	83	135	202	250	273	#
101	282513	20	21	83	224	232	274	#
102	306953	21	38	124	170	199	274	#
103	305307	20	32	83	100	161	274	#
104	297940	62	139	201	218	232	274	#
105	269533	0	165	170	206	224	274	#
106	110201	36	#
107	3699421	4	12	14	17	27	30	36	46	68	69	72	74	78	83	87	105	111	117	123	124	131	135	138	144	151	164	173	181	187	206	210	215	218	219	220	225	226	235	241	247	249	254	275	#
108	3703351	1	12	17	23	27	29	30	43	46	52	57	64	69	74	77	81	91	101	109	111	115	117	123	124	142	144	148	157	163	164	175	181	184	186	192	207	217	227	230	239	240	255	275	#
109	3677664	2	23	33	35	39	52	57	61	66	69	83	85	87	92	93	94	95	98	101	107	111	123	129	131	138	140	142	151	164	176	192	205	206	215	222	228	230	231	232	240	241	255	275	#
110	3523314	12	20	25	29	37	43	51	57	59	68	69	82	92	105	109	112	113	125	137	138	142	148	151	163	167	173	175	181	192	194	197	199	205	208	209	211	214	227	237	240	241	247	275	#
111	3484807	2	12	20	25	27	28	39	47	48	52	69	75	80	83	85	87	95	111	112	117	125	138	142	144	151	157	162	168	177	186	190	192	204	207	218	223	235	237	239	240	250	252	275	#
112	3447589	13	14	23	25	27	30	34	51	52	56	57	58	70	71	81	83	87	92	97	102	105	107	109	125	139	140	142	186	197	204	206	210	212	217	219	231	232	238	239	241	252	255	275	#
113	303530	5	48	107	236	276	#
114	367501	20	65	107	124	276	#
115	352596	5	66	98	252	276	#
116	300082	17	25	107	236	276	#
117	184451	48	128	132	244	276	#
118	562632	14	121	132	147	156	171	225	237	277	#
119	734588	5	121	173	187	190	206	240	249	277	#
120	649860	26	38	56	61	99	120	132	222	277	#
121	569149	28	41	86	171	192	199	220	229	277	#
122	563297	78	144	149	161	173	214	225	245	277	#
123	532051	14	21	33	53	83	142	187	200	277	#
124	458447	46	114	116	165	174	214	239	246	278	#
125	667251	8	20	82	94	155	165	232	239	278	#
126	591153	29	53	55	96	116	214	215	246	278	#
127	552197	29	89	93	116	125	184	215	218	278	#
128	551427	18	52	102	197	214	243	246	253	278	#
129	518216	46	85	93	143	176	211	223	255	278	#
130	436377	2	113	145	154	195	279	#
131	450959	46	120	145	164	168	279	#
132	411926	70	109	110	165	195	279	#
133	393932	20	121	148	154	194	279	#
134	390524	2	48	89	194	219	279	#
135	345550	61	82	93	113	120	279	#
136	190818	16	154	173	280	#
137	223961	83	173	220	280	#
138	76919	105	#
139	1324556	5	6	30	45	60	87	123	129	155	157	191	192	198	207	216	244	255	281	#
140	1546623	0	20	25	29	39	51	64	134	136	146	166	192	220	222	227	249	251	281	#
141	1532990	8	35	71	78	102	104	107	134	145	167	180	191	195	207	216	242	248	281	#
142	1488531	26	80	92	93	98	114	125	128	145	146	164	165	167	188	191	198	241	281	#
143	1401960	11	12	19	20	92	98	119	123	142	146	147	187	191	220	239	248	252	281	#
144	1364973	21	35	46	49	53	98	102	125	148	151	157	170	209	225	235	237	246	281	#
145	629044	70	71	94	122	131	137	144	145	197	282	#
146	704793	77	99	120	124	131	145	200	240	252	282	#
147	693850	67	112	118	144	173	188	202	214	249	282	#
148	688478	40	48	87	122	134	179	193	201	247	282	#
149	671567	17	38	94	126	142	195	203	222	240	282	#
150	651264	11	71	78	79	102	131	164	197	198	282	#
151	258955	19	56	126	196	245	283	#
152	365554	1	49	56	114	170	283	#
153	361968	70	151	174	196	210	283	#
154	320752	113	185	202	245	254	283	#
155	268372	12	47	126	165	222	283	#
156	1718099	7	8	12	13	17	18	35	36	38	55	74	77	80	123	130	138	143	144	185	208	231	234	238	284	#
157	1930041	7	12	26	35	38	43	46	51	63	75	90	103	131	137	156	162	184	206	213	219	247	248	255	284	#
158	1887269	2	5	12	24	31	51	58	70	77	80	86	94	97	100	119	131	136	140	145	173	196	199	219	284	#
159	1869475	1	8	12	14	17	26	27	28	54	74	75	76	112	117	130	156	162	166	172	207	222	226	247	284	#
160	1855282	4	5	8	12	13	22	36	44	48	76	87	97	140	142	147	174	192	197	224	229	235	241	243	284	#
161	1797367	5	17	19	21	22	33	46	65	74	76	105	106	107	114	117	174	197	207	216	226	231	234	235	284	#
162	1201544	5	24	26	61	74	85	89	102	109	111	115	119	198	213	285	#
163	1370622	14	24	26	44	58	87	89	99	125	140	154	185	224	225	285	#
164	1281311	19	25	56	65	87	102	125	199	213	222	226	228	230	243	285	#
165	1135876	3	5	19	34	35	47	62	100	104	119	161	169	175	191	285	#
166	1100230	0	5	50	53	58	61	78	157	161	193	194	206	227	236	285	#
167	1085727	2	13	29	34	56	62	67	85	86	88	89	151	218	232	285	#
168	651974	15	18	43	71	90	92	95	96	107	286	#
169	807015	5	90	96	105	123	125	194	208	232	286	#
170	764318	24	27	71	79	80	106	132	216	241	286	#
171	763218	18	19	35	57	81	92	123	147	178	286	#
172	649235	42	57	96	143	179	212	216	218	230	286	#
173	632132	18	27	44	66	114	163	210	211	212	286	#
174	1354757	4	17	31	33	46	68	76	99	102	116	141	145	149	164	169	178	209	219	248	250	287	#
175	1675570	4	6	19	21	66	91	95	102	114	127	132	136	155	162	168	176	226	231	236	245	287	#
176	1604977	22	33	58	70	90	95	102	105	107	114	119	128	141	155	177	204	221	242	247	248	287	#
177	1573330	6	18	19	29	34	36	68	74	81	117	120	121	128	131	159	174	195	197	201	222	287	#
178	1489278	10	58	80	82	84	89	106	108	109	120	145	153	164	187	204	216	218	237	238	254	287	#
179	1485634	0	11	35	38	44	49	52	100	107	129	140	178	185	186	188	191	203	216	236	248	287	#
180	148917	3	43	288	#
181	200326	3	101	288	#
182	519623	20	70	140	151	156	245	289	#
183	635425	49	52	70	217	241	254	289	#
184	560204	20	52	66	105	182	244	289	#
185	450032	32	122	151	221	237	251	289	#
186	406967	24	52	56	82	238	245	289	#
187	391097	40	47	79	122	140	144	289	#
188	502148	95	126	133	183	189	191	193	290	#
189	707884	14	36	74	80	95	151	246	290	#
190	605917	30	74	80	149	189	216	228	290	#
191	547646	40	56	67	99	175	183	230	290	#
192	530167	26	45	120	123	126	154	229	290	#
193	519480	66	78	125	133	191	214	221	290	#
194	127463	15	146	291	#
195	189569	73	146	291	#
196	2534077	12	16	19	25	27	30	37	39	45	47	48	49	66	75	77	84	90	94	98	100	103	116	131	144	147	156	158	161	169	193	210	225	229	292	#
197	2763784	6	12	15	32	49	53	61	69	71	74	77	89	90	109	128	133	134	140	154	155	158	161	169	184	194	198	201	210	212	217	219	241	247	292	#
198	2745119	13	18	19	23	24	26	30	36	43	48	54	63	77	79	82	86	88	92	113	133	154	155	187	193	194	218	220	223	232	236	242	250	255	292	#
199	2714706	15	18	30	32	39	41	45	47	49	66	82	89	107	109	134	136	137	145	146	148	157	165	167	175	181	191	194	198	205	210	236	246	250	292	#
200	2708901	6	17	19	49	57	58	64	85	87	89	91	93	98	101	107	109	113	117	134	136	140	151	161	170	175	188	191	205	217	218	220	240	251	292	#
201	2666628	43	48	49	52	65	75	85	86	90	93	97	119	131	141	144	156	158	170	171	190	191	193	194	196	214	216	217	218	220	222	226	229	247	292	#
202	1173811	15	33	41	51	67	81	108	144	177	191	196	199	222	243	249	293	#
203	1254708	42	54	69	75	103	144	164	186	195	201	223	241	243	248	253	293	#
204	1230217	22	28	49	51	64	67	81	124	135	174	177	219	222	246	251	293	#
205	1201187	22	38	42	48	53	107	148	186	191	208	213	236	241	245	253	293	#
206	1190221	15	21	38	51	79	81	94	98	138	198	226	229	237	243	251	293	#
207	1170120	34	49	51	54	55	80	107	120	146	159	171	177	187	203	241	293	#
208	448087	114	148	161	163	249	253	294	#
209	601614	69	95	109	212	235	253	294	#
210	540354	108	113	148	167	209	235	294	#
211	519646	97	98	113	136	163	168	294	#
212	496564	128	138	141	151	161	201	294	#
213	392711	15	72	108	173	200	249	294	#
214	323701	94	140	188	198	295	#
215	337900	129	143	157	188	295	#
216	322953	80	83	94	150	295	#
217	307420	86	106	191	198	295	#
218	224919	21	140	212	254	295	#
219	521699	27	48	67	86	133	239	253	296	#
220	660218	5	28	86	140	186	211	219	296	#
221	562545	59	67	85	100	191	204	210	296	#
222	532776	26	58	61	78	194	210	253	296	#
223	524755	20	39	45	133	139	230	232	296	#
224	414859	2	21	35	137	189	214	239	296	#
225	47571	251	#
226	243538	4	26	128	297	#
227	278562	4	108	131	297	#
228	276480	26	71	187	297	#
229	144509	70	128	190	297	#
230	313177	30	53	74	115	298	#
231	375786	17	74	163	185	298	#
232	285942	4	53	134	217	298	#
233	249135	16	28	30	200	298	#
234	285007	71	79	169	201	226	299	#
235	344332	47	52	71	144	173	299	#
236	330909	42	79	90	188	216	299	#
237	319209	63	109	123	137	201	299	#
238	253445	32	143	170	226	229	299	#
239	247272	44	76	169	232	238	299	#
240	1635987	3	10	49	85	86	96	103	113	114	135	146	147	148	154	157	172	181	187	220	230	244	255	300	#
241	1948305	27	32	33	36	40	49	91	98	113	121	122	136	170	172	182	186	201	208	214	220	226	227	300	#
242	1935919	10	22	24	25	45	69	87	92	98	100	105	141	150	170	183	186	197	206	220	221	237	238	300	#
243	1870635	24	25	30	51	74	85	95	98	100	104	109	123	140	155	157	159	179	181	184	195	220	247	300	#
244	1779958	3	10	21	22	23	29	33	78	80	85	87	88	96	100	136	139	140	146	150	156	222	238	300	#
245	1692314	4	14	38	49	56	76	110	138	146	164	184	202	210	211	221	226	227	228	238	239	247	255	300	#
246	175163	7	38	101	212	235	301	#
247	258679	7	154	208	222	249	301	#
248	169812	83	101	135	243	251	301	#
249	148230	10	16	38	110	242	301	#
250	523099	0	12	43	64	119	123	152	209	213	302	#
251	640760	43	55	82	103	108	160	161	209	251	302	#
252	619814	11	12	56	126	128	203	219	240	248	302	#
253	569297	43	107	112	179	194	197	199	229	247	302	#
254	553958	26	29	73	92	110	152	169	189	234	302	#
255	542105	13	105	132	180	212	213	219	229	243	302	#
256	277968	14	109	162	303	#
257	313569	82	162	236	303	#
258	277601	13	109	210	303	#
259	260799	14	167	186	303	#
260	147169	74	232	#
261	105286	167	#
262	2057943	4	6	16	40	47	50	61	68	72	86	89	110	119	121	126	141	152	157	162	164	201	203	209	226	231	235	239	255	305	#
263	2176922	2	16	21	27	40	52	53	70	74	76	79	84	89	94	97	131	144	148	151	158	173	175	191	206	215	220	226	255	305	#
264	2157722	6	13	18	32	36	45	57	61	99	100	106	108	116	125	130	132	138	142	144	164	173	175	182	183	209	218	220	225	305	#
265	2129265	7	13	19	36	38	50	70	72	76	77	78	94	101	109	129	145	148	156	170	179	184	187	205	231	235	242	249	251	305	#
266	2111015	2	7	8	12	19	27	38	40	55	70	92	98	115	120	130	141	143	144	175	177	179	191	194	211	216	229	247	248	305	#
267	2091401	3	13	16	18	39	66	74	79	89	104	107	110	126	130	132	133	141	167	171	183	186	188	215	220	224	247	248	252	305	#
268	450399	48	54	55	65	112	124	148	151	249	306	#
269	666181	30	85	89	112	134	153	173	182	223	306	#
270	612962	3	11	48	51	54	106	183	190	231	306	#
271	565487	14	20	78	111	124	129	144	183	219	306	#
272	551358	32	53	65	73	112	176	180	182	202	306	#
273	532651	28	54	70	107	125	189	205	223	236	306	#
274	467027	0	30	62	102	181	191	240	307	#
275	634088	4	41	149	167	191	226	240	307	#
276	592582	46	162	195	196	206	221	240	307	#
277	569015	48	62	134	145	236	248	250	307	#
278	493952	30	48	66	86	160	193	248	307	#
279	433946	4	69	97	103	160	181	227	307	#
280	216246	65	222	308	#
281	227158	150	222	308	#
282	130901	65	71	308	#
283	447907	23	39	100	107	157	197	233	309	#
284	594968	99	100	105	176	239	241	250	309	#
285	552005	49	59	64	68	166	193	233	309	#
286	449631	33	43	121	181	190	197	255	309	#
287	420740	10	23	49	59	72	190	255	309	#
288	386024	21	102	107	108	134	157	177	309	#
289	216991	53	91	310	#
290	254354	53	198	310	#
291	112202	91	106	310	#
292	1822168	7	19	22	28	31	39	43	44	52	55	63	64	70	78	84	89	94	114	143	152	184	193	203	233	240	242	244	311	#
293	2196103	7	14	28	36	39	51	67	69	71	99	114	118	124	131	132	138	139	160	171	178	185	188	206	214	227	233	236	311	#
294	2055174	1	17	33	51	53	58	59	60	67	69	71	87	102	109	113	115	122	125	143	165	175	188	201	216	231	233	243	311	#
295	2019174	8	23	32	39	51	63	69	71	88	93	100	103	106	109	134	138	140	160	165	179	197	202	227	230	233	235	239	311	#
296	2004503	6	9	13	21	23	27	29	64	69	94	95	107	109	112	114	118	121	186	201	202	206	209	216	230	233	238	241	311	#
297	1987109	0	30	41	53	82	84	87	113	125	136	137	138	139	140	142	143	165	171	196	200	214	225	226	235	239	240	241	311	#
298	672049	13	111	147	157	196	206	209	226	312	#
299	695032	29	46	81	100	157	161	203	223	312	#
300	690659	18	63	91	136	143	147	178	185	312	#
301	665647	2	10	13	46	51	61	158	255	312	#
302	598909	38	62	150	204	205	206	226	233	312	#
303	562757	47	60	62	185	226	237	238	239	312	#
304	225781	29	148	313	#
305	224815	24	29	313	#
306	194224	36	148	313	#
307	674342	20	101	123	134	136	147	184	189	212	223	225	314	#
308	981943	20	34	54	68	74	109	145	165	173	243	252	314	#
309	893080	17	49	80	101	123	127	152	196	197	243	252	314	#
310	833532	16	62	90	101	124	148	149	174	186	200	220	314	#
311	825273	31	46	87	94	102	104	175	212	224	229	244	314	#
312	817215	9	20	38	57	97	101	189	192	198	243	247	314	#
313	316311	50	79	102	131	315	#
314	399129	50	68	85	253	315	#
315	389662	35	120	131	211	315	#
316	339168	79	84	87	185	315	#
317	297121	8	9	62	102	315	#
318	376303	3	9	10	182	183	225	228	316	#
319	454541	7	9	26	86	168	171	225	316	#
320	449431	20	93	183	197	227	245	252	316	#
321	421411	9	52	119	148	197	224	252	316	#
322	403671	10	17	27	56	211	215	228	316	#
323	399176	3	62	97	197	218	231	245	316	#
324	443345	18	108	116	143	165	226	246	317	#
325	594645	103	117	146	157	179	187	226	317	#
326	544977	59	63	79	143	146	246	253	317	#
327	537787	13	41	62	165	191	203	233	317	#
328	490348	15	74	112	143	184	190	196	317	#
329	465521	34	84	108	122	203	212	217	317	#
330	194483	8	27	318	#
331	243591	8	155	318	#
332	167757	12	27	318	#
333	423227	14	173	181	188	197	214	244	319	#
334	576466	61	85	122	153	197	216	220	319	#
335	569443	5	118	156	164	173	181	208	319	#
336	525583	22	68	140	188	227	246	250	319	#
337	468151	35	49	53	115	180	214	217	319	#
338	447141	14	112	125	181	211	228	250	319	#
339	362102	17	42	52	102	178	182	205	229	232	233	320	#
340	383605	97	124	128	146	180	195	198	220	229	244	320	#
341	190739	22	161	246	321	#
342	252562	39	62	161	321	#
343	152870	29	246	254	321	#
344	146176	22	73	207	321	#
345	865204	26	30	74	90	116	164	167	208	210	253	322	#
346	991023	5	41	45	51	161	187	201	224	248	253	322	#
347	878698	9	10	20	24	33	51	68	90	237	255	322	#
348	861834	5	57	70	111	120	158	164	218	222	251	322	#
349	757791	12	30	33	112	121	161	187	188	192	246	322	#
350	749789	18	23	26	82	90	94	152	179	189	240	322	#
351	2358860	8	13	22	29	46	74	86	90	92	97	108	109	111	114	120	124	130	136	149	169	184	187	192	208	226	230	249	323	#
352	2547922	22	28	30	33	34	37	39	53	87	91	101	104	109	111	112	120	138	140	157	172	185	198	199	222	224	232	236	323	#
353	2434057	2	4	29	43	51	67	69	84	103	111	130	133	138	148	155	164	169	182	185	193	201	228	231	236	239	241	249	323	#
354	2374433	9	12	21	26	28	36	46	76	84	97	130	131	133	136	144	145	152	155	164	166	190	193	200	208	215	222	232	323	#
355	2362727	26	44	51	57	70	76	84	86	108	111	112	114	120	143	145	186	189	192	198	204	227	233	237	239	240	241	248	323	#
356	2290062	9	15	23	27	40	47	100	101	107	108	109	143	175	180	186	187	193	199	207	210	216	217	219	231	239	248	252	323	#
357	2034054	14	17	26	27	35	37	45	50	56	58	60	64	70	91	97	103	109	116	118	151	156	158	174	193	215	229	232	243	324	#
358	2444086	2	13	17	22	35	36	46	51	59	80	84	89	127	136	146	162	165	168	174	181	196	198	218	220	229	243	251	252	324	#
359	2347347	0	11	17	35	36	40	45	57	58	61	67	70	84	88	118	135	147	151	152	156	161	173	175	180	196	217	240	249	324	#
360	2259234	13	17	29	36	41	54	56	57	70	74	80	92	103	118	120	126	127	133	135	136	141	152	161	163	174	225	234	237	324	#
361	2215349	5	13	15	16	17	22	26	46	50	51	53	58	83	96	102	131	168	173	174	189	190	199	234	235	237	244	248	253	324	#
362	2179746	5	6	14	24	27	32	36	37	48	50	61	64	73	80	131	147	156	158	162	163	201	226	232	236	240	247	248	254	324	#
363	456733	87	130	168	171	189	230	325	#
364	602867	1	12	28	90	161	230	325	#
365	521127	71	72	87	159	164	169	325	#
366	510262	31	119	130	186	188	226	325	#
367	446966	54	74	168	206	209	226	325	#
368	321532	62	106	164	171	188	239	325	#
369	481156	39	65	101	120	124	173	326	#
370	549359	45	65	164	167	217	247	326	#
371	519110	60	96	124	141	204	217	326	#
372	468741	77	78	173	218	219	237	326	#
373	396485	60	88	101	125	167	199	326	#
374	291253	120	134	167	193	202	238	326	#
375	169415	96	250	254	327	#
376	212971	96	130	209	327	#
377	197159	12	112	250	327	#
378	165664	48	91	254	327	#
379	227460	7	37	72	115	168	225	#
380	177304	30	31	328	#
381	204011	30	88	328	#
382	183089	31	220	328	#
383	90981	151	#
384	165437	43	72	197	329	#
385	151669	72	93	100	329	#
386	194119	3	5	15	156	330	#
387	250088	47	102	106	156	330	#
388	239111	3	67	78	161	330	#
389	219805	15	116	145	168	330	#
390	46629	79	#
391	184934	142	169	239	331	#
392	246160	12	142	198	331	#
393	131011	4	169	233	331	#
394	361781	31	57	85	110	166	196	332	#
395	458974	17	110	136	195	201	216	332	#
396	409340	44	57	164	189	230	255	332	#
397	403103	6	31	36	119	138	206	332	#
398	392017	15	64	195	196	202	250	332	#
399	312525	85	106	131	139	190	232	332	#
400	1074137	1	24	26	68	71	87	107	138	147	150	176	191	207	212	214	228	333	#
401	1363521	26	38	46	83	95	108	109	140	194	207	216	219	223	228	248	255	333	#
402	1276718	36	61	87	115	122	132	156	193	200	206	207	209	212	228	246	247	333	#
403	1262197	4	24	55	64	68	71	80	86	89	171	181	195	199	214	221	222	333	#
404	1247018	26	41	73	87	91	134	138	168	181	186	191	223	224	225	248	251	333	#
405	1242854	10	12	37	45	68	85	87	126	132	133	136	138	156	214	230	238	333	#
406	599924	56	58	67	106	110	118	133	245	334	#
407	636991	52	107	110	113	131	185	192	222	334	#
408	613335	19	32	51	73	98	215	245	250	334	#
409	602624	40	48	65	90	118	175	198	218	334	#
410	600432	27	58	62	94	181	192	235	239	334	#
411	536939	8	67	70	71	116	177	202	204	334	#
412	401710	59	99	136	235	335	#
413	355094	59	104	237	243	335	#
414	346158	71	92	99	173	335	#
415	305829	68	105	136	181	335	#
416	286545	0	101	159	235	335	#
417	283779	7	10	54	56	239	336	#
418	399796	10	74	76	203	209	336	#
419	318576	55	56	82	86	96	336	#
420	290765	54	145	200	239	246	336	#
421	266290	58	156	209	221	239	336	#
422	236134	7	114	147	160	176	336	#
423	486804	0	2	21	73	131	232	337	#
424	478124	74	131	151	181	208	226	337	#
425	465613	2	12	116	119	182	255	337	#
426	458238	19	30	60	152	189	232	337	#
427	434660	21	64	70	123	181	204	337	#
428	410068	0	3	56	109	145	156	337	#
429	884686	37	81	94	114	116	128	134	185	192	199	224	227	245	338	#
430	1092036	9	16	53	61	72	88	102	114	130	146	211	226	253	338	#
431	1072395	2	37	44	45	57	61	88	105	127	149	162	185	220	338	#
432	1015172	52	61	62	64	72	77	139	140	159	185	190	245	248	338	#
433	999766	16	46	58	61	79	105	106	145	159	167	199	226	248	338	#
434	986849	10	22	31	36	58	64	70	125	170	185	190	194	201	338	#
435	46147	59	78	#
436	834285	29	100	126	147	157	175	191	204	205	221	236	248	339	#
437	1004574	19	25	36	40	54	67	69	174	186	188	205	249	339	#
438	970853	29	67	69	100	109	114	162	171	180	198	219	254	339	#
439	911255	9	13	45	103	123	147	175	204	216	224	235	248	339	#
440	904928	0	4	28	38	65	95	127	147	171	178	186	221	339	#
441	876640	8	29	39	58	80	86	171	172	178	191	223	228	339	#
442	73523	137	228	#
443	1204276	46	71	104	109	113	117	120	153	185	196	197	218	219	231	235	240	242	340	#
444	1351316	14	30	51	54	89	103	105	132	180	184	193	199	218	224	225	226	240	340	#
445	1307241	1	7	46	77	82	89	93	107	108	123	132	140	157	162	196	205	237	340	#
446	1303024	35	52	57	87	107	108	109	110	129	146	185	197	200	205	215	239	247	340	#
447	1224414	10	13	17	25	40	52	76	106	112	146	178	179	188	199	207	230	240	340	#
448	1223211	1	11	13	32	39	71	81	99	106	108	138	168	180	190	205	206	253	340	#
449	134176	200	235	341	#
450	60391	114	200	341	#
451	416852	27	111	129	135	154	167	342	#
452	547538	14	23	27	82	90	251	342	#
453	478672	19	64	111	143	162	187	342	#
454	393234	34	37	72	86	129	182	342	#
455	392869	14	16	20	111	135	248	342	#
456	384984	56	118	122	154	174	246	342	#
457	259868	56	68	129	171	196	343	#
458	377392	91	140	173	196	247	343	#
459	278766	127	129	180	215	224	343	#
460	98352	243	246	344	#
461	107373	243	244	344	#
462	44232	209	246	344	#
463	546810	45	68	91	166	198	200	238	345	#
464	683312	66	130	142	166	223	245	253	345	#
465	563683	58	91	138	155	165	216	224	345	#
466	535287	25	64	66	109	194	200	209	345	#
467	522150	2	11	45	98	142	149	212	345	#
468	498659	21	151	175	191	198	233	237	345	#
469	1473321	0	38	57	66	73	80	96	109	115	140	149	164	175	177	198	205	238	251	346	#
470	1551536	12	14	16	18	48	119	120	131	135	149	186	194	205	219	220	234	236	248	346	#
471	1485865	12	23	32	38	66	71	73	76	77	80	101	172	197	218	220	227	231	232	346	#
472	1416168	36	42	61	68	69	73	80	111	117	170	197	222	225	227	235	238	252	255	346	#
473	1408093	11	27	28	38	46	57	94	97	110	131	176	177	190	201	212	218	237	248	346	#
474	1405278	51	76	80	85	127	133	145	155	176	185	190	202	209	219	220	233	242	243	346	#
475	1582910	1	19	25	68	80	82	112	113	156	164	206	215	224	225	240	250	252	347	#
476	1533654	1	12	57	64	68	72	80	108	150	160	162	181	210	216	237	240	243	347	#
477	1449780	22	29	73	74	90	113	118	128	130	132	152	155	190	213	230	248	255	347	#
478	1449592	1	40	53	62	66	67	68	77	93	149	164	187	188	198	216	220	250	347	#
479	1443993	8	46	62	68	71	80	91	136	142	162	164	166	177	178	188	241	243	347	#
480	1431879	1	4	12	13	19	46	47	68	91	125	128	162	164	191	235	252	253	347	#
481	654258	22	58	95	110	131	158	176	195	233	244	348	#
482	777374	19	20	63	64	75	95	108	192	246	255	348	#
483	774399	19	39	56	65	90	114	142	191	233	251	348	#
484	755982	3	8	86	124	140	176	181	195	223	225	348	#
485	714711	12	22	25	41	48	74	109	112	192	239	348	#
486	705061	26	30	58	72	76	127	140	158	195	227	348	#
487	536956	46	107	145	149	183	194	209	250	349	#
488	703798	46	80	110	123	146	191	192	236	349	#
489	675930	2	11	101	104	108	130	144	145	349	#
490	668440	17	58	69	149	161	163	171	177	349	#
491	649480	13	63	138	149	176	209	212	253	349	#
492	551274	13	31	103	107	129	162	194	214	349	#
493	398568	37	96	111	154	174	245	350	#
494	532149	8	26	39	105	150	174	350	#
495	512070	24	38	92	119	235	245	350	#
496	451195	96	113	190	195	221	222	350	#
497	431660	6	37	91	111	150	193	350	#
498	426298	102	154	158	194	228	250	350	#
499	20781	147	#
500	95843	101	115	351	#
501	27324	106	115	351	#
502	739831	1	11	43	73	103	104	116	120	209	212	352	#
503	904565	12	13	38	41	118	167	169	212	215	230	352	#
504	850828	1	11	14	36	100	115	124	209	236	248	352	#
505	848150	11	28	64	77	91	100	102	111	117	194	352	#
506	768903	13	14	17	42	103	151	158	176	212	237	352	#
507	768851	43	60	80	87	123	133	149	151	196	217	352	#
508	2125812	7	13	15	16	17	23	28	29	32	34	36	37	40	51	56	69	73	85	86	96	103	116	125	135	137	142	149	159	170	182	183	190	207	209	213	229	234	240	244	353	#
509	3153508	2	5	8	11	15	17	34	36	39	46	55	71	72	74	79	85	87	91	95	98	106	108	118	121	141	142	147	162	164	169	176	195	204	206	211	216	217	240	241	353	#
510	3147882	0	2	5	6	17	19	27	37	45	49	51	74	78	86	90	91	94	95	101	107	118	132	135	140	141	147	149	156	162	166	176	183	191	204	206	217	234	239	248	353	#
511	3109909	2	3	6	9	13	18	19	23	24	27	37	41	63	74	95	96	103	106	122	123	131	132	138	143	149	162	166	171	173	174	175	182	185	194	196	206	237	240	242	353	#
512	3085614	6	11	19	23	29	37	67	69	84	93	94	95	98	100	101	103	106	112	121	125	133	136	137	140	157	166	169	183	185	191	195	204	205	217	218	220	240	242	255	353	#
513	3066182	2	5	11	13	18	26	41	43	65	67	70	84	87	94	96	103	135	136	147	151	159	161	163	165	166	173	182	186	189	192	206	217	222	223	228	234	236	242	252	353	#
514	427308	39	54	119	154	354	#
515	342888	30	39	119	189	354	#
516	342214	26	108	154	217	354	#
517	248387	39	78	241	244	354	#
518	518842	13	60	63	88	105	109	123	243	355	#
519	694971	18	22	87	88	167	199	211	232	355	#
520	593307	57	123	175	207	232	237	238	247	355	#
521	566874	15	50	63	80	109	114	179	211	355	#
522	514668	59	65	101	105	147	149	159	162	355	#
523	435671	13	34	43	78	81	115	117	136	355	#
524	922857	13	22	70	105	114	130	143	157	248	356	#
525	1011704	53	64	70	90	105	113	130	180	210	356	#
526	876235	22	39	51	97	105	114	210	217	248	356	#
527	870761	35	51	57	66	103	104	114	130	152	356	#
528	689602	30	69	73	82	85	90	134	143	170	356	#
529	587512	13	21	49	105	130	176	191	205	215	356	#
530	603427	54	109	120	122	144	167	242	357	#
531	652283	67	88	95	146	167	190	204	357	#
532	645041	65	82	122	177	240	249	250	357	#
533	589759	85	112	144	147	216	248	252	357	#
534	553957	39	47	59	109	191	226	240	357	#
535	535102	5	60	61	120	136	176	235	357	#
536	586271	109	110	170	171	187	189	207	238	358	#
537	740003	12	13	15	68	74	100	109	133	358	#
538	658922	9	14	29	70	138	146	171	187	358	#
539	610108	1	11	93	121	144	174	189	207	358	#
540	596920	18	48	85	156	170	176	186	210	358	#
541	591348	27	35	95	101	178	187	215	220	358	#
542	621701	20	40	88	96	107	153	170	201	255	359	#
543	746696	15	21	77	91	96	98	113	224	245	359	#
544	684567	21	108	111	145	178	182	188	218	255	359	#
545	634235	25	40	111	150	169	179	203	208	241	359	#
546	627867	3	18	88	104	106	159	162	190	208	359	#
547	600951	12	73	135	147	174	201	209	214	232	359	#
548	705409	47	50	93	107	109	148	160	174	181	211	360	#
549	896382	80	83	105	109	152	154	160	203	221	222	360	#
550	864914	19	47	66	71	91	109	139	208	237	240	360	#
551	783135	13	38	63	68	89	123	174	212	219	237	360	#
552	772356	50	97	151	152	159	209	236	243	249	252	360	#
553	766135	2	13	32	64	102	142	160	176	209	222	360	#
554	118903	225	251	361	#
555	152702	28	251	361	#
556	132986	114	225	361	#
557	754084	0	6	23	76	94	177	182	195	204	220	248	362	#
558	894581	7	8	35	73	77	80	87	93	150	151	177	362	#
559	878233	9	17	72	77	85	94	146	195	204	206	253	362	#
560	817334	3	150	170	174	182	183	185	201	206	225	243	362	#
561	808581	1	6	20	63	86	93	94	191	206	210	240	362	#
562	806739	23	61	75	80	83	94	140	160	182	215	220	362	#
563	81574	148	#
564	139418	42	69	363	#
565	116461	42	80	363	#
566	103102	15	69	363	#
567	649971	87	102	114	122	175	179	182	190	216	364	#
568	818002	3	27	49	72	102	222	224	236	246	364	#
569	691771	12	20	22	27	107	124	158	216	242	364	#
570	666479	8	33	60	120	182	195	216	244	251	364	#
571	651481	19	39	55	87	114	117	127	168	205	364	#
572	595843	13	32	87	99	130	139	168	176	210	364	#
573	596213	13	21	54	83	99	145	183	190	197	199	213	365	#
574	873798	1	21	50	101	111	126	140	162	169	230	232	365	#
575	861852	12	13	18	68	126	138	154	171	195	211	213	365	#
576	755029	12	13	63	80	101	102	160	188	199	200	225	365	#
577	728748	72	82	95	105	134	145	160	175	194	221	227	365	#
578	702959	9	40	69	81	83	99	126	150	178	226	255	365	#
579	163303	99	118	366	#
580	168151	50	99	366	#
581	164493	7	118	366	#
582	1158450	0	10	44	60	62	80	87	97	127	128	161	176	210	218	239	240	242	367	#
583	1452860	6	10	12	51	77	79	81	86	87	93	96	146	150	155	156	249	253	367	#
584	1391757	35	52	73	82	97	101	108	113	127	146	177	187	195	204	208	225	239	367	#
585	1370807	0	15	30	44	51	66	72	77	146	187	196	207	219	225	237	239	253	367	#
586	1350078	7	12	39	49	61	83	90	136	148	149	152	179	184	204	210	231	236	367	#
587	1335146	24	29	62	70	75	77	81	132	161	196	218	222	223	230	235	238	247	367	#
588	218526	73	210	368	#
589	154438	0	210	368	#
590	694975	56	59	76	79	121	144	166	168	171	182	189	229	369	#
591	960759	8	10	18	33	53	59	116	120	155	166	167	253	369	#
592	956312	19	25	53	83	90	119	151	156	182	184	205	223	369	#
593	882050	13	33	47	56	66	75	120	145	150	155	172	210	369	#
594	877087	59	77	79	86	128	144	167	202	214	224	234	246	369	#
595	853292	29	69	80	99	120	143	171	173	186	196	213	218	369	#
596	160631	120	156	188	242	245	370	#
597	237340	61	106	120	173	238	370	#
598	160394	0	46	96	215	242	370	#
599	622887	59	107	109	131	144	193	194	196	218	371	#
600	771728	12	24	109	113	135	144	151	208	229	371	#
601	646244	3	109	122	132	174	196	202	225	233	371	#
602	640985	78	107	110	143	146	178	184	194	214	371	#
603	630336	14	80	109	115	139	153	196	208	209	371	#
604	607496	31	74	86	135	159	188	204	218	220	371	#
605	178734	44	144	372	#
606	177811	44	175	372	#
607	128181	144	218	372	#
608	301343	99	112	126	145	149	373	#
609	387785	12	40	50	145	158	373	#
610	326635	76	114	126	237	245	373	#
611	317644	17	93	149	165	167	373	#
612	246156	93	99	123	171	245	373	#
613	1325952	18	22	27	35	37	63	83	88	89	92	129	168	186	187	189	193	197	238	240	374	#
614	1562898	30	45	46	68	72	75	88	92	121	146	186	191	195	200	203	208	237	238	249	374	#
615	1496535	9	27	41	43	58	86	89	93	111	136	152	166	172	178	179	183	186	207	240	374	#
616	1464389	25	28	31	35	37	39	43	64	70	108	109	162	172	178	187	201	207	239	240	374	#
617	1419462	18	40	46	57	67	78	87	88	100	103	110	123	144	158	168	207	215	216	248	374	#
618	1404517	18	29	36	68	72	75	99	101	119	140	158	168	176	191	225	232	234	247	253	374	#
619	1373729	24	66	69	88	121	123	129	133	153	166	194	198	207	208	210	220	227	239	375	#
620	1628402	18	20	61	63	65	71	81	105	132	144	150	168	194	198	200	203	206	212	375	#
621	1506823	12	40	53	65	97	99	106	118	143	144	160	193	199	208	210	212	222	230	375	#
622	1381461	22	26	28	56	60	80	82	85	94	114	121	130	131	133	178	200	208	251	375	#
623	1320488	2	7	20	40	69	90	133	137	155	160	165	193	202	204	206	208	228	231	375	#
624	1312738	14	40	53	54	91	95	116	128	133	144	150	175	181	200	204	222	235	254	375	#
625	535274	48	113	138	148	154	156	233	376	#
626	652949	12	88	146	148	149	207	219	376	#
627	602654	35	90	110	131	154	194	217	376	#
628	599851	21	22	27	113	144	188	216	376	#
629	567317	12	104	138	173	214	239	241	376	#
630	541136	46	76	105	138	199	233	238	376	#
631	1375072	15	21	40	44	65	78	102	109	113	128	135	158	160	161	172	178	206	212	213	221	240	242	377	#
632	1701408	3	20	28	35	53	64	84	94	112	119	147	155	158	161	167	174	175	197	199	200	211	228	377	#
633	1639602	6	39	50	54	64	72	91	113	115	120	128	138	148	150	175	197	212	226	228	237	250	253	377	#
634	1595342	9	21	25	29	55	67	73	75	79	82	124	138	146	147	148	158	169	182	211	220	236	240	377	#
635	1588635	21	65	70	99	100	102	117	120	125	127	130	133	138	148	162	170	181	190	200	201	227	236	377	#
636	1577743	0	25	50	65	79	94	110	114	120	124	130	134	143	148	161	190	192	201	206	212	213	222	377	#
637	738757	37	47	48	50	57	72	124	143	165	212	236	252	378	#
638	1105075	29	57	97	129	143	150	155	167	180	184	228	240	378	#
639	1066644	50	69	77	82	83	100	142	175	184	185	205	228	378	#
640	964239	37	66	74	77	97	98	105	124	164	176	180	243	378	#
641	919827	5	16	26	37	62	100	129	143	175	182	184	236	378	#
642	883773	34	57	66	97	113	141	143	163	167	174	197	249	378	#
643	1439986	15	19	40	49	65	70	78	85	86	107	115	142	148	153	155	199	220	235	237	379	#
644	1724468	26	40	49	53	58	87	99	101	125	132	143	145	166	193	204	210	222	237	240	379	#
645	1693033	1	6	8	19	49	53	66	81	111	129	142	145	156	166	183	192	224	239	252	379	#
646	1692434	1	5	22	57	82	85	87	94	105	122	150	160	166	167	217	224	230	246	249	379	#
647	1684177	2	3	14	16	19	37	38	39	49	76	100	129	146	148	166	171	182	193	230	379	#
648	1674666	5	24	36	64	77	80	85	125	143	146	155	156	157	163	175	182	207	223	251	379	#
649	402961	17	26	90	236	380	#
650	359798	18	108	141	236	380	#
651	340792	10	26	161	249	380	#
652	318478	43	85	90	186	380	#
653	711530	51	59	101	134	139	155	165	175	201	218	381	#
654	895989	130	136	138	146	157	164	167	168	175	223	381	#
655	864509	3	16	124	155	162	167	204	218	231	236	381	#
656	791317	39	91	101	103	121	137	157	160	167	185	381	#
657	773006	3	22	31	42	58	81	134	160	184	248	381	#
658	738106	7	45	59	61	62	82	110	125	150	224	381	#
659	717422	72	94	114	118	187	193	232	248	382	#
660	790077	43	49	82	89	146	162	193	208	382	#
661	731196	35	36	94	164	187	225	226	243	382	#
662	706415	25	44	65	66	72	140	197	243	382	#
663	696570	8	75	118	142	226	232	243	245	382	#
664	676458	36	44	98	127	193	194	223	248	382	#
665	1059407	15	28	57	66	69	79	86	121	130	137	162	168	180	200	229	241	252	383	#
666	1472104	12	27	29	33	36	45	59	85	89	90	154	155	164	198	231	234	241	383	#
667	1436805	15	33	49	66	69	100	105	129	136	150	154	167	173	182	193	198	231	383	#
668	1417357	17	25	49	56	57	61	69	123	129	130	145	150	153	197	216	217	235	383	#
669	1368820	5	15	31	60	64	70	75	131	140	148	155	162	163	185	186	201	220	383	#
670	1333045	9	17	30	36	54	66	67	75	117	118	127	137	167	168	186	219	243	383	#
671	186066	151	237	384	#
672	221631	118	237	384	#
673	152499	151	222	384	#
674	403222	166	210	218	236	238	385	#
675	431826	3	29	53	103	166	385	#
676	405325	46	194	210	240	246	385	#
677	345767	22	43	52	238	250	385	#
678	335706	18	179	222	233	236	385	#
679	298581	20	42	209	211	218	385	#
680	552263	10	65	79	119	143	175	230	386	#
681	657184	10	58	65	119	161	182	219	386	#
682	647437	82	166	171	175	186	191	210	386	#
683	603854	61	132	143	182	226	230	247	386	#
684	538969	32	79	123	136	161	167	195	386	#
685	505577	65	86	103	137	178	186	214	386	#
686	130614	67	195	387	#
687	121601	67	81	387	#
688	175940	65	104	110	388	#
689	147135	104	123	168	388	#
690	105650	51	106	110	388	#
691	332019	0	61	86	129	389	#
692	465205	61	68	96	122	389	#
693	374116	8	42	61	86	389	#
694	276391	129	182	219	245	389	#
695	241451	0	46	50	72	389	#
696	440928	32	55	65	105	144	254	390	#
697	616930	58	65	67	77	105	222	390	#
698	615751	46	118	144	161	185	253	390	#
699	615746	8	58	105	136	162	248	390	#
700	491536	35	56	106	231	241	254	390	#
701	480315	32	79	92	162	222	241	390	#
702	868873	64	66	68	95	143	164	220	231	232	391	#
703	848032	5	66	85	88	103	125	146	230	246	391	#
704	823608	12	48	81	100	101	143	150	237	241	391	#
705	784076	5	25	39	62	128	164	190	231	236	391	#
706	741467	3	8	68	104	111	129	139	236	245	391	#
707	712585	17	45	64	95	97	110	185	232	242	391	#
708	107510	22	72	392	#
709	146806	22	224	392	#
710	140642	72	186	392	#
711	618488	37	95	136	145	192	196	226	393	#
712	744980	20	45	105	111	136	218	250	393	#
713	582051	81	95	181	200	230	242	255	393	#
714	477787	27	74	116	145	156	200	224	393	#
715	438512	73	79	89	169	192	225	230	393	#
716	349629	3	7	32	79	81	129	196	393	#
717	756241	10	88	90	120	140	150	155	163	190	224	394	#
718	930107	26	35	47	58	69	86	88	156	195	227	394	#
719	843786	9	35	64	74	135	136	149	150	152	171	394	#
720	786694	5	47	74	86	120	131	159	160	183	239	394	#
721	780712	1	3	29	83	123	155	177	182	190	229	394	#
722	758410	7	28	83	138	151	159	163	164	184	221	394	#
723	520204	96	108	111	165	220	254	395	#
724	566433	12	58	71	111	147	192	395	#
725	555022	15	120	130	136	155	220	395	#
726	450397	51	73	105	107	212	254	395	#
727	429333	79	88	108	119	245	248	395	#
728	330883	32	48	71	96	119	236	395	#
729	649951	28	30	31	118	143	146	224	396	#
730	522820	30	48	88	122	153	191	250	396	#
731	501249	30	64	73	94	146	233	250	396	#
732	421640	0	4	41	90	118	229	230	396	#
733	418404	17	27	28	98	110	143	205	396	#
734	402807	34	124	154	171	172	205	224	396	#
735	415248	61	111	151	193	397	#
736	355796	7	61	146	228	397	#
737	331437	111	183	200	219	397	#
738	318393	59	104	151	206	397	#
739	269779	28	55	193	218	397	#
740	23815	244	#
741	107988	157	230	398	#
742	112705	115	230	398	#
743	98098	85	157	398	#
744	1584109	5	14	16	20	27	31	48	87	90	93	104	117	121	123	126	147	162	178	180	212	238	248	251	399	#
745	1880419	4	5	14	15	20	57	58	60	72	83	86	104	130	134	146	162	174	195	197	204	220	252	255	399	#
746	1873144	0	5	20	22	50	58	90	91	98	102	109	112	113	125	140	170	179	193	195	233	234	235	236	399	#
747	1860293	14	18	36	37	77	85	88	96	103	109	123	134	139	143	144	149	157	180	182	187	194	235	240	399	#
748	1844271	4	19	24	25	48	69	87	99	102	105	110	117	126	135	144	160	171	172	182	212	230	245	253	399	#
749	1844239	4	16	20	26	31	39	47	54	55	60	61	102	117	138	155	157	174	178	182	192	240	244	245	399	#
750	369379	19	124	145	168	400	#
751	383454	19	121	186	236	400	#
752	343007	145	158	216	221	400	#
753	335712	29	140	168	195	400	#
754	252785	8	9	77	124	400	#
755	404662	113	114	156	183	237	401	#
756	429267	1	15	88	131	156	401	#
757	423076	88	100	114	160	198	401	#
758	369824	39	93	132	183	221	401	#
759	339513	92	113	121	135	207	401	#
760	247985	34	162	216	219	237	401	#
761	592616	11	37	46	66	145	216	224	402	#
762	727609	66	88	102	161	173	184	222	402	#
763	599855	43	58	131	194	216	234	235	402	#
764	531665	2	37	99	135	194	224	245	402	#
765	517687	75	90	93	133	194	221	224	402	#
766	466190	11	94	117	173	190	211	213	402	#
767	1372452	12	21	58	80	93	115	123	136	145	148	152	166	174	195	209	217	225	226	403	#
768	1679691	12	19	29	51	82	96	122	131	133	143	150	157	166	167	201	224	231	236	403	#
769	1384982	15	28	30	33	46	103	108	123	139	144	166	195	210	213	217	228	241	255	403	#
770	1371783	42	86	101	110	130	133	145	152	154	162	164	178	202	207	208	211	217	225	403	#
771	1357460	33	39	72	105	110	124	132	151	166	169	180	194	201	207	219	226	228	247	403	#
772	1349528	10	19	21	80	100	118	125	134	149	162	165	202	220	237	239	240	253	255	403	#
773	759138	4	46	93	113	121	132	137	167	196	201	236	404	#
774	887916	4	16	20	40	87	110	131	137	159	186	250	404	#
775	866064	5	6	20	32	39	69	124	158	166	189	201	404	#
776	840912	67	78	89	91	98	99	108	111	130	150	196	404	#
777	828034	96	120	137	140	141	146	156	166	179	212	245	404	#
778	793489	15	27	33	43	73	113	116	129	144	192	206	404	#
779	1077347	8	13	21	23	24	73	82	97	110	146	166	170	186	226	405	#
780	1128479	16	45	74	77	101	105	115	120	123	129	179	186	198	232	405	#
781	1110905	35	37	54	67	69	73	74	125	183	186	191	193	222	238	405	#
782	1053594	7	12	32	48	65	86	89	109	166	170	201	203	246	251	405	#
783	1004686	36	38	45	46	82	99	103	109	166	168	169	181	183	236	405	#
784	997184	13	21	24	37	38	48	68	82	85	136	158	179	189	190	405	#
785	298621	31	67	185	233	250	406	#
786	371424	35	65	79	185	213	406	#
787	331343	21	31	67	102	213	406	#
788	245956	4	67	75	176	188	406	#
789	218508	21	118	231	233	236	406	#
790	771126	18	39	48	54	71	134	135	147	150	168	199	203	204	252	407	#
791	1141940	2	4	26	40	45	51	62	109	134	140	169	177	195	206	407	#
792	1064236	7	22	35	39	44	66	137	161	185	189	208	241	242	255	407	#
793	1054918	0	1	43	66	135	155	168	171	195	213	216	224	227	251	407	#
794	1036229	2	47	56	61	119	136	137	142	150	186	206	219	239	245	407	#
795	1029749	5	29	40	56	86	110	117	131	170	196	203	204	234	242	407	#
796	114084	234	242	408	#
797	107819	112	242	408	#
798	90442	163	234	408	#
799	869197	6	39	54	63	64	100	104	106	178	188	219	241	409	#
800	1012414	11	20	36	39	55	90	100	143	157	165	195	249	409	#
801	934822	32	40	56	63	85	89	157	218	220	244	249	250	409	#
802	884686	11	15	35	44	50	104	115	170	195	200	217	219	409	#
803	863991	14	36	109	110	120	173	177	179	187	188	214	232	409	#
804	833938	6	52	99	106	125	131	180	187	190	207	219	236	409	#
805	387317	70	127	148	191	195	231	410	#
806	470320	44	66	148	199	204	255	410	#
807	466474	30	47	105	145	195	213	410	#
808	390940	58	101	127	191	203	231	410	#
809	371171	44	70	85	110	115	240	410	#
810	367264	44	66	84	103	118	127	410	#
811	735037	10	14	46	74	114	169	203	225	249	411	#
812	906419	14	28	51	130	144	203	224	242	249	411	#
813	794838	12	19	21	46	50	74	105	108	231	411	#
814	676634	13	40	104	114	163	183	204	221	253	411	#
815	632181	14	45	71	177	196	203	211	231	246	411	#
816	598980	10	51	63	95	110	169	181	182	210	411	#
817	908427	15	31	61	69	72	199	203	207	210	225	230	254	255	412	#
818	1320662	1	3	12	35	47	53	58	63	74	166	192	230	236	412	#
819	1124490	3	27	87	89	94	101	140	144	155	198	203	225	239	412	#
820	1013493	15	18	59	82	91	104	131	136	159	174	194	229	232	412	#
821	1007020	5	13	15	22	94	120	128	140	145	172	177	219	255	412	#
822	967591	57	59	64	82	110	131	136	162	170	193	200	202	254	412	#
823	2612077	1	11	14	16	21	23	56	60	62	63	67	70	72	75	78	108	111	112	117	118	141	144	163	164	166	177	179	204	205	206	220	222	224	228	232	245	250	413	#
824	3024407	1	3	14	18	25	35	39	47	51	54	80	81	98	100	101	107	113	120	134	137	141	150	164	168	169	186	193	197	209	210	211	215	226	239	240	245	248	413	#
825	3010916	0	1	3	8	13	14	30	35	62	66	78	81	84	107	110	112	113	127	130	132	141	145	154	157	164	166	168	179	182	195	198	205	220	231	235	247	254	413	#
826	2902631	11	12	22	31	35	40	47	52	55	68	70	74	87	92	104	111	113	114	117	120	121	141	142	143	149	153	157	174	178	186	187	206	207	215	231	247	253	413	#
827	2873301	0	5	10	11	18	23	26	43	47	49	62	70	80	85	87	88	105	112	117	127	142	146	150	163	165	166	168	179	189	197	198	209	221	228	244	249	254	413	#
828	2862113	0	12	16	23	28	30	31	52	62	81	93	94	101	108	109	111	112	113	129	130	134	137	145	170	176	182	185	197	198	206	209	212	220	224	240	245	254	413	#
829	272720	28	138	141	414	#
830	252384	44	123	141	414	#
831	237014	60	138	177	414	#
832	149792	28	97	125	414	#
833	474197	5	49	75	101	104	172	246	415	#
834	637969	57	81	88	104	138	166	210	415	#
835	550331	5	60	69	92	205	220	235	415	#
836	457689	14	49	135	171	211	214	222	415	#
837	440640	78	87	98	148	172	224	225	415	#
838	367647	18	179	191	213	221	246	255	415	#
839	57142	139	181	416	#
840	81360	139	150	416	#
841	472852	7	27	70	152	153	188	196	214	216	417	#
842	707463	1	7	12	39	54	88	159	165	228	417	#
843	672817	6	54	68	76	142	153	169	195	206	417	#
844	613739	4	12	37	55	90	93	152	195	213	417	#
845	592430	6	15	18	27	49	61	73	84	154	417	#
846	579939	0	6	9	55	117	141	188	197	218	417	#
847	59756	6	#
848	731559	31	96	100	155	187	211	220	224	227	234	418	#
849	989841	14	39	85	92	100	143	151	217	221	240	418	#
850	987606	8	105	108	143	164	171	190	224	237	255	418	#
851	901371	19	20	40	52	97	195	206	215	220	240	418	#
852	788367	16	52	86	89	96	132	149	195	221	252	418	#
853	721256	28	69	115	121	124	147	190	206	211	253	418	#
854	2647091	14	23	32	54	56	68	71	73	84	86	96	98	102	106	120	137	140	158	162	163	164	166	170	187	188	192	194	201	230	232	234	238	241	244	419	#
855	2913382	1	2	4	21	23	25	61	63	66	67	77	80	99	102	112	132	154	161	162	166	175	180	188	194	195	209	210	218	219	220	222	239	241	252	419	#
856	2839039	3	4	19	21	23	35	55	61	75	80	81	82	83	86	99	100	102	110	117	121	123	142	144	172	192	197	203	216	219	230	231	234	241	251	419	#
857	2788429	0	24	39	69	77	79	98	105	108	113	114	115	118	122	125	133	137	141	149	154	162	163	175	185	192	193	194	199	201	204	222	226	230	251	419	#
858	2726577	4	10	13	28	46	66	79	82	86	92	100	106	112	113	119	144	148	151	158	161	162	163	181	195	216	219	220	221	226	231	232	238	243	245	419	#
859	2638244	4	18	21	24	27	35	59	73	77	94	113	119	120	121	124	131	136	140	148	153	158	162	166	183	195	200	204	216	223	228	232	241	249	254	419	#
860	95335	82	#
861	203479	15	16	168	173	420	#
862	302405	14	85	173	235	420	#
863	163469	68	143	168	229	420	#
864	577145	22	66	75	159	193	215	218	224	421	#
865	661431	12	22	145	203	224	231	239	250	421	#
866	648308	20	33	38	44	96	111	193	214	421	#
867	600372	66	75	131	163	175	224	239	245	421	#
868	595335	24	27	140	163	215	240	248	254	421	#
869	594982	1	100	132	144	147	150	218	233	421	#
870	229805	58	210	422	#
871	229948	198	210	422	#
872	174170	58	187	422	#
873	500692	47	49	160	217	234	255	423	#
874	632459	23	49	80	194	248	255	423	#
875	534022	27	144	173	194	204	234	423	#
876	497361	19	62	93	124	150	217	423	#
877	449988	44	47	113	170	207	251	423	#
878	404864	35	40	62	91	160	214	423	#
879	710514	37	57	64	162	173	221	230	237	247	424	#
880	791379	18	34	39	89	96	186	230	241	245	424	#
881	781792	10	35	64	100	111	120	124	143	240	424	#
882	752910	9	70	105	106	169	194	230	237	240	424	#
883	749045	39	48	90	169	191	193	247	253	254	424	#
884	693647	46	57	94	102	187	199	210	234	237	424	#
885	401091	19	23	74	80	180	238	245	425	#
886	541898	71	137	215	225	230	245	253	425	#
887	519168	80	134	171	178	195	198	216	425	#
888	493473	96	98	135	180	199	208	216	425	#
889	460559	19	48	52	98	154	206	212	425	#
890	447684	55	74	132	146	167	175	183	425	#
891	101193	52	#
892	778157	33	37	77	118	131	150	151	155	179	228	426	#
893	911949	24	34	82	146	155	179	210	213	240	251	426	#
894	869651	20	44	77	85	94	122	179	182	232	247	426	#
895	814543	29	33	65	66	72	87	135	155	208	245	426	#
896	764924	29	58	81	98	106	131	179	206	229	249	426	#
897	763118	37	60	65	82	133	144	155	198	201	230	426	#
898	129469	28	50	126	427	#
899	146886	27	50	243	427	#
900	137284	15	125	126	427	#
901	20488	178	#
902	446429	7	103	186	222	241	249	428	#
903	545889	40	98	164	222	231	237	428	#
904	524743	64	102	103	166	172	241	428	#
905	504376	72	83	86	132	204	241	428	#
906	483572	118	127	143	168	205	249	428	#
907	357942	7	39	64	189	197	200	428	#
908	104735	166	#
909	250631	31	144	222	429	#
910	279852	144	145	222	429	#
911	274161	118	144	235	429	#
912	181614	31	53	188	429	#
913	1047923	34	37	57	63	91	103	131	138	156	173	178	191	226	230	254	430	#
914	1442076	25	34	43	54	88	90	131	144	164	171	173	206	224	226	251	430	#
915	1391641	18	36	88	103	111	112	120	131	133	143	146	147	156	167	189	430	#
916	1314981	13	46	74	77	111	129	131	135	144	147	158	167	179	199	224	430	#
917	1186004	43	71	86	97	127	138	141	182	193	224	226	229	230	242	255	430	#
918	1167259	2	3	13	27	50	51	60	149	172	187	189	205	222	226	230	430	#
919	2180948	5	7	9	15	19	23	25	35	38	54	84	93	97	100	106	114	124	126	128	140	142	144	153	164	182	211	212	222	236	250	255	431	#
920	2575244	2	14	22	23	31	44	46	50	52	60	80	86	89	100	103	121	123	137	140	147	148	155	164	165	166	170	183	193	225	250	252	431	#
921	2569145	4	10	25	26	38	41	46	54	64	76	84	90	99	102	103	108	130	146	151	155	184	188	194	217	219	225	231	235	239	240	247	431	#
922	2552923	11	14	22	29	44	45	58	65	83	84	85	89	100	104	106	109	124	130	136	143	144	158	168	171	188	198	204	218	219	231	240	431	#
923	2543872	7	22	23	29	31	46	54	57	77	113	120	126	132	142	143	149	150	156	167	184	185	198	201	205	213	218	219	230	243	249	250	431	#
924	2477219	2	14	25	27	36	41	45	46	68	81	96	98	100	104	120	136	158	163	164	165	178	183	185	190	193	200	209	219	236	243	252	431	#
925	16160	169	#
926	684619	76	122	178	181	206	219	245	253	432	#
927	653616	19	164	178	181	196	198	243	245	432	#
928	618262	71	105	126	150	211	226	229	253	432	#
929	583006	15	101	106	111	122	159	216	219	432	#
930	547156	29	38	83	85	118	178	226	245	432	#
931	490355	97	116	146	171	205	206	207	243	432	#
932	1998253	1	16	23	25	33	38	59	62	69	77	81	106	108	109	114	124	132	133	135	150	163	194	200	202	226	231	240	246	254	433	#
933	2551037	3	10	12	13	20	55	58	64	69	95	102	105	132	135	136	138	140	148	163	172	175	177	185	204	212	219	224	246	255	433	#
934	2401714	3	16	36	38	41	59	65	77	97	114	120	133	140	151	162	165	175	177	184	200	209	211	212	220	228	231	251	253	255	433	#
935	2383907	4	30	33	44	60	62	67	87	105	109	111	119	122	125	155	163	168	175	177	181	182	191	208	209	222	228	234	242	255	433	#
936	2358386	7	11	12	18	24	27	33	41	43	61	65	76	82	84	89	103	105	132	133	148	162	163	167	182	188	200	216	219	224	433	#
937	2337743	1	13	14	33	48	49	63	64	66	67	70	77	89	91	103	105	106	108	114	118	134	139	185	204	207	216	224	238	248	433	#
938	1163023	1	8	37	41	46	121	128	130	131	162	180	184	191	213	242	245	434	#
939	1389821	1	51	59	69	73	74	90	117	119	127	177	197	201	217	227	247	434	#
940	1297424	5	8	11	17	19	31	41	67	80	87	100	150	158	177	187	238	434	#
941	1231554	2	8	34	87	98	121	139	142	161	182	196	197	207	208	215	241	434	#
942	1221508	19	31	77	91	99	115	139	143	157	167	175	180	203	208	216	231	434	#
943	1214855	0	9	11	16	26	50	78	90	133	141	153	191	194	212	227	240	434	#
944	79688	215	#
945	898831	20	74	102	103	114	121	128	151	178	183	202	203	218	245	435	#
946	1181400	24	25	43	48	86	100	119	131	151	158	167	178	180	217	435	#
947	1108844	29	42	43	74	81	102	135	155	178	187	194	202	210	214	435	#
948	1098402	7	11	25	30	39	79	141	143	148	151	157	166	206	214	435	#
949	1083376	24	38	49	82	119	134	136	152	157	159	181	194	228	245	435	#
950	1075249	29	33	43	83	103	128	131	141	143	173	194	201	210	216	435	#
951	84101	122	208	#
952	766282	6	36	68	101	120	123	139	155	165	197	204	222	436	#
953	1110036	1	36	60	67	68	87	96	137	177	187	210	252	436	#
954	885061	21	33	55	67	75	87	130	155	156	161	224	244	436	#
955	867647	6	12	30	32	70	86	101	118	124	149	160	234	436	#
956	822380	3	20	30	124	144	149	153	180	199	200	222	223	436	#
957	796113	31	42	59	90	96	139	156	161	183	187	230	244	436	#
958	359021	24	148	152	226	236	437	#
959	451161	24	35	122	152	218	437	#
960	386380	105	132	214	226	242	437	#
961	381627	118	137	144	152	214	437	#
962	354094	4	148	186	191	201	437	#
963	245416	84	129	160	236	243	437	#
964	324934	91	216	237	438	#
965	318232	104	216	219	438	#
966	142193	9	188	237	438	#
967	135488	160	227	439	#
968	118696	63	227	439	#
969	1647336	1	8	11	32	89	96	99	100	104	118	129	130	133	134	139	150	173	183	187	205	213	218	220	230	440	#
970	2063343	11	32	45	47	51	77	80	87	88	93	105	118	135	137	144	158	193	197	198	211	215	218	244	250	440	#
971	1959222	3	15	17	21	24	33	39	51	54	69	94	105	113	114	150	165	173	186	191	218	223	230	237	247	440	#
972	1910211	11	13	18	32	77	88	99	101	133	134	147	158	182	183	186	188	193	199	207	220	224	236	237	244	440	#
973	1895635	4	8	16	18	33	34	54	57	70	81	86	88	89	94	99	100	112	141	146	197	208	213	219	248	440	#
974	1892092	10	36	47	70	79	81	86	89	90	97	101	114	121	123	133	135	144	155	183	187	201	219	231	248	440	#
975	98247	179	#
976	112244	17	189	233	441	#
977	105958	189	210	233	441	#
978	998676	32	53	102	107	126	131	139	146	152	157	195	232	236	442	#
979	1307105	11	20	36	40	41	67	98	164	167	191	194	224	236	442	#
980	1160811	2	36	39	56	58	107	111	144	147	166	193	194	200	442	#
981	1055772	40	51	53	65	68	93	101	124	126	128	136	213	224	442	#
982	1031512	5	41	53	72	138	155	173	202	214	217	220	241	244	442	#
983	1012633	14	49	67	72	96	102	114	186	190	200	201	219	253	442	#
984	1545336	19	32	60	73	77	117	139	148	150	155	166	174	179	202	205	217	222	225	228	230	231	443	#
985	1847499	14	17	27	42	57	60	64	73	90	95	98	143	160	168	172	174	215	220	226	252	255	443	#
986	1765897	4	22	29	36	79	126	143	144	152	153	161	179	193	202	215	217	218	219	224	225	250	443	#
987	1712111	6	7	8	15	17	19	22	35	43	60	81	147	150	161	173	194	202	207	224	236	252	443	#
988	1686102	1	5	30	34	36	56	79	92	104	131	143	157	171	179	182	184	187	220	241	251	252	443	#
989	1592307	8	21	22	29	30	31	34	65	72	101	109	116	131	179	199	211	213	219	222	244	251	443	#
990	799107	23	32	47	67	75	90	92	125	129	240	243	444	#
991	1021009	15	24	30	38	45	67	87	96	118	202	240	444	#
992	929501	3	23	36	74	94	141	149	158	225	232	233	444	#
993	918473	8	16	24	64	67	75	146	175	223	244	247	444	#
994	908580	32	40	92	104	110	131	143	146	161	195	233	444	#
995	763702	27	39	47	74	79	103	114	118	226	243	249	444	#
996	59798	193	#
997	119047	11	37	199	445	#
998	162999	1	199	231	445	#
999	148798	11	169	216	445	#
1000	134184	37	42	82	445	#
