%% File generated by CATS v.2.1Wed Jun 19 19:19:40 2013

%% The CATS webpage is http://robotics.stanford.edu/CATS

%% PARAMETER SETTINGS:
% Goods: 256; Bids: 1000; Distribution: arbitrary; Runs: 50; Seed: 1371664721
% Arbitrary Distribution Parameters:
% Max Substitutable Bids = 5
% Removing HV Neighbor   = 0.1
% Adding DIAG Neighbor   = 0.2
% Additional Location    = 0.9
% Additivity             = 0.2
% Budget Factor          = 1.5
% Resale Factor          = 0.5
% Normal Private Value:
%   Mean                 = 0
%   Standard Deviation   = 30



goods 256
bids 1002
dummy 188

0	1657247	8	16	20	42	44	53	55	67	77	105	120	127	136	150	162	168	178	179	183	193	196	215	224	230	256	#
1	1978340	9	12	20	24	31	32	52	59	87	89	97	105	115	124	139	156	172	178	188	194	197	215	230	239	256	#
2	1975102	8	11	20	48	49	50	54	65	74	85	88	111	133	136	148	178	181	188	197	228	233	236	246	255	256	#
3	1850296	15	16	28	29	46	60	67	68	76	100	105	133	141	152	163	165	172	182	187	194	213	220	224	232	256	#
4	1827453	1	6	34	46	53	67	97	102	106	126	139	140	144	162	167	170	177	183	217	220	224	227	240	243	256	#
5	1814221	4	8	10	14	20	32	55	57	59	62	104	105	120	133	137	143	161	171	179	184	197	227	244	248	256	#
6	277235	74	102	169	210	221	257	#
7	413684	74	130	140	172	194	257	#
8	410634	70	118	152	156	221	257	#
9	357033	84	102	123	164	248	257	#
10	258261	34	65	154	210	217	257	#
11	201205	123	148	154	169	212	257	#
12	786406	23	59	64	72	75	79	98	107	108	126	139	150	177	225	241	253	258	#
13	1171257	16	58	70	76	105	124	134	137	150	167	184	204	215	218	224	234	258	#
14	1168651	4	12	23	38	49	51	69	73	105	128	181	195	214	236	242	251	258	#
15	1132532	12	16	43	79	89	90	106	114	158	169	185	207	225	229	250	253	258	#
16	1093446	13	23	30	55	90	105	126	131	139	145	155	157	190	215	250	255	258	#
17	1085555	8	23	25	68	73	88	91	123	147	163	183	186	224	225	241	253	258	#
18	947066	0	8	27	78	95	102	118	139	158	184	199	206	212	218	232	259	#
19	1137036	42	71	104	109	139	167	169	172	190	221	228	231	232	237	247	259	#
20	1131121	36	40	71	75	80	82	95	117	160	187	197	203	213	232	238	259	#
21	1066418	0	27	38	77	89	93	151	167	188	192	213	218	238	248	252	259	#
22	994721	8	46	47	68	104	107	120	131	139	182	188	215	221	246	254	259	#
23	983493	6	38	43	92	99	120	153	158	159	172	174	184	206	216	233	259	#
24	118900	154	238	260	#
25	80856	191	238	260	#
26	223274	67	151	154	161	183	199	201	209	261	#
27	328138	21	87	88	92	125	153	161	202	261	#
28	318820	24	43	67	69	91	199	208	232	261	#
29	486037	67	75	91	116	152	172	179	185	190	226	244	262	#
30	679743	14	16	30	139	141	160	172	179	182	185	246	262	#
31	672456	28	30	38	42	48	51	129	172	200	207	246	262	#
32	642854	0	38	53	60	72	73	77	83	91	143	183	262	#
33	549633	51	61	87	89	107	129	167	173	236	244	249	262	#
34	476754	38	64	67	79	84	96	123	167	200	219	242	262	#
35	1009598	4	31	36	61	86	127	188	193	194	219	231	237	245	263	#
36	1076927	4	12	19	21	35	83	108	109	159	161	188	194	251	263	#
37	986907	28	31	35	36	41	65	75	86	110	157	225	235	240	263	#
38	934087	18	19	46	70	117	146	157	190	193	205	237	250	254	263	#
39	928030	38	48	79	96	97	105	127	135	145	169	216	222	240	263	#
40	806788	48	50	65	74	101	109	141	161	177	190	194	221	231	263	#
41	684055	7	28	62	76	81	113	147	154	162	167	181	200	264	#
42	963797	7	58	97	117	130	136	142	181	194	222	227	228	264	#
43	852664	10	12	134	167	171	192	197	208	222	228	240	253	264	#
44	819337	4	7	89	99	101	116	133	163	181	198	201	224	264	#
45	802908	13	18	52	76	81	148	159	172	175	219	220	228	264	#
46	756620	44	60	74	76	81	92	96	137	198	205	223	240	264	#
47	965719	24	62	82	96	120	145	150	159	171	198	222	227	265	#
48	996362	3	7	18	36	45	49	59	120	171	201	212	222	265	#
49	912838	26	62	65	72	74	92	93	145	168	171	235	248	265	#
50	887556	29	30	38	44	49	51	56	58	69	162	170	198	265	#
51	874579	38	59	63	91	101	127	140	145	194	230	237	248	265	#
52	846275	2	35	40	44	65	79	150	164	168	173	225	235	265	#
53	1154021	2	11	22	51	59	81	83	90	96	127	157	172	191	205	218	223	241	266	#
54	1537364	12	24	31	50	55	58	62	63	64	82	93	116	121	129	172	173	252	266	#
55	1277608	8	11	33	60	98	102	142	149	159	188	189	192	211	228	231	241	249	266	#
56	1268190	10	14	16	89	96	110	116	117	121	176	187	188	189	191	204	220	228	266	#
57	1261530	2	33	34	46	57	59	69	91	148	159	175	179	192	205	216	223	228	266	#
58	1254630	34	48	49	82	84	108	116	125	127	129	139	158	159	164	165	194	198	266	#
59	307295	29	92	133	244	267	#
60	357754	2	120	133	192	267	#
61	292134	29	164	168	208	267	#
62	218893	66	121	243	244	267	#
63	99171	22	28	44	92	267	#
64	878683	10	66	77	78	90	99	147	149	161	167	204	207	213	236	241	247	268	#
65	1204077	5	9	16	35	48	63	70	167	204	205	206	214	236	240	246	255	268	#
66	1191768	6	7	9	22	47	66	67	71	77	99	113	116	169	196	236	238	268	#
67	1109458	7	62	68	84	89	94	105	119	140	141	188	195	204	208	224	244	268	#
68	1031465	4	8	28	37	51	70	80	84	90	108	191	195	234	236	244	253	268	#
69	1027300	22	28	41	63	69	130	132	139	143	149	172	185	205	233	239	242	268	#
70	226983	131	195	245	269	#
71	177951	3	86	131	269	#
72	155075	63	92	245	269	#
73	143572	20	154	195	269	#
74	174270	147	219	220	229	237	#
75	434950	12	25	40	43	79	81	157	174	211	254	270	#
76	638392	25	32	50	65	132	146	166	193	219	230	270	#
77	594496	3	17	40	72	79	110	140	142	148	251	270	#
78	575177	4	11	43	65	171	177	189	207	249	252	270	#
79	560062	71	122	124	137	141	157	178	186	190	199	270	#
80	536069	20	40	56	111	127	139	162	167	181	221	270	#
81	1391245	12	19	25	28	36	51	57	66	82	89	121	127	131	140	159	162	173	178	184	192	215	216	221	271	#
82	1685679	26	29	39	55	69	70	77	87	91	105	120	131	140	142	144	156	178	189	205	216	221	223	226	271	#
83	1634618	15	22	31	45	66	81	95	105	111	115	122	125	134	136	144	146	158	162	167	186	208	214	252	271	#
84	1615041	12	23	42	86	103	114	116	120	126	133	135	140	155	162	172	192	193	204	208	215	226	232	234	271	#
85	1583103	0	11	12	14	24	31	48	56	116	127	133	137	143	157	165	168	170	185	187	189	222	229	250	271	#
86	1550715	5	7	8	16	49	61	80	101	108	129	133	137	138	150	183	190	205	212	215	234	245	246	248	271	#
87	1126252	16	37	38	43	49	52	68	82	85	92	97	104	132	137	177	187	200	215	220	225	233	272	#
88	1681457	4	17	20	26	39	72	74	97	103	120	122	148	158	173	175	218	225	226	232	236	238	272	#
89	1608835	0	17	21	40	50	52	63	67	73	114	123	141	150	164	165	195	205	211	228	233	252	272	#
90	1518886	9	16	23	25	77	83	88	89	103	117	132	147	156	164	187	188	201	208	228	249	250	272	#
91	1495717	5	14	15	19	21	23	24	43	48	56	62	67	79	80	87	97	128	131	140	188	251	272	#
92	1449123	9	16	29	33	48	53	55	70	71	73	88	97	105	130	131	148	155	195	218	239	248	272	#
93	182936	19	175	189	273	#
94	212589	141	189	206	273	#
95	180764	156	175	213	273	#
96	826358	7	15	19	23	49	93	103	143	212	230	236	274	#
97	863961	20	23	35	67	80	89	94	106	124	132	181	274	#
98	836318	21	29	55	84	123	153	213	215	225	230	244	274	#
99	779612	0	1	51	84	93	133	140	146	173	235	252	274	#
100	774048	16	29	30	62	68	70	83	122	138	143	241	274	#
101	758164	19	49	70	106	124	134	140	143	164	201	255	274	#
102	671782	23	27	49	121	127	136	168	176	275	#
103	678938	68	115	136	137	195	199	208	244	275	#
104	598589	14	50	55	60	61	69	121	165	275	#
105	574286	36	49	53	89	124	168	200	245	275	#
106	551711	18	23	36	71	123	147	181	199	275	#
107	477169	31	84	117	167	176	191	219	254	275	#
108	1197079	13	29	46	75	79	102	122	123	125	143	166	184	219	230	244	276	#
109	1249707	24	29	104	106	116	121	159	167	189	196	206	215	225	230	248	276	#
110	1247345	22	28	38	40	43	44	46	116	123	131	143	166	185	211	252	276	#
111	1080677	19	26	49	102	113	132	136	172	173	199	205	212	244	245	252	276	#
112	1009196	21	43	46	76	79	82	91	116	133	155	158	175	177	230	255	276	#
113	962646	31	55	71	79	118	136	154	180	193	195	228	230	236	244	247	276	#
114	502234	4	23	55	95	108	135	165	188	199	277	#
115	655287	21	23	39	40	93	122	159	174	181	277	#
116	624818	55	68	72	131	146	160	187	214	227	277	#
117	605868	120	135	151	165	187	205	227	234	243	277	#
118	520439	55	56	133	137	146	180	197	199	219	277	#
119	462482	3	95	114	134	146	149	182	197	203	277	#
120	142254	93	185	203	278	#
121	85850	185	203	252	278	#
122	97935	253	#
123	93105	22	#
124	497895	11	26	39	41	50	52	79	134	145	172	242	279	#
125	658286	5	14	40	41	60	167	189	194	211	229	230	279	#
126	598179	26	40	52	86	92	102	107	122	136	218	237	279	#
127	506092	0	11	14	53	69	89	118	175	177	196	223	279	#
128	504518	22	26	67	69	84	96	138	148	152	154	163	279	#
129	361047	0	19	20	52	117	133	134	139	154	162	216	279	#
130	647101	37	56	59	60	102	121	167	184	233	244	280	#
131	877268	15	16	26	29	56	121	138	174	192	215	280	#
132	832224	4	9	87	97	175	184	197	210	220	236	280	#
133	608066	7	8	22	59	72	148	153	160	169	193	280	#
134	602725	56	124	126	128	130	133	162	165	201	230	280	#
135	577278	23	37	65	129	134	140	149	157	207	218	280	#
136	714560	20	26	58	66	77	95	178	189	219	222	223	245	281	#
137	899746	11	20	43	65	75	91	114	138	143	189	197	235	281	#
138	846518	16	24	26	41	95	97	124	202	213	232	248	249	281	#
139	812010	6	20	37	52	58	115	129	156	181	206	241	245	281	#
140	784784	15	26	43	47	54	84	95	132	154	190	198	222	281	#
141	777163	6	8	26	61	91	95	112	129	178	206	212	224	281	#
142	453719	8	19	182	194	200	215	234	282	#
143	613365	51	54	163	177	194	227	253	282	#
144	545027	29	44	49	111	215	227	250	282	#
145	464167	82	120	135	143	144	200	213	282	#
146	453043	48	55	97	151	182	239	246	282	#
147	442517	8	10	18	54	131	234	248	282	#
148	1769406	28	29	49	53	55	58	75	81	87	88	105	112	115	138	142	144	155	161	172	173	183	203	218	222	251	252	253	283	#
149	1985829	2	24	26	35	47	48	62	67	73	81	96	99	102	115	117	120	149	158	159	161	170	171	221	243	244	248	250	283	#
150	1912773	26	28	32	49	51	63	65	88	96	97	100	103	105	124	127	134	139	156	160	170	186	193	211	223	234	244	251	283	#
151	1907088	24	29	35	43	58	61	87	99	108	137	145	148	150	160	169	170	194	196	200	201	209	214	233	234	241	252	255	283	#
152	1828486	5	6	23	30	41	54	73	77	100	103	112	118	120	123	130	138	146	148	159	161	164	169	200	222	230	234	247	283	#
153	1813959	55	61	64	69	78	87	93	98	100	112	113	120	127	133	143	151	152	158	170	182	200	203	232	234	241	244	248	283	#
154	209030	193	240	284	#
155	182305	46	240	284	#
156	141192	129	193	284	#
157	906193	30	35	39	46	51	71	95	97	105	129	149	197	219	248	253	285	#
158	1107823	3	42	77	86	103	118	146	150	154	160	168	197	214	238	240	285	#
159	1074112	29	30	50	71	120	122	153	176	187	190	191	195	197	203	245	285	#
160	1054274	13	32	64	82	105	107	112	124	135	147	177	186	191	220	224	285	#
161	1036602	10	30	34	43	50	54	59	109	124	129	135	166	172	184	213	285	#
162	1019852	20	32	38	60	61	95	107	147	157	203	211	219	222	224	230	285	#
163	2105098	1	8	9	16	40	44	45	55	57	58	62	66	70	72	76	103	111	120	125	126	135	139	153	164	173	174	195	217	218	224	233	286	#
164	2445436	2	15	21	23	44	49	51	52	55	61	113	120	126	130	133	141	146	158	159	165	169	172	187	193	194	206	221	222	226	237	249	286	#
165	2183279	1	6	15	32	47	55	57	64	67	91	97	106	120	124	127	131	143	154	156	166	186	187	190	195	197	202	231	234	247	248	253	286	#
166	2177734	1	3	4	6	32	41	51	56	58	67	82	95	96	109	117	118	120	142	148	149	150	153	160	169	177	188	195	209	224	230	251	286	#
167	2127121	5	10	12	20	27	30	31	41	54	55	57	60	70	85	91	95	133	145	148	164	167	174	196	208	213	215	217	221	233	237	248	286	#
168	2034870	10	14	23	31	32	40	50	64	71	72	76	88	94	115	120	129	131	145	159	162	165	169	182	190	191	203	209	227	228	230	238	286	#
169	273094	24	135	161	218	287	#
170	312966	76	130	161	170	287	#
171	291794	12	120	135	137	287	#
172	221380	140	184	190	218	287	#
173	187703	24	105	187	213	287	#
174	609895	23	65	72	122	168	175	194	216	288	#
175	746327	30	97	112	168	175	224	227	228	288	#
176	551614	34	82	112	136	157	174	216	229	288	#
177	549874	7	12	64	102	122	141	159	218	288	#
178	491988	47	73	87	133	175	191	194	211	288	#
179	415281	2	23	26	63	98	155	244	248	288	#
180	568145	26	61	74	78	121	154	158	159	289	#
181	691911	96	109	121	127	136	208	227	254	289	#
182	652373	4	29	75	82	154	165	181	204	289	#
183	523172	62	83	120	130	134	139	158	166	289	#
184	484781	21	112	159	163	165	170	200	216	289	#
185	476808	6	74	130	145	181	220	245	248	289	#
186	385060	43	63	180	183	204	290	#
187	485507	42	98	106	135	183	290	#
188	480279	43	166	180	225	246	290	#
189	410827	67	70	105	160	180	290	#
190	309936	63	102	123	179	243	290	#
191	245342	81	161	180	204	220	290	#
192	429527	39	48	81	102	132	228	291	#
193	320390	3	35	43	56	100	228	291	#
194	317837	13	76	132	195	202	243	291	#
195	313649	81	129	151	221	251	254	291	#
196	307850	40	67	70	102	219	226	291	#
197	280186	7	39	42	52	140	191	291	#
198	1117255	29	32	33	41	57	58	90	98	162	179	183	221	225	230	243	249	292	#
199	1256096	29	31	32	58	70	98	130	132	154	176	183	199	205	225	247	250	292	#
200	1225452	22	45	57	64	86	99	132	148	164	176	189	197	214	221	246	250	292	#
201	1151285	11	20	51	57	98	117	137	166	173	175	192	204	217	224	247	248	292	#
202	1108785	17	22	23	29	38	60	98	107	122	151	179	191	211	224	237	246	292	#
203	1106825	1	11	24	53	98	105	112	121	136	183	187	217	219	233	238	251	292	#
204	2354662	10	12	14	33	37	39	59	62	72	81	82	84	86	93	95	99	103	125	127	131	136	156	159	174	178	186	192	204	211	230	232	243	244	250	254	255	293	#
205	2742352	0	11	12	13	29	37	38	52	55	58	59	62	77	80	95	112	114	117	130	136	139	145	160	163	179	191	200	202	203	223	235	237	244	250	252	253	293	#
206	2694763	1	6	7	9	26	27	41	42	44	58	65	68	72	73	75	100	104	119	120	126	136	139	157	170	178	183	188	195	211	212	213	215	234	252	253	254	293	#
207	2619986	0	13	17	31	36	38	43	55	61	62	63	77	109	114	127	133	154	155	158	160	162	167	186	190	192	202	207	211	213	224	228	230	242	244	252	255	293	#
208	2567506	3	4	28	31	34	37	43	45	49	59	63	76	77	79	83	85	91	97	110	118	123	139	142	147	150	161	178	191	202	203	205	212	224	231	233	243	293	#
209	2426567	2	13	15	30	37	40	44	47	48	55	56	58	61	64	68	69	71	72	82	96	97	123	134	145	154	176	178	183	185	194	204	208	226	234	236	246	293	#
210	129516	32	144	216	294	#
211	138534	26	144	216	294	#
212	56004	144	202	236	294	#
213	1272085	6	8	12	19	77	78	126	166	168	172	176	186	196	202	207	219	236	295	#
214	1361646	6	11	16	48	62	64	104	119	123	126	208	210	214	219	228	231	244	295	#
215	1339823	0	30	42	47	76	88	91	108	110	117	124	180	196	228	229	251	252	295	#
216	1283095	4	8	13	38	68	70	71	89	117	133	156	219	224	231	243	251	253	295	#
217	1265203	14	45	53	56	59	77	97	123	127	146	202	210	226	243	247	250	254	295	#
218	1263247	12	18	32	44	54	58	63	106	121	126	165	169	175	210	217	234	250	295	#
219	216256	66	135	215	296	#
220	309316	36	206	215	296	#
221	502061	51	68	97	120	162	184	198	297	#
222	612650	36	43	62	78	97	105	209	297	#
223	492577	56	68	82	109	122	193	194	297	#
224	479251	0	69	85	112	194	198	244	297	#
225	472820	2	24	99	152	184	194	206	297	#
226	432474	5	8	51	68	101	123	187	297	#
227	75905	11	33	66	71	298	#
228	109183	33	65	69	113	298	#
229	67414	135	#
230	220502	53	61	92	299	#
231	225518	43	61	145	299	#
232	192357	92	157	168	299	#
233	98264	53	71	248	299	#
234	75731	96	#
235	1713604	16	43	50	55	65	67	72	80	81	85	91	101	106	111	115	156	175	177	189	202	211	215	217	236	240	243	244	300	#
236	2032481	26	32	50	65	87	100	106	114	124	134	135	136	148	157	163	172	184	190	199	204	208	210	223	227	240	242	251	300	#
237	1955100	9	13	23	26	33	50	52	73	74	77	104	111	112	113	135	146	168	180	183	200	206	216	217	222	242	244	255	300	#
238	1907641	8	30	39	79	82	85	91	99	108	117	125	127	143	156	161	162	166	170	175	188	189	194	206	208	220	242	245	300	#
239	1885005	7	21	41	50	62	74	75	82	87	93	111	112	122	135	139	147	150	156	163	183	185	188	192	201	205	213	228	300	#
240	1867221	2	7	13	19	37	61	86	92	97	102	106	112	124	133	144	161	187	188	190	196	199	203	212	225	227	250	255	300	#
241	33252	54	#
242	526898	88	121	131	147	159	205	216	252	301	#
243	708368	20	47	129	172	214	234	249	252	301	#
244	682911	1	110	159	167	190	193	205	254	301	#
245	565766	86	117	131	138	149	177	210	237	301	#
246	538852	22	23	40	91	102	121	224	231	301	#
247	530104	82	85	94	142	205	213	216	229	301	#
248	484834	78	84	118	125	208	214	227	302	#
249	560968	1	19	28	92	120	227	229	302	#
250	552445	40	56	115	132	150	172	208	302	#
251	513025	9	32	78	97	126	132	194	302	#
252	492666	56	84	101	103	206	208	221	302	#
253	442575	11	168	172	179	187	214	246	302	#
254	109111	94	126	170	303	#
255	125480	94	222	254	303	#
256	768900	74	83	105	116	175	182	189	210	217	225	240	243	255	304	#
257	1042665	2	12	40	75	96	120	160	162	190	195	199	211	240	304	#
258	981984	12	55	56	75	105	106	109	124	144	182	212	219	245	304	#
259	895303	7	16	30	35	42	59	129	158	168	169	217	241	245	304	#
260	893433	1	4	9	24	33	90	100	106	111	115	174	189	194	304	#
261	881738	33	105	109	128	136	170	172	182	189	205	210	222	225	304	#
262	685592	0	5	32	60	89	90	110	132	136	159	203	229	305	#
263	953590	32	52	53	65	75	128	132	166	192	202	212	240	305	#
264	898150	2	29	46	110	118	168	173	174	184	207	212	231	305	#
265	855184	0	1	31	47	83	94	139	141	169	172	187	188	305	#
266	752993	8	25	60	64	85	155	158	180	230	241	243	246	305	#
267	735878	12	29	109	118	132	147	198	199	203	205	220	225	305	#
268	51183	41	170	#
269	446698	124	131	164	217	222	306	#
270	486388	116	137	141	164	211	306	#
271	468099	54	115	177	217	232	306	#
272	401945	19	43	131	135	158	306	#
273	311330	7	44	167	178	222	306	#
274	289592	25	59	61	89	124	306	#
275	159402	8	60	134	307	#
276	206997	8	14	212	307	#
277	198251	1	60	77	307	#
278	183480	96	134	138	307	#
279	237169	31	40	194	308	#
280	240146	31	62	188	308	#
281	183155	142	147	194	308	#
282	105418	40	79	84	308	#
283	127099	190	207	309	#
284	124800	61	190	309	#
285	773866	3	14	23	32	38	47	74	109	125	132	159	180	194	198	213	310	#
286	1155281	6	15	23	30	71	81	82	108	133	148	158	171	172	198	200	310	#
287	1077279	14	15	27	52	93	99	126	151	156	165	171	175	201	242	251	310	#
288	1050560	0	7	8	16	18	45	74	98	102	122	134	159	232	240	246	310	#
289	932275	23	39	41	79	96	124	138	150	162	164	183	192	195	202	204	310	#
290	874845	39	47	70	82	87	90	96	99	113	148	166	182	219	233	236	310	#
291	1002039	4	14	30	66	71	72	76	97	125	130	143	144	147	153	169	173	196	237	241	248	311	#
292	1397088	10	62	86	115	123	138	143	148	151	169	178	180	194	205	211	215	220	233	239	254	311	#
293	1357030	1	33	34	35	40	47	71	72	89	111	122	135	136	137	148	186	197	205	213	228	311	#
294	1350554	7	17	43	67	78	86	109	124	125	140	143	145	158	159	165	170	172	219	233	246	311	#
295	1345808	25	35	45	56	81	91	104	121	128	135	137	138	151	154	156	164	217	220	225	248	311	#
296	1343175	5	13	14	15	30	34	78	89	134	138	142	144	158	159	162	198	208	217	219	224	311	#
297	689548	117	124	127	130	158	194	197	224	228	312	#
298	588462	31	38	111	127	145	191	220	246	249	312	#
299	579296	8	23	33	100	117	128	142	196	224	312	#
300	571920	14	18	93	115	149	196	201	220	228	312	#
301	546896	36	53	58	70	139	186	194	220	221	312	#
302	533486	123	128	130	174	197	230	239	246	248	312	#
303	420143	3	23	79	90	100	147	159	177	313	#
304	510048	3	4	22	131	147	157	168	232	313	#
305	491561	32	90	103	154	199	213	219	231	313	#
306	489555	45	63	90	100	101	222	226	250	313	#
307	477108	59	67	133	159	160	177	219	241	313	#
308	442403	3	59	62	67	73	124	228	255	313	#
309	224790	24	38	51	206	314	#
310	335540	77	142	181	206	314	#
311	331875	51	82	118	128	314	#
312	326172	2	28	37	38	314	#
313	214430	8	24	143	176	314	#
314	61942	164	#
315	2494485	1	20	33	34	38	43	44	48	49	54	56	57	66	75	78	81	82	83	84	89	95	98	99	102	124	139	144	145	146	155	165	177	179	184	185	194	208	213	216	234	238	241	246	252	315	#
316	3215354	0	12	16	20	21	25	31	32	33	38	41	51	53	59	61	68	74	75	79	82	83	86	91	105	106	113	120	124	129	130	132	135	145	164	173	183	191	196	205	208	216	235	242	251	315	#
317	3207915	6	9	10	12	21	26	28	30	39	48	52	56	59	60	72	75	84	86	88	96	98	101	106	110	116	128	131	142	153	165	184	187	188	194	196	197	198	216	221	222	230	231	232	238	315	#
318	3175471	1	18	26	28	29	31	33	34	39	42	55	57	65	73	75	81	88	96	97	99	106	114	115	116	123	125	129	140	142	144	145	152	170	178	185	186	197	198	207	209	214	227	236	244	315	#
319	3059246	1	5	6	7	8	11	20	24	27	30	32	40	47	57	68	75	90	95	96	109	114	115	119	128	132	145	146	148	158	160	163	165	175	191	194	200	201	213	218	228	230	234	246	251	315	#
320	3047592	2	8	15	23	32	44	49	50	55	65	74	76	82	83	87	92	94	105	106	115	116	120	123	125	144	146	155	164	165	176	191	201	205	211	213	214	223	230	232	238	239	250	251	255	315	#
321	2412141	15	24	32	35	60	67	73	86	88	91	94	96	115	123	125	134	139	141	159	168	169	172	184	199	202	204	207	208	216	224	228	230	231	234	236	243	244	316	#
322	2757472	7	12	17	20	21	24	27	49	61	63	91	99	100	103	104	120	128	129	136	139	141	156	159	161	175	183	186	192	194	198	216	238	240	246	247	250	251	316	#
323	2735812	2	6	11	21	24	25	28	35	60	61	76	84	92	96	99	106	118	127	134	143	146	148	154	158	163	168	171	172	183	191	204	205	224	230	238	251	254	316	#
324	2632375	11	13	18	21	23	26	36	38	51	54	58	65	93	94	95	96	98	99	119	121	145	168	173	181	186	190	194	198	202	212	213	229	230	237	239	240	252	316	#
325	2497299	3	6	32	38	43	48	52	74	89	91	96	98	100	118	120	135	136	145	146	156	159	161	178	181	188	198	199	208	212	214	215	216	228	239	240	244	250	316	#
326	2474977	8	18	26	34	42	47	54	56	61	62	69	74	76	78	104	112	117	123	125	133	171	183	187	190	198	200	201	203	204	208	212	213	216	220	237	239	243	316	#
327	394336	58	185	187	237	317	#
328	391145	20	58	181	195	317	#
329	257834	103	184	187	194	317	#
330	232298	18	87	131	237	317	#
331	313404	38	107	147	187	189	190	210	220	318	#
332	463986	33	43	75	190	202	210	214	251	318	#
333	419474	10	43	91	103	113	174	220	249	318	#
334	351464	22	41	58	89	105	107	131	189	318	#
335	323288	0	44	53	130	138	186	190	248	318	#
336	293878	90	137	171	187	218	236	238	241	318	#
337	1889850	13	18	33	43	45	55	62	69	70	77	80	87	90	91	101	107	120	131	133	135	138	141	154	163	175	193	230	250	254	319	#
338	2092368	5	20	29	40	51	53	55	61	66	74	87	90	101	117	131	134	136	168	190	193	201	206	213	215	218	228	234	238	240	319	#
339	2067126	13	31	54	80	86	87	94	106	115	124	125	137	138	140	148	168	171	187	188	194	206	207	215	229	231	234	235	250	254	319	#
340	2050358	28	37	39	49	53	58	59	69	76	103	120	132	139	141	150	159	172	177	195	196	202	205	221	225	226	230	238	251	253	319	#
341	2037304	15	20	22	28	33	36	43	63	64	91	95	99	100	106	110	118	122	124	133	150	152	159	190	191	207	214	225	248	250	319	#
342	1976837	5	8	13	26	40	47	53	62	74	88	91	92	98	110	111	115	124	131	136	142	166	177	190	195	208	216	226	239	242	319	#
343	254028	29	62	174	320	#
344	279813	115	174	214	320	#
345	251161	62	132	190	320	#
346	109852	11	29	129	320	#
347	833712	1	36	53	61	72	81	87	89	100	105	107	108	119	211	240	321	#
348	1082020	1	3	35	36	53	58	71	81	91	117	133	159	168	241	242	321	#
349	1008882	17	42	43	72	93	105	114	128	134	135	136	143	190	194	242	321	#
350	1001626	1	28	39	99	106	108	125	127	143	170	174	198	214	242	247	321	#
351	977547	1	7	28	29	62	78	101	107	137	179	191	195	205	206	220	321	#
352	855088	14	20	28	29	32	45	65	79	89	100	137	149	162	170	182	321	#
353	337475	26	31	127	235	322	#
354	427639	29	31	33	187	322	#
355	372296	29	32	127	227	322	#
356	350477	26	40	137	253	322	#
357	107399	56	79	92	235	322	#
358	312468	69	85	126	171	191	227	229	323	#
359	352583	11	49	98	129	161	191	230	323	#
360	344698	85	92	105	107	155	158	218	323	#
361	325593	77	146	148	154	179	193	229	323	#
362	269033	35	45	93	102	114	147	171	323	#
363	215792	71	126	133	152	155	239	244	323	#
364	556663	25	101	136	156	210	222	246	324	#
365	696510	15	75	131	136	175	196	226	324	#
366	517707	21	69	99	101	185	217	250	324	#
367	513690	26	86	103	120	170	207	246	324	#
368	485517	7	40	157	177	194	222	254	324	#
369	400165	48	116	122	127	210	238	247	324	#
370	976981	1	45	58	71	78	105	123	124	146	163	180	187	193	208	243	325	#
371	1321149	10	29	71	92	105	108	118	121	122	135	146	215	227	250	251	325	#
372	1251725	1	17	19	59	71	81	143	151	153	168	185	188	211	214	245	325	#
373	1169386	9	25	38	50	54	63	70	90	91	96	105	122	132	206	210	325	#
374	1077898	1	23	46	76	89	115	125	160	175	201	208	221	227	234	251	325	#
375	1064532	11	23	26	54	118	128	133	134	140	142	167	175	183	243	252	325	#
376	671625	70	108	117	129	173	202	209	212	218	235	326	#
377	822030	7	54	56	80	93	99	129	130	192	211	326	#
378	767004	108	117	138	175	186	193	195	210	215	227	326	#
379	759287	20	29	32	131	132	135	137	165	197	235	326	#
380	754813	1	14	55	72	101	159	168	195	196	202	326	#
381	692575	24	87	92	103	129	141	209	240	244	251	326	#
382	88161	221	#
383	91967	120	#
384	1697751	9	25	32	36	46	66	82	88	112	113	114	122	134	143	174	177	180	183	189	199	206	217	218	226	238	241	244	245	248	327	#
385	2275615	2	4	12	14	17	36	62	63	70	83	96	112	118	125	127	129	142	149	152	164	180	186	191	193	200	203	213	224	225	327	#
386	2245279	10	26	48	54	64	87	88	89	109	117	119	131	136	141	146	149	158	165	175	197	205	226	233	234	237	239	240	246	251	327	#
387	2239812	12	23	40	43	60	63	82	96	102	104	126	133	139	145	152	160	168	176	185	188	195	201	208	213	214	217	225	226	251	327	#
388	2137722	2	15	22	27	34	69	70	73	77	97	111	113	115	120	130	136	141	142	154	159	170	198	207	211	214	217	238	241	246	327	#
389	1944647	3	15	27	43	46	68	88	93	110	111	130	133	136	145	149	150	153	163	164	168	172	179	184	198	199	216	225	236	241	327	#
390	1920892	12	15	24	25	29	45	46	47	63	67	90	108	115	117	119	127	132	178	197	206	207	219	220	223	224	245	328	#
391	2091497	3	4	29	38	44	46	49	63	70	76	98	99	131	136	146	148	149	150	167	173	189	206	210	226	229	255	328	#
392	1940079	12	24	76	84	97	106	110	115	133	146	156	161	162	176	184	187	198	200	207	211	217	221	227	246	247	248	328	#
393	1922253	1	11	25	27	36	42	58	67	70	76	94	104	108	114	117	120	127	136	148	170	179	194	205	231	238	251	328	#
394	1895606	13	14	24	29	36	47	58	80	87	106	113	118	119	122	145	155	158	175	177	185	201	207	215	224	226	237	328	#
395	1861387	7	15	18	19	33	70	75	79	108	115	127	137	138	154	168	172	194	197	210	215	219	228	241	245	246	248	328	#
396	233731	44	106	170	232	329	#
397	284668	6	21	130	170	329	#
398	281247	44	53	120	241	329	#
399	252551	44	141	213	232	329	#
400	1576035	8	17	23	26	33	44	47	48	55	56	58	61	87	106	111	120	126	139	151	173	185	202	203	205	209	212	220	223	236	247	330	#
401	2314908	12	28	35	49	62	76	81	93	97	103	116	122	125	127	132	152	155	160	162	172	173	184	188	221	235	243	250	251	253	254	330	#
402	2225785	6	15	21	23	28	31	50	61	67	76	91	101	110	120	136	149	151	164	186	195	211	212	214	215	221	225	231	243	248	250	330	#
403	2178279	5	24	56	58	73	86	102	103	115	128	133	136	142	152	155	157	161	163	174	197	204	209	221	222	225	228	237	243	247	251	330	#
404	2130877	6	8	19	23	36	38	40	49	55	71	77	79	99	104	105	113	124	127	130	135	138	158	165	173	191	224	228	229	234	246	330	#
405	2119663	19	26	29	36	40	53	57	60	61	64	82	95	103	104	106	110	111	116	121	139	149	157	196	214	219	220	221	227	229	241	330	#
406	227939	100	110	133	167	193	201	331	#
407	299013	27	133	217	241	244	245	331	#
408	225622	2	110	167	185	206	245	331	#
409	185642	22	46	52	67	100	187	331	#
410	179106	61	109	110	113	203	235	331	#
411	360050	14	105	114	132	210	215	332	#
412	512840	12	32	71	72	196	210	332	#
413	507259	41	64	105	132	195	196	332	#
414	484152	76	116	151	215	228	255	332	#
415	374885	14	53	106	123	163	208	332	#
416	142828	34	114	143	178	229	249	332	#
417	673850	58	117	129	194	227	233	244	251	333	#
418	616702	58	90	111	120	129	140	207	243	333	#
419	524208	4	74	141	148	152	194	236	244	333	#
420	510338	35	57	71	113	142	146	151	244	333	#
421	504818	8	82	149	156	210	216	222	251	333	#
422	466429	41	69	103	138	157	200	216	227	333	#
423	209796	118	139	215	334	#
424	242407	56	118	184	334	#
425	239860	139	192	214	334	#
426	172452	133	179	215	334	#
427	1063158	11	17	27	28	38	39	60	69	80	111	119	152	160	171	172	174	178	179	183	212	213	237	335	#
428	1491889	1	7	11	13	17	44	45	49	53	57	66	79	102	141	143	157	158	172	183	192	226	249	335	#
429	1449592	4	11	32	33	34	36	38	44	45	59	69	110	116	130	138	141	143	148	174	185	245	251	335	#
430	1428591	4	7	26	29	34	40	60	74	81	116	136	140	144	148	178	181	183	206	209	215	216	253	335	#
431	1410708	0	3	28	33	45	49	56	59	72	89	103	110	111	119	157	167	194	195	206	219	228	237	335	#
432	1371105	11	21	43	58	60	63	79	85	89	119	140	157	178	179	202	204	225	231	241	245	247	248	335	#
433	90652	37	#
434	97077	47	83	220	336	#
435	134642	72	83	201	336	#
436	175845	22	120	337	#
437	167710	22	232	337	#
438	139434	120	174	337	#
439	1433282	8	15	16	19	26	30	41	43	68	80	99	123	131	136	163	165	169	207	224	239	255	338	#
440	1652578	19	24	43	70	87	94	106	115	116	120	128	130	158	160	191	207	215	227	233	247	251	338	#
441	1609140	31	43	54	60	68	75	116	119	123	127	139	159	188	191	192	197	216	219	221	222	228	338	#
442	1565874	17	26	42	56	68	74	83	99	103	119	127	136	141	159	160	175	182	189	224	229	250	338	#
443	1384674	12	16	19	76	87	99	100	116	126	135	156	158	178	179	180	196	213	219	227	228	243	338	#
444	1366394	9	20	30	40	45	79	80	87	103	106	133	134	180	193	198	210	212	220	224	225	234	338	#
445	480006	5	37	96	170	202	224	339	#
446	537876	5	58	102	105	146	210	339	#
447	503544	6	37	87	102	119	204	339	#
448	439758	1	78	113	123	202	228	339	#
449	426714	97	102	115	134	153	170	339	#
450	426164	9	18	76	96	182	184	339	#
451	2989586	3	6	7	8	17	18	23	30	33	40	43	46	49	52	60	63	68	69	73	84	95	106	116	120	132	134	145	147	157	159	162	164	165	169	191	193	195	197	198	200	201	207	212	215	217	220	245	247	253	255	340	#
452	3731401	0	4	6	16	23	28	30	36	41	47	49	52	66	73	78	81	82	91	97	99	107	112	116	120	121	131	138	140	148	151	159	164	169	175	178	181	183	202	205	207	210	218	224	225	227	245	246	248	249	255	340	#
453	3704065	2	4	5	7	19	26	37	51	52	54	56	61	63	75	76	79	80	86	96	98	99	102	114	117	120	133	142	143	149	155	158	159	165	168	171	173	183	184	197	201	205	207	212	221	224	225	228	242	248	249	340	#
454	3599974	6	15	19	25	32	40	45	47	56	57	62	69	70	75	82	84	85	87	97	99	118	121	132	145	158	165	167	168	169	174	178	187	190	191	193	197	198	199	205	207	215	218	227	229	236	240	242	245	248	255	340	#
455	3540269	0	5	14	15	21	24	32	43	54	60	65	68	75	78	80	88	95	96	98	107	110	115	117	118	120	133	137	144	145	147	148	149	151	158	159	170	183	187	197	204	205	208	212	217	219	225	226	230	237	248	340	#
456	3501853	0	4	6	20	21	23	32	36	37	40	41	43	50	57	62	63	66	68	77	81	85	86	98	104	106	107	110	112	113	116	117	124	136	147	157	167	170	177	180	181	197	198	200	208	210	214	224	226	232	248	340	#
457	60961	213	#
458	1021965	15	22	35	40	73	78	94	100	112	128	131	136	150	153	180	220	236	242	341	#
459	1366192	14	18	56	63	68	88	99	100	132	141	156	158	190	191	214	224	226	239	341	#
460	1359889	8	21	54	56	60	63	65	93	109	120	127	130	138	146	194	207	236	237	341	#
461	1303775	9	34	35	48	49	55	58	60	97	101	119	126	130	131	137	225	243	251	341	#
462	1300163	6	14	49	55	68	70	93	102	135	146	147	169	218	225	242	252	254	255	341	#
463	1295535	12	15	27	41	65	71	96	130	133	135	179	187	198	205	215	217	233	247	341	#
464	852431	15	63	68	101	112	113	124	129	153	167	169	180	181	187	213	227	342	#
465	1120457	25	26	30	31	46	65	105	128	129	143	147	149	195	224	225	243	342	#
466	1118065	55	66	68	77	81	108	115	126	137	144	163	174	196	197	206	220	342	#
467	1011425	8	25	52	63	65	77	100	114	122	127	155	167	172	200	211	234	342	#
468	888230	19	27	38	58	62	69	152	159	160	165	169	171	186	189	204	223	342	#
469	876802	30	44	56	103	120	156	174	179	181	187	193	195	202	224	244	249	342	#
470	642210	34	60	79	87	119	139	157	159	171	188	216	219	255	343	#
471	951772	16	24	32	66	95	106	119	122	133	148	165	166	181	343	#
472	906907	24	31	32	65	91	97	106	146	155	178	188	248	252	343	#
473	877245	24	37	49	55	70	83	122	131	159	199	205	216	228	343	#
474	851076	16	34	48	65	83	84	88	129	143	144	158	181	192	343	#
475	826226	1	35	51	59	60	64	88	146	147	210	222	223	242	343	#
476	185719	113	127	248	344	#
477	228223	20	127	206	344	#
478	194169	78	113	205	344	#
479	179337	12	122	248	344	#
480	802948	49	79	92	110	114	142	172	190	231	234	345	#
481	755444	28	56	86	89	108	125	154	156	172	207	345	#
482	732972	11	49	55	57	86	98	131	154	203	219	345	#
483	684374	44	72	92	97	119	120	165	187	224	231	345	#
484	615270	3	16	25	50	66	137	180	184	234	241	345	#
485	605088	37	49	92	110	173	184	185	197	201	254	345	#
486	300936	73	118	127	189	255	346	#
487	406055	43	158	165	189	204	346	#
488	282242	69	73	135	246	255	346	#
489	273218	1	34	118	127	173	346	#
490	243606	48	96	127	167	225	346	#
491	214819	73	81	91	169	242	346	#
492	329882	55	162	164	207	228	347	#
493	377126	24	85	197	201	228	347	#
494	360716	59	62	149	164	167	347	#
495	308974	31	81	135	162	204	347	#
496	287056	68	82	147	182	207	347	#
497	122650	55	78	128	129	249	347	#
498	874567	13	16	33	56	59	87	89	96	115	123	128	132	172	173	179	186	220	348	#
499	1165200	0	26	32	39	111	125	127	130	132	172	174	179	189	192	220	242	248	348	#
500	1115187	38	81	125	132	137	152	165	172	187	189	195	196	220	245	248	254	255	348	#
501	1084116	7	50	64	78	98	101	106	107	148	152	157	171	172	189	205	226	244	348	#
502	1070011	16	31	56	61	92	93	96	105	117	122	154	165	176	195	219	250	251	348	#
503	1064823	66	87	91	92	100	121	141	151	156	161	181	196	220	224	232	234	241	348	#
504	2648149	1	12	14	15	16	18	20	21	24	25	27	31	40	56	57	59	62	78	80	83	85	89	95	103	105	107	119	126	143	146	147	150	153	155	159	161	174	178	186	192	195	207	215	223	239	242	244	250	255	349	#
505	3573818	0	2	4	23	28	29	31	33	37	50	54	57	64	65	67	70	80	82	92	97	99	111	118	120	122	132	137	138	140	146	158	159	164	170	171	174	175	177	183	184	187	189	192	215	216	227	229	248	255	349	#
506	3537712	1	8	36	40	42	45	48	49	50	68	71	76	85	87	93	95	97	100	102	106	116	119	120	128	132	138	146	164	166	167	171	179	188	190	193	196	210	212	220	225	232	233	240	245	247	250	253	254	255	349	#
507	3502934	9	11	16	18	20	23	25	26	30	33	39	44	48	49	51	54	65	69	73	76	77	82	87	92	101	110	112	116	118	126	129	136	140	145	147	149	166	177	195	202	211	222	223	224	225	228	240	247	250	349	#
508	3499827	8	15	25	28	34	40	43	46	58	59	79	82	85	86	105	109	118	127	128	129	130	133	139	149	159	163	164	165	168	171	179	190	192	193	199	201	215	221	222	223	226	227	229	232	239	246	250	252	253	349	#
509	3452382	1	6	13	15	23	25	26	28	29	33	34	48	56	62	69	74	88	97	107	112	115	117	118	122	125	126	132	139	149	159	169	187	188	189	193	197	207	208	223	224	225	228	231	233	238	241	242	243	248	349	#
510	1215357	1	5	9	10	19	22	59	69	74	85	106	139	149	157	165	192	209	223	225	350	#
511	1446116	23	28	32	34	45	90	106	111	138	139	151	158	165	182	190	201	202	205	231	350	#
512	1435245	10	12	32	35	37	56	68	71	80	82	139	140	147	166	167	185	221	238	246	350	#
513	1398653	1	4	8	20	37	58	64	71	72	106	120	124	130	158	170	189	235	245	254	350	#
514	1371199	15	48	74	76	82	116	138	146	158	160	163	166	214	220	223	227	236	243	255	350	#
515	1361834	15	20	28	56	76	81	97	116	117	151	162	170	185	192	195	199	207	224	236	350	#
516	478233	11	12	14	29	108	202	229	235	351	#
517	673827	20	58	108	110	172	178	212	235	351	#
518	649104	11	57	71	98	106	129	135	242	351	#
519	601974	8	10	29	33	70	80	81	164	351	#
520	523617	9	14	37	64	135	145	151	169	351	#
521	511214	2	57	89	115	170	173	235	254	351	#
522	529808	114	137	153	156	158	173	220	228	232	246	352	#
523	693402	0	1	22	79	111	136	153	222	230	250	352	#
524	662268	17	50	75	84	93	123	124	133	158	214	352	#
525	655181	2	38	51	61	65	112	114	145	147	222	352	#
526	639728	8	48	60	92	138	147	172	186	228	253	352	#
527	573013	11	16	21	69	73	131	151	225	232	241	352	#
528	239305	18	115	126	150	353	#
529	329552	22	68	79	115	353	#
530	194431	18	22	76	249	353	#
531	155309	67	74	150	163	353	#
532	444545	33	57	138	222	237	354	#
533	397352	55	57	97	174	246	354	#
534	370181	34	138	201	206	242	354	#
535	337079	48	56	221	237	245	354	#
536	313216	9	22	33	138	211	354	#
537	292673	17	45	190	216	222	354	#
538	437717	2	9	83	95	139	153	180	203	355	#
539	555206	2	51	57	99	101	134	210	255	355	#
540	539192	2	42	75	153	163	173	179	182	355	#
541	520131	2	22	81	95	109	137	140	183	355	#
542	501772	36	68	100	101	139	178	181	229	355	#
543	484263	50	62	74	75	128	180	185	252	355	#
544	837276	18	70	82	118	131	160	179	212	218	235	239	356	#
545	779983	16	43	70	114	136	159	164	171	218	221	228	356	#
546	770203	3	20	36	67	135	160	165	166	192	197	200	356	#
547	723233	38	87	99	106	124	131	160	173	174	214	236	356	#
548	671831	65	70	116	135	137	158	182	183	184	189	200	356	#
549	646302	30	41	44	48	53	112	118	167	182	194	243	356	#
550	338828	14	40	90	158	175	357	#
551	448099	14	40	144	181	223	357	#
552	296111	14	26	113	130	247	357	#
553	295114	30	60	90	172	217	357	#
554	269285	26	99	158	184	200	357	#
555	213980	10	38	72	175	209	357	#
556	89758	96	184	#
557	332073	43	60	108	132	197	358	#
558	370393	42	55	132	222	224	358	#
559	337013	30	80	170	188	197	358	#
560	309250	43	76	80	209	232	358	#
561	267008	60	109	111	142	255	358	#
562	285661	27	49	150	215	359	#
563	297454	26	84	150	168	359	#
564	255761	78	213	215	236	359	#
565	255349	32	49	173	194	359	#
566	225910	27	75	131	209	359	#
567	511852	9	27	55	119	213	220	360	#
568	541817	26	27	58	59	180	224	360	#
569	446671	34	42	55	74	157	221	360	#
570	382220	9	70	71	172	221	228	360	#
571	380182	23	50	156	207	220	234	360	#
572	229210	75	108	139	209	213	243	360	#
573	110298	10	147	251	361	#
574	116500	77	101	251	361	#
575	333164	42	148	156	186	216	362	#
576	418182	39	148	181	206	217	362	#
577	399754	86	121	132	156	230	362	#
578	388512	28	45	186	195	222	362	#
579	224363	42	85	106	160	171	362	#
580	176881	7	77	173	216	245	362	#
581	242767	130	197	212	363	#
582	274391	48	211	212	363	#
583	71035	87	130	223	363	#
584	778442	5	15	20	26	31	64	81	113	128	190	196	364	#
585	833764	3	20	25	29	62	74	164	190	237	245	247	364	#
586	825086	15	38	81	110	126	139	160	186	214	222	240	364	#
587	798991	31	34	42	64	104	148	195	214	217	223	248	364	#
588	675528	19	82	109	114	150	173	176	188	196	211	215	364	#
589	673159	11	27	93	100	113	126	128	138	164	227	249	364	#
590	180531	213	224	365	#
591	164259	134	224	365	#
592	151039	12	213	365	#
593	562439	2	37	70	147	160	195	207	213	223	234	254	366	#
594	781923	2	23	84	111	177	186	195	210	215	232	255	366	#
595	750463	34	36	88	127	141	147	165	166	173	189	219	366	#
596	741172	24	73	83	86	87	134	160	195	221	224	232	366	#
597	710811	21	55	57	63	101	120	180	185	200	213	249	366	#
598	702410	14	20	25	37	53	105	110	151	163	178	219	366	#
599	25640	64	#
600	220291	22	25	45	47	95	121	367	#
601	326866	7	8	40	47	105	134	367	#
602	289360	11	45	101	123	181	252	367	#
603	285972	28	72	95	108	122	187	367	#
604	96656	153	230	368	#
605	64074	123	153	368	#
606	426787	12	45	65	79	165	174	236	369	#
607	552029	12	40	71	164	167	208	245	369	#
608	540289	29	45	83	127	132	216	225	369	#
609	444446	1	146	191	192	229	231	236	369	#
610	400742	153	160	165	197	232	239	255	369	#
611	362279	36	41	50	174	175	207	226	369	#
612	26885	241	#
613	2063479	2	3	9	23	24	29	34	51	56	63	70	79	81	82	92	94	113	134	138	139	147	153	158	174	175	186	189	208	227	232	236	238	253	255	370	#
614	2498814	15	19	35	36	39	43	45	47	57	58	61	63	65	66	70	82	96	97	100	112	139	147	160	172	180	189	200	204	214	218	231	237	246	252	370	#
615	2365436	19	20	24	27	28	37	45	47	54	55	63	65	68	69	70	77	102	112	124	129	131	132	137	138	159	167	177	183	200	219	228	231	232	246	370	#
616	2272241	9	11	15	20	28	29	34	39	62	74	95	105	112	124	131	137	138	150	161	168	170	184	187	192	197	205	208	215	216	217	225	243	249	253	370	#
617	2232748	5	15	29	34	36	39	58	63	79	91	92	110	112	120	124	127	131	139	142	149	150	153	170	189	192	195	199	214	224	225	241	245	246	255	370	#
618	2219066	19	35	46	47	52	54	59	68	74	81	82	95	98	102	111	128	137	151	154	157	169	175	180	182	188	193	196	205	206	225	232	242	245	253	370	#
619	970430	2	12	95	97	122	133	193	195	198	201	209	225	226	239	371	#
620	1132154	68	102	115	137	143	177	182	190	196	197	209	212	229	233	371	#
621	1117172	4	27	28	31	48	80	81	122	180	195	202	217	229	252	371	#
622	1054417	12	44	49	69	88	109	112	115	129	142	146	217	225	237	371	#
623	1023308	12	14	36	52	53	81	114	124	146	155	162	197	225	254	371	#
624	1018212	30	46	51	54	74	97	106	114	120	131	135	193	197	207	371	#
625	848971	30	47	58	60	84	118	158	165	183	213	245	372	#
626	857940	43	48	71	121	153	158	165	205	214	232	249	372	#
627	838430	29	58	81	92	131	134	135	146	160	222	245	372	#
628	821298	7	9	22	47	57	71	77	165	209	220	224	372	#
629	780363	20	25	57	60	62	162	172	182	195	214	253	372	#
630	753314	4	9	27	58	74	82	152	189	197	220	240	372	#
631	387314	25	30	57	170	226	230	373	#
632	507714	28	65	139	179	196	226	373	#
633	446111	119	127	129	136	226	230	373	#
634	409224	27	30	37	139	170	173	373	#
635	325627	28	30	73	111	130	231	373	#
636	306321	38	57	121	122	156	211	373	#
637	562746	0	23	44	143	164	176	181	223	374	#
638	634060	6	23	44	49	106	159	207	221	374	#
639	540329	30	59	97	109	143	225	238	248	374	#
640	515130	18	21	89	120	125	139	141	164	374	#
641	505704	44	79	104	127	171	222	225	232	374	#
642	436724	32	78	114	145	160	181	210	238	374	#
643	70934	78	#
644	499615	4	49	52	67	118	123	130	242	252	375	#
645	683628	19	60	79	130	165	168	184	212	255	375	#
646	643358	33	78	88	168	187	215	230	242	251	375	#
647	619548	4	6	35	132	152	154	183	184	241	375	#
648	612870	6	22	24	59	97	157	162	200	252	375	#
649	602968	21	22	53	67	92	106	136	176	214	375	#
650	148172	72	206	207	218	235	376	#
651	201347	72	86	90	218	228	376	#
652	156693	17	72	91	104	176	376	#
653	181466	51	135	377	#
654	168769	51	161	377	#
655	138359	96	135	377	#
656	462169	24	33	47	58	131	167	378	#
657	435712	52	63	122	131	181	252	378	#
658	422464	35	47	75	116	145	240	378	#
659	377944	4	37	44	58	215	252	378	#
660	305506	14	31	33	107	111	220	378	#
661	282691	24	53	69	76	221	243	378	#
662	128226	5	148	379	#
663	114572	148	169	379	#
664	2779360	26	38	40	56	57	64	65	69	106	115	130	131	133	134	136	139	141	149	150	161	167	180	189	193	204	206	208	215	224	228	231	234	239	240	246	253	380	#
665	2650399	2	8	9	10	14	16	40	46	48	50	63	81	82	83	88	93	106	109	130	152	157	163	168	175	186	195	197	198	208	212	214	218	222	230	237	240	380	#
666	2493144	14	25	31	35	44	46	52	73	76	96	117	119	127	133	136	139	144	154	158	159	160	163	165	171	172	187	201	203	204	205	212	217	224	227	239	246	380	#
667	2458186	1	2	5	8	16	21	24	49	50	58	62	65	71	77	79	80	83	85	89	96	102	105	116	136	139	144	155	161	167	169	175	176	181	222	231	238	380	#
668	2425704	0	4	7	8	22	31	50	55	57	62	71	74	77	86	94	102	105	113	116	127	129	135	139	142	150	172	186	189	191	201	208	215	219	233	235	246	380	#
669	2406750	14	15	29	31	36	51	58	62	64	71	115	116	121	128	132	135	143	146	155	161	162	176	180	183	187	188	199	200	201	206	212	223	224	228	233	249	380	#
670	670168	13	26	42	56	58	100	164	175	181	229	237	381	#
671	963005	31	42	49	80	120	131	160	173	208	212	224	381	#
672	696517	0	17	69	101	132	133	156	158	162	175	217	381	#
673	674434	6	27	31	44	55	61	68	76	96	181	215	381	#
674	654609	56	63	156	168	171	179	195	210	226	228	255	381	#
675	646027	10	55	74	96	139	150	156	164	222	232	233	381	#
676	248803	74	231	237	247	382	#
677	312165	12	109	113	231	382	#
678	281998	113	158	159	237	382	#
679	197187	103	130	207	247	382	#
680	182023	74	103	228	252	382	#
681	2238485	2	3	20	36	41	59	60	65	85	92	103	104	106	114	123	128	133	159	170	178	179	192	193	204	205	215	221	223	225	229	241	243	253	383	#
682	2438645	1	2	4	7	12	17	18	20	38	45	47	54	81	92	95	96	98	113	114	135	136	165	169	181	193	214	219	221	222	223	234	240	243	383	#
683	2359665	20	28	36	37	48	49	51	58	59	60	66	86	88	91	96	98	117	135	136	137	139	146	151	159	163	169	186	193	198	216	222	234	248	383	#
684	2320299	4	9	13	22	38	42	58	65	76	95	102	103	112	116	119	129	136	139	152	153	171	179	183	187	200	204	211	224	229	238	239	240	245	383	#
685	2280183	8	13	22	27	33	53	58	62	65	68	70	71	72	76	77	78	85	92	94	99	110	114	117	127	143	198	205	212	214	217	222	244	250	383	#
686	2274372	19	24	32	36	45	48	49	51	58	60	67	78	87	99	112	129	136	137	145	152	155	160	170	173	197	209	210	214	225	239	244	251	252	383	#
687	788194	6	31	78	103	130	134	153	166	188	198	226	228	384	#
688	1058106	6	10	31	34	127	144	166	172	208	213	214	243	384	#
689	928212	37	44	57	67	69	70	156	163	171	188	194	206	384	#
690	914241	6	29	34	45	138	144	173	176	205	208	253	254	384	#
691	876916	6	66	88	128	129	136	193	195	198	208	217	228	384	#
692	859043	54	89	95	101	116	130	161	182	183	187	243	249	384	#
693	1164912	8	18	28	30	33	40	42	46	72	79	85	89	110	144	145	147	154	170	192	215	226	254	385	#
694	1669741	21	26	27	39	55	60	66	78	89	101	111	116	126	147	154	177	178	180	183	212	221	239	385	#
695	1620404	2	3	5	21	27	37	57	60	77	81	91	92	138	144	165	168	175	177	192	224	234	244	385	#
696	1609744	18	58	60	78	105	110	111	115	119	130	132	141	142	144	146	151	156	166	178	196	197	224	385	#
697	1591646	9	11	12	14	15	39	66	71	83	100	102	109	119	125	133	144	147	171	192	221	246	253	385	#
698	1568616	5	7	16	17	26	34	37	60	71	91	95	130	133	144	154	172	207	212	223	226	231	239	385	#
699	291014	104	138	142	386	#
700	341746	110	115	138	386	#
701	191625	38	107	142	386	#
702	102113	104	122	204	386	#
703	1098514	22	31	39	47	56	62	72	119	131	137	160	161	166	170	190	213	227	235	253	387	#
704	1430972	0	10	20	29	31	40	48	55	56	70	79	91	105	116	160	161	165	203	245	387	#
705	1426624	8	11	14	28	32	49	65	87	98	105	122	139	142	203	218	221	234	247	253	387	#
706	1395773	9	26	28	29	39	41	42	50	64	93	97	181	182	197	213	222	231	232	235	387	#
707	1293138	18	22	28	48	54	84	106	132	142	150	161	173	184	185	190	203	206	236	248	387	#
708	1235689	15	23	25	28	29	45	56	64	84	104	122	129	147	180	198	204	227	233	235	387	#
709	95223	55	84	388	#
710	92805	8	55	388	#
711	156037	112	249	389	#
712	157368	112	194	389	#
713	128347	129	249	389	#
714	783552	5	7	14	21	42	48	54	66	82	83	107	135	179	192	210	225	390	#
715	1127591	1	23	32	40	118	129	135	144	146	150	181	184	212	214	237	241	390	#
716	1091296	5	39	69	75	82	107	116	121	131	163	193	201	214	220	231	251	390	#
717	1040090	12	43	52	56	72	88	96	102	103	117	127	149	160	178	192	210	390	#
718	1030437	7	14	63	70	79	87	95	125	126	150	164	201	239	244	251	253	390	#
719	1000386	1	14	24	25	26	74	77	81	95	116	132	147	189	199	213	228	390	#
720	650869	4	15	34	47	78	86	94	138	152	165	192	209	391	#
721	927549	9	30	47	84	85	105	118	139	192	210	228	255	391	#
722	890104	17	94	95	105	120	137	174	187	188	191	194	228	391	#
723	888325	23	39	49	124	129	130	132	138	162	163	192	228	391	#
724	807607	21	26	62	63	143	152	162	171	186	194	215	235	391	#
725	785903	35	66	93	137	147	163	165	182	195	196	216	249	391	#
726	72544	62	173	#
727	133790	152	215	245	392	#
728	118333	53	184	245	392	#
729	22419	152	220	249	392	#
730	413748	0	28	51	95	103	168	203	233	393	#
731	604669	12	28	39	106	109	113	165	254	393	#
732	589908	12	32	112	168	171	196	216	232	393	#
733	586448	33	60	94	127	131	168	182	203	393	#
734	563621	5	9	51	66	71	106	164	225	393	#
735	556828	24	27	59	71	80	95	101	102	393	#
736	993756	22	58	77	81	104	109	150	158	165	169	205	230	247	249	255	394	#
737	1100770	5	23	71	74	82	92	97	114	151	157	161	165	183	230	254	394	#
738	1030465	34	56	75	110	118	121	126	150	183	193	196	219	230	247	254	394	#
739	925027	22	23	31	59	84	103	104	114	180	198	205	225	227	239	240	394	#
740	913239	9	10	36	47	68	69	77	94	98	100	115	121	147	158	227	394	#
741	853942	64	71	76	79	81	88	143	146	151	216	222	230	241	252	255	394	#
742	1492138	8	12	22	50	57	67	78	108	120	126	133	156	188	201	206	230	242	245	251	395	#
743	1513011	4	13	21	43	53	64	84	97	108	120	138	177	193	195	201	206	215	237	248	395	#
744	1486053	6	16	33	39	83	91	96	109	111	112	116	125	132	139	156	196	234	244	251	395	#
745	1442286	8	24	53	57	62	70	76	89	110	120	135	143	173	197	213	214	222	237	245	395	#
746	1355285	28	45	49	53	69	72	86	96	97	114	125	133	197	201	205	206	216	233	236	395	#
747	1335739	6	7	8	10	16	19	22	46	50	88	113	130	133	162	188	205	218	230	239	395	#
748	490867	7	9	47	115	126	148	151	178	200	237	396	#
749	645279	2	5	23	52	62	69	71	91	118	126	396	#
750	607052	6	98	102	115	125	159	179	210	232	251	396	#
751	600368	31	47	56	91	153	173	181	190	216	232	396	#
752	558157	2	9	15	22	24	56	92	102	179	231	396	#
753	546259	5	7	26	43	49	72	126	128	206	248	396	#
754	549371	5	21	64	71	79	170	210	220	233	244	397	#
755	799612	35	39	54	70	103	109	170	187	206	215	397	#
756	786769	6	10	31	38	42	68	87	121	211	220	397	#
757	634511	5	82	87	93	96	102	152	175	210	247	397	#
758	598716	22	47	60	74	79	88	168	180	186	208	397	#
759	583453	4	99	101	137	157	159	161	164	244	251	397	#
760	49299	124	#
761	181000	43	192	398	#
762	150377	43	144	398	#
763	123981	173	192	398	#
764	1079358	1	24	25	39	49	62	87	91	110	172	186	248	252	399	#
765	1118853	4	6	34	70	82	106	148	168	183	191	194	197	248	399	#
766	1065701	10	12	25	36	61	82	97	104	106	112	172	198	249	399	#
767	1012636	4	13	24	29	35	50	62	97	140	142	154	175	241	399	#
768	1003883	1	26	37	40	58	62	89	131	145	151	156	158	159	399	#
769	978785	25	26	74	78	85	106	110	116	124	157	187	210	231	399	#
770	226171	57	171	251	400	#
771	192672	30	57	165	400	#
772	182911	52	213	251	400	#
773	103480	118	138	171	400	#
774	107100	121	#
775	151586	202	232	401	#
776	170581	194	202	401	#
777	82164	144	232	401	#
778	152591	78	202	204	236	402	#
779	218183	33	78	221	254	402	#
780	167261	6	147	228	236	402	#
781	139624	42	200	202	216	402	#
782	357235	12	63	77	240	403	#
783	341121	77	100	164	196	403	#
784	327360	21	23	63	225	403	#
785	303331	10	71	164	240	403	#
786	251092	12	41	157	235	403	#
787	358861	15	16	29	74	125	167	404	#
788	522468	22	29	51	88	143	230	404	#
789	473963	14	15	97	106	141	209	404	#
790	360163	74	93	106	163	177	215	404	#
791	354733	32	84	90	167	183	241	404	#
792	316625	2	22	48	125	157	175	404	#
793	170387	101	171	199	200	231	405	#
794	243734	77	91	167	200	246	405	#
795	169095	101	137	162	198	210	405	#
796	126772	83	101	149	199	228	405	#
797	442155	9	44	49	89	100	175	226	406	#
798	617891	8	51	99	175	186	187	191	406	#
799	537706	49	50	56	73	168	199	203	406	#
800	454339	89	100	117	155	190	207	230	406	#
801	449974	9	108	115	154	157	172	182	406	#
802	401814	0	51	69	76	89	159	210	406	#
803	739127	0	23	29	95	108	110	156	186	198	201	219	224	239	407	#
804	929862	0	19	21	30	43	61	102	136	179	205	224	228	232	407	#
805	910134	24	44	50	87	93	114	116	153	201	202	242	246	250	407	#
806	898978	0	56	66	99	111	156	158	212	232	233	240	247	250	407	#
807	829427	4	6	29	33	75	131	141	143	144	154	211	216	233	407	#
808	798600	14	26	35	44	48	63	69	93	100	156	227	237	245	407	#
809	1619430	22	29	64	70	74	83	89	94	115	122	126	134	145	157	158	171	175	181	190	193	197	231	232	233	247	408	#
810	1896228	11	13	44	47	56	60	83	87	107	109	113	122	140	142	146	158	161	165	168	171	180	183	193	214	225	408	#
811	1762523	1	11	12	13	20	45	50	62	76	84	86	99	115	146	148	189	190	194	201	229	235	247	251	254	255	408	#
812	1748350	0	3	7	13	16	36	49	51	53	117	118	127	128	139	144	151	154	184	190	194	196	212	230	232	248	408	#
813	1730464	1	14	16	58	71	73	83	94	96	108	116	120	139	140	142	158	164	202	205	219	222	241	243	248	252	408	#
814	1728075	12	13	28	38	57	60	77	107	114	115	119	127	130	146	162	171	187	197	198	199	213	216	224	238	250	408	#
815	246581	141	227	409	#
816	200332	141	164	409	#
817	140993	72	227	409	#
818	599092	41	57	70	83	93	107	120	126	198	239	249	410	#
819	848406	42	43	57	135	158	160	161	199	208	226	240	410	#
820	721282	35	97	120	127	143	161	201	205	226	239	242	410	#
821	696210	2	35	36	93	95	108	123	154	155	172	217	410	#
822	673075	77	124	136	143	163	198	199	201	211	234	246	410	#
823	673023	17	30	33	59	81	93	109	126	167	182	225	410	#
824	577675	7	11	46	53	68	86	92	116	121	126	173	199	215	216	220	411	#
825	852123	6	22	48	97	122	126	165	172	177	195	207	210	220	223	242	411	#
826	814288	16	20	39	55	69	82	86	87	121	136	137	169	196	235	255	411	#
827	806531	16	32	59	67	68	128	147	155	175	190	192	198	213	220	227	411	#
828	778348	2	7	9	21	38	53	88	134	139	145	152	164	171	196	235	411	#
829	699061	12	22	38	40	98	111	124	131	134	162	199	204	217	229	239	411	#
830	1113835	0	18	20	31	39	79	91	132	135	179	189	192	196	198	206	234	412	#
831	1257812	1	11	20	29	31	51	57	83	85	99	118	140	168	211	235	253	412	#
832	1180337	9	20	21	26	73	88	132	143	159	170	175	189	191	196	217	230	412	#
833	1134221	39	67	86	87	92	118	119	138	148	157	167	169	173	191	196	222	412	#
834	1062950	2	19	31	44	47	58	64	99	147	150	156	165	188	212	219	252	412	#
835	1039990	3	17	19	22	42	84	88	91	97	99	151	155	158	192	238	246	412	#
836	1076730	8	15	21	58	115	139	148	160	194	213	239	252	253	255	413	#
837	1244322	0	2	4	15	58	91	117	123	138	148	223	228	229	231	413	#
838	1083235	36	42	48	64	65	81	146	147	160	180	194	236	243	246	413	#
839	952636	7	21	42	48	63	75	81	87	115	120	128	179	198	233	413	#
840	947184	35	61	65	99	100	104	111	140	157	213	216	236	250	253	413	#
841	932172	5	56	57	64	82	88	104	115	136	145	162	175	200	230	413	#
842	618455	17	42	60	66	156	172	179	227	237	249	414	#
843	868479	4	23	29	40	42	146	154	222	230	255	414	#
844	723046	3	4	25	67	115	132	156	182	219	247	414	#
845	663135	21	50	53	71	75	96	98	157	187	227	414	#
846	646248	38	59	66	74	97	105	126	142	213	247	414	#
847	643997	0	17	66	117	183	186	208	237	249	254	414	#
848	1207212	2	16	44	60	79	83	89	94	96	148	164	172	174	179	188	209	212	223	226	229	415	#
849	1487106	4	5	10	37	52	62	63	89	109	112	117	132	142	150	157	195	214	226	231	246	415	#
850	1456755	0	4	5	15	43	50	58	63	73	79	84	100	105	106	128	131	162	174	214	254	415	#
851	1443653	4	7	41	42	64	86	87	124	139	141	160	164	170	175	176	188	232	243	252	254	415	#
852	1403856	1	11	15	27	70	75	94	100	115	131	144	160	164	170	175	194	207	217	220	244	415	#
853	1328195	8	12	32	39	81	83	92	95	106	111	113	118	122	127	130	148	173	214	219	244	415	#
854	77545	32	53	416	#
855	11846	53	235	416	#
856	251126	13	62	73	107	155	166	181	#
857	231551	36	144	417	#
858	190476	36	203	417	#
859	815326	10	24	35	37	40	50	63	67	108	115	137	161	253	418	#
860	1094490	33	43	94	109	112	116	117	118	141	142	152	238	253	418	#
861	877084	22	35	51	57	58	82	164	170	204	209	213	238	241	418	#
862	873911	1	21	24	63	83	143	168	174	185	203	214	216	237	418	#
863	826256	57	67	91	113	117	118	131	169	211	216	221	225	226	418	#
864	812043	15	19	57	59	93	108	110	156	164	169	180	228	234	418	#
865	1343375	16	24	35	36	42	48	62	77	84	119	123	154	166	169	173	185	186	188	197	226	238	419	#
866	1501264	23	34	40	42	48	65	68	69	76	84	112	115	154	162	177	201	209	218	233	244	252	419	#
867	1499384	10	26	27	32	42	43	50	75	79	87	102	110	111	118	182	213	226	227	233	237	239	419	#
868	1463852	12	30	39	43	53	60	73	80	84	96	101	109	139	187	197	212	214	233	240	254	255	419	#
869	1457143	23	40	42	48	55	73	74	76	88	89	92	118	119	138	152	154	158	160	177	189	202	419	#
870	1447804	9	32	50	73	92	94	102	111	136	148	149	168	173	181	188	197	202	215	236	237	244	419	#
871	2800472	20	23	26	27	28	35	44	45	46	61	67	68	70	83	85	88	93	98	104	113	117	120	124	130	137	144	146	153	156	157	162	168	169	173	176	178	179	182	193	203	211	216	219	220	236	238	246	247	248	254	420	#
872	3562517	9	10	17	20	21	23	26	28	38	39	44	49	54	59	70	71	82	84	89	102	104	107	110	111	115	122	130	141	145	146	150	152	170	172	176	177	181	187	196	200	208	220	223	230	241	242	244	247	248	252	420	#
873	3533374	21	31	33	40	44	48	51	56	58	60	64	77	84	85	88	89	96	103	104	111	113	115	122	132	133	143	146	166	176	178	187	189	197	208	211	212	216	219	224	228	230	236	237	238	241	242	245	246	252	254	420	#
874	3522505	10	13	18	21	23	26	33	42	43	48	49	52	53	55	57	65	66	68	72	73	89	91	92	94	96	99	102	105	108	112	116	118	120	121	136	140	144	146	156	160	162	164	193	195	211	222	224	232	239	245	420	#
875	3416827	6	13	25	26	42	44	47	48	55	60	61	62	70	75	77	85	91	96	115	117	129	140	148	157	163	165	175	177	178	182	187	197	204	211	212	213	214	219	221	222	223	224	227	231	234	241	244	245	248	254	420	#
876	3327718	0	2	12	14	16	27	30	40	44	52	55	62	64	68	76	79	94	97	115	116	118	145	154	156	158	160	164	167	172	176	182	187	193	195	202	206	215	219	225	232	233	239	241	244	247	249	250	251	254	255	420	#
877	1865721	4	5	15	18	26	32	34	40	47	52	57	60	61	67	72	76	98	99	108	116	117	133	138	152	161	209	211	228	234	237	251	253	421	#
878	2352935	4	6	10	14	18	20	23	33	58	62	65	88	89	99	105	110	125	148	158	162	171	174	179	187	197	202	207	211	215	238	251	252	421	#
879	2271604	1	12	29	40	50	54	57	61	71	80	82	85	113	118	126	131	135	137	146	149	162	181	186	222	225	227	243	246	248	250	251	252	421	#
880	2259543	2	5	6	7	8	19	29	40	55	62	80	84	90	99	110	113	117	130	137	159	163	186	189	211	228	230	232	234	237	242	250	252	421	#
881	2241283	2	10	14	21	27	28	30	35	40	50	52	68	81	83	88	104	118	120	124	126	136	143	148	163	167	175	192	205	209	212	226	253	421	#
882	2224850	4	8	12	15	17	18	25	27	63	65	68	76	79	84	85	113	126	136	150	165	173	180	183	188	192	197	207	208	212	226	229	245	421	#
883	1410615	1	7	8	25	47	55	64	78	89	98	101	110	114	125	127	139	154	155	172	178	179	183	197	205	230	237	422	#
884	1888807	6	21	28	32	60	73	78	81	85	93	121	134	135	138	139	140	141	145	188	206	211	215	219	232	237	247	422	#
885	1815869	8	10	24	39	48	56	75	79	81	93	97	111	138	145	157	164	175	187	188	198	203	209	217	223	246	251	422	#
886	1736491	6	25	31	33	58	62	78	93	98	107	112	127	143	146	149	154	167	178	180	185	207	213	216	223	225	238	422	#
887	1664879	4	9	24	27	35	58	64	70	79	100	102	103	126	131	132	133	150	151	158	175	184	218	227	233	236	245	422	#
888	1626943	5	7	10	19	28	38	48	65	70	79	93	98	100	133	135	141	146	151	153	166	183	193	203	225	237	248	422	#
889	421805	57	84	124	163	206	216	238	423	#
890	502159	1	29	53	54	70	124	134	423	#
891	500562	91	117	130	134	181	238	243	423	#
892	494108	57	100	112	117	181	206	228	423	#
893	440313	40	58	74	87	113	210	216	423	#
894	428730	40	57	95	110	151	159	206	423	#
895	284681	61	97	176	223	231	424	#
896	351591	14	29	151	231	245	424	#
897	334613	25	97	158	222	239	424	#
898	324797	9	32	54	176	226	424	#
899	268870	4	41	50	61	69	424	#
900	134244	10	52	123	156	223	424	#
901	136509	16	104	111	425	#
902	186080	104	110	212	425	#
903	117071	16	192	229	425	#
904	108947	111	147	211	425	#
905	797370	0	1	21	28	106	133	155	192	194	244	426	#
906	711085	76	91	92	108	112	134	146	170	192	194	426	#
907	686427	3	9	50	70	106	133	136	139	148	236	426	#
908	615266	34	37	73	76	106	133	146	155	159	187	426	#
909	565538	0	21	57	59	75	95	113	132	140	210	426	#
910	544814	10	38	106	121	133	157	177	184	236	253	426	#
911	52932	254	#
912	513489	20	21	59	131	178	182	427	#
913	541568	41	59	88	192	201	238	427	#
914	515412	29	33	131	159	161	195	427	#
915	416628	16	21	180	192	198	222	427	#
916	389112	20	63	90	153	171	190	427	#
917	386448	51	121	168	169	182	245	427	#
918	434332	44	48	112	139	174	177	187	241	428	#
919	537564	13	35	36	103	117	125	130	177	428	#
920	528680	53	108	112	139	148	158	228	253	428	#
921	501663	18	44	63	102	120	149	193	253	428	#
922	438433	49	80	103	123	126	159	174	215	428	#
923	435867	8	62	84	106	198	212	241	253	428	#
924	2466788	3	6	8	14	21	23	24	47	54	56	61	75	76	80	83	85	87	93	103	106	111	112	137	138	140	141	145	161	162	165	177	184	198	201	205	221	230	232	233	235	237	248	429	#
925	3070164	3	6	13	32	39	43	55	56	77	85	87	89	99	100	113	115	118	119	122	129	130	141	147	148	149	154	160	168	170	171	172	181	182	188	205	208	217	224	233	234	235	241	429	#
926	2892526	6	7	12	21	23	26	27	32	40	43	50	61	70	76	77	78	79	95	97	100	104	108	113	115	118	122	123	131	141	142	164	165	174	196	200	202	211	223	230	237	240	255	429	#
927	2827177	0	9	11	15	24	27	33	42	47	57	60	67	84	89	90	91	101	116	122	130	131	132	134	147	149	156	171	175	177	188	192	194	201	202	208	224	228	232	242	243	249	253	429	#
928	2789068	0	10	13	21	26	56	59	60	61	76	83	86	89	91	95	100	106	111	118	125	132	134	138	141	161	163	167	172	174	180	184	186	205	208	209	212	218	227	235	240	241	254	429	#
929	2787381	6	8	14	15	26	29	37	56	62	64	70	72	78	79	87	94	95	98	105	108	113	114	119	131	135	136	138	144	164	168	179	195	204	214	215	217	228	231	235	249	251	252	429	#
930	676105	27	37	102	125	144	182	208	221	233	430	#
931	795717	52	63	87	91	102	121	122	187	233	430	#
932	644513	97	125	138	163	186	195	225	226	238	430	#
933	618041	37	39	49	93	145	180	183	223	233	430	#
934	610804	31	60	68	140	146	182	206	226	228	430	#
935	588920	30	43	57	71	88	144	184	210	216	430	#
936	634838	16	20	102	164	181	184	207	230	431	#
937	704359	21	82	87	138	189	230	233	244	431	#
938	674966	23	36	89	99	140	164	171	181	431	#
939	659082	17	47	102	125	167	183	191	230	431	#
940	600162	4	12	106	154	174	195	207	240	431	#
941	498864	13	53	91	96	119	164	190	194	431	#
942	319518	35	58	92	103	132	432	#
943	432095	17	38	132	147	186	432	#
944	426641	22	35	50	131	138	432	#
945	245155	58	203	205	234	239	432	#
946	244148	54	59	92	129	162	432	#
947	228937	30	72	103	107	230	432	#
948	1406160	2	22	41	43	72	86	91	94	97	100	110	119	126	138	139	144	147	150	161	169	179	200	202	204	214	215	221	238	254	255	433	#
949	2101267	10	17	25	44	76	94	106	122	125	127	131	136	137	138	158	160	165	169	179	191	202	226	227	228	229	232	236	249	251	253	433	#
950	2048101	20	25	70	71	75	81	93	94	97	99	101	112	115	121	130	139	141	147	150	158	162	166	184	187	188	203	205	213	226	250	433	#
951	1986654	1	3	5	13	17	19	41	43	54	58	66	70	71	76	83	87	88	114	120	157	163	172	185	190	202	209	228	243	245	253	433	#
952	1954579	6	22	39	42	50	72	75	86	87	93	101	102	110	122	129	130	131	133	137	139	148	156	169	183	185	197	215	222	228	232	433	#
953	1928915	4	10	14	22	32	34	35	40	42	47	55	56	62	65	112	133	136	137	138	151	156	157	173	197	198	202	205	207	226	238	433	#
954	641519	64	71	82	91	127	142	165	226	434	#
955	640389	28	36	102	130	149	165	226	254	434	#
956	610802	37	47	60	64	111	116	117	206	434	#
957	594077	1	23	75	142	143	165	228	239	434	#
958	581887	14	26	117	122	127	147	178	254	434	#
959	566920	75	82	103	123	125	182	187	246	434	#
960	719536	1	26	29	40	50	71	112	143	181	235	435	#
961	748672	2	43	70	71	135	184	192	213	237	247	435	#
962	739904	29	117	127	148	172	187	193	215	216	231	435	#
963	705036	0	1	7	86	143	144	149	158	185	188	435	#
964	701468	1	49	51	56	125	129	135	150	174	238	435	#
965	700017	12	26	45	46	100	130	177	232	237	246	435	#
966	186023	41	190	436	#
967	117530	190	235	436	#
968	106881	17	41	436	#
969	378261	44	76	118	172	189	253	437	#
970	496518	2	85	131	160	166	253	437	#
971	470296	28	59	132	172	189	241	437	#
972	423062	108	118	122	206	214	236	437	#
973	411571	36	55	103	161	189	241	437	#
974	234048	22	35	44	198	200	248	437	#
975	128022	52	57	169	438	#
976	112623	52	138	145	438	#
977	307558	48	126	155	179	183	246	439	#
978	354442	93	108	126	134	137	139	439	#
979	339141	62	120	145	179	184	186	439	#
980	330278	17	48	109	114	148	225	439	#
981	289342	19	155	172	214	234	243	439	#
982	31575	239	#
983	622258	6	7	31	45	46	50	82	118	154	155	168	219	233	440	#
984	907182	6	11	21	35	54	82	116	157	207	215	219	237	243	440	#
985	843542	27	42	43	90	104	118	138	140	146	165	190	191	254	440	#
986	841628	6	20	29	30	31	42	109	145	167	181	194	233	237	440	#
987	813243	7	16	58	61	72	96	109	113	167	216	243	245	253	440	#
988	783071	23	55	58	61	83	133	150	152	154	163	190	199	213	440	#
989	369845	36	225	247	441	#
990	284945	105	174	225	441	#
991	232181	104	115	247	441	#
992	230983	36	54	254	441	#
993	184818	69	189	234	442	#
994	246089	21	35	69	442	#
995	155093	56	189	231	442	#
996	272508	3	21	67	132	166	192	443	#
997	296673	21	68	98	156	162	251	443	#
998	252685	67	77	109	113	132	235	443	#
999	200648	12	126	166	184	200	233	443	#
1000	190672	3	37	83	132	199	244	443	#
1001	118375	1	3	14	27	67	244	443	#
