%% File generated by CATS v.2.1Wed Jun 19 19:19:47 2013

%% The CATS webpage is http://robotics.stanford.edu/CATS

%% PARAMETER SETTINGS:
% Goods: 256; Bids: 1000; Distribution: arbitrary; Runs: 50; Seed: 1371664721
% Arbitrary Distribution Parameters:
% Max Substitutable Bids = 5
% Removing HV Neighbor   = 0.1
% Adding DIAG Neighbor   = 0.2
% Additional Location    = 0.9
% Additivity             = 0.2
% Budget Factor          = 1.5
% Resale Factor          = 0.5
% Uniform Private Value:
%   Deviation            = 0.5
%   Max Good Value       = 100



goods 256
bids 1001
dummy 196

0	319931	4	150	174	220	256	#
1	328383	52	118	124	174	256	#
2	253391	4	49	172	174	256	#
3	231253	56	62	220	238	256	#
4	198076	69	150	155	232	256	#
5	109001	189	#
6	1318026	8	32	33	41	63	74	79	85	114	124	125	146	149	162	166	177	191	206	231	240	251	257	#
7	1674215	8	12	19	31	32	33	47	56	76	105	108	110	171	181	183	187	211	234	247	249	250	257	#
8	1633650	24	31	57	66	69	85	106	108	110	121	134	143	146	156	174	181	199	206	225	231	235	257	#
9	1605609	8	27	48	65	72	79	80	83	116	117	124	141	145	168	170	179	194	201	203	229	246	257	#
10	1603603	27	47	48	57	60	66	109	114	120	134	149	152	155	156	171	188	210	212	226	232	240	257	#
11	1577705	1	4	5	79	88	92	135	139	142	149	160	162	183	187	192	199	215	225	233	240	241	257	#
12	285480	50	151	162	180	226	258	#
13	409646	15	32	89	156	180	258	#
14	375313	32	50	58	86	127	258	#
15	310856	119	131	162	163	188	258	#
16	298306	0	38	84	99	226	258	#
17	187539	45	84	116	127	259	#
18	212851	8	116	144	145	259	#
19	175937	45	127	209	238	259	#
20	700297	84	90	91	98	148	152	157	164	193	205	231	237	250	260	#
21	1011546	17	21	23	52	55	58	80	102	116	131	140	145	148	260	#
22	926097	10	18	32	85	122	134	141	152	181	193	216	229	251	260	#
23	912741	17	29	34	54	91	101	126	148	168	202	219	232	237	260	#
24	894633	6	18	22	111	152	157	170	173	182	219	232	233	242	260	#
25	885021	3	46	54	63	84	100	122	133	152	167	175	189	253	260	#
26	203550	41	135	226	261	#
27	225640	41	137	143	261	#
28	542790	35	43	59	62	76	88	110	210	218	262	#
29	755482	8	13	80	110	117	153	166	186	243	262	#
30	705643	21	43	52	153	156	170	176	220	224	262	#
31	644002	32	40	76	82	104	122	128	174	252	262	#
32	597868	23	29	88	111	129	132	155	242	253	262	#
33	596963	10	35	44	83	107	110	164	207	250	262	#
34	225142	148	156	232	246	263	#
35	331385	141	152	180	232	263	#
36	233236	23	25	156	165	263	#
37	214338	84	148	208	221	263	#
38	762979	23	82	108	123	140	150	204	221	241	251	253	264	#
39	1004768	16	23	91	101	104	129	145	165	177	213	215	264	#
40	945430	32	83	109	145	166	170	187	213	220	221	253	264	#
41	877816	32	41	91	97	102	143	147	162	163	222	241	264	#
42	810583	0	19	27	44	46	53	91	162	203	214	221	264	#
43	803034	21	24	77	85	108	129	150	165	213	215	255	264	#
44	1669956	28	41	59	70	75	77	78	82	105	116	133	147	167	172	192	196	207	216	220	224	233	241	250	251	252	265	#
45	1900149	14	38	41	60	69	76	87	100	109	116	121	126	134	135	137	152	160	162	170	199	224	226	227	230	232	265	#
46	1892335	15	20	38	57	58	64	66	76	87	99	101	117	118	127	128	150	153	156	167	184	189	215	220	250	252	265	#
47	1882913	8	13	33	34	38	45	48	51	53	54	56	60	69	105	111	132	133	163	197	205	224	249	251	252	253	265	#
48	1865058	19	34	45	53	60	65	74	86	104	133	147	154	155	167	175	177	178	180	189	205	217	218	241	250	254	265	#
49	1864147	14	16	17	19	24	26	48	61	71	73	74	86	91	99	127	128	141	147	151	163	179	182	189	205	218	265	#
50	336119	6	104	143	173	254	266	#
51	448175	97	105	204	226	254	266	#
52	415391	20	23	98	104	247	266	#
53	403938	6	17	105	128	145	266	#
54	326389	90	143	193	197	211	266	#
55	1447170	14	39	42	48	50	64	86	96	111	151	153	166	172	203	212	226	227	232	234	243	246	267	#
56	1793532	5	15	24	34	37	51	52	96	109	112	118	126	140	158	174	178	211	217	223	246	255	267	#
57	1692064	19	35	42	43	80	101	104	110	141	153	158	162	171	174	180	217	232	234	238	248	253	267	#
58	1544808	5	14	22	26	58	60	86	115	117	156	158	189	190	200	205	208	209	223	227	234	238	267	#
59	1514801	8	16	19	35	42	51	76	94	95	98	102	110	151	164	182	185	214	218	223	238	243	267	#
60	1488585	8	45	53	60	66	80	81	83	93	109	115	118	126	151	164	203	208	229	240	244	252	267	#
61	96405	61	184	268	#
62	89372	179	184	268	#
63	645755	22	34	85	88	145	172	180	206	208	239	269	#
64	817052	8	25	45	62	102	137	138	180	197	248	269	#
65	771872	34	65	97	98	127	140	160	191	221	234	269	#
66	769491	5	15	25	88	104	108	132	156	197	200	269	#
67	745451	26	28	31	130	145	182	202	227	228	241	269	#
68	737756	8	19	59	85	111	119	148	163	195	221	269	#
69	82203	223	#
70	559415	1	42	48	169	187	192	233	270	#
71	610573	1	96	163	184	190	247	252	270	#
72	550060	35	49	57	80	88	163	169	270	#
73	420016	42	95	108	116	220	225	235	270	#
74	405598	0	27	82	157	194	233	245	270	#
75	384067	54	57	62	104	124	187	244	270	#
76	443232	45	126	141	180	181	271	#
77	522684	22	88	141	174	206	271	#
78	470879	80	141	167	181	233	271	#
79	382012	36	93	126	193	194	271	#
80	291302	25	45	76	114	147	271	#
81	1041173	20	30	58	72	79	106	119	126	146	150	207	243	245	250	255	272	#
82	1174102	8	34	108	110	114	126	146	148	150	157	162	165	193	252	253	272	#
83	1080390	7	9	17	31	52	53	78	99	119	126	193	201	202	218	254	272	#
84	1071232	7	13	40	58	68	76	93	110	126	150	157	181	186	206	253	272	#
85	1028831	20	33	80	88	103	127	132	172	186	214	228	236	245	248	249	272	#
86	1014000	5	8	26	79	112	143	146	155	183	193	198	202	217	249	255	272	#
87	338451	38	49	74	94	124	186	273	#
88	425899	71	75	94	96	160	202	273	#
89	410348	49	98	119	176	209	250	273	#
90	248322	67	74	124	173	211	223	273	#
91	220423	74	198	218	230	243	253	273	#
92	307858	13	17	203	235	274	#
93	334633	51	65	139	235	274	#
94	273438	17	23	143	236	274	#
95	232206	13	15	31	40	274	#
96	225024	10	104	136	203	274	#
97	1923562	7	23	25	37	47	51	52	56	71	88	99	104	105	111	154	159	168	170	173	174	189	199	203	212	231	232	246	275	#
98	2205053	10	11	12	24	25	37	38	41	45	53	63	68	88	100	105	115	126	134	175	185	209	213	214	216	221	252	253	275	#
99	2040218	17	20	29	36	56	59	63	67	77	80	85	87	94	105	111	121	159	165	174	189	204	206	207	209	223	226	242	275	#
100	1960649	5	10	13	41	59	62	71	94	99	104	105	111	113	120	125	141	154	160	163	170	173	189	223	241	248	249	252	275	#
101	1960164	10	11	17	24	32	67	71	81	98	101	110	113	123	137	152	168	174	182	185	187	197	224	225	229	240	242	248	275	#
102	1945808	0	41	46	51	55	56	68	75	97	120	123	144	149	153	170	185	187	198	203	204	207	211	229	243	246	248	249	275	#
103	1698326	0	24	39	54	61	63	93	100	106	115	118	119	120	121	124	142	157	178	180	193	210	215	218	223	225	229	233	239	247	250	253	276	#
104	2368986	1	4	22	33	43	46	50	63	64	85	97	98	122	132	134	146	170	175	179	191	199	219	223	224	233	234	243	247	249	251	253	276	#
105	2257959	7	8	20	32	50	57	64	66	73	78	82	89	93	101	104	106	112	122	128	129	143	150	155	159	176	177	184	230	231	248	253	276	#
106	2243117	14	23	33	42	44	46	50	53	54	60	63	82	99	104	105	110	123	124	137	139	143	153	155	162	175	185	195	199	248	251	253	276	#
107	2237961	0	11	14	15	23	28	50	55	63	72	88	101	105	108	118	136	138	143	146	159	165	170	176	184	186	201	207	215	246	247	253	276	#
108	2230772	0	7	14	25	27	32	45	56	57	78	97	98	104	110	112	120	124	128	130	136	139	141	155	159	175	191	207	208	213	237	249	276	#
109	249719	1	77	150	277	#
110	256022	1	38	70	277	#
111	234278	150	154	226	277	#
112	231611	77	207	213	277	#
113	361242	1	168	174	196	278	#
114	359247	53	167	174	221	278	#
115	284568	1	35	38	255	278	#
116	239485	168	184	204	224	278	#
117	188649	83	213	223	279	#
118	218105	62	206	213	279	#
119	186475	119	154	223	279	#
120	1187250	4	11	12	27	29	39	74	88	95	97	103	114	143	149	175	182	194	280	#
121	1368992	12	25	38	44	72	86	88	99	106	114	129	143	150	154	168	186	187	280	#
122	1306320	5	22	33	56	95	99	154	157	159	164	168	182	193	201	204	223	235	280	#
123	1301008	18	21	24	27	59	80	99	121	129	137	153	154	163	166	191	193	250	280	#
124	1288201	11	35	38	74	97	102	103	121	123	136	141	150	166	186	187	191	212	280	#
125	1253265	28	29	74	77	80	85	96	105	113	114	124	152	158	163	164	225	247	280	#
126	902081	17	33	54	99	102	107	113	128	190	216	217	232	281	#
127	920271	16	17	34	50	56	93	98	103	134	196	239	252	281	#
128	911994	34	45	52	82	94	98	99	106	113	122	134	167	281	#
129	849994	54	90	107	114	120	148	167	200	202	218	228	245	281	#
130	843148	22	51	64	66	87	99	112	140	157	186	232	237	281	#
131	809587	2	5	8	16	50	52	61	72	76	104	190	220	281	#
132	1611624	5	16	29	47	53	89	127	130	132	160	167	170	189	197	203	215	219	220	243	254	282	#
133	1616768	5	12	19	41	42	53	57	66	95	96	101	157	167	171	174	193	195	201	237	252	282	#
134	1520592	0	20	63	72	83	87	95	99	130	135	139	141	147	171	174	200	209	224	230	254	282	#
135	1514399	4	19	41	49	54	71	82	87	99	110	135	147	152	153	189	211	214	221	228	254	282	#
136	1474096	9	10	12	20	22	49	61	87	90	101	102	107	112	127	133	153	163	191	210	219	282	#
137	1471936	5	16	46	55	60	62	63	74	75	87	113	131	147	151	152	181	190	213	228	240	282	#
138	172138	59	197	242	283	#
139	220074	16	234	242	283	#
140	204582	59	104	107	283	#
141	990117	3	52	53	73	102	141	158	169	178	182	195	205	229	244	284	#
142	1279875	0	102	108	126	133	138	142	167	206	209	215	225	233	236	284	#
143	1073181	57	67	88	93	97	111	115	135	149	178	189	195	206	210	284	#
144	1047598	6	29	36	57	84	97	111	112	115	124	168	182	224	252	284	#
145	1046226	32	38	122	136	137	152	163	176	195	202	206	212	246	250	284	#
146	1018718	17	29	53	67	94	98	109	128	141	162	201	236	248	249	284	#
147	78895	3	198	285	#
148	60014	3	106	285	#
149	379029	3	48	143	159	212	220	286	#
150	514502	14	41	48	110	113	202	286	#
151	472679	58	115	131	143	165	180	286	#
152	459876	3	22	70	72	89	245	286	#
153	415038	30	42	135	195	212	251	286	#
154	396813	26	53	79	84	159	219	286	#
155	401038	35	59	69	200	214	236	287	#
156	551190	20	35	43	58	81	177	287	#
157	521670	43	58	61	97	173	200	287	#
158	488450	35	65	132	164	193	214	287	#
159	451112	20	24	47	69	148	167	287	#
160	428124	42	45	63	133	236	248	287	#
161	2050007	2	8	12	17	19	22	25	33	34	37	44	50	67	69	75	77	80	93	100	104	106	110	112	136	145	162	170	177	204	208	214	218	231	232	234	253	288	#
162	2840887	3	16	21	41	51	75	76	78	82	85	87	92	95	98	101	103	104	110	112	125	132	134	139	146	158	163	179	183	187	192	198	204	208	210	236	248	288	#
163	2730606	8	11	17	18	21	22	39	48	53	60	62	68	72	80	83	91	97	113	120	133	134	139	145	155	162	163	165	166	170	180	187	198	200	209	235	253	288	#
164	2669302	4	11	16	21	30	33	39	48	51	55	59	66	78	80	81	94	96	98	101	118	120	122	130	157	163	165	180	187	212	228	230	232	245	248	251	255	288	#
165	2668573	15	21	36	41	47	53	63	64	87	94	98	100	104	107	110	112	114	118	120	125	127	134	138	153	154	163	165	179	180	188	209	213	218	232	242	253	288	#
166	2656919	1	7	16	17	30	32	38	41	50	51	55	65	71	93	94	96	97	107	109	126	136	146	154	179	184	187	197	204	210	212	221	226	228	230	246	254	288	#
167	1147849	14	17	34	48	50	84	99	105	117	133	177	178	189	222	240	246	255	289	#
168	1561712	7	22	37	38	51	86	93	105	112	129	134	169	171	177	219	229	252	289	#
169	1430030	9	20	38	48	56	80	82	112	127	135	141	146	177	178	202	223	236	289	#
170	1376920	17	41	65	85	98	147	170	171	172	180	181	186	203	208	230	240	246	289	#
171	1323481	36	46	58	95	100	114	122	172	207	213	222	229	236	242	248	249	253	289	#
172	1317137	3	17	35	36	48	54	78	87	102	135	172	175	190	227	249	252	253	289	#
173	904183	5	21	37	118	133	145	151	166	196	209	219	252	255	290	#
174	1207095	79	112	119	126	130	134	147	150	152	165	175	196	230	290	#
175	1060561	14	21	29	77	100	115	125	126	159	166	168	188	235	290	#
176	1046939	18	47	77	88	112	138	163	201	203	219	240	251	252	290	#
177	1019462	20	35	40	60	104	107	166	180	188	196	213	228	248	290	#
178	1013660	19	32	63	79	100	118	122	128	176	190	214	221	227	290	#
179	2125225	5	11	19	20	28	51	58	64	69	79	82	100	118	122	125	131	141	143	149	157	161	164	184	192	194	196	204	208	218	239	240	243	251	291	#
180	2488990	0	6	11	12	14	31	46	47	57	65	68	90	100	101	103	122	140	164	169	173	174	180	182	184	188	196	206	207	208	225	226	238	244	291	#
181	2458655	0	5	6	12	15	19	26	37	44	50	57	74	93	94	101	109	112	113	116	126	128	158	161	175	176	180	184	196	228	244	247	248	255	291	#
182	2344794	20	33	34	36	46	52	54	64	65	69	73	76	80	93	113	124	126	128	129	131	134	140	147	163	207	211	224	226	227	242	247	250	254	291	#
183	2290379	5	11	18	28	42	49	50	53	63	69	82	85	89	97	100	107	113	126	131	138	144	146	169	172	184	199	201	202	233	235	242	250	254	291	#
184	2283959	11	14	20	28	48	49	52	53	56	66	67	69	90	101	103	104	109	110	113	116	129	145	149	154	178	189	202	225	235	244	250	251	254	291	#
185	980014	1	11	37	58	70	83	84	91	97	104	132	156	175	292	#
186	1135564	11	19	27	37	54	60	130	150	172	174	175	215	233	292	#
187	1058630	1	20	26	65	76	80	98	129	137	152	194	219	221	292	#
188	1040320	12	26	34	43	47	68	94	104	127	139	172	181	191	292	#
189	950898	15	21	37	54	60	108	118	128	148	169	214	217	227	292	#
190	936085	33	83	107	117	135	160	167	169	175	191	196	214	234	292	#
191	1252054	34	50	63	114	119	131	133	134	145	159	164	168	169	170	173	181	203	218	225	228	229	244	293	#
192	1693133	3	20	21	25	29	30	33	38	96	113	148	153	167	168	187	201	202	208	211	213	215	251	293	#
193	1598385	7	31	82	83	99	100	102	108	117	131	137	139	143	148	151	153	184	198	203	206	221	226	293	#
194	1576149	30	34	54	61	65	73	77	84	95	114	119	129	143	151	153	159	178	191	197	198	203	254	293	#
195	1540595	0	8	27	47	73	98	110	114	129	134	157	159	162	168	181	197	198	223	226	229	238	251	293	#
196	1511245	7	18	39	47	52	54	73	87	95	108	117	133	139	151	155	171	175	185	192	201	205	228	293	#
197	704753	31	44	48	60	87	164	172	203	235	240	294	#
198	796106	6	45	55	75	114	121	170	172	205	237	294	#
199	715119	47	112	118	158	164	167	195	196	220	222	294	#
200	690584	4	16	31	97	100	120	171	220	234	237	294	#
201	686366	41	55	63	95	117	176	234	235	244	251	294	#
202	668937	12	48	66	93	136	144	189	195	202	215	294	#
203	45283	192	#
204	54225	26	#
205	137126	51	166	295	#
206	166389	35	51	295	#
207	131665	166	183	295	#
208	250693	0	44	87	137	184	296	#
209	361891	87	176	226	248	253	296	#
210	323723	102	159	184	229	240	296	#
211	271689	7	44	50	162	250	296	#
212	992436	6	57	59	63	82	139	148	153	157	207	214	221	249	255	297	#
213	1127392	3	19	23	38	46	48	51	52	97	150	152	157	174	232	297	#
214	1078547	12	35	51	63	73	75	118	148	170	178	197	200	223	253	297	#
215	1051416	8	33	37	43	51	75	120	139	146	171	184	206	238	249	297	#
216	1049110	9	14	32	34	81	123	148	150	153	195	214	219	236	246	297	#
217	1006245	7	13	51	53	112	120	131	139	147	151	187	204	224	234	297	#
218	788188	5	15	34	65	70	75	161	168	196	198	199	203	298	#
219	956892	0	57	62	68	75	97	153	175	189	223	236	240	298	#
220	923776	5	38	45	95	110	132	135	167	193	204	225	244	298	#
221	911724	15	34	54	64	71	75	109	112	152	163	201	254	298	#
222	908040	13	18	28	43	45	125	147	198	207	224	237	246	298	#
223	874122	5	65	75	86	90	130	152	160	174	212	223	255	298	#
224	632535	18	49	55	71	82	98	185	189	190	299	#
225	804057	83	84	111	113	121	174	180	189	195	299	#
226	665495	18	30	56	71	73	90	139	177	203	299	#
227	602066	40	42	78	82	117	133	170	175	199	299	#
228	576626	3	22	40	46	49	98	107	201	202	299	#
229	574153	34	71	121	146	173	175	185	190	218	299	#
230	589109	0	48	91	130	147	211	225	244	300	#
231	661251	48	50	54	85	93	177	178	225	300	#
232	630797	0	5	22	45	83	90	147	160	300	#
233	629885	48	65	72	85	117	132	189	202	300	#
234	544845	9	30	82	84	107	130	175	241	300	#
235	528485	77	91	127	129	174	202	220	241	300	#
236	124455	40	61	70	77	301	#
237	174514	49	60	70	143	301	#
238	2227642	1	7	8	16	23	50	53	59	61	77	82	86	89	93	124	135	139	144	145	180	190	195	200	207	209	211	213	223	237	248	302	#
239	2490982	5	20	23	55	61	64	67	71	79	82	90	93	102	105	132	146	149	161	167	182	188	191	200	205	221	225	228	229	231	237	302	#
240	2343719	16	19	23	35	38	46	55	59	62	66	71	89	104	113	122	139	145	154	164	190	221	222	225	231	241	242	246	249	251	252	302	#
241	2285105	5	8	10	19	23	27	37	46	50	51	61	62	77	95	123	132	134	136	173	174	190	213	214	233	237	241	242	246	247	248	302	#
242	2189437	11	17	23	36	46	47	57	63	69	73	75	77	79	83	94	95	131	132	133	140	143	160	169	173	187	192	195	197	207	212	302	#
243	2184463	23	26	36	40	52	53	59	64	67	74	86	100	105	117	142	147	151	158	169	176	191	192	194	197	207	209	219	240	242	250	302	#
244	612750	58	81	154	173	197	201	219	236	303	#
245	735260	19	45	55	75	152	167	201	230	303	#
246	607778	17	39	58	60	145	150	197	201	303	#
247	557195	80	133	136	139	145	154	208	222	303	#
248	525188	9	58	75	82	98	149	155	191	303	#
249	480673	28	32	90	115	144	211	231	236	303	#
250	102222	27	67	240	304	#
251	92025	27	160	177	304	#
252	444427	29	84	101	122	131	139	151	198	305	#
253	641559	18	30	34	101	114	128	198	215	305	#
254	607908	51	76	102	126	133	139	143	240	305	#
255	553273	23	26	38	84	105	142	169	222	305	#
256	513932	22	60	71	122	169	207	225	241	305	#
257	462205	44	58	90	101	119	136	162	240	305	#
258	47839	118	#
259	341251	56	71	112	128	148	154	201	205	225	306	#
260	312153	10	28	98	125	194	202	216	225	243	306	#
261	772359	13	27	34	50	66	69	83	89	106	108	122	151	173	199	307	#
262	1144460	15	34	48	62	102	108	116	127	145	152	163	190	200	246	307	#
263	1121863	1	12	18	27	34	74	89	91	115	138	178	194	215	235	307	#
264	1098407	2	13	20	85	93	95	101	141	157	183	221	223	230	246	307	#
265	1047699	2	11	18	66	110	112	140	189	193	199	209	214	227	251	307	#
266	1004611	64	80	106	122	124	129	140	150	160	178	188	196	201	226	307	#
267	415821	26	82	132	178	251	308	#
268	423342	37	48	58	77	132	308	#
269	314837	16	26	177	240	250	308	#
270	296397	82	142	159	195	221	308	#
271	296212	69	178	206	216	254	308	#
272	288037	20	36	120	202	251	308	#
273	46646	111	#
274	866125	52	77	87	93	96	115	128	132	158	164	178	201	309	#
275	982287	32	66	104	158	189	200	221	222	225	233	241	255	309	#
276	975718	0	35	42	51	52	56	69	110	156	222	223	224	309	#
277	927722	17	26	37	46	58	67	128	131	137	168	225	235	309	#
278	911199	19	27	45	82	107	145	164	181	186	202	212	241	309	#
279	842469	26	45	76	78	93	101	107	179	189	191	194	212	309	#
280	421470	79	94	171	193	204	209	241	310	#
281	608192	19	58	71	79	224	232	246	310	#
282	583210	15	97	98	113	161	168	241	310	#
283	551826	100	161	167	186	193	234	245	310	#
284	533210	57	75	83	94	96	107	222	310	#
285	518337	9	26	32	106	165	209	243	310	#
286	62511	115	128	202	311	#
287	51215	115	148	255	311	#
288	383142	26	81	88	115	172	185	240	312	#
289	536444	18	42	115	176	196	233	237	312	#
290	482460	26	35	43	201	207	240	254	312	#
291	480291	20	58	65	88	90	103	210	312	#
292	409244	17	43	143	150	172	178	239	312	#
293	406275	19	69	81	102	142	158	228	312	#
294	179798	240	252	313	#
295	201806	251	252	313	#
296	171087	32	240	313	#
297	746546	16	17	63	102	113	145	180	201	218	227	314	#
298	967347	9	38	63	79	81	118	141	201	218	243	314	#
299	965595	16	37	38	46	125	134	141	190	201	251	314	#
300	828943	45	59	63	100	170	178	215	218	221	236	314	#
301	811008	1	5	25	32	56	95	113	117	144	223	314	#
302	719634	21	64	102	126	130	151	154	161	193	204	314	#
303	745969	14	27	88	97	113	121	163	176	248	255	315	#
304	959032	17	97	98	112	113	127	134	184	238	246	315	#
305	768709	17	28	43	115	117	124	154	156	176	252	315	#
306	724574	39	54	68	80	94	121	128	161	192	230	315	#
307	724182	8	73	88	100	136	163	180	187	193	201	315	#
308	662980	49	67	94	97	98	131	133	200	224	246	315	#
309	36772	236	#
310	311625	0	106	151	220	252	316	#
311	367181	21	47	55	74	220	316	#
312	287995	143	151	184	207	235	316	#
313	266559	106	155	193	196	216	316	#
314	254236	0	6	15	154	167	316	#
315	224719	19	67	70	317	#
316	258153	19	76	190	317	#
317	198976	70	195	240	317	#
318	109795	67	162	247	317	#
319	1327951	19	39	40	53	59	74	81	93	106	108	153	154	159	185	189	194	197	210	217	228	240	243	318	#
320	1847813	0	7	8	15	19	23	36	37	49	52	55	88	90	110	138	139	140	153	183	187	222	251	318	#
321	1682006	8	15	23	45	46	49	50	76	77	96	99	113	145	154	173	184	186	196	201	217	224	248	318	#
322	1615410	4	8	11	12	15	28	32	96	97	102	111	125	142	168	197	199	200	202	218	229	235	240	318	#
323	1594181	5	6	15	22	24	27	40	48	55	77	87	93	96	99	111	114	177	181	189	214	215	254	318	#
324	1545539	3	7	10	12	22	39	50	51	66	72	87	96	101	119	124	147	171	190	201	208	228	234	318	#
325	384137	18	33	105	124	177	178	218	319	#
326	573615	18	57	101	177	185	203	234	319	#
327	527477	30	147	153	167	200	218	225	319	#
328	428446	8	42	78	118	167	177	179	319	#
329	374150	64	79	124	139	141	231	255	319	#
330	340168	33	94	182	194	207	226	253	319	#
331	603864	0	2	176	179	209	219	227	237	255	320	#
332	661298	7	29	32	36	49	117	176	178	188	320	#
333	643372	2	7	11	84	159	178	193	200	217	320	#
334	643044	7	11	45	54	112	214	235	237	255	320	#
335	627552	61	63	73	85	179	205	208	243	254	320	#
336	600705	27	73	139	148	158	163	208	218	237	320	#
337	232888	9	96	121	321	#
338	278642	9	121	170	321	#
339	212409	23	99	121	321	#
340	462590	4	83	104	106	174	176	182	211	217	322	#
341	666918	1	12	35	49	57	58	99	194	211	322	#
342	641079	17	37	55	119	131	182	212	216	252	322	#
343	637344	55	74	98	168	174	177	220	223	226	322	#
344	583318	0	4	27	37	115	171	182	186	192	322	#
345	576847	38	80	102	106	152	154	212	216	217	322	#
346	223381	60	72	125	161	195	323	#
347	311221	31	57	72	205	248	323	#
348	289689	8	33	60	122	228	323	#
349	266387	25	64	125	134	233	323	#
350	249316	3	73	142	161	166	323	#
351	185949	60	101	244	324	#
352	129086	103	115	244	324	#
353	125523	59	60	74	324	#
354	106462	13	92	101	324	#
355	257410	45	159	160	325	#
356	231119	44	159	245	325	#
357	212379	45	61	133	325	#
358	190846	12	44	160	325	#
359	874474	4	23	25	32	64	71	72	116	165	168	180	199	209	215	238	326	#
360	1167712	0	23	33	38	58	61	117	187	188	203	204	209	236	238	247	326	#
361	1143311	4	7	32	38	72	90	123	176	194	204	209	213	235	237	251	326	#
362	1118155	8	32	52	59	63	64	80	101	143	190	194	199	204	205	217	326	#
363	1049664	0	3	21	39	41	57	62	74	80	149	154	209	217	238	247	326	#
364	1026648	26	64	65	87	90	102	117	134	137	150	172	204	209	232	240	326	#
365	508271	32	80	82	85	188	244	327	#
366	440124	17	76	80	136	193	234	327	#
367	413309	9	68	82	85	183	233	327	#
368	396593	29	54	147	188	191	249	327	#
369	377833	120	142	178	206	222	244	327	#
370	372748	32	78	87	189	230	252	327	#
371	457036	24	177	178	185	186	214	328	#
372	494736	12	24	87	145	166	195	328	#
373	493399	9	58	106	129	136	177	328	#
374	374867	29	36	53	74	169	214	328	#
375	370547	42	136	142	185	223	250	328	#
376	362199	81	92	178	186	219	234	328	#
377	444226	90	117	131	146	160	162	215	250	329	#
378	653509	1	20	48	105	161	182	215	251	329	#
379	616905	41	104	134	162	182	197	205	247	329	#
380	610165	32	54	64	101	176	178	241	250	329	#
381	560622	18	31	33	47	110	117	186	222	329	#
382	528370	57	63	103	146	150	195	235	236	329	#
383	88789	160	164	330	#
384	102570	77	164	330	#
385	78244	121	160	330	#
386	222610	101	159	196	331	#
387	206186	81	86	159	331	#
388	191395	39	196	239	331	#
389	190465	101	112	135	331	#
390	100356	115	149	202	332	#
391	134798	39	115	154	332	#
392	58188	169	#
393	465374	37	38	54	76	89	158	333	#
394	553021	37	51	68	77	104	221	333	#
395	543799	18	46	76	110	193	233	333	#
396	473289	18	89	113	186	197	249	333	#
397	385068	38	125	177	196	198	218	333	#
398	360082	34	83	158	194	210	226	333	#
399	332748	57	117	212	334	#
400	282630	22	117	228	334	#
401	242189	57	84	137	334	#
402	362558	14	44	75	84	154	201	215	250	335	#
403	533655	20	24	36	44	120	146	246	250	335	#
404	449858	1	44	57	83	151	175	251	254	335	#
405	445990	27	61	84	102	112	122	135	233	335	#
406	366697	20	30	34	137	154	171	173	247	335	#
407	231971	14	29	47	77	90	142	151	196	335	#
408	2041519	16	18	21	25	38	43	51	61	64	68	75	95	110	124	130	152	159	174	179	186	208	221	233	236	238	245	247	250	336	#
409	2288190	5	18	25	36	37	38	45	49	50	51	57	105	110	111	116	120	126	128	132	138	140	141	179	184	186	231	249	255	336	#
410	2136543	8	22	24	37	51	61	82	97	110	112	116	122	126	146	152	171	177	199	204	206	207	211	215	224	225	226	230	252	336	#
411	2099578	3	7	8	12	23	37	47	49	56	58	61	66	72	75	93	114	117	167	174	176	178	191	192	213	214	230	236	239	336	#
412	2085155	9	19	25	37	39	57	103	105	107	110	116	132	137	138	140	154	159	173	174	176	182	195	196	215	232	238	239	243	336	#
413	2022799	16	25	28	34	37	38	45	56	68	75	84	85	122	126	131	170	174	185	186	189	195	206	215	223	230	231	233	244	336	#
414	216305	11	93	129	337	#
415	219296	3	21	129	337	#
416	215238	93	114	179	337	#
417	172052	13	44	77	213	227	338	#
418	241578	6	44	149	163	245	338	#
419	223390	13	167	181	211	222	338	#
420	164412	13	31	77	99	255	338	#
421	697012	25	51	88	125	130	142	160	167	175	194	238	339	#
422	834707	0	5	9	44	82	90	104	125	130	183	235	339	#
423	829952	5	9	22	86	89	119	121	149	194	199	240	339	#
424	749535	9	14	25	38	60	78	177	181	197	232	239	339	#
425	744228	51	91	92	118	151	159	165	166	237	240	246	339	#
426	738559	28	29	76	81	104	113	125	140	152	193	208	339	#
427	118934	172	#
428	347576	11	36	182	226	244	340	#
429	435532	11	61	101	124	219	340	#
430	367299	36	61	91	126	211	340	#
431	295919	30	51	174	226	240	340	#
432	264891	130	131	182	198	210	340	#
433	228491	109	224	240	244	253	340	#
434	130270	0	179	196	341	#
435	143474	0	63	216	341	#
436	250320	71	126	137	167	207	342	#
437	335069	44	96	167	186	206	342	#
438	325909	134	152	207	213	219	342	#
439	320612	71	99	104	140	200	342	#
440	317698	86	88	126	142	158	342	#
441	892178	17	21	42	43	72	110	155	162	193	195	231	248	343	#
442	984386	4	17	24	34	39	42	76	89	130	189	195	200	343	#
443	957723	11	12	43	72	77	115	125	174	193	204	207	223	343	#
444	952889	5	22	47	70	86	89	107	172	186	187	222	231	343	#
445	878665	0	93	99	117	134	143	167	195	218	222	236	255	343	#
446	836421	29	42	90	95	118	133	154	160	175	180	195	248	343	#
447	889188	9	13	29	65	69	78	82	115	124	133	141	154	181	194	211	237	238	250	254	255	344	#
448	1316645	17	19	22	60	64	101	112	114	131	134	135	142	176	180	192	202	208	211	238	255	344	#
449	1306800	23	30	32	35	58	66	78	79	112	129	131	141	151	162	165	173	201	210	215	238	344	#
450	1289415	35	47	60	68	81	95	115	126	133	162	165	211	216	218	221	224	226	244	245	254	344	#
451	1280745	0	1	4	14	18	21	27	48	69	74	83	108	135	160	194	203	229	233	237	250	344	#
452	1253448	0	10	35	37	69	72	79	90	93	99	115	119	141	154	175	178	194	217	230	250	344	#
453	428865	46	91	107	110	150	170	192	345	#
454	464358	7	27	46	94	117	147	162	345	#
455	445584	40	50	58	64	110	233	253	345	#
456	415504	3	56	78	107	133	147	174	345	#
457	383020	35	62	91	97	180	222	254	345	#
458	352288	29	31	101	170	172	192	249	345	#
459	615718	23	29	66	75	95	116	123	130	151	166	231	242	251	346	#
460	910362	2	10	13	19	46	53	58	72	76	133	139	151	248	346	#
461	904437	10	16	29	41	55	74	92	100	115	133	166	197	221	346	#
462	832507	7	16	23	44	46	70	76	122	129	133	144	175	225	346	#
463	830563	23	33	55	60	66	100	116	178	221	224	227	235	251	346	#
464	821977	7	9	15	80	93	116	127	144	154	160	179	192	208	346	#
465	188731	46	164	347	#
466	214657	46	58	347	#
467	187460	96	164	347	#
468	467583	2	10	11	28	57	145	177	212	348	#
469	579703	8	10	11	85	86	117	172	199	348	#
470	545760	11	83	95	101	121	135	172	177	348	#
471	539240	3	16	41	61	73	145	172	205	348	#
472	517874	2	34	103	141	197	216	242	246	348	#
473	507189	57	95	134	176	177	183	207	251	348	#
474	248235	20	76	240	349	#
475	263564	76	138	217	349	#
476	206605	80	220	240	349	#
477	169030	20	38	255	349	#
478	364096	11	48	50	219	350	#
479	293402	42	50	74	95	350	#
480	278046	20	165	211	219	350	#
481	233739	48	49	87	169	350	#
482	211305	66	134	351	#
483	201233	134	250	351	#
484	139089	8	66	351	#
485	78043	43	#
486	72956	215	#
487	86577	62	226	352	#
488	78114	62	187	352	#
489	351742	12	58	125	130	227	353	#
490	450139	66	130	132	224	225	353	#
491	420461	118	125	182	219	225	353	#
492	381839	30	104	130	152	227	353	#
493	301096	8	12	47	49	241	353	#
494	2226856	6	22	23	26	27	34	36	57	62	74	80	81	87	94	109	122	127	154	155	157	158	162	164	171	172	179	180	182	204	210	214	222	223	227	233	234	236	238	247	354	#
495	2715224	10	21	26	27	41	44	46	47	48	57	58	60	69	70	87	88	106	109	113	125	132	133	143	150	158	160	171	173	174	184	206	210	215	222	231	238	241	247	254	354	#
496	2687490	0	4	5	6	12	37	40	48	52	55	59	60	61	67	88	89	105	110	124	127	155	178	184	185	189	194	202	214	215	217	229	230	231	233	236	242	243	248	254	354	#
497	2680257	0	6	19	26	36	39	43	56	57	61	62	73	79	83	85	101	105	119	120	122	140	146	153	171	174	182	189	192	194	198	217	227	232	236	240	241	248	252	254	354	#
498	2679785	0	2	4	5	7	43	46	56	61	66	78	79	80	88	98	101	105	109	110	124	129	132	147	172	179	182	188	192	206	207	209	214	222	223	231	232	233	238	240	354	#
499	2666772	1	4	9	14	16	23	27	32	60	61	63	66	67	73	85	87	88	89	94	98	119	124	127	136	140	143	152	159	170	180	184	188	208	209	215	221	232	237	244	354	#
500	587335	9	18	54	77	91	124	138	167	208	355	#
501	715711	12	41	63	77	99	108	113	177	199	355	#
502	684288	15	20	71	104	110	138	144	205	250	355	#
503	657433	20	49	75	79	90	124	159	205	208	355	#
504	647188	6	42	77	167	203	204	206	208	228	355	#
505	627398	9	42	44	46	67	107	130	163	203	355	#
506	226538	7	175	237	356	#
507	242315	135	140	237	356	#
508	208203	112	175	245	356	#
509	115552	7	45	249	356	#
510	1284114	1	16	51	76	107	126	143	187	198	204	216	219	225	230	233	247	252	357	#
511	1413079	20	33	44	48	108	110	120	150	164	166	176	187	194	216	219	228	240	357	#
512	1210775	6	31	53	87	88	97	103	127	130	141	174	212	219	225	231	248	251	357	#
513	1184892	10	23	27	28	38	51	61	67	85	86	126	135	166	168	189	194	232	357	#
514	1160188	18	19	38	53	103	122	152	161	178	191	200	210	225	227	230	239	249	357	#
515	1158900	33	51	57	61	77	95	117	122	132	141	161	164	174	178	198	218	249	357	#
516	417455	40	138	147	182	206	241	358	#
517	495871	17	31	100	102	138	230	358	#
518	493090	0	16	32	94	149	241	358	#
519	459459	12	14	30	124	147	186	358	#
520	418539	27	103	117	182	214	238	358	#
521	409243	19	105	206	218	222	244	358	#
522	125017	30	35	359	#
523	152294	35	203	359	#
524	922695	9	11	38	45	50	77	112	160	196	197	210	227	231	234	235	242	360	#
525	1333395	43	55	73	80	91	106	113	127	146	153	160	174	181	196	221	225	360	#
526	1132519	6	33	89	99	106	110	112	113	152	192	202	203	227	235	237	254	360	#
527	1104528	11	30	41	62	68	71	83	113	120	126	128	137	144	189	198	215	360	#
528	1101035	0	4	5	15	19	28	29	50	95	115	154	197	204	228	241	242	360	#
529	1088932	15	37	77	80	121	127	143	155	161	174	177	183	212	228	238	246	360	#
530	363891	38	44	60	65	96	173	183	192	248	361	#
531	227010	50	92	93	103	148	155	173	194	229	361	#
532	131479	58	146	362	#
533	164914	58	81	362	#
534	994130	4	6	26	37	48	65	81	101	105	135	144	178	194	207	218	363	#
535	1139504	5	26	57	82	93	108	121	135	171	178	187	220	242	249	252	363	#
536	1067057	0	25	35	36	39	83	121	157	176	213	214	218	225	229	233	363	#
537	1052005	1	4	16	23	52	54	62	63	65	89	135	157	160	176	222	363	#
538	1047890	9	19	23	33	37	45	83	108	124	192	197	213	215	241	243	363	#
539	1038007	1	19	50	62	63	92	105	157	163	173	178	183	198	207	215	363	#
540	239118	7	67	75	196	364	#
541	303395	78	105	196	220	364	#
542	211513	7	67	80	255	364	#
543	204085	23	62	67	150	364	#
544	187096	62	75	170	220	364	#
545	455553	35	41	154	171	182	197	254	365	#
546	566966	116	121	163	182	196	212	245	365	#
547	523736	16	20	61	76	88	197	241	365	#
548	520972	130	165	166	203	213	245	254	365	#
549	457011	35	46	140	144	200	244	251	365	#
550	455011	39	41	50	60	115	128	195	365	#
551	319703	73	141	151	152	205	366	#
552	363895	0	84	96	158	205	366	#
553	356497	73	93	143	239	241	366	#
554	312801	43	72	88	96	152	366	#
555	310290	40	115	118	141	196	366	#
556	277977	9	70	151	191	201	366	#
557	172145	7	41	147	367	#
558	221994	7	81	112	367	#
559	80914	67	147	161	367	#
560	800283	12	24	45	57	95	106	116	130	199	232	236	368	#
561	976576	12	70	89	104	111	146	163	168	213	221	232	368	#
562	936687	9	17	39	48	130	143	154	156	163	166	217	368	#
563	893988	13	46	113	147	150	168	184	199	202	213	221	368	#
564	820978	2	12	21	72	113	115	166	168	172	180	222	368	#
565	817347	29	44	45	46	74	89	127	147	159	202	223	368	#
566	943775	1	5	19	57	68	104	142	165	195	244	254	369	#
567	1054493	19	55	75	79	88	139	164	195	205	223	243	369	#
568	792640	15	30	50	57	85	127	152	156	175	214	248	369	#
569	784497	5	26	100	104	122	185	189	204	220	221	250	369	#
570	769856	11	19	65	88	91	151	152	181	192	221	244	369	#
571	719675	8	10	23	44	51	77	90	114	187	195	255	369	#
572	241323	119	122	134	370	#
573	325681	53	134	172	370	#
574	284498	57	119	146	370	#
575	145881	122	135	182	370	#
576	1324738	7	33	42	43	60	74	78	95	112	114	115	123	138	141	167	176	181	212	218	223	371	#
577	1526247	8	10	12	21	23	64	71	95	112	114	115	170	172	188	204	213	217	218	227	237	371	#
578	1455868	18	32	55	73	80	115	117	119	132	137	145	150	156	176	197	218	230	234	242	244	371	#
579	1454625	12	14	24	27	47	56	78	83	85	86	131	138	140	149	150	163	164	199	241	242	371	#
580	1441302	45	56	57	60	74	78	103	109	117	127	137	142	163	173	192	197	221	229	232	241	371	#
581	1424291	9	20	24	43	50	71	85	95	106	110	121	126	176	191	198	221	225	245	246	250	371	#
582	493469	31	47	55	61	107	124	207	372	#
583	577954	22	61	89	128	169	210	223	372	#
584	535949	9	136	139	141	178	207	229	372	#
585	466707	19	28	55	95	141	142	233	372	#
586	422465	47	70	93	102	105	142	145	372	#
587	402647	56	120	124	199	206	215	254	372	#
588	576649	32	36	72	77	91	97	110	232	250	373	#
589	735919	25	32	44	89	144	168	171	187	218	373	#
590	730008	37	81	97	100	117	143	149	163	233	373	#
591	681156	10	17	39	61	72	159	164	243	248	373	#
592	680555	6	17	36	91	96	140	168	209	235	373	#
593	627041	14	30	87	150	192	193	236	242	250	373	#
594	95018	112	244	374	#
595	112715	112	218	374	#
596	110480	65	244	374	#
597	265640	17	32	240	375	#
598	362146	17	110	181	375	#
599	204801	58	203	240	375	#
600	158566	32	40	241	375	#
601	115616	246	#
602	848910	14	16	21	52	68	89	116	118	151	152	177	376	#
603	1095736	1	42	44	52	104	110	113	134	146	163	206	376	#
604	937958	5	10	32	51	93	143	148	152	165	187	238	376	#
605	881352	37	42	92	96	138	151	179	187	191	216	221	376	#
606	876173	3	52	118	126	142	156	163	170	187	188	245	376	#
607	823863	14	34	54	60	75	89	132	138	174	186	233	376	#
608	767527	5	15	47	60	87	120	124	161	178	201	211	218	220	377	#
609	1129986	8	15	17	20	45	46	60	61	81	119	140	225	240	377	#
610	1120964	17	18	94	120	141	150	164	180	215	217	223	230	236	377	#
611	1117504	3	8	22	107	126	139	170	193	197	201	205	236	239	377	#
612	1058612	51	60	77	93	112	115	117	118	196	204	215	225	236	377	#
613	908181	11	17	45	75	77	87	93	117	175	190	215	225	243	377	#
614	4000066	7	11	19	26	33	34	45	52	53	63	65	66	67	69	77	80	81	86	87	91	97	102	105	117	121	123	126	143	146	152	155	162	163	164	167	178	180	188	198	201	206	209	213	222	225	228	229	230	231	248	253	254	378	#
615	4318814	0	10	12	19	23	26	31	36	41	45	47	53	56	73	86	91	96	101	102	104	105	113	114	115	124	130	138	150	153	163	164	165	169	176	178	179	185	188	189	191	193	195	196	197	198	209	226	227	235	238	240	252	378	#
616	4032591	4	11	18	22	30	32	40	41	52	56	58	63	66	73	79	86	87	90	96	102	104	105	119	121	122	129	138	149	152	154	161	163	166	173	174	178	179	180	191	192	199	201	209	213	219	220	222	223	227	242	244	246	378	#
617	3949868	3	8	21	22	26	27	37	38	52	54	58	63	65	79	81	84	87	93	95	96	98	105	109	113	119	122	136	146	158	166	169	174	175	176	179	181	183	185	194	195	203	206	211	213	215	221	222	223	233	235	236	244	378	#
618	3939229	3	4	8	12	13	22	26	35	38	40	41	45	47	53	62	67	70	80	81	84	87	96	104	114	116	122	124	125	143	146	152	155	158	160	166	167	174	180	183	189	193	199	208	213	227	228	231	242	244	248	252	254	378	#
619	3931532	7	16	18	19	24	31	37	41	50	51	52	59	62	63	65	67	69	80	94	95	98	100	103	114	115	121	122	124	132	138	144	147	152	164	168	171	174	175	176	185	187	191	192	195	199	205	206	221	223	228	231	242	378	#
620	79806	61	#
621	262995	18	40	206	379	#
622	240054	18	128	203	379	#
623	225601	40	94	219	379	#
624	188514	42	206	210	379	#
625	892085	14	20	26	43	99	107	134	140	156	160	162	180	182	191	201	228	380	#
626	1155986	8	13	19	20	23	34	38	66	90	95	116	140	141	166	198	244	380	#
627	1140836	8	16	37	66	99	102	105	110	111	125	150	160	187	193	239	251	380	#
628	1126595	43	47	63	75	77	85	93	113	114	116	125	200	213	223	224	239	380	#
629	1111985	77	95	102	109	162	166	171	179	180	183	187	193	202	228	242	245	380	#
630	1095961	19	39	42	63	64	98	107	120	130	170	182	200	214	218	233	253	380	#
631	413771	38	44	47	204	211	221	228	381	#
632	551603	38	67	81	96	113	126	206	381	#
633	541120	47	67	84	134	150	180	235	381	#
634	511748	23	38	44	48	169	233	235	381	#
635	474417	32	47	76	81	91	106	211	381	#
636	397927	7	10	78	97	162	182	228	381	#
637	2671633	6	22	24	27	30	46	49	60	61	66	78	81	92	94	102	114	119	124	134	136	140	144	150	153	155	162	164	170	172	181	182	197	200	206	211	214	221	230	232	243	249	251	382	#
638	3390079	4	13	17	23	31	32	37	43	44	47	51	57	73	105	109	114	124	126	127	134	141	144	145	146	159	164	168	174	176	178	182	196	197	214	215	218	226	230	236	237	241	248	382	#
639	3156949	1	3	4	17	18	23	35	36	38	46	47	57	66	73	74	83	96	104	111	115	121	124	127	134	145	150	153	156	157	163	164	170	182	197	216	223	228	233	241	247	253	254	382	#
640	3137611	18	31	37	41	50	66	75	90	91	92	95	103	112	116	126	127	128	134	135	136	141	145	146	147	150	153	159	162	171	193	203	215	217	221	225	227	228	236	240	251	252	255	382	#
641	3116795	0	5	17	24	32	37	43	47	58	66	68	73	74	81	88	90	95	98	101	109	115	117	118	137	139	141	144	145	146	147	153	172	175	181	182	193	201	207	209	221	232	252	382	#
642	3111372	4	30	31	33	40	43	48	56	73	81	84	98	102	113	115	117	124	128	132	139	144	150	153	163	164	168	182	184	186	188	193	194	201	203	207	223	225	230	237	242	243	252	382	#
643	2998205	1	2	9	21	23	27	32	34	37	44	52	57	59	64	67	78	80	88	91	93	117	119	120	126	141	163	166	167	169	173	176	193	196	216	226	227	237	239	247	383	#
644	3111463	1	6	18	20	23	24	25	30	37	41	45	46	57	61	69	71	74	81	82	99	113	118	132	138	139	157	167	168	175	176	182	193	196	202	213	217	228	233	247	383	#
645	2947625	6	10	15	31	44	51	56	57	64	90	97	113	118	124	137	138	142	145	152	155	156	160	166	167	187	193	196	201	202	204	207	211	223	226	228	230	236	245	250	383	#
646	2925012	20	21	25	27	30	31	37	51	52	55	59	61	68	95	100	101	105	117	118	121	131	138	151	153	160	174	193	198	199	202	206	208	217	224	232	233	241	252	255	383	#
647	2912931	7	9	18	21	25	29	33	41	51	55	57	60	61	69	72	93	99	105	117	124	127	137	145	149	153	160	165	178	190	196	199	202	208	209	211	217	224	226	242	383	#
648	2905296	0	1	13	20	32	37	59	66	70	86	88	89	90	93	98	126	130	134	141	151	165	168	171	174	181	182	191	196	199	211	213	216	223	224	233	236	242	247	254	383	#
649	712041	8	11	27	59	61	63	92	106	123	163	189	227	250	384	#
650	950116	4	12	16	27	37	53	59	72	93	126	140	145	187	384	#
651	852435	32	43	49	55	56	80	127	151	163	170	188	200	206	384	#
652	838825	22	27	43	63	98	135	145	166	167	189	205	237	248	384	#
653	811533	19	43	61	77	85	157	194	221	227	234	237	240	253	384	#
654	789195	14	16	27	38	59	72	115	147	152	202	217	222	240	384	#
655	318816	3	61	86	209	385	#
656	376077	20	51	53	209	385	#
657	310648	3	106	126	151	385	#
658	294164	61	138	221	240	385	#
659	141475	54	86	150	239	385	#
660	336596	15	55	105	386	#
661	263711	55	77	172	386	#
662	195014	28	52	105	386	#
663	174885	15	111	197	386	#
664	931257	14	15	39	56	59	63	66	70	119	133	194	201	227	228	249	251	387	#
665	1347310	46	58	60	105	109	131	133	134	138	143	188	213	232	237	240	251	387	#
666	1239577	14	47	61	62	82	94	101	102	114	138	177	182	187	191	196	218	387	#
667	1083695	16	36	41	59	70	74	82	100	108	134	135	141	142	185	187	191	387	#
668	1079134	7	63	68	157	172	176	177	191	192	194	202	222	228	246	249	255	387	#
669	1043425	7	18	74	93	101	119	133	138	144	158	162	168	192	205	209	245	387	#
670	117699	232	238	388	#
671	137139	200	232	388	#
672	119623	150	238	388	#
673	768376	8	11	31	48	50	61	92	99	129	143	145	188	211	231	389	#
674	1135546	20	32	61	100	121	122	126	147	150	154	158	161	177	211	389	#
675	1054073	17	32	37	52	57	83	129	142	145	158	178	182	188	234	389	#
676	1034295	11	18	32	33	57	61	82	85	88	103	145	150	204	255	389	#
677	1011560	7	20	60	66	74	80	81	103	114	136	139	182	188	208	389	#
678	995256	7	43	48	83	93	102	112	117	140	151	171	184	211	218	389	#
679	167899	16	136	390	#
680	113280	16	254	390	#
681	43916	101	#
682	228272	114	158	168	391	#
683	284334	101	158	243	391	#
684	206950	35	78	114	391	#
685	131108	114	118	168	391	#
686	248685	58	170	190	392	#
687	269432	25	110	170	392	#
688	240800	37	87	190	392	#
689	206776	50	58	214	392	#
690	1488587	9	12	29	35	44	50	61	63	66	67	69	75	115	123	136	148	149	159	174	177	178	204	212	216	247	393	#
691	2078806	0	5	14	17	36	41	42	53	63	72	95	101	107	110	126	139	141	144	158	162	204	209	215	226	234	393	#
692	1976463	19	35	38	42	47	77	84	88	92	97	104	118	126	136	141	142	159	177	200	207	214	232	234	237	241	393	#
693	1814614	3	22	25	35	50	53	67	75	79	96	99	108	109	126	130	136	149	152	153	173	202	216	237	243	247	393	#
694	1777737	7	9	43	75	88	97	100	109	111	119	120	134	152	156	161	174	191	214	220	224	242	245	246	248	252	393	#
695	1759386	3	14	38	47	75	82	115	128	129	144	148	151	156	158	162	164	176	179	189	199	216	237	243	248	252	393	#
696	2573370	8	11	13	14	25	32	33	42	47	50	55	56	57	59	61	70	75	84	88	98	107	122	131	133	138	148	152	155	161	173	176	194	230	235	241	394	#
697	2985682	5	6	13	14	18	22	33	37	42	45	46	57	58	75	95	98	102	109	123	131	138	139	145	152	174	179	182	205	216	217	221	229	234	241	245	394	#
698	2801212	6	8	13	14	18	22	23	28	35	52	55	59	60	67	73	75	79	82	88	90	95	98	100	108	122	139	143	162	174	175	181	183	219	225	252	394	#
699	2658298	9	13	18	22	33	35	37	44	46	48	51	55	60	61	75	81	87	88	92	98	101	105	107	116	119	123	137	139	167	171	176	177	182	199	231	394	#
700	2641210	14	15	22	32	33	39	42	48	51	56	57	58	62	70	79	84	98	106	108	110	112	116	123	151	169	171	176	182	194	196	211	216	237	245	251	394	#
701	2609406	8	11	17	18	33	36	49	51	52	61	70	75	88	115	119	122	139	150	151	161	167	173	175	176	177	180	187	188	213	216	219	241	244	247	249	394	#
702	549677	21	108	114	217	218	228	242	395	#
703	459924	43	55	161	212	213	228	254	395	#
704	453862	21	66	149	150	189	193	218	395	#
705	430453	21	22	127	170	177	198	212	395	#
706	382716	33	100	145	156	202	217	220	395	#
707	380702	7	25	58	98	114	151	156	395	#
708	880843	21	28	32	46	67	124	135	137	140	143	145	225	396	#
709	1104697	9	17	46	65	76	80	112	120	147	174	211	237	396	#
710	959041	32	43	58	64	106	115	133	145	166	184	198	252	396	#
711	938915	2	7	11	17	21	23	88	126	155	170	198	235	396	#
712	938264	14	17	34	37	66	104	109	119	140	141	172	198	396	#
713	903808	1	23	35	58	64	145	149	166	191	201	209	245	396	#
714	319245	2	33	46	154	211	220	227	397	#
715	468452	15	57	70	79	134	148	154	397	#
716	454663	2	65	76	90	110	166	179	397	#
717	414852	100	145	168	199	220	231	239	397	#
718	377911	33	40	43	71	178	205	253	397	#
719	364205	25	45	54	103	181	211	249	397	#
720	57916	41	#
721	738923	3	11	39	45	54	65	69	90	149	153	218	247	398	#
722	982300	11	25	42	100	121	153	166	175	189	198	210	223	398	#
723	907511	81	90	105	115	141	154	160	187	217	225	240	254	398	#
724	865090	8	12	23	41	53	69	115	121	123	140	172	218	398	#
725	816856	8	13	39	103	113	168	198	213	220	228	234	243	398	#
726	789540	22	25	37	39	48	68	74	117	148	218	243	247	398	#
727	315410	63	92	109	116	211	399	#
728	394266	24	40	102	105	109	399	#
729	313629	22	31	116	175	254	399	#
730	261204	25	87	92	150	190	399	#
731	251812	106	116	199	204	211	399	#
732	204053	63	84	103	183	220	399	#
733	1054934	10	36	42	55	69	72	118	153	158	183	192	197	233	240	248	400	#
734	1330227	22	32	43	64	75	105	134	139	146	170	191	220	221	233	254	400	#
735	1237374	17	36	45	47	48	57	81	106	113	115	151	176	180	211	217	400	#
736	1206856	12	52	55	57	71	101	113	116	126	140	151	156	159	196	226	400	#
737	1172760	18	24	29	42	52	58	97	116	158	166	167	175	196	239	246	400	#
738	1103564	19	27	47	60	91	126	153	166	172	194	197	225	231	232	237	400	#
739	172058	0	6	238	401	#
740	200252	124	147	238	401	#
741	182399	6	71	98	401	#
742	176519	0	51	218	401	#
743	662807	44	67	88	107	108	121	159	165	167	234	402	#
744	744108	18	84	110	136	143	149	159	223	248	253	402	#
745	742845	42	62	77	88	104	109	121	159	230	249	402	#
746	710678	31	52	66	131	165	180	193	202	223	228	402	#
747	668418	31	49	61	69	108	119	139	141	143	191	402	#
748	652768	50	62	67	79	142	152	155	158	159	195	402	#
749	142868	19	93	403	#
750	134513	19	192	403	#
751	134259	93	217	403	#
752	1193913	21	34	52	53	73	112	147	151	156	164	178	186	188	192	249	404	#
753	1249992	1	5	14	21	43	51	56	67	96	130	150	164	166	188	248	404	#
754	1111223	17	30	33	42	73	81	151	169	173	185	199	202	215	241	243	404	#
755	1097347	7	31	42	56	63	93	159	178	184	186	191	210	227	241	248	404	#
756	1038645	17	21	35	52	65	76	91	96	103	142	174	186	217	247	248	404	#
757	1036640	19	21	34	49	55	83	85	87	126	138	151	164	186	204	227	404	#
758	34047	183	#
759	974032	33	56	64	73	88	112	119	148	160	170	174	204	208	210	218	232	249	405	#
760	1335220	36	37	51	54	93	94	111	116	129	146	157	174	176	198	208	228	248	405	#
761	1310305	0	15	25	33	37	42	94	102	118	140	179	184	186	217	232	240	252	405	#
762	1303885	1	9	32	55	60	73	108	126	134	138	143	190	200	204	213	232	236	405	#
763	1231268	38	48	49	66	112	125	141	144	163	164	168	170	171	172	181	186	213	405	#
764	1222869	0	66	73	75	76	110	128	151	165	176	180	183	197	208	231	248	249	405	#
765	1269866	2	20	33	65	66	73	85	107	108	112	142	150	165	186	200	225	232	237	244	247	248	251	406	#
766	1736954	1	8	9	28	29	34	36	39	57	64	67	79	87	97	129	157	174	178	185	191	226	232	406	#
767	1718658	2	7	17	48	63	65	75	86	91	111	118	129	134	142	164	166	170	176	191	218	241	249	406	#
768	1693938	1	8	18	61	63	68	106	112	157	159	163	164	166	176	193	196	201	209	223	234	244	246	406	#
769	1635083	0	45	61	82	102	106	109	113	166	167	168	169	174	179	191	199	203	216	219	226	232	248	406	#
770	1632298	7	10	38	84	86	93	102	127	135	162	165	174	176	182	191	210	229	231	234	237	241	255	406	#
771	2022516	2	12	17	18	21	27	39	55	80	96	119	121	149	160	163	165	170	175	176	185	202	206	226	241	247	255	407	#
772	2090450	1	15	17	37	40	49	51	63	74	75	79	93	130	167	184	185	203	206	211	222	226	228	240	245	247	250	407	#
773	1988053	17	18	33	42	48	59	61	65	117	119	121	141	146	154	157	163	165	170	172	185	194	208	235	240	244	245	407	#
774	1978177	18	26	33	35	58	68	69	77	80	83	91	107	113	127	140	141	163	169	170	174	175	194	202	206	236	242	407	#
775	1915833	3	7	18	27	36	46	76	78	88	93	100	121	141	145	146	152	159	160	173	201	204	212	219	228	237	245	407	#
776	1912555	1	11	16	26	33	45	83	86	88	89	93	111	136	141	154	167	174	185	192	202	210	216	223	227	228	247	407	#
777	1270015	1	15	30	42	46	50	78	104	107	132	134	156	161	166	187	210	236	408	#
778	1325738	12	13	20	21	30	46	54	116	128	133	134	136	174	216	217	233	252	408	#
779	1312020	12	36	46	56	61	63	97	110	149	157	173	176	198	218	222	241	253	408	#
780	1287128	62	63	89	151	153	156	157	158	171	176	180	186	191	196	210	233	246	408	#
781	1277666	18	22	55	69	78	94	96	113	137	139	162	164	171	197	208	210	233	408	#
782	1276933	5	9	15	34	37	54	65	82	93	98	158	164	173	178	179	194	236	408	#
783	958113	1	21	25	30	139	164	179	183	213	215	223	409	#
784	965874	8	9	30	35	47	67	75	104	127	134	219	409	#
785	954695	0	17	71	97	141	189	214	215	221	226	230	409	#
786	930465	23	30	42	48	50	110	164	179	183	218	252	409	#
787	910384	41	64	88	111	112	153	167	198	213	221	253	409	#
788	885351	1	6	25	51	99	109	165	182	192	225	251	409	#
789	431672	30	36	150	158	188	212	410	#
790	570428	11	16	46	95	158	185	410	#
791	479466	71	75	187	188	203	237	410	#
792	439670	36	111	179	195	217	240	410	#
793	434162	8	23	126	150	199	231	410	#
794	285209	30	53	81	111	170	186	410	#
795	429714	21	74	130	150	186	411	#
796	413618	18	39	74	200	225	411	#
797	413589	21	39	147	167	177	411	#
798	354051	7	133	155	186	235	411	#
799	262961	107	130	131	144	222	411	#
800	508092	38	52	123	130	148	151	162	198	243	412	#
801	679629	16	27	30	37	53	55	97	154	198	412	#
802	647675	32	38	83	115	130	150	167	171	198	412	#
803	600440	19	53	60	73	93	151	156	157	193	412	#
804	597225	45	60	93	139	155	212	219	226	243	412	#
805	569319	4	38	84	149	150	162	174	221	244	412	#
806	29638	168	#
807	283002	0	102	127	413	#
808	296729	96	102	169	413	#
809	263089	93	127	213	413	#
810	218330	0	64	169	413	#
811	159038	91	128	191	414	#
812	229449	0	91	134	414	#
813	139264	191	211	250	414	#
814	132274	95	128	131	414	#
815	1502797	7	32	36	51	57	70	103	139	146	153	166	168	183	190	198	208	211	213	218	229	244	247	415	#
816	1916078	3	9	21	22	61	82	91	98	103	115	126	152	156	166	178	189	191	218	219	221	244	250	415	#
817	1723348	5	25	46	51	63	76	80	91	124	129	133	139	174	177	181	183	204	208	218	219	228	240	415	#
818	1659371	7	11	12	19	21	80	82	90	97	103	122	136	148	183	196	200	201	211	218	230	240	245	415	#
819	1640065	9	13	18	43	61	72	83	92	99	101	104	106	138	152	168	182	214	219	228	229	238	253	415	#
820	1632008	9	11	12	28	35	43	46	57	77	82	91	123	126	138	162	192	196	213	217	244	247	250	415	#
821	498834	0	81	83	102	163	202	227	416	#
822	635751	31	58	102	151	163	171	242	416	#
823	565637	36	83	106	143	151	191	235	416	#
824	506734	14	81	83	98	115	143	195	416	#
825	498050	22	83	107	157	181	202	223	416	#
826	486609	48	74	102	137	171	191	197	416	#
827	117679	133	147	417	#
828	146604	147	207	417	#
829	126696	114	133	417	#
830	1439635	16	32	56	71	114	115	118	122	129	131	139	159	171	178	180	211	212	214	220	229	246	255	418	#
831	1868249	3	5	7	22	45	46	48	75	84	90	95	121	159	173	182	191	195	196	212	229	234	246	418	#
832	1700115	5	23	27	34	39	43	61	65	104	111	113	114	153	175	199	200	221	224	229	235	240	254	418	#
833	1693073	3	6	54	65	71	75	79	80	87	90	129	161	169	170	174	204	208	230	236	239	241	251	418	#
834	1675393	1	22	35	38	46	55	81	82	102	106	110	116	118	124	133	157	177	190	198	205	246	251	418	#
835	1671221	6	56	58	61	63	103	114	118	125	131	136	152	159	166	174	180	195	197	214	224	230	251	418	#
836	271283	48	186	223	419	#
837	267263	48	190	199	419	#
838	156565	71	135	223	419	#
839	1414994	0	2	7	14	25	42	44	54	77	83	88	103	105	131	152	171	185	187	212	219	224	234	244	420	#
840	1639284	0	3	5	13	22	23	31	37	43	64	73	84	96	126	141	147	176	187	233	235	245	247	252	420	#
841	1599391	5	9	14	27	47	51	54	59	74	89	93	121	130	132	135	158	167	185	201	221	236	239	244	420	#
842	1572518	0	2	10	11	14	27	64	88	106	108	113	134	150	154	167	182	183	188	206	214	217	235	250	420	#
843	1540197	2	3	10	22	33	42	82	88	96	118	138	149	157	167	170	193	199	219	232	236	238	248	252	420	#
844	1512762	11	29	38	48	60	78	83	91	106	116	125	131	134	136	139	172	195	214	217	235	250	251	254	420	#
845	159297	93	191	421	#
846	197777	57	93	421	#
847	178182	20	191	421	#
848	945928	27	47	57	61	93	160	168	198	206	218	227	228	236	244	251	422	#
849	1189771	22	36	45	50	81	82	94	96	107	113	156	161	176	206	246	422	#
850	1150695	9	13	20	56	60	65	72	87	88	181	188	226	228	236	246	422	#
851	1076814	15	17	19	27	50	57	90	127	133	160	176	207	233	243	246	422	#
852	1065187	26	68	81	82	106	116	142	145	154	163	164	186	228	234	246	422	#
853	1021518	1	7	9	16	27	29	58	105	106	121	166	194	198	203	228	422	#
854	764677	27	83	88	100	116	127	178	199	217	222	250	423	#
855	868716	23	51	70	88	141	150	195	210	230	242	251	423	#
856	821178	18	27	35	41	47	58	74	137	218	238	250	423	#
857	805256	16	26	32	105	131	168	170	195	211	222	235	423	#
858	749771	16	87	89	117	159	167	181	193	204	250	251	423	#
859	739790	17	24	52	116	156	173	178	181	198	209	230	423	#
860	358918	2	92	93	121	135	139	424	#
861	467451	13	93	138	159	160	236	424	#
862	434662	26	121	126	147	188	194	424	#
863	420399	12	67	92	145	185	186	424	#
864	388843	6	48	139	163	168	210	424	#
865	321797	2	4	81	105	116	139	424	#
866	578878	55	76	105	168	172	195	231	240	254	425	#
867	688632	58	126	141	155	161	212	222	240	242	425	#
868	628213	11	18	35	91	92	164	168	205	252	425	#
869	620736	23	28	48	143	149	151	163	227	231	425	#
870	620013	100	102	105	123	149	162	165	179	251	425	#
871	561197	27	42	76	102	127	151	201	212	226	425	#
872	1090644	9	16	70	108	109	116	161	187	201	207	208	214	216	233	249	251	253	254	426	#
873	1554238	11	38	45	50	86	92	98	107	129	133	137	143	176	186	189	207	214	238	426	#
874	1411095	6	9	10	11	14	17	69	78	80	87	90	129	134	152	167	214	242	243	426	#
875	1359364	15	16	32	87	90	148	161	176	182	184	214	226	233	238	240	242	244	245	426	#
876	1345761	0	15	56	75	78	90	98	148	184	187	202	203	205	207	238	242	248	251	426	#
877	1310487	24	34	68	83	86	94	101	107	123	142	154	187	200	203	214	233	243	252	426	#
878	33780	216	#
879	713842	10	81	86	105	127	148	158	179	199	218	239	241	427	#
880	964730	1	25	26	28	48	74	105	143	153	175	176	227	427	#
881	915587	26	35	45	68	73	111	117	124	144	168	176	239	427	#
882	824771	2	20	29	45	48	81	116	122	133	209	218	247	427	#
883	819673	13	19	36	39	40	82	94	119	179	214	217	231	427	#
884	805214	1	2	15	50	100	136	158	168	189	218	228	253	427	#
885	1690051	6	12	14	21	38	42	50	61	77	79	87	128	135	149	162	169	193	194	198	200	201	217	222	234	254	428	#
886	1998041	10	48	50	70	76	87	96	97	102	105	108	130	134	169	172	206	215	216	221	224	226	230	231	236	247	428	#
887	1976097	8	19	22	37	38	41	51	58	65	77	78	79	96	146	151	176	179	212	218	221	222	224	240	241	255	428	#
888	1956454	0	13	48	50	51	60	64	79	87	89	95	96	102	104	109	110	150	159	169	171	188	193	239	247	251	428	#
889	1860379	4	5	20	30	34	47	58	81	87	93	98	99	111	113	160	179	193	195	204	227	230	231	236	238	251	428	#
890	1820088	8	32	38	86	87	93	118	130	134	142	146	164	166	171	175	178	194	195	198	204	220	234	241	244	255	428	#
891	151938	47	168	429	#
892	164538	41	168	429	#
893	131308	47	156	429	#
894	1326965	6	11	17	34	50	88	119	125	169	201	210	221	226	236	237	238	430	#
895	1323648	24	50	52	54	86	91	104	112	114	133	167	176	184	221	237	246	430	#
896	1261671	8	15	72	80	84	86	88	100	134	155	162	176	202	215	237	246	430	#
897	1202163	6	11	16	60	74	80	107	117	151	181	200	217	220	229	236	238	430	#
898	1192714	11	15	32	50	97	103	107	108	131	155	156	187	188	238	250	253	430	#
899	1162843	2	6	34	40	42	65	71	114	179	181	196	218	221	230	232	251	430	#
900	279727	40	136	138	155	192	197	249	431	#
901	402095	15	118	133	136	155	195	201	431	#
902	230674	139	157	207	249	432	#
903	254600	71	80	139	177	432	#
904	215628	40	157	176	220	432	#
905	210837	29	90	145	249	432	#
906	1660101	0	1	12	17	30	32	36	43	45	46	59	60	63	76	82	87	106	137	175	203	232	244	433	#
907	1716866	1	15	21	22	28	31	47	75	93	110	125	146	148	161	170	175	178	203	208	217	219	238	433	#
908	1675564	15	16	22	29	37	43	44	51	52	72	76	81	101	137	139	167	177	191	200	229	243	254	433	#
909	1656165	12	48	55	64	75	105	124	137	139	154	167	168	171	181	184	197	199	201	219	233	235	241	433	#
910	1606215	1	8	17	20	25	46	63	76	89	111	140	156	161	164	175	179	208	209	213	217	235	241	433	#
911	1603928	1	17	51	60	80	81	89	93	94	101	107	113	151	156	169	191	202	235	236	243	248	253	433	#
912	101952	154	171	434	#
913	146995	31	171	434	#
914	108042	52	154	434	#
915	1240203	2	6	31	33	47	71	74	89	103	110	111	124	139	152	157	188	196	199	224	227	435	#
916	1750352	0	2	19	24	43	45	85	102	113	132	134	139	143	193	200	201	205	206	212	236	435	#
917	1711411	0	2	15	43	50	58	61	101	113	116	134	147	164	181	182	194	196	205	229	252	435	#
918	1484806	15	24	33	93	99	110	113	123	134	138	142	155	160	171	189	199	200	205	224	238	435	#
919	1446295	14	29	43	58	70	91	93	103	105	111	113	134	139	141	161	166	202	215	249	251	435	#
920	1445238	4	9	34	43	50	61	66	71	97	103	127	139	146	174	179	189	205	224	240	249	435	#
921	338011	32	48	55	436	#
922	307690	32	143	208	436	#
923	242498	48	53	112	436	#
924	184049	42	55	222	436	#
925	159381	78	82	192	437	#
926	210521	82	122	155	437	#
927	209954	12	86	192	437	#
928	278362	61	82	157	198	438	#
929	321319	82	182	186	223	438	#
930	319010	98	170	198	203	438	#
931	271204	57	101	157	186	438	#
932	212063	61	77	84	114	438	#
933	1651482	1	6	7	21	23	43	45	89	91	98	119	133	137	139	142	148	149	160	164	205	230	235	236	238	439	#
934	1856870	1	5	12	45	67	70	81	86	93	105	118	119	129	132	147	150	161	164	170	172	187	192	207	255	439	#
935	1787988	13	45	57	75	81	86	87	96	105	125	131	136	137	141	145	149	150	165	174	189	191	214	233	235	439	#
936	1744355	3	4	24	31	38	43	45	64	72	82	87	89	99	102	127	137	146	160	188	207	229	236	243	251	439	#
937	1710415	16	30	31	57	70	75	133	141	143	150	151	155	157	161	174	177	191	194	195	198	225	227	231	246	439	#
938	1705652	0	10	11	21	23	29	42	52	55	82	84	91	100	105	132	161	163	164	171	196	200	212	220	255	439	#
939	866333	6	8	48	49	58	72	76	87	95	132	156	165	200	215	220	241	440	#
940	1184293	14	15	22	46	58	62	63	85	91	107	134	154	156	215	220	224	440	#
941	1124323	5	6	15	34	56	75	101	116	148	154	164	190	199	205	233	249	440	#
942	1106067	2	8	24	42	46	51	72	95	116	141	148	153	174	212	223	230	440	#
943	1077979	22	24	26	49	57	81	109	124	134	137	140	149	163	211	226	246	440	#
944	1045913	5	6	28	34	46	57	91	95	97	112	123	149	159	160	165	178	440	#
945	299552	30	110	190	441	#
946	282755	9	21	30	441	#
947	251086	110	231	254	441	#
948	203678	41	123	190	441	#
949	128569	37	#
950	634099	33	75	89	97	111	146	154	229	442	#
951	731031	12	20	89	93	126	140	188	205	442	#
952	715202	0	26	75	90	97	136	221	250	442	#
953	694316	28	41	83	97	111	155	224	230	442	#
954	660818	30	46	53	63	75	103	108	133	442	#
955	582603	9	26	36	60	77	138	144	146	442	#
956	395064	31	69	72	108	144	218	221	255	443	#
957	561631	6	86	89	111	139	148	161	221	443	#
958	550333	0	24	69	72	83	114	188	189	443	#
959	495135	66	115	119	122	236	248	250	255	443	#
960	491641	2	3	114	116	127	138	144	199	443	#
961	445454	39	55	93	108	116	142	196	233	443	#
962	84479	68	107	#
963	1266453	0	18	37	39	80	99	105	132	159	165	199	203	204	210	230	444	#
964	1161712	2	11	42	58	92	101	107	114	117	130	134	160	165	189	239	444	#
965	1148752	0	5	34	42	52	93	97	159	165	191	204	230	236	248	249	444	#
966	1080910	12	39	55	78	79	105	114	119	122	177	186	194	211	227	234	444	#
967	1079283	3	6	32	37	55	58	93	106	116	137	139	150	179	201	204	444	#
968	1073832	10	25	43	48	68	87	107	116	121	130	152	201	211	228	230	444	#
969	271201	77	94	113	251	445	#
970	327136	30	113	205	225	445	#
971	226472	94	197	214	244	445	#
972	185017	5	77	180	202	445	#
973	172591	83	98	208	251	445	#
974	751251	11	78	84	90	112	121	126	142	180	187	191	193	209	228	446	#
975	1109086	0	9	16	78	79	113	114	118	120	124	168	175	191	195	446	#
976	1100063	17	20	27	30	75	88	90	118	122	147	187	191	196	243	446	#
977	1077928	17	39	46	62	86	114	117	138	167	182	187	188	221	251	446	#
978	970234	2	26	38	48	104	113	123	144	157	181	204	209	226	245	446	#
979	965616	20	34	37	42	49	52	55	62	79	84	100	147	156	158	446	#
980	853322	7	24	31	61	69	71	145	158	167	178	232	241	447	#
981	1027885	12	17	24	26	33	34	88	123	167	168	193	241	447	#
982	991209	23	30	36	73	122	133	148	150	158	219	251	252	447	#
983	990439	12	18	28	46	64	115	121	167	178	184	187	240	447	#
984	959405	16	23	31	63	89	102	103	148	197	225	230	247	447	#
985	889924	37	61	106	114	122	125	133	150	176	182	230	245	447	#
986	205064	40	199	213	448	#
987	253844	138	167	213	448	#
988	106835	77	169	199	448	#
989	150236	202	237	240	449	#
990	208358	2	58	240	449	#
991	169190	5	151	237	449	#
992	145660	62	193	202	449	#
993	230512	27	60	86	94	450	#
994	298812	60	65	117	211	450	#
995	229707	19	86	129	237	450	#
996	203883	27	67	141	181	450	#
997	261625	48	54	154	181	451	#
998	335656	154	174	188	255	451	#
999	321999	31	126	181	247	451	#
1000	227274	54	76	128	219	451	#
