%% File generated by CATS v.2.1Wed Jun 19 19:19:48 2013

%% The CATS webpage is http://robotics.stanford.edu/CATS

%% PARAMETER SETTINGS:
% Goods: 256; Bids: 1000; Distribution: arbitrary; Runs: 50; Seed: 1371664721
% Arbitrary Distribution Parameters:
% Max Substitutable Bids = 5
% Removing HV Neighbor   = 0.1
% Adding DIAG Neighbor   = 0.2
% Additional Location    = 0.9
% Additivity             = 0.2
% Budget Factor          = 1.5
% Resale Factor          = 0.5
% Normal Private Value:
%   Mean                 = 0
%   Standard Deviation   = 30



goods 256
bids 1000
dummy 193

0	520139	4	60	96	144	182	256	#
1	534477	6	11	108	144	252	256	#
2	465998	1	4	79	159	209	256	#
3	450925	8	148	160	180	182	256	#
4	370568	42	58	96	182	189	256	#
5	268258	44	60	74	239	255	256	#
6	116055	156	223	257	#
7	127850	98	223	257	#
8	115143	156	161	257	#
9	24777	10	#
10	1380049	14	36	47	59	81	87	93	95	97	99	101	107	111	128	145	156	157	169	198	208	226	248	252	258	#
11	1729607	8	19	24	27	28	51	59	93	103	114	137	138	145	147	151	170	172	213	223	231	233	251	253	258	#
12	1625225	6	35	46	53	56	72	73	80	94	95	98	101	109	116	121	137	153	156	165	193	198	213	221	258	#
13	1596796	3	8	12	14	37	48	56	69	124	129	139	157	158	181	190	194	195	198	208	222	228	233	235	258	#
14	1572906	4	9	35	36	58	65	69	73	82	85	89	95	97	125	135	139	149	152	194	201	228	241	253	258	#
15	1568050	6	8	11	46	48	64	75	77	84	89	95	97	99	132	142	143	157	171	176	193	210	219	228	258	#
16	577674	8	29	32	36	44	86	98	152	175	215	220	221	251	259	#
17	863965	9	11	12	52	73	111	135	145	168	169	185	223	251	259	#
18	769042	2	8	15	62	68	73	116	123	156	202	210	213	228	259	#
19	764258	4	40	68	126	136	141	152	164	173	180	191	201	248	259	#
20	753223	4	21	36	51	73	76	104	113	136	189	227	232	234	259	#
21	750576	2	16	22	78	88	95	118	157	175	182	193	211	248	259	#
22	380740	15	27	94	117	214	260	#
23	323674	25	52	80	99	117	260	#
24	298635	15	17	27	48	98	260	#
25	274560	91	94	117	138	155	260	#
26	263324	27	84	138	184	190	260	#
27	242475	17	113	121	214	242	260	#
28	165367	81	160	261	#
29	132012	160	176	261	#
30	120836	81	205	261	#
31	1591049	12	28	44	84	93	102	110	112	115	120	121	135	137	144	145	154	169	179	181	190	196	197	219	220	231	233	234	243	255	262	#
32	2256979	20	22	31	41	54	63	64	85	129	147	157	161	164	169	179	181	185	192	197	204	205	206	237	240	244	246	247	253	254	262	#
33	2172820	1	4	18	21	34	47	54	55	63	77	98	102	103	105	123	141	150	169	172	178	184	190	192	220	229	239	247	249	255	262	#
34	2083669	0	29	34	40	44	45	48	54	57	60	64	76	82	92	98	114	128	132	134	164	174	179	193	203	223	225	228	254	255	262	#
35	2003218	20	31	45	49	57	72	77	78	93	126	131	133	136	158	163	174	175	179	197	208	214	219	222	230	233	237	244	253	255	262	#
36	1981287	4	16	21	22	49	52	61	63	67	72	82	83	106	114	132	142	143	145	147	158	178	184	199	203	222	230	233	240	252	262	#
37	459979	55	90	113	116	143	175	220	230	263	#
38	576697	55	58	81	82	174	215	225	238	263	#
39	573844	4	62	106	142	143	183	220	231	263	#
40	468929	77	90	93	139	140	145	163	195	263	#
41	427455	13	21	88	169	175	184	192	237	263	#
42	408690	9	48	69	97	217	221	230	240	263	#
43	96822	7	196	215	255	264	#
44	142914	142	160	199	215	264	#
45	445156	57	67	124	127	131	136	146	240	265	#
46	658179	21	27	55	67	147	187	241	250	265	#
47	524450	37	129	136	142	167	169	184	242	265	#
48	520378	57	60	64	80	96	167	208	241	265	#
49	508886	44	50	55	99	170	189	203	240	265	#
50	502769	31	67	109	121	127	168	178	199	265	#
51	57984	174	#
52	87975	66	254	266	#
53	67340	125	254	266	#
54	318509	17	23	151	220	267	#
55	420423	13	118	189	220	267	#
56	296054	17	71	137	223	267	#
57	248171	87	151	176	186	267	#
58	160887	23	40	100	104	267	#
59	177358	26	89	110	268	#
60	259188	54	89	247	268	#
61	227950	26	232	239	268	#
62	112009	6	69	110	268	#
63	62364	112	145	269	#
64	62034	34	145	269	#
65	46226	10	112	269	#
66	332825	82	163	212	219	270	#
67	392745	15	25	129	219	270	#
68	269289	114	133	163	255	270	#
69	236588	46	97	212	218	270	#
70	162844	49	82	121	135	270	#
71	198631	156	196	231	271	#
72	239242	13	73	231	271	#
73	232913	67	169	196	271	#
74	131304	156	165	225	271	#
75	276417	30	53	79	121	208	272	#
76	401324	13	53	58	119	122	272	#
77	376809	79	92	113	140	234	272	#
78	362608	79	81	121	158	165	272	#
79	337731	20	24	30	156	191	272	#
80	266531	1	21	71	208	247	272	#
81	241292	166	170	219	273	#
82	252786	59	114	166	273	#
83	165067	75	170	201	273	#
84	64812	76	174	251	#
85	62779	153	#
86	880453	22	47	55	59	64	89	94	137	173	175	179	215	216	223	231	253	274	#
87	1203800	49	74	86	90	96	98	122	141	144	152	154	195	202	210	215	232	274	#
88	1160191	3	19	29	59	63	81	84	93	96	144	173	220	227	238	252	254	274	#
89	1148902	3	9	14	35	53	70	85	94	102	127	161	180	193	194	198	229	274	#
90	1105293	16	21	28	53	62	89	108	110	130	138	145	158	191	230	232	240	274	#
91	1102979	9	13	14	27	51	55	69	74	97	109	113	129	157	174	206	209	274	#
92	1014481	4	15	25	31	32	34	39	49	64	69	73	89	112	119	129	135	156	172	204	242	245	246	275	#
93	1510169	4	5	22	23	24	28	35	55	80	84	88	89	96	109	141	154	222	224	231	243	246	247	275	#
94	1448923	16	17	29	35	59	60	72	83	87	89	106	122	133	140	156	162	176	186	198	223	237	242	275	#
95	1412282	5	6	15	26	41	54	61	70	71	73	86	112	119	130	142	143	157	160	164	169	170	216	275	#
96	1370584	18	26	28	35	42	45	47	63	102	110	119	129	145	156	160	173	183	214	218	219	226	247	275	#
97	1366651	5	8	12	23	27	28	30	36	86	94	95	108	138	154	164	169	172	186	192	204	235	242	275	#
98	691071	3	25	67	87	147	170	183	203	247	276	#
99	830235	28	38	87	92	106	107	109	170	210	276	#
100	782343	44	120	129	130	141	153	161	192	203	276	#
101	713054	85	99	108	144	155	161	165	174	247	276	#
102	705779	18	55	76	87	101	103	107	138	206	276	#
103	704865	3	17	36	74	161	166	184	209	228	276	#
104	236314	40	67	162	175	204	235	255	277	#
105	354220	40	41	51	120	181	189	206	277	#
106	295641	0	94	175	212	220	227	246	277	#
107	267643	54	62	67	73	90	224	254	277	#
108	291831	9	84	89	126	278	#
109	413004	89	184	194	208	278	#
110	319377	39	68	84	231	278	#
111	250968	122	126	137	153	278	#
112	230460	9	32	88	200	278	#
113	15868	112	#
114	1045187	55	56	72	79	93	94	95	97	106	108	122	146	177	225	279	#
115	1218686	18	24	57	62	89	108	117	119	138	152	180	192	236	252	279	#
116	1115801	19	21	54	55	82	86	93	117	118	124	127	175	227	240	279	#
117	1060834	3	21	48	59	80	110	118	173	180	197	205	225	240	241	279	#
118	1036525	21	29	33	39	56	57	65	81	85	96	111	227	245	254	279	#
119	994138	1	8	53	55	60	141	143	152	166	192	206	210	222	233	279	#
120	2320689	4	12	15	29	30	38	39	59	67	78	80	84	87	88	96	103	106	107	135	138	140	154	160	163	165	167	176	178	189	194	202	207	222	224	228	233	243	253	280	#
121	3056612	7	12	38	42	51	56	58	60	61	62	72	77	80	82	86	89	90	94	101	108	112	139	142	168	169	178	189	190	194	198	200	201	203	216	222	230	251	253	280	#
122	2739622	2	7	15	23	25	27	36	40	51	54	58	69	77	95	100	118	119	121	124	135	143	144	160	161	165	167	168	170	175	179	181	189	225	228	230	235	237	238	280	#
123	2654695	3	5	7	11	19	26	27	38	41	54	56	67	69	76	78	80	97	103	105	106	124	130	131	135	137	139	147	159	165	176	190	194	222	225	239	245	246	249	280	#
124	2636316	6	7	8	20	23	24	33	36	37	40	44	47	53	54	57	74	78	86	91	99	132	140	155	160	168	176	182	188	201	203	205	208	210	221	222	237	250	251	280	#
125	2622226	4	7	16	19	28	30	49	62	82	102	110	112	113	131	137	139	141	142	153	165	177	178	187	193	194	196	198	199	210	215	224	228	230	231	234	247	249	252	280	#
126	564156	17	73	106	114	123	139	142	173	208	225	281	#
127	803936	17	20	32	95	100	129	144	156	230	253	281	#
128	704840	6	15	32	40	114	117	120	185	225	248	281	#
129	666027	28	72	102	110	117	123	164	194	210	242	281	#
130	648311	5	17	34	77	139	156	162	200	232	251	281	#
131	559604	60	72	74	101	161	173	176	214	219	221	281	#
132	66442	53	#
133	1691537	2	6	9	26	28	32	70	103	106	142	147	149	158	166	167	169	171	173	180	182	186	191	199	224	230	255	282	#
134	2066553	11	22	30	58	65	69	83	95	97	103	112	114	122	141	150	153	159	176	182	186	195	209	213	217	237	254	282	#
135	1928751	12	13	20	26	47	51	54	61	63	76	80	84	86	87	107	142	190	191	194	201	204	220	224	226	237	253	282	#
136	1864474	13	32	33	36	43	63	68	84	99	101	104	107	112	113	114	120	138	147	150	174	184	208	216	219	226	255	282	#
137	1847845	3	9	12	13	22	32	34	77	81	82	84	85	91	112	142	148	160	161	164	204	205	209	211	235	254	255	282	#
138	1833275	10	12	13	16	21	58	63	69	74	97	111	123	124	133	149	161	175	186	205	207	217	221	237	240	243	247	282	#
139	2580552	1	13	15	19	38	43	45	48	49	60	68	69	77	78	80	89	97	98	107	113	130	132	141	148	158	170	190	191	195	217	225	230	231	233	238	239	241	249	251	283	#
140	2795059	4	15	18	33	42	51	55	59	66	74	76	79	91	100	110	113	114	118	123	127	137	145	149	150	153	156	160	167	171	186	190	194	209	215	218	226	233	235	239	283	#
141	2728116	0	5	19	22	26	41	44	45	51	52	55	56	58	73	76	95	108	110	113	118	130	146	150	155	164	168	169	181	183	186	191	192	193	195	204	207	231	233	251	283	#
142	2717421	1	2	13	14	22	24	27	38	40	43	45	59	61	75	80	82	90	94	106	109	112	113	118	120	131	142	154	169	178	193	194	196	203	206	226	229	233	243	254	283	#
143	2716070	0	7	8	20	23	30	32	36	40	49	55	57	59	63	67	70	78	96	99	103	112	116	133	139	143	145	150	158	159	171	178	184	207	225	237	240	243	244	255	283	#
144	2636310	1	2	17	23	32	49	54	57	59	60	67	71	103	108	112	113	114	117	118	120	126	130	137	139	142	153	156	171	176	193	196	211	212	213	214	219	222	233	245	283	#
145	42902	32	#
146	1462289	14	19	20	22	25	45	72	77	86	97	131	135	136	138	158	161	174	178	191	199	217	219	221	229	284	#
147	1798097	23	25	27	44	48	52	57	76	81	86	101	103	107	108	117	152	174	177	199	217	222	223	245	248	284	#
148	1771257	4	9	10	17	22	25	31	47	59	77	82	85	116	133	140	143	157	174	182	205	211	230	252	253	284	#
149	1758248	9	10	14	25	41	57	70	105	122	124	127	138	139	152	170	174	177	206	209	217	219	240	243	252	284	#
150	1717794	7	17	61	68	84	99	101	108	113	124	136	140	146	156	164	165	170	176	179	216	218	234	236	248	284	#
151	1699730	4	7	14	17	25	49	61	124	148	153	159	161	163	165	166	177	183	185	194	196	206	209	228	230	284	#
152	486312	6	44	107	131	181	187	240	285	#
153	613682	80	99	101	135	144	234	240	285	#
154	532445	6	128	136	137	189	193	240	285	#
155	525069	80	150	181	188	196	217	246	285	#
156	485037	32	86	138	170	187	191	245	285	#
157	438453	25	44	68	135	185	232	243	285	#
158	18200	167	#
159	269041	8	93	130	143	208	239	286	#
160	395059	62	80	129	134	208	226	286	#
161	327072	63	144	177	216	239	245	286	#
162	234494	93	110	115	123	127	134	286	#
163	224619	7	33	34	130	173	230	286	#
164	70182	224	#
165	120972	189	244	287	#
166	136122	165	189	287	#
167	117305	235	244	287	#
168	153825	22	72	220	288	#
169	228610	72	81	253	288	#
170	191650	22	164	214	288	#
171	35731	85	#
172	189767	51	78	112	171	214	289	#
173	262292	16	96	112	227	233	289	#
174	218018	47	78	110	221	231	289	#
175	121294	46	58	116	145	171	289	#
176	48170	26	51	73	155	242	289	#
177	165032	107	234	253	290	#
178	224236	77	107	148	290	#
179	197246	97	153	234	290	#
180	118418	148	232	253	290	#
181	327674	6	22	40	60	291	#
182	376315	6	139	174	179	291	#
183	309386	40	170	171	230	291	#
184	95553	22	162	168	171	291	#
185	81008	13	37	292	#
186	79698	37	226	292	#
187	687943	9	54	57	59	63	97	104	153	157	163	221	244	293	#
188	996861	9	23	59	70	103	129	144	155	168	176	189	220	293	#
189	942647	1	44	47	63	73	83	89	128	129	203	217	255	293	#
190	858555	9	32	39	49	93	97	152	189	190	205	218	239	293	#
191	847241	26	47	69	115	119	136	153	159	165	167	177	253	293	#
192	757092	1	42	44	81	86	89	94	163	180	227	229	232	293	#
193	930939	8	29	32	35	37	68	69	71	111	121	138	152	155	178	180	192	218	242	294	#
194	1232590	29	45	55	59	65	78	80	90	95	107	123	128	132	161	181	183	197	245	294	#
195	1201895	1	23	44	46	68	72	85	89	94	96	99	121	135	137	171	176	183	187	294	#
196	1142413	7	14	55	56	63	69	74	79	93	105	110	133	140	154	185	204	230	243	294	#
197	1130831	0	12	16	46	56	78	94	114	131	142	145	178	202	203	211	217	226	242	294	#
198	1091128	37	96	98	108	113	120	128	131	137	152	153	173	192	193	196	214	248	254	294	#
199	283579	3	53	57	295	#
200	194006	3	211	243	295	#
201	170440	57	172	208	295	#
202	155739	53	235	240	295	#
203	324255	2	60	113	146	296	#
204	341550	60	199	222	242	296	#
205	290172	96	113	153	160	296	#
206	225824	2	10	113	116	296	#
207	214214	76	91	146	250	296	#
208	1735266	28	38	60	62	74	101	119	120	132	138	147	151	154	159	171	177	185	200	214	220	228	236	253	297	#
209	1833188	4	48	61	74	84	95	97	103	108	109	120	126	173	188	195	199	200	207	211	212	232	235	236	297	#
210	1776914	6	16	28	38	60	69	71	74	83	84	89	96	111	128	140	141	148	170	187	191	219	225	232	297	#
211	1758471	8	9	11	24	32	50	55	68	74	79	93	131	134	159	167	176	181	185	200	207	222	239	254	297	#
212	1633453	18	43	56	68	75	80	88	117	120	148	151	159	167	176	177	190	191	200	209	228	248	249	255	297	#
213	1600065	7	21	39	49	78	80	83	88	98	125	131	135	149	155	185	191	199	200	207	212	232	237	249	297	#
214	489209	11	72	94	126	146	298	#
215	393384	98	100	129	146	151	298	#
216	391995	70	91	126	146	252	298	#
217	349254	26	72	137	198	233	298	#
218	304064	6	81	94	116	221	298	#
219	258158	11	73	94	112	205	298	#
220	48287	125	#
221	236979	100	150	158	299	#
222	307037	25	100	136	299	#
223	238317	60	120	150	299	#
224	129593	19	80	158	299	#
225	58880	64	167	300	#
226	80556	158	167	300	#
227	154976	78	132	173	301	#
228	208458	31	78	179	301	#
229	154443	89	173	190	301	#
230	81010	10	61	135	156	167	302	#
231	80586	1	35	135	208	211	302	#
232	106559	159	#
233	1959331	10	14	15	19	21	27	30	43	44	47	71	78	95	110	118	120	124	130	134	136	140	142	145	154	155	178	179	184	195	208	211	219	220	228	246	303	#
234	2700642	4	9	16	20	32	38	78	82	83	88	92	93	95	101	102	106	108	110	112	118	162	164	174	179	180	181	185	197	202	204	214	231	234	238	246	303	#
235	2622221	13	14	22	25	38	39	72	85	90	91	100	101	102	111	113	132	134	135	142	148	153	157	158	164	167	177	183	193	195	201	208	211	234	238	246	303	#
236	2620071	4	16	22	59	63	69	70	85	90	93	100	101	102	110	114	115	141	146	155	161	162	163	166	167	173	179	187	189	190	202	206	211	231	234	246	303	#
237	2552203	0	6	13	14	25	27	36	65	74	83	84	85	86	88	89	91	95	102	107	110	130	134	141	145	149	158	178	183	186	195	199	200	202	209	217	303	#
238	2529499	28	38	39	48	56	63	65	69	70	93	103	104	109	116	133	149	154	160	167	172	180	196	202	217	222	223	224	225	226	229	230	232	241	244	247	303	#
239	606111	12	42	75	89	146	149	164	209	242	304	#
240	758387	6	89	106	137	147	161	192	196	213	304	#
241	729160	14	28	82	98	114	160	164	218	240	304	#
242	717635	12	17	25	82	99	149	197	216	232	304	#
243	608879	8	25	42	85	88	95	100	129	176	304	#
244	605634	56	75	105	120	141	218	234	235	255	304	#
245	106553	107	153	305	#
246	99719	153	242	305	#
247	1399428	18	19	20	25	30	42	50	59	60	71	147	148	150	160	169	173	174	190	199	237	306	#
248	1618511	2	4	21	25	67	77	103	114	127	148	165	181	191	193	200	207	218	237	241	244	306	#
249	1569122	18	29	52	53	79	81	84	99	100	104	111	160	181	188	190	192	198	244	246	253	306	#
250	1492099	2	19	22	26	37	54	70	84	96	103	104	132	133	161	166	178	179	231	232	237	306	#
251	1399052	42	50	60	70	96	109	133	134	160	190	191	194	203	218	224	232	236	242	245	249	306	#
252	1395653	9	20	22	28	59	72	99	130	146	147	162	164	181	183	206	218	223	242	251	254	306	#
253	2359559	16	23	27	29	31	33	35	38	49	55	56	63	66	72	74	85	92	100	119	123	139	147	161	166	172	173	174	178	180	181	186	187	189	206	212	222	307	#
254	2616410	6	8	15	16	18	24	39	47	50	53	59	61	63	74	98	99	101	117	130	135	145	151	154	174	180	186	195	207	215	217	224	226	228	238	242	251	307	#
255	2601572	1	6	11	26	33	34	61	63	69	83	84	92	102	109	126	132	137	141	146	155	157	161	164	166	168	174	178	183	184	187	190	198	213	226	235	247	307	#
256	2538694	1	3	4	8	11	18	25	50	60	70	72	74	80	88	92	99	108	111	113	134	144	148	155	166	171	174	177	194	195	196	198	216	218	241	245	255	307	#
257	2501890	5	11	24	26	30	44	50	54	55	57	61	65	71	79	120	129	137	145	147	159	166	169	179	182	199	200	205	216	218	220	222	230	239	245	247	249	307	#
258	2489307	6	7	9	13	22	26	43	51	54	56	59	63	67	75	83	92	95	101	123	129	142	146	150	153	156	167	173	174	184	220	225	237	239	244	248	252	307	#
259	106817	114	201	255	308	#
260	118714	81	119	201	308	#
261	133055	159	175	309	#
262	148148	156	159	309	#
263	142246	175	239	309	#
264	1942253	4	21	43	57	67	76	77	82	86	96	105	126	128	129	133	137	148	161	169	180	181	201	207	219	228	235	245	310	#
265	2182823	0	6	8	16	23	24	28	88	90	121	125	147	154	156	162	166	180	188	196	199	207	226	230	236	240	247	253	310	#
266	2024915	0	3	11	12	13	18	28	58	63	88	106	123	126	132	136	156	176	182	184	186	205	222	226	241	245	248	252	310	#
267	1978767	4	6	11	12	21	38	63	85	90	105	129	133	142	149	157	164	165	166	177	194	200	201	204	226	230	244	250	310	#
268	1871062	4	8	16	21	28	32	38	51	53	78	79	100	116	123	127	129	131	142	147	148	159	180	201	220	230	240	247	310	#
269	1839836	4	24	41	53	79	110	114	119	144	146	147	164	173	181	182	186	188	197	205	207	217	228	229	230	234	238	253	310	#
270	95959	118	199	311	#
271	93133	144	199	311	#
272	212813	10	188	211	312	#
273	168648	10	116	207	312	#
274	155573	71	188	243	312	#
275	137664	154	201	211	312	#
276	244752	13	29	110	232	313	#
277	347725	95	158	222	232	313	#
278	296417	21	29	86	234	313	#
279	135583	51	110	179	255	313	#
280	116881	13	47	97	169	313	#
281	1904147	10	25	45	71	84	86	96	101	105	107	113	117	118	119	123	125	134	145	158	164	166	169	184	187	204	219	230	238	239	243	254	314	#
282	2433902	6	8	9	15	39	50	52	53	60	75	79	99	108	115	122	147	158	159	166	183	184	187	198	203	208	215	223	228	236	239	240	314	#
283	2239746	11	17	18	25	46	65	66	81	84	86	102	113	117	125	131	146	162	169	171	174	179	181	187	188	196	198	212	219	222	230	253	314	#
284	2192456	18	20	23	38	42	47	53	56	71	93	98	99	104	117	118	120	124	133	152	171	176	178	185	190	202	205	216	225	228	238	241	314	#
285	2161888	13	19	41	61	67	72	79	84	104	108	109	118	119	121	141	153	157	165	176	187	190	201	205	228	234	235	238	239	246	248	251	314	#
286	2159386	2	8	10	17	19	26	41	42	44	57	65	72	81	83	96	98	109	115	124	128	151	158	159	162	166	170	183	215	222	235	253	314	#
287	133716	149	167	243	315	#
288	181337	129	243	245	315	#
289	157334	160	167	187	315	#
290	141576	187	204	316	#
291	125547	1	187	316	#
292	65263	169	204	316	#
293	773799	28	39	81	92	118	141	149	205	317	#
294	705887	54	81	91	123	141	156	176	190	317	#
295	641858	58	141	147	149	153	185	189	242	317	#
296	544912	39	61	62	109	125	147	172	221	317	#
297	515938	10	28	33	110	117	126	190	206	317	#
298	493623	5	55	68	118	123	185	210	229	317	#
299	307971	6	18	41	83	169	318	#
300	441082	74	78	83	138	166	318	#
301	349598	73	169	217	225	246	318	#
302	320794	6	87	140	153	162	318	#
303	314581	41	122	193	206	233	318	#
304	274433	18	71	122	133	199	318	#
305	874472	2	9	11	41	49	59	98	124	130	148	162	191	193	224	226	236	242	319	#
306	1296318	3	11	20	26	50	69	91	94	113	119	137	194	218	225	234	242	244	319	#
307	1193808	15	20	29	31	35	41	47	99	120	143	158	185	207	209	214	237	253	319	#
308	1120836	0	6	44	74	81	100	103	136	141	148	226	229	234	240	248	249	251	319	#
309	1102312	9	18	35	45	46	50	55	98	102	107	174	210	218	232	235	240	248	319	#
310	1100576	6	9	14	36	58	59	63	75	92	95	123	124	131	145	194	227	228	319	#
311	311388	0	28	92	186	225	320	#
312	313491	28	99	154	183	252	320	#
313	286992	51	92	123	130	248	320	#
314	201228	0	72	119	165	187	320	#
315	185071	50	126	186	195	241	320	#
316	832025	3	94	133	153	155	163	173	188	197	205	211	216	220	221	222	231	245	321	#
317	1238082	4	17	47	75	81	85	113	159	166	167	168	177	189	201	216	232	238	321	#
318	1205988	15	38	44	57	64	81	82	84	95	106	109	129	179	200	222	245	246	321	#
319	1183710	4	18	46	65	95	111	116	131	143	154	168	174	180	193	211	233	241	321	#
320	1111233	16	21	35	57	64	70	79	82	108	122	153	173	187	220	239	240	243	321	#
321	1105799	19	25	35	64	83	85	93	132	140	153	171	173	176	186	188	191	228	321	#
322	114931	218	#
323	20265	64	#
324	261122	9	27	34	139	322	#
325	358652	9	61	204	215	322	#
326	275493	27	61	181	203	322	#
327	203803	34	54	76	251	322	#
328	148692	9	52	139	173	322	#
329	545968	5	91	102	104	105	112	123	147	153	156	323	#
330	720310	66	100	102	105	112	116	128	137	139	203	323	#
331	718241	4	12	55	96	105	108	174	205	250	254	323	#
332	716569	19	21	30	96	113	147	188	193	217	242	323	#
333	661874	36	41	46	75	92	104	128	162	223	235	323	#
334	641653	17	22	57	81	119	123	127	138	167	208	323	#
335	815198	65	95	106	125	162	165	170	174	178	184	192	239	245	253	254	324	#
336	1052586	6	24	58	73	100	104	124	145	153	192	211	223	226	245	254	324	#
337	992435	8	10	29	37	55	56	65	90	103	104	120	132	188	191	232	324	#
338	988697	16	25	32	84	92	101	111	115	148	174	182	206	209	211	248	324	#
339	951027	4	16	46	90	124	154	159	167	184	189	191	204	218	235	238	324	#
340	948445	0	43	51	57	81	82	90	95	122	129	165	173	208	224	235	324	#
341	128322	146	180	325	#
342	112762	180	238	325	#
343	94743	38	146	325	#
344	151772	109	155	229	326	#
345	191404	109	132	185	326	#
346	311212	33	43	76	108	225	327	#
347	449945	25	36	108	156	237	327	#
348	362180	6	25	76	113	235	327	#
349	255701	12	43	57	140	173	327	#
350	241530	33	98	162	217	253	327	#
351	266812	41	93	136	177	328	#
352	304143	33	108	128	136	328	#
353	252920	79	137	177	178	328	#
354	236807	47	66	79	93	328	#
355	172012	41	44	250	251	328	#
356	1374498	1	6	7	23	41	70	73	93	99	101	102	115	133	134	139	142	163	202	222	224	251	329	#
357	1480457	37	58	70	89	127	149	158	159	166	167	185	190	207	210	215	220	224	226	232	244	247	329	#
358	1411712	6	27	43	50	72	75	89	93	108	111	118	120	129	138	180	186	220	225	240	247	253	329	#
359	1369128	10	11	19	36	53	56	72	92	97	104	130	131	133	146	158	160	163	207	210	218	227	329	#
360	1363832	17	19	25	34	44	48	51	70	84	93	99	133	138	139	142	172	179	190	201	217	239	329	#
361	1359054	12	23	31	34	42	56	58	73	108	112	133	152	187	193	198	207	210	215	220	221	255	329	#
362	141386	97	127	130	330	#
363	150943	80	97	209	330	#
364	108373	70	130	165	330	#
365	779378	27	61	82	102	106	109	110	183	196	219	249	331	#
366	932259	6	20	31	39	97	106	170	193	225	243	252	331	#
367	872797	61	64	78	89	136	141	158	194	196	204	241	331	#
368	824656	3	74	82	108	190	200	221	237	243	246	252	331	#
369	751500	14	38	40	65	108	110	134	147	149	167	230	331	#
370	683241	11	23	30	85	93	133	140	158	186	196	223	331	#
371	53890	30	49	332	#
372	33108	30	153	332	#
373	368967	19	48	94	147	152	185	205	216	333	#
374	463430	5	24	25	52	75	136	147	209	333	#
375	428601	19	38	39	61	154	160	164	208	333	#
376	418249	79	110	129	132	152	187	205	248	333	#
377	398360	0	47	53	73	146	178	185	244	333	#
378	340998	1	88	108	112	130	152	180	230	333	#
379	313358	50	99	104	133	150	255	334	#
380	395371	95	136	150	183	199	225	334	#
381	385935	47	50	82	111	224	252	334	#
382	378282	64	82	109	133	199	246	334	#
383	290174	66	169	190	202	247	255	334	#
384	264048	99	102	141	175	253	254	334	#
385	36540	205	#
386	977046	19	34	43	68	83	102	112	145	147	164	178	205	208	231	232	247	335	#
387	1426792	39	47	71	74	100	124	142	144	166	192	200	226	231	236	241	246	335	#
388	1342288	2	8	15	54	58	59	74	81	100	102	164	178	197	232	234	241	335	#
389	1188050	4	9	25	58	87	99	104	143	144	167	169	183	201	208	209	230	335	#
390	1131379	4	36	38	68	75	101	123	148	160	179	197	208	214	230	232	247	335	#
391	1074920	4	14	34	35	73	98	100	102	120	128	152	154	216	231	239	247	335	#
392	230972	21	94	105	116	192	221	336	#
393	332495	21	30	33	66	134	178	336	#
394	292444	16	93	142	192	243	250	336	#
395	1441080	6	7	21	37	38	39	41	44	74	78	106	111	131	144	157	160	177	179	180	182	188	206	212	337	#
396	1782189	15	50	58	65	68	69	70	78	113	119	130	149	151	160	166	184	221	223	232	237	247	250	251	337	#
397	1736619	9	21	23	40	48	59	76	77	90	96	100	102	118	123	147	173	178	182	184	186	191	212	231	337	#
398	1695432	45	58	63	67	84	97	102	121	128	130	147	152	163	164	182	189	200	218	219	227	232	244	250	337	#
399	1688664	2	14	17	21	36	64	82	96	98	103	120	129	130	133	161	167	179	211	212	232	237	240	250	337	#
400	1636771	5	7	13	32	36	37	42	74	75	88	130	131	158	172	174	191	207	211	219	223	248	250	252	337	#
401	453941	34	43	90	101	117	143	144	198	216	233	338	#
402	621331	43	78	104	119	155	177	184	187	217	240	338	#
403	597408	40	41	83	89	96	111	113	117	143	249	338	#
404	577657	27	62	75	87	134	154	159	194	216	249	338	#
405	558893	18	34	48	66	74	115	161	175	224	231	338	#
406	540744	19	70	95	101	103	113	133	158	195	255	338	#
407	499153	14	30	34	67	93	118	156	161	339	#
408	682246	20	63	73	81	89	161	223	238	339	#
409	589922	74	102	150	156	198	204	212	247	339	#
410	495581	25	61	67	78	99	105	130	212	339	#
411	446283	16	79	93	118	149	173	180	255	339	#
412	388497	5	6	39	42	93	110	139	179	339	#
413	845084	28	80	106	170	181	196	203	205	221	226	240	340	#
414	903811	50	102	113	137	174	179	209	218	226	236	240	340	#
415	859177	34	37	40	75	84	100	107	151	170	175	242	340	#
416	841011	10	18	28	48	55	80	91	92	122	163	178	340	#
417	814974	22	39	42	56	91	111	126	164	170	205	238	340	#
418	810337	23	27	35	56	99	134	150	195	196	215	225	340	#
419	49004	135	#
420	1569855	4	11	15	21	36	41	65	67	99	101	103	138	147	154	156	159	183	185	207	211	221	232	341	#
421	1791177	25	35	64	65	71	96	109	117	136	138	147	157	158	159	174	182	184	186	220	225	228	239	341	#
422	1726048	2	13	17	20	29	35	38	59	62	74	87	106	112	118	119	121	138	144	159	192	220	228	341	#
423	1696681	36	40	74	75	81	82	90	113	121	134	136	147	159	179	189	201	206	226	234	241	250	251	341	#
424	1641496	0	12	13	21	25	27	32	46	53	54	65	66	107	108	146	148	169	178	195	219	226	247	341	#
425	1592542	20	24	53	56	60	74	107	111	112	114	125	153	154	174	175	184	198	214	220	222	225	253	341	#
426	1899990	15	18	23	36	47	49	76	102	108	113	120	126	130	136	143	145	155	166	175	191	193	198	207	230	232	234	236	342	#
427	2168376	4	12	16	27	39	54	61	74	82	89	94	130	132	139	142	147	148	149	150	155	164	170	200	204	230	234	254	342	#
428	2128569	24	34	36	53	70	76	86	94	129	138	140	143	147	150	190	191	192	198	201	208	214	220	229	232	236	239	241	342	#
429	2034518	1	6	20	22	34	49	62	70	112	114	142	149	150	153	156	167	189	199	204	205	212	215	217	229	238	241	247	342	#
430	1998828	3	19	23	27	36	47	56	60	78	88	90	131	145	150	154	166	184	189	191	197	198	203	206	222	234	240	255	342	#
431	1994919	3	34	47	59	61	86	94	103	106	122	129	132	133	150	151	156	159	162	166	173	187	198	208	211	219	222	232	342	#
432	68904	68	245	343	#
433	53599	68	182	343	#
434	126625	127	#
435	1026035	30	55	72	77	89	130	141	164	166	185	188	204	211	212	215	242	344	#
436	1202251	18	25	35	54	55	57	63	70	92	108	137	164	217	220	222	246	344	#
437	1186380	12	22	48	74	78	80	89	141	146	166	184	192	212	220	250	253	344	#
438	1124622	4	47	65	72	77	109	115	117	123	130	163	188	191	212	230	233	344	#
439	1107961	28	52	55	56	81	88	89	92	97	103	120	149	177	204	209	220	344	#
440	1078769	11	31	65	69	71	77	92	95	152	159	167	175	177	227	231	244	344	#
441	1368546	15	17	26	29	43	48	54	61	64	74	83	139	144	152	169	171	179	181	206	223	254	345	#
442	1705860	6	18	26	38	40	43	57	80	109	118	139	143	152	159	166	208	220	222	224	228	244	345	#
443	1638117	11	26	31	50	55	63	78	86	90	92	108	133	144	168	180	210	221	232	245	252	254	345	#
444	1598965	10	16	44	57	60	106	108	109	118	140	178	179	186	197	201	208	211	223	225	228	232	345	#
445	1596929	3	9	23	27	44	57	59	74	82	85	136	139	147	149	169	220	228	230	246	250	252	345	#
446	1544698	7	11	18	59	61	63	71	82	90	96	100	102	108	125	141	151	177	195	204	218	253	345	#
447	949931	15	21	32	40	54	84	105	111	119	143	183	201	227	235	346	#
448	1181836	4	13	21	39	61	84	141	148	149	163	166	177	226	248	346	#
449	1026364	14	18	36	39	54	76	86	101	125	197	205	209	233	248	346	#
450	1016620	6	10	36	59	90	110	119	120	124	125	175	185	205	247	346	#
451	1012019	0	3	47	57	61	124	131	145	157	168	187	201	229	247	346	#
452	1008067	5	40	41	60	61	71	95	104	107	111	183	194	210	254	346	#
453	1697570	10	14	40	48	68	73	76	79	94	101	114	143	144	146	151	160	166	198	206	211	229	232	240	247	253	347	#
454	2049439	10	12	18	22	31	54	60	88	91	103	106	118	123	134	141	142	143	148	149	154	169	170	173	189	227	347	#
455	1932571	0	23	29	40	56	59	62	72	78	90	118	136	150	151	157	175	177	194	198	222	228	233	236	237	253	347	#
456	1930514	4	8	28	29	40	71	89	94	99	132	134	145	151	152	158	164	167	175	180	186	190	191	235	241	248	347	#
457	1856556	10	27	31	79	89	92	95	100	107	112	120	138	141	145	175	180	184	188	189	210	225	226	232	242	245	347	#
458	1852751	13	19	29	66	79	87	92	94	99	103	110	117	134	143	151	156	172	177	180	181	210	211	234	236	249	347	#
459	1202125	2	11	21	29	66	68	75	77	83	111	112	123	145	160	165	199	201	202	217	220	226	244	250	348	#
460	1795715	4	41	51	58	59	68	74	79	88	96	105	114	123	132	144	158	170	177	204	207	210	236	249	348	#
461	1643540	12	18	20	23	25	32	40	49	50	53	70	105	106	109	117	124	173	185	208	210	226	231	239	348	#
462	1639327	16	25	26	29	41	47	104	109	110	111	115	160	165	170	178	194	204	209	216	220	227	240	248	348	#
463	1551706	16	18	32	46	49	56	78	83	85	95	101	111	117	119	139	161	166	172	178	190	194	225	248	348	#
464	1549570	21	29	33	40	48	65	66	73	84	100	113	128	166	168	170	191	199	200	202	203	204	212	220	348	#
465	248303	30	32	146	203	238	349	#
466	354376	18	30	125	132	214	349	#
467	341339	85	101	129	213	238	349	#
468	215092	146	206	224	229	242	349	#
469	166896	4	32	145	185	200	349	#
470	97623	52	102	138	203	216	349	#
471	589958	14	81	87	101	108	121	133	187	190	215	236	350	#
472	798239	25	68	79	113	118	133	163	174	210	232	240	350	#
473	763253	81	83	104	107	109	112	140	143	172	212	228	350	#
474	746404	6	28	47	65	161	196	201	206	215	221	224	350	#
475	740396	11	15	26	27	33	53	87	124	139	187	192	350	#
476	718801	28	49	56	156	159	163	189	190	213	245	247	350	#
477	1386637	9	45	49	53	81	89	97	109	118	128	148	155	158	161	192	196	200	212	220	246	250	351	#
478	1491116	22	25	30	40	54	57	75	85	89	94	109	111	126	129	152	154	163	228	233	234	246	351	#
479	1399904	9	15	29	46	55	81	101	111	122	132	145	166	175	188	207	210	225	230	244	249	251	351	#
480	1388539	4	6	49	64	66	73	95	111	112	124	129	141	163	181	188	195	219	229	232	246	249	351	#
481	1365431	9	14	30	50	51	60	83	85	95	99	109	130	135	136	141	170	193	210	217	233	248	351	#
482	1321300	5	6	12	23	30	41	82	89	124	130	155	162	187	199	206	220	223	226	253	254	255	351	#
483	815121	0	42	82	87	108	118	122	139	157	161	208	223	352	#
484	893314	0	3	8	76	100	122	190	204	217	223	226	236	352	#
485	864137	60	80	99	109	118	134	141	152	202	229	232	255	352	#
486	858576	0	10	56	118	122	136	142	156	176	178	210	215	352	#
487	795919	4	30	33	73	108	129	131	140	142	164	217	246	352	#
488	793028	11	62	82	83	111	131	138	178	223	228	242	245	352	#
489	1321817	4	8	17	60	75	95	105	119	123	129	137	156	163	175	180	191	193	196	209	353	#
490	1426874	6	15	16	38	77	79	81	104	162	180	198	203	206	212	218	222	223	230	250	353	#
491	1356392	2	20	24	53	63	119	143	149	153	161	172	179	186	201	206	222	226	245	246	353	#
492	1316101	1	18	25	35	41	59	98	102	126	140	152	159	174	179	209	220	221	223	250	353	#
493	1282981	0	7	9	52	54	70	74	87	104	140	143	144	167	170	175	194	210	236	242	353	#
494	1276719	6	23	47	49	65	77	97	117	124	127	128	161	190	193	200	207	236	238	239	353	#
495	673605	6	50	93	99	103	179	209	238	253	354	#
496	747832	19	53	90	91	99	225	230	235	238	354	#
497	701859	1	19	77	168	176	191	220	238	252	354	#
498	621340	6	14	20	70	97	124	174	221	255	354	#
499	592918	27	44	53	108	134	147	185	209	225	354	#
500	570204	0	17	29	94	190	208	234	243	253	354	#
501	27140	189	#
502	3038543	8	16	22	26	30	40	41	45	52	56	57	61	70	78	87	88	90	93	101	106	107	110	113	119	121	122	124	128	140	142	147	157	160	166	187	188	189	211	214	228	232	237	241	244	247	249	355	#
503	3228679	6	8	13	32	46	50	55	56	59	60	65	74	81	87	90	96	106	119	120	122	146	150	154	155	157	158	169	172	174	176	178	180	182	194	204	208	219	220	225	227	228	230	237	239	250	252	355	#
504	3137258	2	6	13	15	28	34	36	40	45	52	53	56	57	62	79	82	87	89	91	92	97	114	117	119	120	126	128	136	145	151	152	154	160	180	181	188	193	196	199	202	215	216	222	239	243	253	355	#
505	3060303	6	8	16	19	24	25	34	39	42	43	44	52	63	67	69	84	87	93	100	106	110	111	127	129	134	136	140	153	162	166	169	177	179	184	188	190	191	211	214	221	222	234	237	244	251	253	355	#
506	3048144	7	8	9	23	36	40	41	42	52	53	57	58	71	80	87	89	90	96	101	109	112	113	119	121	129	144	147	150	154	156	163	170	172	176	178	193	204	212	215	225	237	243	247	248	249	251	355	#
507	3044790	2	9	10	16	18	28	42	47	49	52	54	68	69	70	77	78	79	80	88	90	109	119	122	140	141	143	146	148	150	156	178	179	200	203	211	212	215	224	225	227	232	236	243	246	248	251	355	#
508	1120658	25	57	60	110	123	137	142	158	193	202	214	237	238	240	245	250	356	#
509	1651392	6	9	25	45	55	60	63	99	103	154	190	210	233	236	247	248	356	#
510	1235274	3	6	13	26	39	63	89	125	137	151	167	198	207	226	243	250	356	#
511	1176550	6	14	17	33	57	101	103	121	133	137	158	160	191	202	210	225	356	#
512	1139010	3	31	97	110	114	118	123	133	135	139	185	187	189	218	231	251	356	#
513	1127249	14	24	50	52	59	85	88	90	123	187	210	213	214	227	237	255	356	#
514	1442295	4	12	24	52	62	76	88	102	105	127	128	132	183	187	192	213	214	223	230	241	248	357	#
515	1715148	16	20	21	25	26	27	51	58	76	126	132	144	149	161	166	168	187	188	214	231	252	357	#
516	1704696	20	31	40	50	56	82	91	97	108	111	128	147	150	164	174	188	192	197	239	243	252	357	#
517	1527108	24	28	35	39	44	45	47	55	62	73	97	128	170	176	189	191	197	210	220	223	235	357	#
518	1447796	14	18	20	33	45	51	76	91	95	127	130	138	153	160	183	185	199	220	227	230	231	357	#
519	1443237	0	26	28	52	63	69	82	90	99	127	145	153	161	172	180	189	193	212	213	217	241	357	#
520	611165	12	25	31	33	43	44	172	196	197	229	242	250	252	255	358	#
521	891579	19	31	37	46	53	94	118	142	147	159	180	203	228	240	358	#
522	883707	17	22	25	52	108	112	121	124	129	167	192	210	238	250	358	#
523	851007	53	58	69	78	105	168	170	196	203	211	221	237	243	247	358	#
524	842641	12	37	56	100	166	172	180	193	195	197	201	227	250	252	358	#
525	834482	33	46	53	62	80	90	120	162	171	175	180	236	242	243	358	#
526	333976	17	63	168	188	359	#
527	346256	63	88	105	220	359	#
528	299675	32	188	194	216	359	#
529	241980	49	82	88	168	359	#
530	215139	17	125	187	245	359	#
531	18699	104	#
532	540500	70	122	125	140	143	150	160	241	360	#
533	621108	10	45	70	120	159	178	187	220	360	#
534	522519	37	45	113	115	125	178	230	236	360	#
535	513147	90	156	160	176	197	202	220	224	360	#
536	426726	42	49	85	96	115	122	144	228	360	#
537	423169	10	31	121	150	195	198	218	246	360	#
538	68009	42	93	361	#
539	99827	42	140	361	#
540	1258970	26	27	33	47	67	84	94	107	120	139	145	152	159	181	191	209	225	228	239	245	362	#
541	1608024	24	60	63	64	77	81	87	109	129	133	139	141	158	200	205	209	212	213	229	240	362	#
542	1478307	19	47	53	57	79	85	93	97	116	128	141	182	186	192	207	212	213	227	230	241	362	#
543	1432340	24	25	28	34	69	80	85	93	97	101	131	148	150	171	181	191	202	224	248	250	362	#
544	1413897	20	52	58	69	83	88	132	134	140	153	166	168	174	187	208	213	225	229	235	239	362	#
545	1350670	6	11	15	34	37	38	53	69	95	101	108	113	114	115	128	134	137	152	174	207	362	#
546	310658	8	24	44	167	244	363	#
547	421337	8	45	71	219	252	363	#
548	344073	37	63	188	203	244	363	#
549	326109	24	106	188	202	229	363	#
550	238398	44	46	175	219	227	363	#
551	152716	146	190	364	#
552	137168	146	157	364	#
553	122860	41	190	364	#
554	1080477	8	11	12	34	63	77	87	109	118	127	160	183	236	253	365	#
555	1148396	18	34	35	37	56	60	85	117	181	210	212	226	249	252	365	#
556	1075446	2	5	35	42	79	84	94	114	127	133	153	154	204	226	365	#
557	1041870	11	19	31	59	75	77	114	117	124	137	141	199	234	245	365	#
558	1032069	9	60	72	109	113	145	155	207	215	226	227	246	247	249	365	#
559	1015966	5	8	33	54	162	165	167	170	220	226	237	239	251	252	365	#
560	530488	43	65	77	125	183	197	210	217	238	247	366	#
561	777391	16	21	39	43	58	62	138	164	181	229	366	#
562	768637	61	86	134	146	147	168	183	204	207	235	366	#
563	728794	14	47	50	56	84	129	142	214	217	224	366	#
564	722558	25	39	81	127	131	144	199	201	247	249	366	#
565	670121	5	20	115	118	130	142	207	210	227	248	366	#
566	319839	56	227	246	367	#
567	202169	56	83	183	367	#
568	194396	94	216	227	367	#
569	169340	45	94	246	367	#
570	1754601	36	57	74	92	96	101	103	108	112	124	128	138	152	160	164	169	171	179	184	204	211	219	237	239	243	368	#
571	1798300	13	25	35	38	62	70	76	80	82	97	99	105	114	127	129	134	159	164	166	178	182	194	218	220	239	368	#
572	1744912	15	58	59	74	89	93	95	103	109	127	132	150	169	172	173	196	218	219	222	235	237	249	253	254	255	368	#
573	1664060	0	18	23	43	46	57	65	66	69	74	83	86	113	131	137	161	164	169	184	186	202	205	237	253	254	368	#
574	1641781	20	34	40	48	51	58	61	62	66	79	96	100	101	111	117	124	136	138	181	197	199	201	234	244	252	368	#
575	1638395	5	8	12	22	24	25	31	57	68	83	92	126	140	152	161	168	176	181	184	186	202	234	235	243	252	368	#
576	985077	44	47	63	75	81	82	88	94	115	174	179	189	216	249	369	#
577	1035100	18	24	72	75	81	84	85	99	133	136	138	153	187	227	369	#
578	1028367	11	15	35	45	63	81	94	128	166	177	194	198	222	228	369	#
579	989671	74	86	88	89	91	118	121	142	143	153	158	184	215	244	369	#
580	943346	10	56	62	100	110	115	131	138	158	170	176	177	179	233	369	#
581	874948	4	23	47	78	105	128	141	164	173	187	199	243	248	250	369	#
582	945129	4	6	22	24	49	99	111	134	148	165	172	195	236	370	#
583	1060407	25	34	78	87	142	161	181	188	195	222	227	234	239	370	#
584	1019053	16	24	26	65	99	109	151	154	159	161	181	192	200	370	#
585	941897	22	33	45	58	66	86	115	133	144	145	166	210	227	370	#
586	916733	26	60	85	95	99	135	148	154	159	189	236	249	252	370	#
587	868973	17	25	30	49	93	106	115	116	126	179	205	231	239	370	#
588	545527	17	46	71	103	120	133	135	177	240	249	371	#
589	729032	48	78	120	157	166	184	194	201	210	236	371	#
590	694046	8	56	62	63	68	70	75	135	159	238	371	#
591	687352	11	17	34	57	97	124	166	176	219	223	371	#
592	681741	11	62	102	113	114	133	179	215	240	243	371	#
593	645270	14	28	62	71	73	86	172	206	219	243	371	#
594	3120904	11	18	19	20	21	22	29	31	44	45	48	54	81	85	97	100	103	104	107	110	127	129	132	137	142	144	170	173	182	184	186	190	191	203	204	208	222	229	234	237	239	248	250	372	#
595	3074505	3	6	23	35	40	47	49	56	57	59	67	98	103	107	113	116	117	118	123	129	133	140	146	153	167	169	174	175	176	179	182	186	190	203	216	222	227	237	238	239	242	245	249	372	#
596	2928079	1	4	9	14	21	22	27	43	54	60	61	62	64	70	71	83	90	99	106	108	112	114	126	127	129	135	139	147	150	164	166	183	193	203	208	210	217	225	236	242	249	254	255	372	#
597	2901163	0	1	8	11	13	15	23	40	42	53	54	58	72	79	80	81	87	99	108	119	121	123	127	148	161	171	179	189	196	201	204	216	217	219	223	227	228	229	235	244	249	251	255	372	#
598	2897138	4	7	12	22	23	31	35	36	50	52	61	62	63	71	75	83	84	86	99	103	115	127	131	137	141	164	173	179	186	187	190	191	193	199	202	209	213	217	219	224	228	232	253	372	#
599	2894130	3	15	23	37	44	47	57	58	61	62	63	71	77	82	88	90	93	94	97	105	114	117	119	120	129	131	140	147	149	162	177	178	195	197	212	215	216	219	224	227	250	254	255	372	#
600	197321	35	71	80	104	373	#
601	252756	35	57	159	233	373	#
602	198640	104	116	117	226	373	#
603	320904	45	100	232	374	#
604	238436	40	100	188	374	#
605	204127	6	183	232	374	#
606	187792	45	125	186	374	#
607	344024	62	182	210	213	216	237	241	375	#
608	431395	24	62	91	126	217	223	233	375	#
609	419677	37	71	106	142	213	215	225	375	#
610	415769	11	19	23	69	141	146	216	375	#
611	393667	71	77	110	151	174	205	210	375	#
612	365981	85	120	142	171	182	231	254	375	#
613	1842389	4	13	21	23	44	45	51	53	54	57	64	99	101	104	113	141	162	170	172	186	189	195	200	202	222	223	244	251	376	#
614	1989663	7	15	29	36	45	60	71	78	80	86	88	91	99	105	107	111	128	139	161	179	187	188	189	190	209	227	233	239	376	#
615	1970973	21	33	57	58	62	79	81	92	93	94	99	104	123	130	147	170	173	176	177	188	190	192	201	207	209	220	225	255	376	#
616	1910492	18	47	52	55	57	62	67	68	72	94	97	99	103	108	113	127	128	140	143	153	155	157	167	180	184	187	208	209	376	#
617	1877562	9	31	33	38	41	53	60	70	99	108	113	118	121	128	131	134	135	138	142	163	189	203	208	209	222	233	235	251	376	#
618	1827100	16	18	27	32	54	64	65	66	83	87	92	95	100	101	109	124	127	130	138	186	200	217	222	223	229	230	246	247	376	#
619	496103	101	107	185	202	221	229	238	377	#
620	580825	18	22	70	217	229	243	248	377	#
621	555426	1	40	68	187	202	223	231	377	#
622	524438	16	40	92	151	185	248	254	377	#
623	499898	34	82	100	107	120	155	228	377	#
624	357227	30	100	101	126	134	201	205	377	#
625	132635	66	201	378	#
626	102988	66	93	378	#
627	1923498	9	10	13	16	24	31	33	48	52	54	56	60	72	78	105	110	113	117	126	132	170	175	181	209	218	219	220	221	224	244	247	249	250	251	253	379	#
628	2568395	6	11	21	22	25	42	43	54	55	57	68	77	80	95	112	119	146	148	150	168	170	172	173	180	187	191	196	201	207	217	228	229	231	232	253	379	#
629	2504065	9	14	30	31	42	45	49	50	51	58	66	77	79	86	98	99	106	129	149	168	169	175	192	201	208	209	213	220	222	223	231	234	249	253	255	379	#
630	2339950	6	8	10	13	25	26	28	50	93	97	99	119	127	133	136	140	141	149	153	157	163	175	180	188	191	192	193	197	204	205	210	212	230	242	245	379	#
631	2334196	2	4	15	22	27	49	53	56	66	72	74	82	115	118	128	132	136	157	159	163	166	171	179	191	199	201	202	208	217	229	231	232	234	245	252	379	#
632	2317403	5	8	11	16	25	29	31	36	38	48	52	66	85	87	89	109	110	113	116	132	144	147	152	157	167	168	172	177	180	190	194	215	226	235	255	379	#
633	455631	19	49	103	105	109	120	165	178	202	380	#
634	657482	28	80	93	109	138	161	162	168	211	380	#
635	526397	99	108	138	141	164	177	195	202	224	380	#
636	495031	28	70	76	104	105	168	189	242	250	380	#
637	458722	19	23	90	104	110	181	187	188	199	380	#
638	424449	18	44	72	76	103	126	142	191	218	380	#
639	223705	23	87	130	229	381	#
640	288060	26	87	113	114	381	#
641	235581	64	130	137	224	381	#
642	187323	43	222	229	246	381	#
643	171744	19	23	216	224	381	#
644	162896	68	74	382	#
645	178384	74	138	382	#
646	120545	68	204	382	#
647	633711	6	18	42	107	125	135	181	189	196	220	231	383	#
648	919605	18	23	35	49	57	74	84	113	156	226	228	383	#
649	777156	0	24	42	51	55	79	85	104	121	137	142	383	#
650	683779	6	24	45	91	105	132	173	196	197	203	214	383	#
651	677916	37	76	83	136	147	164	175	184	190	231	248	383	#
652	646566	6	50	84	136	138	174	182	189	192	232	254	383	#
653	359036	42	100	114	122	254	384	#
654	440739	54	100	117	148	234	384	#
655	367512	1	46	114	212	228	384	#
656	304606	122	133	158	235	254	384	#
657	237260	41	91	108	122	189	384	#
658	236796	42	176	206	234	238	384	#
659	1380217	15	21	40	49	50	74	99	106	110	116	134	138	151	158	161	164	173	179	192	207	231	385	#
660	1948414	1	36	56	89	90	95	101	102	108	117	124	133	144	158	175	178	214	218	227	230	246	385	#
661	1679763	4	48	59	89	90	95	97	109	110	113	115	130	131	165	168	185	192	210	229	234	239	385	#
662	1676189	1	5	29	35	36	40	43	46	61	67	81	82	87	95	104	118	136	137	159	174	194	385	#
663	1621366	4	13	30	31	42	62	67	81	96	104	153	161	164	168	194	204	219	221	225	229	252	385	#
664	1556899	30	38	43	58	81	83	84	96	108	139	141	147	154	159	167	171	196	205	206	207	214	385	#
665	318962	73	122	156	167	173	179	203	254	386	#
666	420995	15	80	105	125	159	167	236	242	386	#
667	390574	44	58	69	100	117	148	161	173	386	#
668	359478	73	105	136	172	177	201	204	222	386	#
669	342506	13	112	119	130	167	189	218	254	386	#
670	668263	40	73	92	108	140	144	147	184	223	387	#
671	828108	10	20	62	100	163	179	184	223	254	387	#
672	764622	14	79	107	108	117	142	176	181	254	387	#
673	732580	0	38	53	62	139	144	151	219	223	387	#
674	720280	24	27	71	73	91	103	151	223	241	387	#
675	655231	5	27	29	40	81	96	128	132	153	387	#
676	2007999	42	45	57	61	65	81	82	98	106	112	113	142	144	156	157	162	166	172	178	208	214	218	219	223	234	246	254	388	#
677	2152785	6	24	37	49	50	66	68	82	84	85	86	87	89	101	103	111	122	138	145	166	168	170	171	191	214	231	250	388	#
678	2125720	4	27	29	46	61	65	67	70	75	80	112	128	129	131	146	147	150	151	156	171	183	185	223	229	234	250	251	388	#
679	2101562	5	16	17	22	33	41	60	99	101	117	122	144	146	150	156	172	180	188	189	190	207	211	223	237	246	253	254	388	#
680	2084831	3	4	16	30	37	57	61	85	89	96	99	111	116	122	129	137	142	146	161	168	175	190	230	233	236	242	247	388	#
681	2083892	21	29	43	46	63	65	66	82	85	99	109	111	129	147	160	162	187	190	197	199	201	212	221	230	231	233	240	388	#
682	190685	16	149	389	#
683	193626	16	185	389	#
684	170648	28	149	389	#
685	574090	5	7	28	46	86	88	95	113	193	195	202	390	#
686	851215	18	45	59	60	96	115	170	193	202	209	252	390	#
687	802969	8	28	43	83	88	89	92	129	164	213	235	390	#
688	692326	7	35	46	47	58	163	176	190	201	210	240	390	#
689	690323	49	63	88	137	154	183	198	204	231	235	250	390	#
690	671036	1	7	18	38	49	77	88	118	124	137	195	390	#
691	205056	1	91	138	391	#
692	252792	55	91	128	391	#
693	193238	138	148	215	391	#
694	306121	45	61	202	392	#
695	329349	12	61	227	392	#
696	240102	45	159	235	392	#
697	212402	11	33	202	392	#
698	1443890	0	5	30	38	66	67	74	79	84	99	100	101	104	120	126	127	157	174	189	221	225	230	250	255	393	#
699	1827531	5	22	37	39	67	78	81	82	86	102	108	126	136	139	143	148	156	159	184	194	225	229	240	251	393	#
700	1722666	0	1	21	24	28	57	65	81	93	95	99	104	113	166	190	192	202	214	222	229	234	243	245	247	393	#
701	1653661	14	59	60	61	66	71	79	95	99	101	113	119	129	139	152	158	163	174	186	192	203	213	221	242	393	#
702	1650179	11	17	18	54	71	115	120	133	138	141	155	172	174	178	186	190	192	193	194	207	208	225	230	243	393	#
703	1649501	27	28	47	50	59	76	122	126	136	148	156	159	167	170	174	181	187	199	205	225	239	243	247	251	393	#
704	230925	86	152	180	241	394	#
705	300429	128	226	241	247	394	#
706	275280	17	20	44	180	394	#
707	243587	86	161	189	249	394	#
708	132261	17	152	228	252	394	#
709	803786	81	122	158	201	209	218	242	395	#
710	665852	56	65	87	170	201	209	240	395	#
711	640738	64	82	122	142	158	194	248	395	#
712	597542	81	100	107	164	201	211	242	395	#
713	558585	41	119	126	129	178	218	230	395	#
714	488886	67	81	89	96	133	187	201	395	#
715	41064	17	#
716	228740	95	144	396	#
717	193780	95	219	396	#
718	166313	144	238	396	#
719	51177	157	214	#
720	1353576	11	15	20	48	65	78	89	90	105	110	112	121	134	138	148	149	165	167	187	201	227	249	253	397	#
721	1790891	3	20	23	27	53	63	69	98	99	100	106	146	158	174	206	212	214	215	237	244	247	248	252	397	#
722	1662328	4	11	16	21	32	47	48	54	78	94	105	126	127	138	141	153	160	179	185	213	241	243	252	397	#
723	1612663	4	11	33	52	59	65	69	74	85	86	87	92	96	140	162	179	190	201	224	242	243	252	253	397	#
724	1484430	4	6	16	19	25	35	39	41	45	48	56	73	77	96	112	136	146	162	196	220	238	241	252	397	#
725	1477369	10	18	24	33	35	76	78	83	86	99	106	116	127	128	130	154	177	195	201	214	232	247	250	397	#
726	366894	13	46	190	213	221	398	#
727	409058	56	113	197	221	232	398	#
728	402786	3	46	126	205	221	398	#
729	383153	0	13	82	154	248	398	#
730	293386	20	116	178	190	246	398	#
731	236636	84	197	213	215	240	398	#
732	205514	105	251	399	#
733	162702	243	251	399	#
734	104151	105	208	399	#
735	1329501	6	32	33	39	41	46	77	90	98	104	138	143	147	161	172	183	202	203	230	234	236	400	#
736	1877277	3	15	28	39	45	53	54	83	91	94	104	114	127	143	146	179	222	236	239	250	252	400	#
737	1594232	15	21	40	41	56	57	67	83	93	96	104	115	120	122	136	151	154	193	209	223	236	400	#
738	1561560	6	17	21	71	77	84	88	117	128	129	145	147	149	152	159	184	223	227	247	251	253	400	#
739	1531345	9	18	34	42	46	67	72	88	90	100	103	114	145	154	155	167	174	175	194	217	239	400	#
740	1499817	2	60	62	72	84	101	118	133	137	141	142	145	153	157	195	201	204	230	233	239	247	400	#
741	112630	53	65	401	#
742	87719	17	65	401	#
743	188428	48	126	402	#
744	179177	65	126	402	#
745	114015	48	213	402	#
746	545613	99	122	157	164	192	214	403	#
747	514718	12	23	83	99	203	204	403	#
748	436709	58	122	123	180	196	235	403	#
749	343812	76	88	126	192	197	247	403	#
750	310957	15	130	149	164	167	241	403	#
751	301290	7	35	133	135	202	214	403	#
752	1986992	0	2	7	12	21	36	38	44	65	68	72	76	77	83	98	107	111	121	134	135	147	155	158	161	164	165	169	192	205	209	212	213	215	216	222	230	245	404	#
753	2726837	0	3	11	20	31	32	52	53	58	61	62	76	82	92	94	98	105	106	109	117	129	131	135	142	146	163	164	166	168	194	204	210	214	215	233	249	252	404	#
754	2698109	5	12	17	30	54	61	63	71	79	87	105	122	132	134	136	141	144	145	150	161	165	167	172	177	181	192	209	217	219	226	228	245	249	251	252	254	255	404	#
755	2653580	12	24	25	27	31	37	40	48	49	53	63	82	98	108	121	131	137	138	141	151	182	187	189	198	200	209	216	225	229	231	238	241	247	249	250	251	255	404	#
756	2640831	2	4	6	11	12	18	27	38	40	46	55	61	73	74	81	82	83	87	104	122	127	134	143	164	175	185	187	192	196	201	211	223	235	243	249	250	252	404	#
757	2611603	6	8	9	15	27	34	61	72	82	85	89	95	103	111	112	113	119	122	129	137	138	139	143	166	174	185	190	192	198	210	211	213	218	226	230	247	249	404	#
758	40603	52	#
759	211850	25	68	200	405	#
760	207524	25	33	103	405	#
761	203691	179	200	236	405	#
762	831229	2	7	19	20	88	96	173	179	184	185	187	198	202	223	242	406	#
763	1067545	4	9	12	50	105	108	115	153	168	179	184	188	193	221	232	406	#
764	1050666	5	11	30	63	72	75	88	96	125	128	133	137	187	228	252	406	#
765	953255	3	4	10	13	32	39	80	81	85	90	94	109	154	204	223	406	#
766	949187	2	54	56	72	88	91	113	131	149	180	201	229	237	239	249	406	#
767	929822	12	28	36	52	55	88	114	131	132	145	169	185	226	229	244	406	#
768	447259	90	100	128	228	236	252	407	#
769	565249	8	9	62	161	236	254	407	#
770	555130	6	9	100	141	193	243	407	#
771	505652	6	35	95	127	149	228	407	#
772	501598	8	90	105	194	232	246	407	#
773	410644	26	41	54	157	232	252	407	#
774	2638753	2	4	7	19	27	31	41	49	53	58	71	76	77	83	89	90	93	103	105	107	110	117	126	132	138	140	142	144	145	196	198	202	208	212	228	232	235	237	241	250	252	408	#
775	3121593	1	4	14	25	28	47	49	54	57	58	61	62	73	86	88	91	93	99	100	113	120	129	146	155	158	159	160	169	175	176	177	186	188	196	199	202	209	212	216	228	250	408	#
776	2979503	0	4	26	30	34	40	45	49	54	56	62	69	76	77	81	86	89	95	100	112	118	121	126	154	161	164	173	176	190	193	197	198	199	205	210	211	227	236	241	252	253	408	#
777	2872555	7	17	19	24	49	53	60	67	73	76	83	90	91	95	101	113	114	124	129	142	144	148	149	150	154	158	164	169	177	178	179	193	196	202	216	217	240	241	243	249	252	408	#
778	2855253	6	13	14	22	27	41	42	45	54	58	59	63	65	73	82	86	92	95	99	100	126	130	139	141	144	153	156	158	159	174	200	201	203	204	208	211	213	216	218	229	243	408	#
779	2833442	7	16	25	34	46	55	57	59	61	66	67	76	90	94	106	107	114	117	122	128	137	149	152	154	155	164	169	171	175	180	181	182	196	200	212	220	222	226	227	249	250	408	#
780	324968	172	180	223	224	409	#
781	388350	21	83	223	247	409	#
782	266266	51	85	106	224	409	#
783	229490	5	43	172	219	409	#
784	182278	56	180	205	217	409	#
785	616971	17	23	49	59	63	65	73	116	146	178	189	220	229	410	#
786	875126	3	77	93	136	146	147	174	189	218	224	225	236	253	410	#
787	868469	5	27	37	65	82	93	132	138	143	208	211	219	227	410	#
788	817118	5	33	40	86	104	123	148	171	191	205	211	216	229	410	#
789	774611	21	23	57	60	64	77	87	104	152	163	220	249	250	410	#
790	738568	0	81	98	144	145	148	178	188	189	190	205	220	253	410	#
791	835359	27	47	53	131	136	150	198	205	207	232	235	236	411	#
792	1040076	8	11	14	19	122	133	134	142	168	215	236	242	411	#
793	982692	1	8	9	34	38	47	84	92	98	153	205	211	411	#
794	882714	20	35	45	62	74	102	134	200	231	232	236	243	411	#
795	876442	8	74	89	132	136	150	167	172	176	183	201	229	411	#
796	827848	12	26	77	95	104	168	174	191	198	203	236	252	411	#
797	85186	21	#
798	685127	7	15	27	30	34	44	82	85	88	93	100	156	163	173	203	219	412	#
799	999357	4	26	36	42	49	90	93	115	138	144	147	176	178	200	203	242	412	#
800	999195	8	59	62	69	78	106	109	133	143	153	163	205	216	217	219	233	412	#
801	978768	5	6	33	40	47	65	85	100	142	182	198	202	212	226	244	251	412	#
802	848290	1	7	39	64	66	76	78	118	119	148	157	165	173	191	209	215	412	#
803	839524	21	24	58	79	89	93	96	100	125	126	138	169	174	217	219	245	412	#
804	224873	71	106	139	231	413	#
805	302420	86	176	186	231	413	#
806	301258	4	5	26	139	413	#
807	190239	40	106	115	212	413	#
808	154942	71	117	137	152	413	#
809	633352	19	28	61	65	66	99	115	144	227	414	#
810	784542	8	26	38	57	65	101	209	230	236	414	#
811	736536	24	50	58	86	99	139	150	177	233	414	#
812	655038	5	61	86	94	99	142	165	171	238	414	#
813	650943	17	21	49	55	85	102	111	144	205	414	#
814	644065	12	19	25	157	188	194	211	218	238	414	#
815	181664	40	187	251	415	#
816	182013	104	110	187	415	#
817	138463	40	51	193	415	#
818	136103	51	145	251	415	#
819	1674874	27	31	32	33	43	58	62	65	77	81	94	99	100	111	128	137	143	150	151	185	210	211	212	219	229	240	243	248	416	#
820	2052750	16	28	45	46	69	77	79	90	111	123	138	144	150	161	165	171	180	186	187	199	202	215	220	233	239	240	241	252	416	#
821	1981538	0	5	11	17	18	23	32	39	61	70	71	77	83	84	101	102	111	114	156	170	186	189	215	222	223	234	236	253	416	#
822	1924346	2	26	38	45	55	56	71	77	78	101	110	119	122	136	144	150	154	159	164	165	180	192	205	210	211	224	233	250	416	#
823	1901212	3	31	46	48	52	59	60	71	99	112	115	123	125	126	145	147	151	170	185	192	209	211	214	227	233	238	243	245	416	#
824	1892245	9	24	26	27	28	40	42	45	51	61	68	100	102	109	111	113	115	117	118	143	160	178	183	213	225	237	240	245	416	#
825	919509	6	7	13	46	64	101	113	123	126	160	165	175	181	214	217	229	417	#
826	1330020	4	6	92	100	111	127	169	176	182	193	196	204	211	222	232	247	417	#
827	1176181	6	25	59	66	76	81	148	155	160	162	170	175	185	187	212	223	417	#
828	1145603	4	8	37	54	61	71	99	136	162	165	170	175	204	214	217	247	417	#
829	1083803	5	12	13	20	51	72	108	155	156	159	172	181	183	187	194	216	417	#
830	1059030	16	43	45	55	111	121	127	133	138	164	166	183	211	214	232	247	417	#
831	320174	38	67	95	126	162	236	418	#
832	477229	67	107	118	133	147	255	418	#
833	437550	68	74	84	95	147	202	418	#
834	380929	11	22	49	162	196	215	418	#
835	380132	38	126	147	208	221	243	418	#
836	312654	108	124	133	179	236	245	418	#
837	167270	31	255	419	#
838	187580	31	46	419	#
839	175726	9	255	419	#
840	340623	6	52	89	237	420	#
841	393035	183	189	218	237	420	#
842	246461	2	6	24	27	420	#
843	240429	52	194	207	244	420	#
844	168544	89	210	219	242	420	#
845	2018291	0	9	31	32	36	43	48	54	60	64	67	84	89	90	101	108	121	124	132	136	145	150	156	164	168	176	191	197	204	231	248	421	#
846	2368238	7	8	21	25	26	27	39	48	55	62	65	108	124	127	135	146	158	168	169	173	175	176	181	182	206	224	230	239	240	246	247	421	#
847	2171197	23	26	31	35	37	48	56	83	88	89	90	103	104	106	112	127	131	144	164	168	190	191	193	197	207	217	232	239	241	246	254	421	#
848	2133929	32	58	62	63	78	79	81	90	96	101	103	112	116	124	136	140	142	144	145	150	155	156	160	166	188	205	206	218	221	228	238	421	#
849	2123141	0	12	16	18	30	33	36	54	64	65	81	93	96	101	106	115	121	127	130	150	152	156	158	176	184	210	213	220	227	228	239	421	#
850	2118881	15	20	21	29	30	31	37	38	51	55	88	91	115	139	143	151	159	162	168	175	176	177	185	197	206	214	218	241	245	247	251	421	#
851	245792	11	30	49	98	191	422	#
852	362515	10	11	71	117	212	422	#
853	323736	4	23	130	191	195	422	#
854	209612	17	49	106	174	229	422	#
855	1371638	9	19	20	27	28	30	36	64	126	134	138	143	150	164	169	172	184	204	207	209	213	228	229	423	#
856	1702636	21	40	45	58	62	68	80	110	113	134	153	174	179	185	188	198	199	213	218	223	229	233	255	423	#
857	1682558	1	12	17	66	98	106	112	117	129	130	147	158	161	174	178	181	189	200	207	209	214	236	255	423	#
858	1597830	12	48	51	55	71	75	86	93	95	105	129	140	147	149	151	166	193	204	216	222	223	233	252	423	#
859	1587855	8	10	15	17	22	29	32	41	44	56	60	63	83	92	109	144	151	164	180	181	187	224	252	423	#
860	1550007	3	24	30	33	39	62	64	72	75	81	94	98	103	136	150	151	169	185	198	216	222	227	246	423	#
861	170653	42	62	137	173	192	424	#
862	92304	1	30	110	173	248	424	#
863	431014	115	120	136	139	170	212	425	#
864	593295	12	54	100	136	137	194	425	#
865	440553	14	46	123	134	139	170	425	#
866	372153	29	52	92	139	204	250	425	#
867	357496	21	76	120	124	151	217	425	#
868	323318	4	9	64	112	200	212	425	#
869	101884	18	89	133	#
870	455915	91	124	160	163	186	229	236	250	426	#
871	628971	36	59	101	104	107	108	236	240	426	#
872	615697	6	61	63	130	164	193	197	229	426	#
873	540769	45	107	124	138	160	180	200	208	426	#
874	524254	18	75	121	128	146	174	186	235	426	#
875	464318	16	30	45	128	171	216	240	250	426	#
876	937133	4	31	49	74	89	94	109	122	171	180	202	207	242	245	427	#
877	1054205	2	4	26	37	47	74	81	95	121	138	192	193	207	213	427	#
878	1037968	0	3	26	65	76	77	84	85	89	109	192	217	229	233	427	#
879	962966	17	31	47	56	63	106	113	121	132	155	157	158	198	227	427	#
880	959107	1	61	70	72	74	87	96	124	149	179	187	199	212	217	427	#
881	918524	8	9	29	52	85	86	90	91	122	137	154	180	186	197	427	#
882	248181	35	105	117	230	428	#
883	309608	18	44	105	144	428	#
884	304529	94	117	123	176	428	#
885	288886	43	55	151	230	428	#
886	285377	24	35	180	250	428	#
887	185539	4	129	429	#
888	197016	58	129	429	#
889	156864	4	84	429	#
890	1949399	6	7	11	20	24	25	28	39	41	46	51	52	56	80	92	97	101	104	118	126	163	164	189	197	216	226	230	231	234	430	#
891	2162320	6	9	18	30	52	64	71	90	109	111	114	118	131	134	144	154	158	159	164	169	181	184	185	199	202	216	226	240	249	430	#
892	2132631	2	11	32	37	42	44	45	51	60	68	90	108	112	122	126	145	148	161	166	168	177	187	188	200	202	207	211	216	223	430	#
893	2094914	9	26	28	41	48	53	80	90	93	95	103	109	116	130	133	154	161	168	180	185	196	208	220	229	231	236	250	252	253	430	#
894	2019826	13	30	32	33	35	63	64	65	68	75	87	92	103	118	127	131	135	151	159	162	168	175	177	188	197	200	214	218	223	430	#
895	2007571	4	7	8	11	25	32	33	40	46	60	61	88	99	108	122	125	129	144	151	187	203	211	223	227	228	232	244	248	249	430	#
896	249257	77	83	109	165	249	431	#
897	372069	76	85	150	237	249	431	#
898	338369	28	77	115	237	249	431	#
899	270154	83	145	182	218	222	431	#
900	263545	40	97	109	138	254	431	#
901	94731	43	119	165	212	244	431	#
902	483053	2	39	52	85	87	185	237	432	#
903	568771	39	148	156	210	217	221	247	432	#
904	561783	9	74	96	107	213	237	250	432	#
905	536463	1	2	28	81	193	195	250	432	#
906	534172	43	47	52	84	168	210	227	432	#
907	496505	54	118	185	207	224	252	255	432	#
908	209894	107	149	245	433	#
909	170562	19	107	249	433	#
910	136869	16	72	149	433	#
911	127974	155	231	245	433	#
912	492334	12	31	100	108	147	231	255	434	#
913	579110	28	63	100	118	151	189	200	434	#
914	516900	81	123	147	157	173	227	232	434	#
915	514308	23	29	66	108	147	181	197	434	#
916	473458	71	76	90	100	140	231	247	434	#
917	439620	22	76	82	117	127	200	255	434	#
918	972302	4	22	37	39	43	54	67	79	83	88	90	92	102	135	202	216	218	229	240	245	435	#
919	1360527	4	8	21	77	83	98	125	126	151	153	167	182	205	224	225	228	229	234	244	248	435	#
920	1332483	4	7	9	33	56	61	62	91	104	107	160	163	191	192	219	222	231	235	239	245	435	#
921	1300709	1	8	17	19	27	58	73	76	103	150	151	187	203	212	216	225	232	244	253	254	435	#
922	1289676	35	37	47	53	66	85	88	89	91	102	107	137	147	150	167	168	182	191	226	239	435	#
923	1228611	16	22	54	56	75	106	115	121	124	130	156	161	163	200	204	206	213	218	222	249	435	#
924	70207	168	#
925	680591	6	54	109	125	129	145	151	178	189	436	#
926	755096	20	56	58	63	107	120	145	168	182	436	#
927	633341	6	15	18	150	154	215	233	246	248	436	#
928	616515	7	14	16	59	107	109	114	218	243	436	#
929	601304	58	69	114	137	142	178	207	209	240	436	#
930	530237	12	22	23	28	52	71	125	182	243	436	#
931	517478	16	21	34	63	78	105	115	171	212	244	437	#
932	660105	16	22	25	73	106	114	156	181	212	229	437	#
933	628929	21	26	40	68	139	171	174	176	236	245	437	#
934	623956	5	15	70	74	134	159	198	226	244	250	437	#
935	621260	27	44	55	72	91	105	146	159	170	201	437	#
936	618539	18	20	75	175	189	199	212	228	235	249	437	#
937	578360	18	23	34	98	154	160	178	205	229	232	235	250	438	#
938	867343	18	32	109	128	160	164	170	205	207	208	237	255	438	#
939	789200	0	11	17	49	62	98	106	109	114	132	205	249	438	#
940	775590	1	23	50	52	56	69	71	86	205	210	220	236	438	#
941	765452	3	16	30	79	91	99	108	109	127	131	169	178	438	#
942	738693	8	16	44	65	68	74	121	165	207	229	239	255	438	#
943	909557	5	20	23	71	92	100	141	151	168	198	200	218	228	229	439	#
944	1115554	20	38	48	101	126	133	135	144	153	159	172	212	229	236	439	#
945	1095526	0	3	52	63	92	108	139	146	168	175	198	239	240	252	439	#
946	1030915	24	52	124	142	156	160	168	180	187	200	201	223	230	252	439	#
947	1014225	8	10	12	53	111	142	170	175	199	229	236	243	248	252	439	#
948	993614	15	28	31	50	61	74	119	151	152	173	187	204	229	241	439	#
949	31026	42	#
950	354852	21	176	177	252	440	#
951	343048	59	61	177	237	440	#
952	236172	78	196	200	252	440	#
953	168916	0	10	158	176	440	#
954	504539	15	22	73	109	188	223	243	441	#
955	561566	22	136	149	156	160	222	251	441	#
956	553502	65	81	91	166	223	230	246	441	#
957	532471	57	89	161	166	169	188	244	441	#
958	463554	146	193	194	199	218	219	243	441	#
959	428641	8	61	73	109	125	194	210	441	#
960	1046287	7	13	20	43	50	70	76	110	124	137	139	143	147	152	159	183	196	442	#
961	1356575	5	15	23	25	30	43	61	90	100	126	143	151	161	216	220	225	246	442	#
962	1255132	4	7	55	68	84	108	110	112	126	151	152	170	175	187	234	235	239	442	#
963	1231079	15	30	43	70	86	88	90	104	109	124	139	149	181	190	200	222	247	442	#
964	1149650	6	25	47	60	63	84	97	101	109	124	152	158	180	219	223	230	255	442	#
965	1115999	6	17	18	35	37	54	109	115	143	147	155	159	193	209	212	214	246	442	#
966	309609	29	41	60	150	443	#
967	336227	25	41	45	121	443	#
968	299813	29	50	86	149	443	#
969	282458	25	60	199	237	443	#
970	533839	40	41	43	52	81	83	100	208	244	444	#
971	668255	27	28	40	65	128	136	183	207	208	444	#
972	624812	27	39	44	87	100	164	174	232	234	444	#
973	565763	5	40	107	122	132	134	153	205	219	444	#
974	562541	45	52	54	68	108	170	178	183	250	444	#
975	539033	15	81	113	116	196	212	223	233	255	444	#
976	241572	95	106	110	134	445	#
977	341209	82	95	108	111	445	#
978	294048	23	39	106	140	445	#
979	225869	127	134	160	229	445	#
980	196588	110	121	180	210	445	#
981	322173	9	64	174	181	203	446	#
982	433039	32	70	109	174	251	446	#
983	393562	19	53	118	203	220	446	#
984	380884	150	152	181	198	218	446	#
985	318449	17	21	45	64	174	446	#
986	303829	9	85	129	143	198	446	#
987	4563	105	183	#
988	1315733	3	13	14	22	28	52	66	74	118	120	122	164	177	185	224	228	237	247	248	447	#
989	1392399	5	52	63	80	88	91	93	94	95	110	114	139	146	159	168	169	187	221	227	447	#
990	1385101	30	33	48	57	85	95	110	120	121	129	164	191	203	220	222	228	235	242	248	447	#
991	1303432	27	42	52	56	60	73	88	103	116	122	126	153	164	179	182	200	211	212	253	447	#
992	1245466	4	13	25	30	31	68	106	113	125	133	151	157	168	188	195	232	233	238	254	447	#
993	1206924	42	52	57	66	75	86	93	99	104	126	142	161	165	189	200	202	211	238	241	447	#
994	448986	18	26	85	120	153	187	203	448	#
995	657825	18	28	82	118	153	158	216	448	#
996	602530	26	51	60	121	126	215	251	448	#
997	468867	8	55	78	110	114	170	203	448	#
998	446550	61	85	100	104	145	166	214	448	#
999	323156	74	96	105	120	185	229	248	448	#
