%% File generated by CATS v.2.1Wed Jun 19 19:19:50 2013

%% The CATS webpage is http://robotics.stanford.edu/CATS

%% PARAMETER SETTINGS:
% Goods: 256; Bids: 1000; Distribution: arbitrary; Runs: 50; Seed: 1371664721
% Arbitrary Distribution Parameters:
% Max Substitutable Bids = 5
% Removing HV Neighbor   = 0.1
% Adding DIAG Neighbor   = 0.2
% Additional Location    = 0.9
% Additivity             = 0.2
% Budget Factor          = 1.5
% Resale Factor          = 0.5
% Normal Private Value:
%   Mean                 = 0
%   Standard Deviation   = 30



goods 256
bids 1003
dummy 187

0	169899	76	235	256	#
1	195110	76	112	256	#
2	171300	16	235	256	#
3	973653	3	26	31	34	36	45	51	80	83	84	102	114	158	181	205	247	257	#
4	1183204	3	19	26	28	59	60	83	107	130	146	160	198	200	214	227	248	257	#
5	1164360	3	18	23	48	57	61	101	126	132	181	202	212	221	227	239	255	257	#
6	1106564	27	34	45	50	76	120	127	140	151	153	170	173	187	189	234	247	257	#
7	1043821	0	3	23	35	37	43	58	114	122	127	135	142	143	198	199	223	257	#
8	960572	46	76	93	107	113	125	146	160	161	170	181	191	192	203	215	219	257	#
9	1085016	12	20	58	65	66	82	104	106	121	126	154	177	222	237	249	258	#
10	1166788	28	66	69	74	106	114	145	163	164	167	185	216	219	243	250	258	#
11	1162953	42	55	73	104	106	126	139	142	165	181	190	206	233	252	255	258	#
12	1149492	6	27	58	72	101	109	110	139	144	163	177	183	223	229	244	258	#
13	1134261	8	24	28	37	51	67	69	139	150	154	179	199	206	229	244	258	#
14	1128311	2	4	11	73	97	103	121	122	131	149	152	171	177	190	203	258	#
15	98526	35	137	244	259	#
16	112140	35	134	215	259	#
17	53364	102	206	244	259	#
18	48573	217	#
19	289398	3	16	51	103	111	132	260	#
20	323951	3	64	125	166	191	231	260	#
21	280460	24	103	129	201	216	217	260	#
22	279124	17	57	111	124	179	209	260	#
23	224458	10	51	96	111	189	191	260	#
24	202127	12	16	108	111	157	179	260	#
25	424077	13	46	142	171	174	209	224	261	#
26	428663	30	116	133	155	178	209	254	261	#
27	325594	11	12	13	76	85	216	232	261	#
28	320974	2	12	30	64	72	171	254	261	#
29	319514	25	47	93	96	129	174	215	261	#
30	291677	16	42	46	156	195	213	220	261	#
31	1547095	7	11	27	42	48	90	108	110	121	126	134	152	162	169	170	178	179	185	186	196	208	227	228	247	262	#
32	1846722	4	10	29	52	60	72	86	103	108	126	129	133	149	155	177	179	192	193	194	196	228	238	246	247	262	#
33	1644325	10	43	53	57	58	77	103	107	119	130	136	156	157	158	160	166	178	180	209	227	233	241	244	247	262	#
34	1642883	2	3	4	8	41	42	75	79	119	140	145	159	161	168	179	192	204	216	220	222	226	245	254	255	262	#
35	1636610	8	9	18	23	37	46	50	74	84	97	117	118	121	153	168	181	183	189	190	197	199	245	246	247	262	#
36	1614991	8	16	30	32	35	44	50	82	107	134	139	141	143	161	175	180	188	212	228	240	247	249	254	255	262	#
37	1415227	30	42	43	55	79	105	110	112	118	121	122	126	128	133	149	152	179	180	198	199	204	215	243	263	#
38	1827428	11	39	42	53	59	64	69	82	91	104	106	125	129	149	154	167	170	179	192	205	206	216	223	263	#
39	1717930	21	25	34	39	41	72	98	130	135	136	146	149	150	166	174	180	194	198	202	203	213	217	249	263	#
40	1563453	2	10	18	28	34	43	53	63	101	103	112	118	129	131	135	169	170	181	196	212	246	250	251	263	#
41	1561077	0	14	22	48	50	55	72	100	101	110	122	136	139	147	148	151	166	175	186	189	198	223	245	263	#
42	1556979	4	18	22	24	34	53	57	65	90	100	106	115	118	127	151	152	160	180	215	229	233	238	241	263	#
43	68991	21	#
44	357396	27	177	187	264	#
45	469994	129	136	187	264	#
46	193664	110	177	204	264	#
47	233165	68	97	113	220	265	#
48	287846	3	38	68	122	265	#
49	115638	24	56	78	220	265	#
50	1365683	12	39	42	49	55	65	69	78	85	87	163	166	167	174	195	200	203	207	210	212	219	222	233	237	242	245	266	#
51	1902529	12	23	43	70	76	84	88	91	107	115	117	142	160	169	171	172	183	200	202	208	218	226	234	236	241	251	266	#
52	1803976	9	15	31	43	44	49	63	69	78	81	95	132	137	145	152	162	163	180	184	199	219	220	226	232	238	247	266	#
53	1799355	3	5	14	21	24	25	31	40	42	53	58	67	95	102	104	106	114	120	150	160	166	187	211	219	222	242	266	#
54	1771082	15	18	24	34	50	51	63	71	72	78	80	94	100	123	137	139	144	154	172	187	199	220	226	237	245	250	266	#
55	1671445	0	23	52	54	58	94	95	104	108	114	136	148	157	161	163	166	169	172	184	204	212	215	225	244	245	252	266	#
56	243166	55	72	218	227	267	#
57	321501	72	156	179	188	267	#
58	268834	21	55	233	234	267	#
59	228751	29	30	100	227	267	#
60	110828	14	65	217	218	267	#
61	102400	160	#
62	678910	0	28	29	55	56	65	83	93	106	177	180	192	215	219	230	268	#
63	1017070	18	58	69	81	101	109	118	140	155	178	182	214	219	225	252	268	#
64	994306	15	72	103	109	131	156	160	183	196	206	209	215	219	235	253	268	#
65	955255	18	25	40	41	55	73	87	126	145	167	204	228	239	247	255	268	#
66	947955	3	14	21	28	63	67	68	73	76	125	157	175	202	203	254	268	#
67	931952	34	62	81	83	92	109	127	137	140	153	158	192	195	199	243	268	#
68	817288	45	65	79	87	109	113	136	172	184	187	211	215	269	#
69	985656	29	68	77	122	141	149	175	183	184	202	232	236	269	#
70	984191	22	67	98	112	154	178	179	209	211	222	246	247	269	#
71	930212	15	46	68	78	79	113	114	126	134	137	162	210	269	#
72	823822	29	46	94	103	145	153	172	190	215	220	229	249	269	#
73	803856	15	39	52	114	128	146	172	183	190	205	213	221	269	#
74	45959	3	211	270	#
75	46405	99	211	270	#
76	100297	94	#
77	516075	26	37	51	59	71	89	110	149	153	179	184	199	271	#
78	767999	4	26	33	85	96	100	103	104	130	147	181	239	271	#
79	765870	14	16	37	59	107	109	117	143	172	173	182	186	271	#
80	740933	61	62	89	94	99	107	109	141	151	201	229	243	271	#
81	729544	51	82	85	113	115	136	140	147	156	175	203	245	271	#
82	656446	1	71	109	114	143	158	160	193	198	207	221	242	271	#
83	1185748	2	12	47	62	63	73	75	81	90	91	98	114	123	143	147	173	184	186	208	243	252	272	#
84	1646592	4	53	73	79	93	94	103	118	121	156	163	164	167	180	185	193	212	222	237	243	245	272	#
85	1608152	10	25	27	38	42	53	69	100	116	120	123	132	161	172	177	185	186	202	235	253	254	272	#
86	1515833	10	13	19	33	51	64	71	90	97	103	124	126	132	147	156	181	189	199	202	240	247	272	#
87	1485256	0	6	22	37	52	63	71	73	91	95	115	116	118	161	173	181	205	206	215	230	237	272	#
88	1403693	1	3	25	34	62	72	75	87	90	115	119	135	143	146	156	159	195	209	210	221	247	272	#
89	69032	186	#
90	384315	8	26	27	139	141	146	175	214	219	273	#
91	534400	27	80	141	172	197	206	219	220	248	273	#
92	504243	10	32	45	95	146	149	185	186	237	273	#
93	468234	8	34	82	90	114	151	182	186	225	273	#
94	453474	55	94	139	143	144	161	164	196	234	273	#
95	430269	1	27	63	68	95	201	217	241	255	273	#
96	864021	3	22	23	38	75	84	97	110	112	129	176	187	207	220	221	223	225	240	274	#
97	1172910	9	15	33	42	79	81	112	117	129	138	140	146	171	186	187	188	206	251	274	#
98	1165432	21	75	88	110	112	123	129	154	163	182	192	202	211	215	230	236	241	253	274	#
99	1126567	9	15	23	24	83	87	97	101	106	108	172	176	187	189	192	197	232	249	274	#
100	1106610	50	55	87	96	100	112	113	119	121	132	135	138	146	155	172	224	225	244	274	#
101	1093395	4	17	36	42	53	58	93	103	112	113	119	134	139	159	168	196	203	246	274	#
102	886758	25	30	33	46	112	175	179	184	222	232	275	#
103	766493	25	80	88	101	103	112	163	164	198	232	275	#
104	689955	30	34	55	101	103	120	154	210	214	244	275	#
105	652024	5	25	32	69	76	134	171	194	199	221	275	#
106	599959	14	41	86	112	136	153	187	193	244	253	275	#
107	595696	8	25	42	46	56	103	105	128	235	254	275	#
108	216121	136	185	190	276	#
109	279393	65	136	247	276	#
110	195985	86	133	190	276	#
111	132492	185	239	252	276	#
112	203181	46	54	277	#
113	215926	44	46	277	#
114	75182	54	203	277	#
115	492609	32	41	139	152	189	228	254	278	#
116	490493	3	32	42	86	115	139	176	278	#
117	432889	49	64	113	138	139	220	225	278	#
118	423841	15	24	77	122	131	152	176	278	#
119	415506	2	41	100	130	199	208	224	278	#
120	369497	56	60	119	125	189	207	250	278	#
121	56985	224	#
122	360678	60	75	137	194	204	279	#
123	472418	60	64	106	114	143	279	#
124	463313	11	137	143	170	192	279	#
125	381649	14	47	123	175	204	279	#
126	302857	21	120	161	194	213	279	#
127	280913	50	54	75	106	217	279	#
128	1444813	2	20	31	39	46	89	95	97	100	115	122	123	133	142	148	161	172	215	221	232	245	247	280	#
129	1446118	3	21	28	41	54	72	75	77	101	112	137	139	147	150	154	215	217	222	227	236	240	250	280	#
130	1385088	21	28	32	45	56	72	88	95	130	131	133	139	149	156	159	180	181	190	198	199	207	211	280	#
131	1381013	0	18	28	41	46	53	58	71	72	75	77	86	100	104	109	130	139	147	152	214	232	245	280	#
132	1364636	1	9	14	17	25	36	40	66	92	108	117	127	145	147	158	167	182	197	198	210	221	251	280	#
133	1329732	0	10	25	28	31	35	63	68	71	108	122	132	158	159	164	172	180	200	223	239	249	251	280	#
134	268988	4	82	92	94	281	#
135	313210	90	92	108	112	281	#
136	237173	32	42	82	165	281	#
137	134312	4	13	59	207	281	#
138	569446	34	74	95	139	153	158	233	251	255	282	#
139	641651	26	85	97	139	151	167	180	183	251	282	#
140	556446	10	20	42	122	166	197	209	233	254	282	#
141	528084	5	9	56	62	74	131	154	224	228	282	#
142	524553	88	120	123	125	135	227	229	251	253	282	#
143	497428	18	32	33	38	74	95	101	171	254	282	#
144	879449	58	61	82	101	102	117	119	142	143	149	161	178	212	226	244	253	283	#
145	1255173	1	8	19	30	79	83	86	132	133	140	143	170	207	232	238	241	283	#
146	1087478	5	29	59	79	80	102	118	128	132	149	153	164	176	179	195	247	283	#
147	1032746	0	28	40	60	61	94	154	169	174	188	215	229	232	238	247	248	283	#
148	989026	2	34	37	46	49	64	70	71	91	97	110	117	128	210	214	253	283	#
149	984115	11	35	47	70	100	112	114	170	191	213	214	215	217	237	244	247	283	#
150	976813	3	20	24	46	65	90	97	101	102	107	111	133	139	141	170	213	216	229	232	233	249	252	284	#
151	1455292	3	9	14	26	35	41	46	48	69	73	103	112	113	114	128	157	167	197	207	221	223	237	284	#
152	1382328	3	8	9	34	42	62	72	99	105	114	136	141	159	160	169	194	199	203	215	218	228	229	284	#
153	1371544	7	20	25	29	44	59	62	67	97	103	107	123	125	129	149	160	165	170	177	209	221	235	284	#
154	1362944	14	35	41	46	63	127	146	157	162	163	165	172	177	181	195	209	210	226	230	233	241	249	284	#
155	1357483	6	13	16	32	55	61	63	74	75	84	87	91	94	97	107	140	154	158	178	225	230	241	284	#
156	202217	19	251	285	#
157	213219	19	52	285	#
158	181292	58	251	285	#
159	761240	4	6	11	88	100	152	155	178	218	250	286	#
160	961996	50	52	62	64	94	95	129	183	218	249	286	#
161	772311	0	57	88	102	136	159	176	180	202	204	286	#
162	765035	43	48	88	152	179	189	191	202	229	239	286	#
163	749576	4	118	124	133	139	190	246	249	250	252	286	#
164	712330	6	27	37	39	60	108	110	114	220	223	286	#
165	950475	7	17	25	27	40	52	57	91	107	143	151	172	209	214	239	248	249	287	#
166	1143095	41	57	58	120	131	132	133	145	146	160	166	183	197	224	228	248	250	287	#
167	1083945	3	5	35	39	64	84	91	126	132	135	143	160	187	189	213	246	248	287	#
168	1078445	13	19	34	36	38	46	57	106	109	114	122	164	169	172	179	192	247	287	#
169	1076155	24	44	61	78	91	97	103	107	146	153	163	180	189	205	221	238	242	287	#
170	1072264	6	9	15	41	57	61	75	91	106	135	145	172	199	221	237	244	248	287	#
171	241719	36	53	77	89	107	197	211	288	#
172	246717	33	35	50	51	70	77	89	288	#
173	242595	18	40	72	82	89	150	201	288	#
174	100889	26	36	73	130	168	220	235	288	#
175	464280	123	126	165	245	289	#
176	356257	60	80	101	165	289	#
177	324414	120	121	126	233	289	#
178	311856	10	123	171	255	289	#
179	101929	56	143	186	245	289	#
180	821046	14	32	51	55	63	94	115	117	166	186	226	239	290	#
181	857055	2	15	63	64	85	137	140	168	225	246	247	248	290	#
182	837500	69	82	106	118	119	120	132	136	148	166	200	239	290	#
183	793622	16	25	64	67	98	107	117	167	170	172	188	228	290	#
184	771619	28	30	32	40	47	138	183	205	209	214	216	240	290	#
185	749136	10	16	65	80	94	98	145	158	178	200	217	245	290	#
186	1331134	25	32	41	45	63	78	86	107	115	135	139	147	178	179	188	203	222	229	247	250	291	#
187	1553563	11	48	59	68	69	71	101	110	115	120	126	134	151	171	201	202	206	211	235	249	291	#
188	1524896	3	40	49	50	55	59	62	73	92	104	124	136	166	167	171	196	202	204	217	247	291	#
189	1369971	16	25	35	61	71	72	76	156	159	166	170	182	184	206	217	226	233	237	241	245	291	#
190	1343096	8	12	18	30	31	32	35	66	80	95	98	121	123	126	143	176	178	216	230	244	291	#
191	1318253	6	17	19	22	43	52	54	58	86	100	107	108	118	122	163	179	196	208	236	238	291	#
192	549943	68	75	166	182	189	200	206	235	292	#
193	735352	0	22	34	40	74	112	166	234	292	#
194	570778	63	109	136	160	177	194	206	238	292	#
195	465629	34	82	131	169	182	183	201	237	292	#
196	379073	18	58	65	107	110	135	153	189	292	#
197	314064	68	97	99	119	125	193	232	235	292	#
198	29953	18	83	#
199	1005740	25	33	42	62	75	87	98	107	123	130	138	146	152	165	176	180	181	207	293	#
200	1315082	1	4	15	66	68	70	85	87	97	128	132	145	173	178	189	226	242	250	293	#
201	1257466	18	28	41	55	66	85	87	94	97	106	136	163	165	183	207	226	230	246	293	#
202	1138394	5	26	30	57	88	103	113	123	144	153	181	182	203	208	217	225	230	253	293	#
203	1135819	30	46	69	91	93	102	103	107	114	130	132	133	136	172	210	225	234	238	293	#
204	1128590	4	37	40	42	62	79	88	95	119	124	154	167	170	174	187	222	225	230	293	#
205	59760	5	149	294	#
206	26341	5	72	294	#
207	2560088	0	9	21	26	27	28	32	36	38	45	52	58	61	73	84	92	103	124	134	138	161	169	174	184	193	194	196	200	217	223	226	228	229	251	252	254	295	#
208	2731649	10	22	27	37	40	42	47	48	52	93	108	129	132	138	142	159	165	166	167	169	171	173	175	182	188	194	204	209	225	226	228	230	232	233	241	247	295	#
209	2619871	7	9	14	22	32	37	38	39	48	53	54	55	67	70	90	95	96	136	137	138	149	174	177	182	187	193	197	208	210	212	216	217	225	232	246	247	295	#
210	2578596	0	7	9	14	30	34	36	61	63	64	68	69	75	91	94	97	106	107	118	120	135	147	149	153	161	163	173	188	196	197	206	208	217	218	238	241	295	#
211	2550146	0	12	14	17	20	29	69	73	74	89	92	99	100	107	137	138	145	153	161	163	167	168	171	176	177	191	195	197	207	208	211	212	214	221	241	247	295	#
212	2510032	3	14	20	21	26	38	51	52	55	57	63	67	73	74	82	88	92	123	137	141	148	155	159	165	184	193	194	197	198	207	226	228	234	238	249	254	295	#
213	159377	25	54	296	#
214	189485	25	221	296	#
215	90770	54	138	296	#
216	236013	20	206	218	250	297	#
217	317583	42	108	156	206	297	#
218	268968	28	137	198	218	297	#
219	237865	132	135	198	250	297	#
220	209422	20	63	190	198	297	#
221	1005492	9	16	42	49	52	68	75	84	102	126	170	174	206	217	239	241	242	255	298	#
222	1280145	9	12	33	42	92	106	108	126	159	160	181	183	202	214	219	227	241	250	298	#
223	1202861	3	7	52	61	68	74	76	77	92	111	112	121	122	142	157	225	235	242	298	#
224	1168740	27	32	35	51	78	89	102	109	113	124	173	182	183	191	199	205	209	214	298	#
225	1166269	0	50	58	67	72	75	83	100	112	113	151	157	172	216	220	237	245	254	298	#
226	1144227	2	4	7	9	19	34	88	106	108	110	138	179	203	206	207	209	221	247	298	#
227	225901	6	59	129	299	#
228	218605	59	80	126	299	#
229	184097	6	19	138	299	#
230	150866	129	194	229	299	#
231	878114	1	6	7	46	54	76	77	131	133	135	147	157	177	204	208	237	300	#
232	1246267	13	46	50	61	67	94	97	101	105	128	138	183	187	188	191	208	300	#
233	1161161	3	10	37	50	55	76	80	97	118	123	144	160	188	210	212	235	300	#
234	1131636	16	18	25	50	68	71	89	107	115	117	145	159	189	210	237	250	300	#
235	1094489	1	6	23	34	43	72	84	120	137	152	166	193	209	217	221	237	300	#
236	1090983	7	15	16	25	52	85	103	114	131	147	171	188	190	202	210	237	300	#
237	562480	29	33	44	53	54	79	107	185	202	301	#
238	663940	11	32	54	55	93	101	181	184	202	301	#
239	641882	54	72	79	92	97	101	194	205	253	301	#
240	613166	9	65	79	120	136	188	218	228	249	301	#
241	594491	9	34	75	83	96	106	185	188	222	301	#
242	536958	6	29	63	83	93	110	123	218	239	301	#
243	165954	69	127	204	233	302	#
244	229088	0	52	204	224	302	#
245	147197	99	122	127	182	302	#
246	389556	28	114	115	151	171	214	247	303	#
247	488493	56	156	162	171	222	238	247	303	#
248	446193	2	87	106	130	142	171	229	303	#
249	443466	3	65	69	106	114	146	248	303	#
250	423351	44	46	88	103	112	214	223	303	#
251	405329	27	28	81	88	126	199	227	303	#
252	986681	2	23	40	72	81	127	137	152	194	222	224	235	251	304	#
253	1062012	11	46	52	53	87	99	103	104	133	149	152	204	208	304	#
254	999289	0	2	24	39	56	57	81	121	122	224	227	235	252	304	#
255	979433	22	81	118	124	137	160	166	168	185	196	229	235	238	304	#
256	948289	2	13	64	81	130	145	152	165	177	187	217	229	233	304	#
257	900764	18	35	43	72	91	101	106	113	140	175	182	200	251	304	#
258	731123	13	15	36	74	77	99	140	148	152	169	185	208	213	224	243	305	#
259	1084152	19	48	63	67	127	144	148	152	158	160	173	203	216	221	254	305	#
260	1078950	9	15	43	84	108	122	128	134	138	157	196	220	225	241	250	305	#
261	1071719	19	30	39	41	45	89	124	144	161	177	178	185	208	226	246	305	#
262	981551	22	59	103	126	154	155	180	187	213	214	231	232	236	243	247	305	#
263	951533	33	77	78	95	124	148	157	158	162	176	184	193	213	218	233	305	#
264	1206985	22	25	70	104	110	112	126	136	142	165	180	185	189	200	227	306	#
265	1161514	43	77	89	98	136	139	140	165	167	171	174	195	219	227	236	306	#
266	1138880	6	25	31	33	45	53	68	75	93	109	114	162	195	206	249	306	#
267	1061952	3	17	21	38	70	71	79	102	110	130	136	195	196	202	212	306	#
268	1057397	5	33	34	70	87	94	100	112	141	144	149	154	159	167	214	306	#
269	1053935	17	60	63	67	74	82	89	90	97	121	126	127	189	238	255	306	#
270	117471	213	#
271	197761	19	37	41	307	#
272	207425	19	127	130	307	#
273	166703	22	41	72	307	#
274	156315	27	37	93	307	#
275	392827	11	13	35	51	88	96	163	168	245	255	308	#
276	586184	28	53	90	99	144	163	198	232	246	253	308	#
277	532153	29	46	84	120	176	191	214	237	245	251	308	#
278	497059	1	37	51	68	148	153	178	179	193	240	308	#
279	473474	11	30	106	134	140	144	175	187	198	206	308	#
280	469875	4	35	81	105	151	161	191	206	217	240	308	#
281	634878	43	66	134	166	194	197	216	247	309	#
282	516984	11	47	112	166	167	199	207	241	309	#
283	507651	31	66	102	134	148	216	241	243	309	#
284	506887	7	47	50	64	146	197	204	217	309	#
285	501576	9	95	101	119	145	216	225	254	309	#
286	495943	9	139	166	176	193	194	217	247	309	#
287	840475	8	14	16	58	72	89	90	93	94	113	155	183	194	207	310	#
288	977899	10	15	62	97	106	113	126	177	180	189	220	238	243	250	310	#
289	949644	48	58	80	87	92	117	133	145	148	164	166	171	243	247	310	#
290	938925	14	27	30	32	63	97	104	128	135	139	151	189	208	255	310	#
291	862103	14	16	45	46	63	80	83	94	204	210	217	225	240	248	310	#
292	840565	27	28	89	90	117	150	151	163	172	195	202	230	239	242	310	#
293	415728	50	120	133	141	162	167	183	196	204	232	252	311	#
294	608109	5	19	21	65	107	110	120	166	235	236	245	311	#
295	568782	6	51	59	63	140	145	162	209	218	219	225	311	#
296	545978	6	9	34	35	73	93	106	111	141	157	177	311	#
297	512383	30	50	68	102	105	107	170	174	196	241	246	311	#
298	505907	22	23	30	121	133	148	175	204	211	213	248	311	#
299	185884	24	40	126	165	312	#
300	223524	24	82	152	184	312	#
301	153499	7	10	105	165	312	#
302	131378	15	107	126	180	312	#
303	156973	78	165	313	#
304	206407	165	239	313	#
305	121974	52	78	313	#
306	205852	77	84	132	314	#
307	237424	132	192	193	314	#
308	185423	67	84	197	314	#
309	126881	77	84	199	314	#
310	565192	31	65	74	78	157	201	227	231	250	315	#
311	681287	17	50	53	74	81	86	186	221	242	315	#
312	647793	88	92	94	101	115	209	227	234	250	315	#
313	630914	13	81	89	110	184	206	222	247	250	315	#
314	625508	17	38	63	65	67	82	123	155	228	315	#
315	624702	8	20	38	60	78	183	186	226	228	315	#
316	1938641	5	13	23	26	27	34	53	60	67	75	80	86	91	92	96	102	105	107	117	136	149	158	168	169	171	189	191	205	220	237	251	316	#
317	2193641	8	11	19	46	52	67	75	78	87	97	132	144	155	156	162	172	178	183	188	192	198	203	206	217	218	225	236	237	240	241	247	316	#
318	2124506	10	15	19	20	32	42	43	55	66	77	78	81	100	104	120	135	136	140	142	153	167	172	179	197	206	219	222	230	232	241	251	316	#
319	2106058	9	21	22	23	30	49	60	75	78	86	112	114	115	118	124	127	128	130	136	140	172	176	183	184	186	208	216	218	224	228	237	316	#
320	2103131	8	18	32	34	53	54	63	66	69	75	86	100	103	105	111	124	129	140	143	147	151	162	169	170	180	197	204	207	208	241	250	316	#
321	2087769	8	13	19	21	25	27	42	48	50	53	65	71	73	75	91	94	96	99	109	115	140	141	158	179	180	199	201	214	229	236	240	316	#
322	567379	1	16	37	90	104	177	186	242	245	254	317	#
323	737358	16	58	76	139	149	166	179	190	241	243	317	#
324	734874	2	21	31	36	75	100	104	112	128	149	317	#
325	599891	1	54	56	106	110	128	153	204	225	247	317	#
326	596870	52	100	136	149	177	186	193	213	244	251	317	#
327	577673	12	15	20	28	37	100	104	143	206	227	317	#
328	259159	55	87	174	192	233	318	#
329	318233	6	55	89	95	253	318	#
330	296318	16	65	87	143	169	318	#
331	236053	62	106	129	192	213	318	#
332	181255	16	36	135	188	233	318	#
333	147165	37	90	138	174	223	318	#
334	314833	35	53	67	111	121	122	241	319	#
335	396116	9	81	105	111	116	121	131	319	#
336	380304	33	35	54	74	96	172	183	319	#
337	368156	22	28	29	84	125	215	241	319	#
338	328963	42	54	63	91	111	174	202	319	#
339	323133	34	108	122	166	168	176	240	319	#
340	40805	109	#
341	33193	48	95	320	#
342	47967	48	232	320	#
343	289428	74	115	165	203	321	#
344	418038	68	74	177	187	321	#
345	268251	63	95	165	217	321	#
346	225859	63	70	115	147	321	#
347	121827	37	189	203	219	321	#
348	1802761	4	25	56	61	74	75	81	87	94	96	107	117	134	139	144	145	146	163	164	167	181	185	195	200	202	208	212	219	248	251	322	#
349	2176949	0	6	16	17	22	36	53	65	67	89	113	123	124	128	135	138	140	163	164	178	188	211	215	219	225	227	229	241	250	252	322	#
350	2108316	2	10	27	34	39	40	53	66	83	103	125	131	143	145	155	166	167	172	174	179	185	187	188	191	194	195	200	209	223	249	322	#
351	2018765	1	20	21	23	27	33	34	45	51	76	80	84	88	104	121	144	152	161	173	178	179	187	195	200	212	213	216	225	228	229	322	#
352	2016774	6	12	28	34	50	52	63	65	81	86	90	95	112	116	119	126	134	159	163	176	178	188	190	209	225	227	228	248	249	250	322	#
353	1999291	5	6	17	22	31	32	35	50	53	54	56	71	79	83	89	106	113	125	126	155	165	167	169	175	188	203	204	216	228	244	322	#
354	368438	2	101	113	150	172	178	182	205	323	#
355	519248	67	105	108	141	148	175	205	228	323	#
356	483885	40	60	71	82	101	177	182	203	323	#
357	384319	76	104	150	157	186	230	244	245	323	#
358	361636	2	13	101	113	137	141	231	244	323	#
359	344293	11	34	49	52	113	115	122	203	323	#
360	318317	3	53	196	230	324	#
361	367047	3	105	128	134	324	#
362	335952	132	221	225	230	324	#
363	264373	53	145	155	202	324	#
364	207648	52	73	161	196	324	#
365	163690	142	235	241	325	#
366	233179	19	171	241	325	#
367	159626	30	142	244	325	#
368	384944	67	85	138	146	204	326	#
369	495047	85	124	128	142	238	326	#
370	339148	144	204	216	217	238	326	#
371	323189	67	85	157	215	240	326	#
372	262211	1	146	157	159	213	326	#
373	250290	27	138	175	210	231	326	#
374	7703	5	#
375	784441	14	19	28	57	92	131	142	145	174	181	214	234	247	327	#
376	973753	31	62	69	70	72	87	104	116	129	176	215	244	247	327	#
377	909290	4	19	31	44	59	90	130	145	198	214	219	247	252	327	#
378	846419	31	111	125	131	143	152	163	173	196	214	226	241	252	327	#
379	757601	10	22	49	71	76	97	128	149	183	207	222	234	244	327	#
380	753484	3	15	19	28	33	50	61	115	141	144	171	183	236	327	#
381	372394	48	50	73	148	176	198	328	#
382	425978	19	91	100	154	176	201	328	#
383	392800	38	50	153	171	206	215	328	#
384	384091	12	73	132	147	218	237	328	#
385	379473	46	148	167	170	232	239	328	#
386	330988	48	59	80	151	153	235	328	#
387	369495	73	149	157	208	212	240	329	#
388	460547	4	44	73	88	95	228	329	#
389	288570	20	65	99	109	173	208	329	#
390	263744	39	76	125	161	212	241	329	#
391	256070	2	59	154	165	205	240	329	#
392	143256	59	111	157	214	221	226	329	#
393	44284	18	29	#
394	1561224	2	18	69	76	84	104	109	111	114	125	126	130	150	154	155	162	177	186	191	213	214	216	227	234	243	254	330	#
395	2157669	22	26	53	64	73	77	89	95	108	116	118	125	129	133	144	154	166	175	177	183	192	195	200	208	227	247	330	#
396	2001380	9	23	32	34	44	45	47	57	67	118	131	138	145	149	151	156	177	187	193	216	227	229	239	242	247	248	330	#
397	1992084	2	9	18	24	29	35	53	68	72	94	115	116	120	121	131	133	138	142	143	148	177	180	184	199	245	249	330	#
398	1935775	0	21	29	39	40	58	64	65	80	81	87	91	95	127	131	138	139	176	191	208	210	213	231	249	251	255	330	#
399	1922040	4	31	35	44	54	64	66	72	90	93	104	113	126	138	151	156	163	166	167	174	179	183	194	234	247	251	330	#
400	731115	14	23	28	38	39	40	46	70	111	132	133	150	164	208	331	#
401	978451	4	35	65	75	136	155	158	164	167	169	177	202	229	249	331	#
402	922761	4	7	14	30	70	72	78	80	136	175	217	223	252	253	331	#
403	825498	8	12	40	60	77	121	123	124	136	150	179	200	208	220	331	#
404	801131	12	31	39	41	70	92	116	136	145	188	195	236	246	247	331	#
405	776888	6	8	47	94	107	135	143	150	162	172	209	243	246	249	331	#
406	1172673	10	15	30	54	59	78	93	96	104	111	123	138	162	164	170	175	188	213	219	225	236	250	251	253	332	#
407	1664304	0	1	17	22	44	68	88	104	119	128	136	137	140	141	159	161	170	173	177	184	187	190	224	245	332	#
408	1629824	8	21	24	25	42	46	77	80	81	89	100	120	129	140	161	165	175	177	181	188	199	219	220	232	332	#
409	1528736	9	11	36	39	46	76	97	100	102	104	108	119	139	148	150	151	163	175	187	209	217	237	239	252	332	#
410	1505160	25	29	48	53	56	66	72	77	81	92	96	106	115	116	134	135	151	153	160	175	202	234	235	245	332	#
411	1492719	4	8	45	73	77	82	84	89	108	109	120	137	138	153	159	162	167	177	218	224	233	248	251	253	332	#
412	1330696	15	16	18	30	33	39	62	79	108	116	121	127	136	138	146	150	198	202	225	242	333	#
413	1532010	0	8	33	43	45	49	63	68	91	94	108	124	127	142	149	176	178	220	228	242	333	#
414	1368266	5	16	18	21	38	40	94	105	138	142	158	166	171	179	187	195	228	245	252	255	333	#
415	1317176	7	11	14	25	38	40	54	57	58	79	95	116	121	122	129	133	151	204	207	255	333	#
416	1285085	8	25	30	44	52	58	92	109	114	126	127	137	172	174	178	203	221	228	241	249	333	#
417	1243371	3	4	27	47	56	74	75	95	108	129	138	148	150	181	208	214	216	234	248	253	333	#
418	1077067	14	16	21	39	40	79	81	86	126	135	147	163	165	170	207	208	210	214	220	240	334	#
419	1484615	3	17	33	89	103	107	126	129	154	156	158	171	190	197	199	206	210	220	223	243	334	#
420	1481179	12	28	44	61	76	91	93	103	106	113	131	132	142	151	165	177	183	200	208	217	334	#
421	1340700	0	15	42	43	44	51	75	89	91	92	107	126	184	187	193	196	230	232	239	240	334	#
422	1314760	2	9	31	42	63	89	93	106	132	149	166	173	181	182	187	207	236	244	249	252	334	#
423	1265257	2	14	37	43	44	87	90	94	103	113	134	148	156	178	208	217	220	225	226	228	334	#
424	69153	182	#
425	652330	14	39	60	185	190	191	222	233	238	335	#
426	643091	48	51	60	81	87	116	144	178	242	335	#
427	619894	16	97	138	142	156	178	214	218	233	335	#
428	548160	0	15	36	70	76	100	105	185	252	335	#
429	525975	34	39	70	81	202	214	217	220	245	335	#
430	511589	7	78	121	136	164	219	222	232	243	335	#
431	2452405	16	22	23	24	27	31	35	39	47	48	52	54	73	78	81	89	99	103	104	124	134	144	146	153	156	160	178	182	185	188	192	209	219	223	224	228	336	#
432	2742544	1	8	18	22	28	35	38	43	49	74	81	82	102	109	116	132	133	144	145	149	153	160	170	175	178	184	199	210	216	218	222	228	237	242	247	248	336	#
433	2729289	4	12	16	23	39	40	41	44	48	49	53	57	58	68	69	81	91	117	124	136	138	142	149	155	165	179	181	192	213	223	227	234	236	246	253	255	336	#
434	2597177	2	4	17	30	34	45	53	61	67	68	91	92	96	98	114	117	123	126	136	140	142	151	169	172	184	185	197	198	209	227	228	235	238	245	246	249	336	#
435	2571965	2	4	22	31	35	37	39	41	49	53	63	91	92	97	98	111	113	126	127	137	139	141	148	162	173	175	179	180	189	197	205	215	223	225	241	251	336	#
436	2550991	5	18	22	23	31	39	43	57	63	64	78	85	89	94	98	101	103	131	142	149	162	167	169	173	174	180	182	184	189	200	208	214	219	222	240	250	336	#
437	88191	53	#
438	2781444	3	14	17	31	36	40	41	45	46	53	55	62	72	73	89	92	107	109	124	126	137	138	145	165	170	173	176	178	181	186	189	197	199	203	208	218	220	226	228	229	230	245	251	253	337	#
439	2846883	2	6	14	21	25	32	33	40	44	45	61	69	73	84	85	90	91	94	101	106	110	116	119	121	129	132	138	145	149	161	172	177	193	195	197	205	210	217	222	223	235	251	252	253	337	#
440	2825253	6	11	27	38	44	54	63	64	74	77	83	85	86	89	92	107	109	112	120	126	132	133	137	139	141	150	157	166	168	176	178	180	187	197	200	205	209	217	222	225	236	239	252	253	337	#
441	2813647	0	14	18	25	29	32	38	39	42	47	49	52	59	61	67	77	78	94	97	100	107	109	112	116	118	121	137	150	154	167	173	177	194	199	210	220	224	226	239	241	245	248	254	255	337	#
442	2802181	0	3	4	7	23	33	35	37	52	63	64	68	85	98	102	107	108	111	115	121	124	126	128	130	132	138	142	148	149	156	159	162	168	203	207	209	223	225	229	236	247	250	251	255	337	#
443	2794429	3	4	6	13	15	34	42	43	53	61	74	76	84	90	95	102	105	106	115	125	129	132	133	135	145	146	148	151	172	181	189	191	197	209	210	213	214	221	225	234	237	241	244	254	337	#
444	372160	49	60	107	145	173	191	204	338	#
445	422153	49	73	103	119	149	184	187	338	#
446	400027	27	35	80	191	203	222	236	338	#
447	282540	46	66	74	145	175	219	231	338	#
448	274818	57	60	86	142	182	236	243	338	#
449	269896	4	101	103	113	136	204	226	338	#
450	149854	46	55	116	150	339	#
451	219364	55	63	185	233	339	#
452	148292	89	99	116	171	339	#
453	103687	50	150	151	162	339	#
454	248518	52	59	79	115	194	340	#
455	362180	69	115	133	143	254	340	#
456	321727	7	22	52	202	220	340	#
457	280040	25	37	79	142	194	340	#
458	216743	2	59	111	171	223	340	#
459	195380	18	150	164	194	210	340	#
460	101062	37	87	341	#
461	150744	87	163	341	#
462	1804093	7	21	25	30	71	72	108	111	116	127	136	138	157	170	183	189	223	228	239	240	244	250	342	#
463	1723223	21	73	83	90	91	93	95	100	111	121	127	136	144	148	159	169	187	211	217	220	228	248	342	#
464	1603847	3	4	20	30	31	71	85	91	100	110	120	121	141	144	162	178	189	203	209	215	239	250	342	#
465	1489827	11	18	26	32	37	48	81	93	100	125	127	128	133	138	157	158	165	178	203	208	240	244	342	#
466	1458637	14	25	26	37	50	67	72	111	120	122	123	125	131	162	181	182	183	187	193	223	226	250	342	#
467	1431863	37	38	41	53	60	65	67	83	94	109	135	140	165	174	180	183	185	192	212	228	241	250	342	#
468	14256	26	#
469	246618	67	159	169	343	#
470	216843	99	159	165	343	#
471	152674	114	142	169	343	#
472	144541	35	37	67	343	#
473	4652	82	#
474	1696683	2	18	23	24	62	68	69	75	78	79	92	93	121	122	123	133	139	147	165	166	170	173	174	178	196	212	238	242	344	#
475	1950940	6	13	21	30	46	79	88	92	106	125	137	139	141	157	159	167	168	171	184	187	195	196	203	206	213	220	222	233	344	#
476	1942898	9	26	39	46	47	48	62	67	69	72	78	87	106	150	163	167	171	172	189	197	199	203	222	231	236	248	250	255	344	#
477	1898749	3	17	26	28	42	43	46	79	86	93	115	117	130	136	137	140	161	166	170	171	173	180	189	202	221	237	247	250	344	#
478	1884587	0	25	26	27	31	37	40	84	90	113	115	116	121	133	147	148	158	163	170	171	181	190	225	227	233	241	243	250	344	#
479	1815971	0	4	6	24	27	28	45	48	71	76	77	81	94	100	117	122	127	140	166	169	178	184	188	202	228	242	245	248	344	#
480	906630	90	101	118	125	132	136	171	175	178	180	199	211	226	238	345	#
481	1084297	0	36	64	81	87	97	116	147	159	180	183	199	224	231	345	#
482	1044349	5	34	104	116	131	136	153	188	191	204	208	222	227	250	345	#
483	973448	34	72	87	97	118	122	131	136	153	190	192	211	217	243	345	#
484	964481	6	30	58	61	80	116	122	132	146	170	180	188	247	250	345	#
485	843674	14	53	72	77	117	131	184	225	229	234	235	236	238	247	345	#
486	324070	5	99	111	152	157	161	215	346	#
487	427519	23	25	43	98	115	157	206	346	#
488	358675	11	46	68	72	77	161	248	346	#
489	358277	3	35	59	66	122	167	215	346	#
490	238688	30	45	99	154	171	213	217	346	#
491	260676	126	129	191	225	347	#
492	337053	58	108	110	126	347	#
493	292434	16	62	129	198	347	#
494	274471	7	96	158	225	347	#
495	969451	8	30	41	47	79	146	156	170	180	184	196	204	213	228	232	348	#
496	1401733	0	19	26	32	69	89	111	123	146	164	184	193	203	227	234	348	#
497	1122977	1	7	18	46	69	104	121	144	156	164	172	173	197	223	225	348	#
498	1048909	19	49	117	120	135	138	154	167	180	186	193	194	198	203	215	348	#
499	1048434	1	7	20	37	58	117	154	167	178	194	196	199	231	243	244	348	#
500	1031771	17	41	50	69	72	76	79	97	104	129	143	158	199	219	254	348	#
501	1785014	5	6	9	27	33	39	40	48	51	77	84	85	86	99	101	104	106	120	137	141	142	151	166	172	187	192	198	206	213	215	219	222	246	252	349	#
502	2102453	1	6	7	8	29	32	40	42	53	55	62	74	87	93	98	100	109	112	113	121	127	142	152	182	183	198	213	221	222	223	224	230	247	254	349	#
503	2066153	0	32	49	51	83	85	88	89	92	93	101	102	109	112	127	135	136	137	169	172	173	175	183	184	187	196	198	199	213	216	224	234	236	248	349	#
504	2023743	2	11	24	31	76	78	79	85	109	112	116	118	120	123	129	148	160	166	176	180	192	197	199	200	204	212	213	227	231	239	240	243	253	254	349	#
505	2005805	5	11	12	17	33	39	50	58	67	74	76	99	113	129	138	141	148	160	165	167	168	178	194	195	198	201	208	209	212	216	227	228	230	239	349	#
506	1983083	8	24	33	36	51	57	76	78	79	85	89	93	99	101	112	122	132	136	138	142	143	156	157	167	184	187	188	194	207	215	222	229	250	254	349	#
507	357440	1	78	106	119	132	172	350	#
508	400880	3	25	57	78	109	120	350	#
509	348827	10	69	106	148	151	232	350	#
510	314207	78	118	119	126	147	219	350	#
511	261102	49	90	95	102	162	172	350	#
512	257483	1	40	46	135	231	251	350	#
513	190590	75	192	244	252	351	#
514	246323	49	75	169	207	351	#
515	241692	8	103	173	252	351	#
516	105572	33	86	115	192	351	#
517	65753	1	33	203	244	351	#
518	507863	7	19	127	129	140	152	208	218	223	230	352	#
519	715231	59	62	108	140	148	184	185	210	213	222	352	#
520	694840	19	28	37	50	63	89	108	124	178	229	352	#
521	618702	0	7	28	79	117	136	154	168	201	243	352	#
522	615057	56	64	78	95	103	129	161	184	188	204	352	#
523	581409	35	49	80	82	105	127	136	166	208	247	352	#
524	63565	9	#
525	680638	11	14	16	21	29	91	97	122	127	130	157	166	212	222	237	255	353	#
526	1015549	7	9	36	45	58	63	76	119	147	160	173	179	181	212	215	218	353	#
527	1005533	14	19	44	55	61	65	78	112	122	144	220	227	228	231	242	243	353	#
528	977568	8	11	40	43	56	78	91	93	121	137	139	159	204	233	248	251	353	#
529	958677	1	12	22	27	47	53	76	100	130	133	146	155	185	214	241	254	353	#
530	948724	17	21	64	77	114	119	125	126	127	138	166	171	190	227	234	236	353	#
531	82982	100	212	244	354	#
532	73332	78	199	244	354	#
533	1426263	8	16	19	20	22	23	53	69	74	99	129	135	159	167	173	179	182	194	200	203	218	231	239	355	#
534	1597272	29	35	43	52	69	79	85	89	99	119	124	134	155	161	162	166	197	204	225	239	241	243	244	355	#
535	1565666	4	11	13	36	45	52	67	73	78	83	110	138	172	175	178	182	184	194	211	239	240	247	251	355	#
536	1557509	6	14	16	39	57	80	82	95	97	129	156	160	166	176	207	208	215	221	225	228	234	247	248	355	#
537	1539593	16	38	40	44	49	54	67	69	87	114	118	122	160	168	169	170	172	175	183	188	199	228	237	355	#
538	1499840	26	50	53	54	85	88	89	92	94	103	104	138	157	169	179	184	193	196	200	204	216	239	250	355	#
539	505120	39	42	54	100	110	119	144	155	192	193	196	221	356	#
540	725108	13	22	36	39	40	46	97	161	172	173	192	204	356	#
541	721413	21	27	28	47	56	110	113	128	133	137	197	208	356	#
542	709390	9	29	49	85	100	104	107	119	169	171	195	234	356	#
543	704598	58	76	90	98	107	129	138	160	197	221	240	241	356	#
544	678403	23	27	50	83	155	158	169	174	181	195	222	246	356	#
545	426794	138	166	202	210	214	357	#
546	360002	12	100	140	197	202	357	#
547	334535	14	68	166	206	231	357	#
548	304373	24	98	138	139	241	357	#
549	274830	146	156	168	210	220	357	#
550	256335	6	180	214	224	238	357	#
551	1687150	0	6	8	10	15	37	44	47	49	64	72	89	92	97	103	112	126	138	148	160	167	170	185	195	211	214	221	223	234	239	246	358	#
552	2072070	4	24	26	40	58	65	84	87	93	108	112	129	130	136	137	145	156	157	159	171	175	178	194	195	196	207	222	227	233	244	250	358	#
553	2036956	4	10	16	20	21	23	33	36	49	57	58	68	69	70	79	81	89	95	97	103	107	123	171	176	203	208	225	226	236	237	242	358	#
554	2026616	0	2	6	24	52	62	67	72	74	100	103	117	119	122	131	137	162	166	171	176	191	196	202	203	208	227	228	236	239	240	250	358	#
555	1965100	10	15	24	26	35	38	46	47	63	75	79	85	88	90	93	95	98	111	121	122	145	155	173	193	195	208	214	229	234	241	249	358	#
556	1932873	3	6	15	46	47	50	57	65	69	79	83	88	93	100	107	110	118	120	132	137	143	145	157	176	192	197	214	217	241	247	252	358	#
557	1599850	3	21	34	38	42	47	71	86	99	104	108	114	126	132	156	175	183	185	209	215	237	241	245	359	#
558	1590903	40	46	68	86	87	99	103	121	132	141	149	153	155	159	160	163	170	171	185	202	203	235	247	359	#
559	1482523	25	46	47	63	66	70	71	92	126	127	128	139	162	168	194	197	204	211	228	238	239	244	255	359	#
560	1414225	0	1	3	20	26	29	62	65	75	80	87	117	122	127	128	151	165	187	188	218	237	244	247	359	#
561	1388782	13	40	44	57	84	85	92	102	107	108	137	150	153	163	166	182	194	199	206	207	213	215	225	359	#
562	1384486	9	13	26	46	48	59	73	79	94	102	110	138	144	146	156	158	174	189	219	227	231	244	254	359	#
563	133235	9	188	237	360	#
564	189227	9	224	241	360	#
565	19752	182	212	237	360	#
566	169078	45	81	361	#
567	230175	81	149	361	#
568	161969	45	140	361	#
569	1034501	5	23	24	25	86	121	147	162	176	193	200	225	229	249	255	362	#
570	1067505	8	27	57	76	87	94	164	165	169	181	202	203	214	229	252	362	#
571	975803	0	23	25	78	105	135	146	147	166	196	199	200	231	234	246	362	#
572	918291	16	35	37	66	69	86	95	111	126	127	152	159	207	210	225	362	#
573	873183	20	34	49	76	82	112	120	127	156	178	186	188	200	237	243	362	#
574	871872	5	7	33	50	66	81	96	108	135	165	166	181	226	250	255	362	#
575	1165106	15	19	41	55	57	61	67	95	105	166	168	169	195	215	216	241	363	#
576	1210898	8	42	55	63	66	78	92	94	113	142	152	182	185	194	197	202	363	#
577	1126971	21	35	69	92	96	102	115	117	128	148	165	167	188	202	210	241	363	#
578	1118122	15	34	38	56	62	63	86	102	124	136	181	183	184	204	244	253	363	#
579	1105675	19	41	52	54	55	61	71	74	90	91	100	142	164	175	180	221	363	#
580	1104640	11	30	75	87	95	108	123	124	142	156	165	183	200	234	252	254	363	#
581	2743254	0	3	23	31	36	40	46	62	68	70	85	87	91	94	98	106	111	116	125	159	165	167	170	171	175	176	178	188	190	193	194	203	204	207	210	226	227	238	245	250	252	255	364	#
582	2819642	0	6	16	17	24	29	30	31	43	48	49	51	60	80	85	90	91	93	94	98	99	103	111	121	124	129	132	134	136	165	178	186	187	199	200	208	218	232	235	242	250	252	364	#
583	2800035	7	8	15	16	19	31	43	55	56	57	60	66	69	72	78	87	104	112	120	121	124	126	129	133	136	146	148	152	155	160	164	175	187	196	198	204	206	219	238	239	248	251	364	#
584	2646407	8	26	28	34	35	40	50	52	53	57	92	98	103	108	111	112	117	120	121	129	131	136	137	151	155	156	161	163	167	170	171	173	176	180	196	208	210	218	221	241	246	252	364	#
585	2634116	0	13	18	23	24	26	31	34	35	38	50	69	70	85	94	105	108	112	113	116	129	131	136	140	145	147	161	164	167	175	187	188	197	213	231	232	233	234	239	241	242	245	364	#
586	2619630	3	6	16	22	23	24	26	27	39	42	43	44	46	49	52	54	58	60	69	83	85	92	96	98	100	116	123	136	153	160	166	169	184	194	197	200	219	226	229	238	244	245	364	#
587	852797	6	58	61	82	83	85	96	107	108	129	133	166	169	184	196	206	208	230	250	365	#
588	1278728	3	16	38	70	76	102	104	132	138	139	167	173	184	219	220	229	234	241	252	365	#
589	1274815	3	6	18	52	90	131	132	152	156	162	191	199	202	208	209	217	224	244	252	365	#
590	1219457	22	31	47	60	62	65	66	68	77	96	98	113	138	158	162	166	184	245	251	365	#
591	1219086	6	30	31	33	50	52	60	88	101	117	121	144	151	160	208	245	250	252	255	365	#
592	1210370	14	39	40	47	56	86	126	138	150	158	181	196	200	205	215	224	225	250	252	365	#
593	2853853	10	13	18	19	20	26	28	32	44	46	49	55	57	59	60	69	70	72	76	81	84	93	94	98	116	118	124	128	129	131	139	142	146	147	154	170	172	174	175	179	181	184	195	196	197	198	200	205	212	213	218	220	223	225	236	240	248	254	366	#
594	3815519	7	11	14	21	22	28	29	30	32	41	52	55	56	58	60	67	68	74	85	86	88	92	93	98	99	100	106	115	116	121	126	143	145	151	159	160	169	175	180	181	183	184	186	190	195	201	204	205	206	211	213	230	239	241	244	245	251	253	366	#
595	3717101	2	4	6	8	10	11	14	16	25	26	32	34	35	36	43	50	52	54	62	64	78	81	95	98	99	102	103	104	107	108	112	117	119	120	123	126	128	129	130	136	144	145	146	172	180	181	184	185	204	207	211	213	216	219	232	236	239	245	366	#
596	3680284	16	20	22	38	39	42	47	48	54	56	63	65	71	72	73	76	79	83	85	95	96	102	104	112	117	121	123	127	130	131	142	143	144	145	151	158	168	170	173	175	179	180	183	187	189	194	195	199	200	204	206	208	210	214	215	225	245	254	366	#
597	3674608	0	9	14	18	22	30	31	33	36	41	48	49	52	53	55	59	60	66	69	73	75	77	78	84	99	100	109	110	115	119	122	123	126	127	132	136	143	146	147	158	160	168	170	177	180	183	184	186	206	215	227	232	243	245	247	249	253	254	366	#
598	3507199	2	9	11	14	15	22	25	26	27	32	35	40	43	52	56	63	68	86	88	89	92	95	101	102	114	115	117	134	135	143	151	157	162	166	174	176	178	180	184	187	188	193	196	199	206	212	216	219	221	226	232	235	238	240	244	246	250	253	366	#
599	119464	155	203	367	#
600	165575	149	203	367	#
601	106954	54	155	367	#
602	344065	43	110	114	125	134	140	157	178	368	#
603	499312	23	55	93	99	114	187	195	233	368	#
604	471784	12	50	64	138	140	180	193	241	368	#
605	431539	26	38	82	119	134	137	142	238	368	#
606	184604	8	38	42	84	110	170	231	235	368	#
607	297615	86	169	187	243	369	#
608	292417	3	63	157	169	369	#
609	252388	20	70	86	175	369	#
610	242105	95	191	232	243	369	#
611	218455	59	91	103	187	369	#
612	203706	70	139	370	#
613	160310	139	188	370	#
614	106982	70	189	370	#
615	510860	11	20	53	55	70	82	117	145	227	230	371	#
616	679743	20	45	47	81	113	115	190	215	216	222	371	#
617	678136	53	66	153	156	176	182	186	189	228	251	371	#
618	658267	0	44	71	82	96	123	132	229	234	243	371	#
619	635035	11	49	53	82	106	120	157	159	197	219	371	#
620	613977	49	106	116	117	138	159	205	227	243	255	371	#
621	1241994	3	8	20	22	34	47	59	76	82	94	104	123	144	177	184	200	207	233	372	#
622	1327252	3	22	23	36	48	69	72	76	99	137	155	161	176	189	213	225	228	248	372	#
623	1314644	2	3	18	29	46	83	84	100	111	118	125	126	143	175	198	228	233	246	372	#
624	1270711	25	31	34	35	43	51	68	100	131	186	194	204	213	214	216	238	246	251	372	#
625	1251131	11	25	27	46	47	78	113	125	133	142	157	165	173	209	227	239	249	255	372	#
626	1185971	12	40	49	53	60	70	73	80	115	146	150	163	177	182	209	237	241	250	372	#
627	253322	9	54	124	199	212	373	#
628	259058	9	175	223	224	249	373	#
629	204999	54	69	71	165	233	373	#
630	200511	14	98	108	205	212	373	#
631	173123	28	35	44	56	199	373	#
632	1783330	6	27	30	50	64	70	75	78	86	91	112	120	144	145	161	162	173	175	183	185	192	200	212	214	222	226	229	247	374	#
633	2076828	6	13	16	24	37	40	46	48	51	56	59	60	62	68	92	102	117	136	142	147	183	185	196	204	216	225	234	239	374	#
634	2030494	1	22	30	32	45	53	66	69	89	95	115	119	121	130	131	138	151	159	163	175	183	187	191	204	215	228	247	255	374	#
635	1931373	6	21	43	46	57	60	71	74	86	109	118	121	122	155	163	180	183	188	189	196	198	203	207	218	222	238	243	245	374	#
636	1926687	21	24	30	38	39	48	50	59	68	75	77	84	86	87	92	115	136	144	161	171	181	186	209	214	231	243	248	250	374	#
637	1781361	14	16	38	48	57	71	81	85	87	102	111	112	113	114	121	123	132	139	141	147	192	209	225	230	233	245	246	250	374	#
638	410686	33	79	83	96	107	155	159	161	164	167	179	375	#
639	603661	47	90	93	105	147	148	155	166	228	240	251	375	#
640	600832	27	29	31	39	43	128	159	208	213	229	247	375	#
641	596426	55	70	107	111	116	135	148	169	221	233	250	375	#
642	579962	2	46	50	55	85	92	159	161	210	218	226	375	#
643	557921	30	49	50	60	63	79	112	119	126	189	202	375	#
644	591563	31	53	78	144	168	189	200	232	237	376	#
645	738386	13	68	78	129	144	176	182	202	254	376	#
646	638659	20	33	61	69	89	105	140	189	237	376	#
647	617661	1	8	141	143	167	213	232	239	253	376	#
648	612743	53	64	102	113	160	179	185	190	200	376	#
649	579660	0	1	2	32	49	82	142	189	226	376	#
650	1485246	2	13	18	23	26	33	44	82	107	110	121	125	146	148	159	176	177	181	197	208	226	231	247	249	377	#
651	1726110	8	27	28	32	64	70	72	92	94	112	125	128	134	135	136	142	155	156	173	181	197	208	222	229	377	#
652	1714150	12	18	19	48	55	60	85	90	104	112	116	134	147	153	156	169	181	194	203	209	212	238	248	250	377	#
653	1690297	0	11	21	28	32	42	53	57	86	90	95	117	133	151	156	163	176	190	204	205	225	227	231	234	377	#
654	1675450	11	14	18	22	26	34	48	55	57	76	97	125	130	133	167	175	186	197	205	206	207	229	248	249	377	#
655	1670163	2	3	21	26	53	55	69	72	89	121	136	138	140	142	160	171	187	195	204	218	247	251	252	253	377	#
656	31603	29	226	#
657	1000762	23	31	74	77	90	99	135	165	169	197	247	254	378	#
658	990948	9	14	16	58	69	109	121	165	183	188	232	243	378	#
659	899110	43	64	73	77	118	153	165	197	199	238	246	250	378	#
660	781577	8	23	74	101	113	136	139	155	211	235	241	254	378	#
661	764047	90	112	114	124	178	179	184	190	198	208	243	251	378	#
662	701735	2	52	53	69	72	89	99	122	199	220	221	254	378	#
663	269144	122	162	250	379	#
664	325139	162	177	250	379	#
665	210304	122	195	204	379	#
666	182013	27	162	213	379	#
667	376690	54	70	91	109	226	230	232	235	251	253	380	#
668	562623	0	12	47	54	58	89	146	153	208	210	380	#
669	542921	2	36	53	78	109	119	185	201	214	253	380	#
670	541152	5	28	36	61	75	91	115	203	219	247	380	#
671	512906	10	83	86	101	116	133	166	176	200	232	380	#
672	349277	50	83	119	127	135	140	165	175	226	235	380	#
673	156034	81	92	381	#
674	131746	92	196	381	#
675	113650	81	155	381	#
676	528613	54	114	117	123	146	158	186	197	212	382	#
677	724188	6	20	26	120	177	212	214	241	247	382	#
678	669892	0	13	143	176	183	186	187	237	246	382	#
679	612561	37	46	53	94	100	117	170	237	241	382	#
680	609553	89	114	128	138	182	186	189	234	236	382	#
681	524363	77	98	119	158	171	189	192	215	221	382	#
682	1491608	8	9	26	32	38	44	55	73	83	101	102	103	113	123	127	139	141	156	160	192	202	214	215	219	383	#
683	1804458	1	6	11	23	31	40	48	70	74	77	102	108	112	133	140	143	154	155	159	172	179	235	239	255	383	#
684	1724856	8	9	14	15	30	31	32	34	35	50	60	73	74	77	129	151	162	194	205	216	218	233	249	251	383	#
685	1678282	0	2	4	31	36	41	44	45	69	76	83	103	128	135	137	147	163	183	192	193	195	227	237	243	383	#
686	1665050	4	8	9	11	27	32	45	63	78	82	86	100	102	110	134	158	165	190	200	202	208	224	226	250	383	#
687	1651138	2	13	30	43	83	84	89	95	100	106	109	119	123	125	126	128	153	154	163	167	173	181	227	248	383	#
688	1670316	3	19	73	78	79	82	84	87	91	95	100	115	129	135	144	155	159	177	185	189	217	218	222	225	230	231	243	249	250	384	#
689	2029902	0	13	26	73	82	85	91	92	96	97	111	129	136	139	142	146	168	181	182	183	203	208	223	235	236	238	239	246	247	384	#
690	2021932	14	15	23	24	28	29	34	53	68	69	72	82	87	94	102	112	122	134	144	155	169	202	203	212	226	230	236	241	250	384	#
691	2018495	6	10	13	25	33	43	46	49	54	60	64	69	73	76	83	100	103	123	139	165	168	180	185	194	204	225	229	241	255	384	#
692	1837749	25	29	32	44	50	69	81	82	92	103	113	117	134	139	140	143	144	147	151	163	183	186	192	195	198	213	236	243	246	384	#
693	1765399	3	8	22	25	33	57	67	71	74	75	76	84	95	119	126	129	131	136	141	164	173	181	183	194	200	204	229	249	253	384	#
694	138768	116	241	385	#
695	141965	136	241	385	#
696	43735	139	#
697	1759512	0	21	24	42	54	55	78	80	85	88	90	91	93	96	97	110	119	141	146	151	156	165	169	171	187	207	209	212	237	241	242	386	#
698	2153380	14	19	21	31	36	42	49	52	74	93	108	119	122	131	156	157	168	172	173	183	187	194	196	199	202	205	208	215	218	221	248	386	#
699	2132513	1	3	30	31	32	47	63	65	74	77	80	85	88	100	118	119	126	127	136	143	156	170	178	182	183	184	189	197	224	231	239	386	#
700	2111834	8	21	22	23	24	44	53	59	71	79	84	103	107	116	122	124	139	147	150	163	164	165	167	169	189	190	200	228	229	233	245	386	#
701	2088544	7	8	27	41	50	66	69	70	78	79	80	82	88	90	103	107	110	130	132	137	151	178	180	185	189	191	198	209	221	240	255	386	#
702	2067015	6	16	24	25	31	36	41	48	60	78	79	104	108	115	117	122	127	131	138	146	147	160	162	171	172	178	194	218	222	247	255	386	#
703	641187	0	18	21	68	124	139	171	254	387	#
704	572928	0	68	95	98	121	171	191	242	387	#
705	566485	21	106	154	170	178	196	226	235	387	#
706	560303	6	63	81	105	163	174	214	254	387	#
707	557044	18	100	130	154	176	205	210	214	387	#
708	501972	29	79	125	139	142	155	202	246	387	#
709	1466841	3	12	15	36	41	51	66	67	70	101	114	133	142	144	145	153	159	172	175	180	184	192	195	215	216	247	388	#
710	1876256	3	4	43	58	67	68	70	74	94	95	105	118	125	141	144	174	183	184	195	202	208	226	227	228	238	244	388	#
711	1796356	15	18	20	21	31	48	57	68	77	102	106	123	136	141	153	157	159	161	194	195	200	212	225	243	244	248	388	#
712	1718918	6	15	28	38	42	52	53	60	63	77	101	110	122	126	132	133	138	141	149	157	184	192	194	220	228	250	388	#
713	1654583	32	41	49	50	55	65	69	75	87	91	102	108	133	135	141	152	171	179	184	185	202	212	229	239	242	255	388	#
714	1615222	2	9	13	23	28	29	30	33	36	57	68	92	97	101	148	157	161	172	179	203	204	215	222	227	236	254	388	#
715	145351	40	143	389	#
716	136790	141	143	389	#
717	130847	40	76	389	#
718	1320625	18	25	34	46	61	75	100	105	112	127	136	146	148	167	172	180	204	212	215	216	219	226	248	390	#
719	1688638	15	21	30	44	60	68	79	81	86	109	111	124	172	174	176	184	196	202	221	226	230	240	246	390	#
720	1522086	3	23	37	48	65	88	90	95	97	110	116	119	142	160	172	184	190	212	215	228	232	237	243	390	#
721	1502507	9	13	21	25	27	36	44	46	88	97	113	114	131	141	160	171	175	179	182	191	224	239	245	390	#
722	1500061	1	37	39	40	41	75	81	84	87	97	102	117	119	141	167	172	182	184	203	215	223	229	233	390	#
723	1447981	5	18	22	42	58	68	71	98	102	115	119	120	145	155	163	164	177	183	184	203	207	210	225	390	#
724	459656	76	91	104	157	167	189	198	220	391	#
725	526746	24	31	47	151	167	177	192	252	391	#
726	515928	58	74	114	148	174	189	194	212	391	#
727	442942	21	62	91	105	131	180	193	230	391	#
728	434572	0	50	111	112	168	198	218	226	391	#
729	415940	10	29	56	76	83	122	176	202	391	#
730	15624	56	#
731	2186067	2	5	6	9	11	12	16	21	29	30	40	44	49	50	52	55	62	70	72	81	82	96	115	119	121	127	141	146	147	151	153	156	158	160	165	170	177	184	204	230	235	241	392	#
732	2991290	0	19	22	23	28	34	48	60	62	68	75	91	96	97	100	105	109	116	119	120	128	129	133	143	152	155	158	162	169	175	181	182	188	193	197	206	227	235	238	244	249	251	392	#
733	2915649	0	2	3	5	9	10	11	15	18	21	24	31	39	40	56	57	78	82	92	105	111	116	125	129	135	144	150	152	175	178	179	181	183	187	199	213	222	223	235	245	248	251	392	#
734	2810784	4	9	11	13	16	21	22	23	31	40	42	43	62	64	65	73	74	82	83	86	91	94	102	103	115	144	151	153	155	182	184	193	195	197	204	224	227	229	237	238	241	246	392	#
735	2766280	5	9	36	39	50	59	63	69	71	73	81	83	88	102	116	120	123	129	136	157	159	162	166	178	179	182	189	190	197	213	222	227	229	233	234	238	240	241	243	252	253	255	392	#
736	2749528	17	43	51	53	59	62	68	78	86	88	110	113	116	131	133	140	147	150	151	159	160	161	165	168	169	177	181	183	184	188	189	206	212	216	222	223	229	233	241	244	249	251	392	#
737	207101	169	235	393	#
738	255982	169	177	393	#
739	157485	116	235	393	#
740	689496	27	36	108	112	124	135	138	178	181	184	192	248	394	#
741	1018192	13	20	32	94	122	138	167	170	196	215	225	231	394	#
742	949599	11	15	39	113	117	126	136	157	178	179	239	249	394	#
743	921089	1	14	27	37	43	53	70	95	102	155	173	183	394	#
744	848097	6	8	37	49	95	104	147	154	163	181	196	203	394	#
745	800947	30	31	33	36	43	61	145	155	188	197	203	254	394	#
746	194231	82	123	132	242	395	#
747	277858	4	62	233	242	395	#
748	157347	123	135	200	254	395	#
749	133457	18	61	130	132	395	#
750	132773	10	82	85	176	395	#
751	952996	27	28	30	35	88	94	100	113	118	139	143	163	172	186	195	396	#
752	1231723	27	64	69	75	76	79	121	139	142	152	173	197	203	205	209	396	#
753	1185213	31	35	47	88	97	108	136	172	173	175	194	205	222	225	251	396	#
754	1128910	52	76	83	98	100	106	126	131	133	143	149	183	191	213	215	396	#
755	1079980	0	10	38	56	64	81	129	135	156	163	165	172	184	185	194	396	#
756	1062274	26	41	46	62	64	66	75	83	92	139	146	164	189	197	224	396	#
757	58291	206	210	397	#
758	81823	206	243	397	#
759	58075	210	214	397	#
760	91582	36	85	131	165	237	244	398	#
761	132225	51	88	131	190	236	249	398	#
762	505841	19	111	139	167	171	195	248	249	399	#
763	665771	61	90	139	153	158	207	241	249	399	#
764	538029	23	45	75	81	97	107	139	185	399	#
765	507994	7	88	90	167	168	172	179	201	399	#
766	501708	41	54	107	166	171	234	241	247	399	#
767	490166	18	19	28	52	127	201	210	241	399	#
768	280673	20	82	107	141	148	202	400	#
769	410526	132	175	184	202	226	252	400	#
770	401275	20	25	85	107	176	246	400	#
771	397796	32	82	114	169	205	221	400	#
772	324021	42	72	141	167	233	253	400	#
773	165903	20	108	148	224	242	244	400	#
774	167831	30	105	169	214	401	#
775	236361	43	105	206	247	401	#
776	211535	4	35	62	173	402	#
777	246381	12	62	153	228	402	#
778	123164	88	117	173	211	402	#
779	434145	3	30	50	83	91	142	214	215	245	403	#
780	558083	3	29	53	121	131	220	245	254	255	403	#
781	553592	54	69	98	131	148	155	163	175	215	403	#
782	520714	11	30	53	59	97	99	135	159	193	403	#
783	437000	8	22	68	83	102	112	120	148	155	403	#
784	379540	1	9	10	45	142	167	168	224	254	403	#
785	2457639	4	7	8	22	23	28	30	37	39	61	63	70	79	83	93	94	96	98	99	111	112	115	126	137	143	149	152	153	154	157	161	178	183	186	187	193	200	214	215	219	226	234	237	250	404	#
786	2765638	0	9	15	17	34	51	58	66	69	72	75	76	83	86	91	97	103	108	121	124	128	131	137	151	152	160	169	170	171	172	174	175	189	196	203	209	215	222	228	240	243	248	250	253	404	#
787	2670869	1	3	8	20	23	25	28	33	38	40	44	46	52	63	82	87	89	91	96	97	100	112	116	117	121	126	138	143	155	158	160	175	176	181	183	194	200	209	210	218	223	224	231	248	404	#
788	2653928	5	15	17	21	22	23	28	33	40	42	44	48	63	74	79	81	85	86	90	98	101	115	131	137	139	140	142	145	148	150	151	152	164	166	170	178	180	192	196	212	213	228	236	255	404	#
789	2628241	8	11	15	22	24	34	40	46	62	63	67	69	70	73	74	77	80	83	104	105	111	114	121	124	138	141	155	168	170	175	179	181	187	189	201	204	217	218	231	236	241	251	253	254	404	#
790	2602620	0	1	15	18	24	26	44	50	63	67	68	79	80	87	93	100	101	103	107	109	113	114	134	137	138	144	149	152	154	166	175	180	181	189	208	212	224	226	232	233	237	247	248	249	404	#
791	342981	31	68	80	117	232	237	252	405	#
792	444018	25	32	43	80	98	119	215	405	#
793	408125	36	42	76	164	200	225	252	405	#
794	390099	31	105	133	191	215	232	241	405	#
795	364772	18	64	92	124	218	231	232	405	#
796	360278	21	68	94	98	114	131	250	405	#
797	916763	7	8	9	37	40	82	85	106	108	117	128	151	189	233	406	#
798	988347	22	46	67	100	108	112	113	129	163	178	190	202	220	233	406	#
799	935116	13	24	27	40	59	68	75	92	100	121	146	156	157	204	406	#
800	931575	7	29	39	70	85	113	117	138	139	148	149	153	187	213	406	#
801	912245	15	57	62	71	80	117	144	148	149	154	174	182	193	204	406	#
802	902019	9	45	52	59	79	105	128	151	175	189	208	220	229	237	406	#
803	501385	0	38	70	96	125	142	200	210	221	222	407	#
804	641557	0	9	46	119	126	138	154	192	243	251	407	#
805	630889	16	50	59	78	84	86	147	155	189	210	407	#
806	568131	0	38	52	94	98	117	136	160	219	237	407	#
807	542559	15	16	26	82	84	107	165	175	183	221	407	#
808	522672	24	25	34	42	67	162	175	219	222	237	407	#
809	2171717	3	8	22	37	40	49	60	66	79	82	84	94	97	98	104	119	127	128	134	136	138	140	152	155	159	172	182	191	199	225	229	249	408	#
810	2138458	3	14	16	25	31	36	62	64	69	76	90	118	125	130	134	136	139	140	143	153	167	168	172	175	195	197	198	204	205	234	239	244	408	#
811	2048898	3	15	25	29	45	46	57	58	74	84	98	100	104	105	110	111	124	125	127	131	152	166	175	176	179	182	196	197	201	210	236	247	408	#
812	2032896	2	3	19	21	26	30	36	39	46	49	55	63	84	104	114	121	124	133	139	151	169	176	178	189	190	192	195	197	202	213	224	226	408	#
813	1990356	1	12	16	31	38	55	57	62	84	96	103	111	121	128	136	139	141	142	166	173	182	191	196	198	199	200	217	226	227	235	243	247	408	#
814	1946194	2	3	13	14	16	21	40	46	49	53	59	62	67	84	86	120	126	136	138	145	151	160	165	168	170	176	195	199	207	236	250	253	408	#
815	123006	13	33	75	101	409	#
816	161312	35	101	184	231	409	#
817	103600	13	55	109	152	409	#
818	171237	18	70	209	220	410	#
819	252758	188	209	223	228	410	#
820	407765	48	62	79	80	119	138	204	411	#
821	601980	42	79	136	171	209	216	229	411	#
822	550063	0	91	119	165	173	178	200	411	#
823	545499	9	68	79	80	159	179	220	411	#
824	543978	14	114	138	152	154	163	206	411	#
825	430950	48	80	98	118	149	150	151	411	#
826	575991	78	110	115	129	154	157	161	226	247	255	412	#
827	803814	54	59	64	84	115	151	168	171	187	220	412	#
828	719020	52	74	94	97	146	157	158	175	203	242	412	#
829	643751	82	100	116	166	168	176	207	208	248	255	412	#
830	545471	10	110	113	134	151	210	211	226	229	232	412	#
831	529058	56	60	71	77	110	126	221	226	245	250	412	#
832	1086893	21	37	48	54	57	58	97	100	112	162	176	182	189	215	219	245	246	413	#
833	1258603	25	37	45	56	58	75	78	80	84	138	147	153	159	172	181	222	249	413	#
834	1108305	6	21	28	34	39	45	56	67	68	118	131	189	197	215	225	239	251	413	#
835	1099670	0	1	43	78	85	97	104	110	118	138	188	205	227	244	247	248	251	413	#
836	1055936	1	47	58	71	74	76	79	96	105	164	181	198	207	208	215	219	253	413	#
837	1047920	25	43	60	91	107	113	127	162	171	184	185	188	213	217	222	231	238	413	#
838	299510	97	181	195	241	414	#
839	321238	57	126	172	181	414	#
840	219378	20	50	115	241	414	#
841	190372	9	177	195	250	414	#
842	318941	104	141	143	156	195	415	#
843	362662	52	91	119	123	143	415	#
844	353256	66	104	192	239	250	415	#
845	345033	4	11	120	141	231	415	#
846	187218	67	70	126	157	195	415	#
847	186886	64	156	186	215	248	415	#
848	671492	7	22	45	50	73	89	111	182	189	203	247	249	416	#
849	855813	8	11	30	45	94	117	167	171	222	241	248	250	416	#
850	809626	68	69	77	100	103	180	184	185	221	242	247	251	416	#
851	782059	5	22	60	77	83	133	158	160	177	186	208	229	416	#
852	726012	0	5	36	89	92	124	141	180	223	236	247	253	416	#
853	724312	5	15	16	23	25	30	70	102	182	189	209	224	416	#
854	759131	63	73	88	114	159	162	197	216	223	229	250	417	#
855	722670	19	32	40	87	97	108	139	159	210	217	223	417	#
856	710433	12	23	27	54	127	149	153	169	229	249	250	417	#
857	662095	66	68	85	106	157	163	198	211	238	242	250	417	#
858	642177	39	68	108	119	125	144	146	153	194	197	238	417	#
859	638140	15	21	23	34	68	74	76	92	138	216	220	417	#
860	676979	8	41	58	59	69	120	135	145	193	198	218	247	418	#
861	902082	4	52	58	79	89	139	163	182	183	191	212	235	418	#
862	891722	8	12	21	69	94	119	145	165	176	183	226	231	418	#
863	854207	58	60	62	80	120	144	146	180	219	236	247	249	418	#
864	848796	32	44	59	70	146	172	177	198	202	215	229	234	418	#
865	708128	18	22	32	63	80	92	153	164	167	177	218	247	418	#
866	404141	6	41	49	171	175	179	188	230	240	419	#
867	525916	6	18	23	29	35	45	58	124	182	419	#
868	487232	52	63	90	102	130	144	146	179	251	419	#
869	446318	0	22	81	86	118	199	202	229	230	419	#
870	437515	49	68	70	121	142	159	162	204	211	419	#
871	424781	22	37	57	89	97	132	141	211	240	419	#
872	420143	53	118	122	133	135	226	420	#
873	434217	40	97	122	194	196	225	420	#
874	428893	6	49	53	55	135	139	420	#
875	377883	55	80	89	118	142	144	420	#
876	342580	67	135	153	161	218	224	420	#
877	285039	9	36	114	133	236	244	420	#
878	1469578	1	3	63	91	94	104	116	132	140	141	151	161	177	178	185	187	228	230	255	421	#
879	1411783	0	10	19	60	63	64	67	87	90	92	95	147	158	196	197	199	239	247	250	421	#
880	1395855	3	16	21	26	38	39	45	47	102	113	166	169	172	175	180	226	239	246	247	421	#
881	1365927	42	54	56	57	64	68	71	81	84	96	104	122	129	145	178	180	181	187	226	421	#
882	1320441	21	30	31	32	35	36	41	68	73	104	106	116	117	135	136	145	150	166	243	421	#
883	1283377	18	29	46	48	51	79	81	85	104	145	157	167	185	187	189	193	195	224	240	421	#
884	3298	54	93	101	129	157	170	193	201	#
885	450934	2	60	121	147	178	227	422	#
886	488154	35	60	66	80	186	216	422	#
887	447608	18	53	68	147	163	193	422	#
888	419996	35	121	188	194	199	210	422	#
889	382216	26	28	123	129	178	226	422	#
890	356154	2	86	138	184	242	251	422	#
891	150606	13	83	148	185	199	423	#
892	215546	87	91	129	148	157	423	#
893	201891	26	110	118	160	199	423	#
894	195026	83	84	90	172	244	423	#
895	100673	13	148	193	203	233	423	#
896	853393	4	20	48	79	90	105	132	150	160	191	197	199	220	229	424	#
897	1152451	9	12	36	67	69	71	79	171	183	194	204	208	209	225	424	#
898	1053686	1	4	57	62	97	145	151	156	174	187	197	204	210	246	424	#
899	923956	2	11	19	57	60	90	97	107	121	149	197	205	207	240	424	#
900	922289	22	53	74	106	116	130	145	160	162	180	194	207	213	255	424	#
901	915619	29	37	38	50	53	72	90	105	121	150	151	163	185	190	424	#
902	366907	4	8	10	145	425	#
903	368914	4	81	155	218	425	#
904	217619	10	59	185	186	425	#
905	175067	34	145	188	208	425	#
906	107118	8	83	89	206	425	#
907	1149358	4	46	50	53	62	75	81	82	86	104	129	133	162	205	214	216	224	232	239	251	254	426	#
908	1388143	23	59	61	67	72	103	117	118	119	120	124	136	142	151	169	171	190	200	205	214	236	426	#
909	1380375	4	10	11	32	36	49	59	80	93	106	116	117	137	157	166	189	192	205	234	240	251	426	#
910	1312289	4	5	12	37	59	66	80	91	101	117	123	127	128	144	153	160	193	200	207	225	249	426	#
911	1297113	12	19	23	27	30	35	75	104	111	144	149	150	167	178	195	203	206	208	230	231	238	426	#
912	1296256	13	26	42	51	69	74	75	82	102	113	122	126	133	173	178	182	187	225	236	237	250	426	#
913	408416	43	91	95	118	185	225	228	427	#
914	549147	84	94	95	120	184	187	244	427	#
915	536292	43	47	101	120	174	225	227	427	#
916	388829	59	91	150	182	185	221	246	427	#
917	383675	43	56	58	73	157	220	227	427	#
918	373581	14	27	33	46	81	90	228	427	#
919	740782	6	9	19	44	151	193	228	231	239	428	#
920	595525	6	17	65	107	158	163	182	229	251	428	#
921	589074	22	26	43	45	88	143	230	239	249	428	#
922	577662	34	56	67	127	151	156	169	178	234	428	#
923	543659	19	36	78	131	155	161	174	201	208	428	#
924	542410	16	44	68	72	129	162	166	204	211	428	#
925	1351964	7	9	12	31	37	45	47	49	52	84	96	97	103	118	119	125	154	161	165	169	178	192	241	248	429	#
926	1774233	6	25	41	48	53	69	73	74	85	105	116	126	129	133	159	167	169	176	213	230	236	239	248	251	429	#
927	1773991	3	9	12	17	19	29	57	66	73	85	86	122	157	166	177	180	187	211	231	235	241	246	247	255	429	#
928	1742474	11	16	22	46	55	74	81	85	88	92	106	113	142	144	165	193	202	210	212	214	225	234	236	242	429	#
929	1698052	68	71	72	81	103	118	130	137	144	160	174	181	211	216	219	220	221	225	228	232	234	241	243	252	429	#
930	1677956	15	16	21	26	27	31	32	35	81	88	103	108	111	122	137	148	179	190	192	203	204	207	235	247	429	#
931	84757	86	98	221	430	#
932	98080	24	98	198	430	#
933	80871	144	221	244	430	#
934	356466	19	81	153	187	431	#
935	254493	106	110	187	201	431	#
936	234204	11	80	152	153	431	#
937	191120	81	142	155	220	431	#
938	1533803	11	12	13	17	44	59	64	76	77	84	90	96	114	118	123	126	143	148	160	178	182	191	196	252	432	#
939	1818587	2	13	15	21	26	31	51	53	75	106	116	122	140	160	174	181	182	227	239	241	242	244	246	247	432	#
940	1778148	4	7	20	23	27	31	40	49	76	94	109	114	119	121	123	126	156	189	198	209	214	227	251	253	432	#
941	1735017	17	21	51	53	54	55	63	68	69	73	84	86	120	122	123	127	134	140	146	149	163	169	189	232	432	#
942	1559837	7	29	58	82	86	88	90	91	93	94	96	101	102	103	141	144	148	156	172	197	210	225	234	248	432	#
943	1553964	31	52	58	66	72	79	96	105	115	122	126	151	158	174	185	199	204	210	215	229	244	246	251	255	432	#
944	266084	36	69	102	197	433	#
945	237874	69	177	181	214	433	#
946	234044	74	105	120	197	433	#
947	183989	36	64	234	237	433	#
948	1036841	22	28	31	35	61	64	79	95	107	158	166	167	171	210	229	231	236	249	434	#
949	1334086	10	28	35	54	63	65	67	79	94	97	132	156	157	167	197	203	217	249	434	#
950	1252747	8	17	22	27	48	55	60	93	114	125	136	139	140	149	160	166	210	247	434	#
951	1229939	0	5	6	51	56	67	68	79	81	85	131	140	147	162	169	171	249	255	434	#
952	1122210	36	37	41	48	63	71	97	122	128	173	179	183	204	210	235	243	244	250	434	#
953	1119798	0	9	24	76	86	90	96	98	102	106	140	152	155	163	208	227	229	242	434	#
954	1500225	9	10	11	26	44	49	81	90	115	133	147	149	157	162	166	179	183	184	195	200	204	225	229	237	435	#
955	1600328	6	13	42	44	54	67	72	79	85	93	95	97	121	122	124	125	152	176	215	217	218	222	251	253	435	#
956	1570144	9	11	17	47	53	78	87	104	105	117	122	129	132	136	159	163	173	179	198	200	202	214	225	236	435	#
957	1566050	2	3	19	22	31	43	50	53	56	65	97	111	115	125	161	166	177	182	184	185	188	202	205	210	435	#
958	1493901	6	10	34	35	41	42	88	90	107	111	112	129	136	157	167	197	209	212	214	225	226	227	231	238	435	#
959	1479656	10	20	24	29	39	47	71	74	78	96	108	112	121	127	132	137	148	155	177	179	183	208	228	255	435	#
960	428492	37	60	69	76	84	98	230	255	436	#
961	531058	49	60	103	121	124	140	240	248	436	#
962	514071	26	36	86	119	123	238	239	255	436	#
963	483562	37	66	98	113	142	165	198	200	436	#
964	458677	28	47	87	98	202	223	239	249	436	#
965	456880	51	63	84	180	189	218	244	251	436	#
966	1015092	4	20	27	39	84	87	97	99	109	115	137	150	156	160	187	226	229	242	437	#
967	1270214	7	27	30	39	43	44	61	74	79	80	95	123	150	151	152	202	206	248	437	#
968	1219101	1	5	10	17	52	75	77	84	101	104	136	149	203	208	227	233	235	243	437	#
969	1205735	4	5	7	41	46	58	64	75	93	118	148	158	177	189	190	218	248	253	437	#
970	1106504	11	25	30	39	41	43	53	60	65	68	72	99	101	146	163	179	218	239	437	#
971	1098329	6	19	27	78	100	107	108	110	117	148	160	161	167	177	223	229	233	245	437	#
972	71908	189	#
973	405661	7	79	91	102	113	164	210	243	245	438	#
974	505187	2	10	28	54	95	99	210	226	239	438	#
975	495481	16	81	88	90	115	118	164	186	245	438	#
976	492802	2	7	110	142	166	196	203	204	208	438	#
977	483074	16	79	82	93	102	155	217	221	253	438	#
978	473718	13	29	49	51	69	109	164	179	243	438	#
979	536507	24	27	36	37	40	146	152	207	231	439	#
980	581890	42	84	101	109	112	133	152	172	232	439	#
981	580969	9	16	32	82	160	188	194	231	250	439	#
982	530315	4	73	128	146	195	207	222	234	242	439	#
983	514300	33	36	38	52	63	68	151	193	235	439	#
984	513023	4	10	37	112	144	148	192	209	243	439	#
985	894058	1	12	46	49	54	69	80	100	120	157	172	189	191	208	232	440	#
986	1283607	24	47	61	62	64	81	89	146	149	188	189	202	222	223	246	440	#
987	1181733	4	29	58	85	101	146	158	167	184	200	201	232	239	242	251	440	#
988	1178265	5	9	10	19	29	71	90	152	202	208	210	225	230	239	249	440	#
989	1173564	1	15	65	79	104	119	133	154	180	189	222	230	232	247	252	440	#
990	1141761	0	10	63	65	93	102	143	155	171	172	174	176	228	233	239	440	#
991	272161	118	181	214	216	228	441	#
992	353977	45	64	121	199	228	441	#
993	353740	21	118	159	187	237	441	#
994	281793	47	96	208	216	250	441	#
995	249663	15	22	181	196	223	441	#
996	229087	11	29	69	111	214	441	#
997	273407	2	114	143	159	206	442	#
998	375789	79	90	206	208	241	442	#
999	371624	62	86	143	185	207	442	#
1000	321108	42	67	69	129	159	442	#
1001	296862	2	46	79	178	191	442	#
1002	280097	29	71	114	123	151	442	#
