%% File generated by CATS v.2.1Wed Jun 19 19:19:57 2013

%% The CATS webpage is http://robotics.stanford.edu/CATS

%% PARAMETER SETTINGS:
% Goods: 256; Bids: 1000; Distribution: arbitrary; Runs: 50; Seed: 1371664721
% Arbitrary Distribution Parameters:
% Max Substitutable Bids = 5
% Removing HV Neighbor   = 0.1
% Adding DIAG Neighbor   = 0.2
% Additional Location    = 0.9
% Additivity             = 0.2
% Budget Factor          = 1.5
% Resale Factor          = 0.5
% Normal Private Value:
%   Mean                 = 0
%   Standard Deviation   = 30



goods 256
bids 1001
dummy 187

0	131155	14	#
1	366692	41	43	84	135	151	256	#
2	436592	96	132	135	136	221	256	#
3	401179	19	43	173	223	230	256	#
4	337517	34	41	118	194	199	256	#
5	328725	8	135	151	156	174	256	#
6	254919	13	27	84	85	127	256	#
7	488366	2	116	142	180	193	239	252	257	#
8	655203	74	126	167	182	193	222	223	257	#
9	623338	27	39	53	67	137	180	203	257	#
10	525183	17	66	79	116	133	178	206	257	#
11	515221	2	66	83	114	119	202	239	257	#
12	480226	27	94	118	131	142	174	253	257	#
13	589574	18	19	32	35	39	48	85	90	119	145	185	212	242	258	#
14	780030	30	32	34	73	79	80	85	93	99	132	201	232	237	258	#
15	762020	25	43	71	90	119	125	147	151	154	167	185	189	204	258	#
16	754049	7	27	39	53	57	78	94	139	151	156	223	227	240	258	#
17	725824	4	9	46	64	65	116	121	143	145	171	172	210	237	258	#
18	715308	27	51	82	90	91	103	116	121	187	190	212	224	226	258	#
19	871095	5	7	27	50	59	80	107	109	128	181	183	193	213	214	230	245	259	#
20	1119089	24	31	40	46	48	51	65	99	109	126	155	166	173	175	179	210	259	#
21	1111250	26	62	83	107	108	113	130	137	140	169	197	209	230	240	243	244	259	#
22	1109443	21	27	39	74	78	80	133	153	165	180	198	201	203	214	215	249	259	#
23	1106767	7	62	63	65	88	89	90	93	137	151	161	168	190	192	195	224	259	#
24	1033590	29	30	45	54	62	71	90	92	107	138	175	191	192	227	230	240	259	#
25	229064	54	99	132	177	218	260	#
26	295069	126	132	194	212	253	260	#
27	167724	126	132	188	215	218	260	#
28	141549	99	147	159	189	207	260	#
29	2610112	5	10	13	17	19	29	42	50	54	68	74	78	86	88	93	104	112	115	119	120	127	132	142	149	155	156	163	165	168	170	171	173	175	185	192	193	194	201	202	210	219	221	222	223	227	230	239	261	#
30	3264180	1	14	22	25	27	31	33	49	52	54	65	69	81	82	85	89	97	104	112	119	124	129	135	136	144	146	147	153	157	158	163	164	170	177	178	180	188	199	209	219	220	221	236	240	244	249	252	261	#
31	3160943	7	8	13	18	19	21	25	26	27	30	36	40	42	45	48	50	55	75	77	80	87	88	96	115	129	130	142	148	153	159	165	169	180	187	190	195	196	202	212	223	226	231	236	238	246	250	253	261	#
32	3147437	1	3	5	8	13	17	31	32	34	45	50	51	53	55	62	63	70	74	76	94	95	111	118	131	133	136	150	151	164	167	168	173	181	185	195	196	201	204	206	215	216	218	219	233	234	247	255	261	#
33	3117279	3	4	12	15	17	19	20	22	24	29	38	41	51	55	59	68	80	81	90	97	108	109	110	116	126	141	144	147	151	157	159	162	164	165	179	185	188	198	199	202	213	230	234	235	246	253	255	261	#
34	3105681	7	9	13	17	29	51	54	64	69	76	80	84	88	89	96	108	113	115	117	121	123	128	134	135	144	160	161	165	166	167	168	169	180	181	186	198	205	206	213	216	223	225	232	241	247	248	253	261	#
35	511831	32	37	54	109	138	215	233	262	#
36	516052	54	82	110	161	211	230	242	262	#
37	487770	2	13	31	35	109	221	233	262	#
38	370885	32	35	48	58	72	87	156	262	#
39	350988	37	80	102	103	113	184	246	262	#
40	325696	59	112	138	147	168	206	240	262	#
41	342619	20	23	31	79	128	192	231	263	#
42	503371	25	29	51	69	136	181	231	263	#
43	477331	25	42	79	93	133	248	251	263	#
44	432458	25	163	192	208	210	228	247	263	#
45	417078	39	89	101	120	128	200	244	263	#
46	385046	20	90	135	144	159	251	254	263	#
47	734996	16	21	23	26	37	60	62	76	91	96	148	154	197	237	238	264	#
48	1024334	29	42	50	53	60	64	67	69	106	123	172	198	202	210	230	264	#
49	997967	8	16	22	29	34	49	67	119	122	138	146	156	202	237	240	264	#
50	937389	4	7	12	16	26	52	66	91	137	143	172	199	204	209	225	264	#
51	905108	22	33	37	51	72	88	101	118	125	130	154	177	199	201	222	264	#
52	872606	8	29	30	37	91	108	136	152	159	186	206	233	238	241	245	264	#
53	708664	20	26	39	75	81	110	121	134	180	199	205	207	265	#
54	903300	10	15	26	87	98	102	111	123	176	177	238	240	265	#
55	873666	66	121	142	146	162	171	198	199	206	208	216	222	265	#
56	869398	29	40	50	86	98	100	145	168	190	192	207	215	265	#
57	858510	36	58	102	104	114	145	166	190	205	206	226	230	265	#
58	851001	51	76	80	100	110	119	132	136	139	205	212	255	265	#
59	847386	18	27	43	47	113	134	170	193	204	236	246	266	#
60	913703	3	32	47	64	69	108	126	167	211	232	246	266	#
61	761559	27	35	41	57	107	112	131	156	162	190	218	266	#
62	700060	15	34	104	120	128	154	160	182	211	244	246	266	#
63	649341	19	40	71	91	97	129	164	174	204	219	234	266	#
64	640870	0	86	113	152	170	175	177	179	214	245	255	266	#
65	1354744	3	5	15	25	35	61	80	82	100	113	144	153	207	217	230	236	239	267	#
66	1374437	1	55	68	75	91	94	100	104	137	138	147	153	175	201	208	216	241	267	#
67	1226084	3	4	5	16	25	71	83	99	100	115	125	144	149	150	158	246	249	267	#
68	1204540	3	14	26	33	38	44	66	125	142	143	167	179	193	209	225	244	253	267	#
69	1123907	8	39	69	80	91	98	100	105	124	125	129	130	166	173	226	250	251	267	#
70	1123139	3	5	25	50	55	75	80	84	111	126	149	165	170	189	215	240	242	267	#
71	493845	79	96	116	127	146	157	194	205	235	268	#
72	696919	8	41	44	45	71	131	157	215	239	268	#
73	636412	19	61	116	118	163	164	179	204	230	268	#
74	572084	44	48	81	85	96	145	240	246	248	268	#
75	501269	12	68	96	139	146	149	194	215	242	268	#
76	472493	34	74	79	110	120	154	215	239	242	268	#
77	130160	138	191	269	#
78	95350	13	138	269	#
79	120418	6	152	253	270	#
80	178329	6	110	219	270	#
81	150851	113	152	248	270	#
82	515247	15	31	63	67	101	143	222	243	271	#
83	656807	63	131	144	148	155	194	214	228	271	#
84	585715	15	24	46	62	128	209	215	254	271	#
85	541615	6	8	19	31	83	107	222	248	271	#
86	527326	15	109	145	151	159	193	202	243	271	#
87	522631	5	39	45	67	72	121	138	231	271	#
88	340558	59	92	105	120	148	173	227	272	#
89	499335	1	9	16	32	133	148	178	272	#
90	454004	59	107	134	182	212	231	240	272	#
91	425961	72	97	99	130	144	212	227	272	#
92	375533	12	92	134	164	188	197	231	272	#
93	362924	6	46	50	105	120	153	167	272	#
94	322778	193	218	232	273	#
95	259616	208	213	218	273	#
96	200714	54	70	193	273	#
97	171797	24	86	232	273	#
98	189730	7	16	50	106	125	207	274	#
99	175866	50	125	149	166	220	254	274	#
100	174074	41	50	99	174	181	228	274	#
101	135068	7	59	148	163	169	222	274	#
102	136498	141	211	234	247	275	#
103	187056	15	56	141	247	275	#
104	180651	72	147	229	247	275	#
105	152686	24	66	211	239	275	#
106	655096	6	20	46	153	163	199	212	214	220	239	245	251	276	#
107	938051	14	23	65	92	135	156	167	188	202	212	232	248	276	#
108	926255	43	46	52	86	89	98	114	142	158	159	173	255	276	#
109	905731	28	38	57	84	89	120	135	206	214	215	230	255	276	#
110	896854	6	32	41	44	78	108	166	172	192	227	232	245	276	#
111	886698	32	62	77	82	105	125	129	173	216	220	229	244	276	#
112	644519	21	28	42	54	56	68	74	116	185	193	201	211	219	222	277	#
113	920623	1	27	39	70	74	85	91	109	129	137	152	189	196	247	277	#
114	907582	0	11	13	80	82	89	131	147	173	213	216	222	227	230	277	#
115	774506	0	24	84	130	156	179	182	197	198	201	214	219	227	239	277	#
116	712228	7	21	31	117	123	139	179	184	186	195	196	206	215	252	277	#
117	706438	5	26	31	56	74	128	160	179	188	190	208	214	250	252	277	#
118	1196917	25	40	55	65	69	83	101	102	118	119	122	151	162	164	173	203	252	253	278	#
119	1263988	17	19	23	54	56	62	88	91	93	97	122	125	130	156	158	199	230	242	278	#
120	1243950	41	46	55	107	113	116	117	124	126	132	153	155	160	163	173	202	228	243	278	#
121	1231115	4	44	49	55	56	69	77	91	92	100	119	137	138	142	175	198	234	240	278	#
122	1224749	29	32	42	50	52	72	88	96	98	117	118	122	160	169	174	206	239	248	278	#
123	1155097	19	43	58	65	74	87	96	111	112	133	164	180	192	199	208	216	222	234	278	#
124	464654	10	14	43	69	74	168	179	223	239	279	#
125	682810	50	55	72	79	80	129	168	193	251	279	#
126	661053	42	43	48	76	79	153	167	223	235	279	#
127	654411	26	71	80	81	167	191	201	214	239	279	#
128	622726	3	21	44	69	81	113	204	235	237	279	#
129	614931	10	19	51	108	110	111	141	165	244	279	#
130	188774	88	136	159	280	#
131	188483	88	106	150	280	#
132	168074	136	164	251	280	#
133	130088	82	139	159	280	#
134	979194	31	42	57	59	65	71	85	99	102	103	122	143	158	164	224	239	281	#
135	1341274	56	59	66	71	100	140	147	156	157	180	191	193	218	230	239	248	281	#
136	1221573	31	45	59	68	106	122	127	130	134	136	171	178	184	241	244	252	281	#
137	1206567	18	27	29	68	77	83	103	115	116	130	141	151	153	186	210	224	281	#
138	1126822	10	12	14	24	35	41	42	46	52	103	149	160	164	169	198	210	281	#
139	1014091	0	7	16	27	41	60	63	65	83	86	93	102	149	188	237	241	281	#
140	84962	21	93	243	282	#
141	107657	18	21	208	282	#
142	1303625	10	11	36	44	48	49	110	111	130	151	167	182	198	214	246	283	#
143	1197655	5	13	44	46	51	61	104	108	111	130	140	167	181	212	236	283	#
144	1187433	5	7	12	36	39	57	72	76	80	88	129	177	198	232	242	283	#
145	1084241	8	18	23	44	55	136	144	153	161	173	182	222	231	232	239	283	#
146	1067923	1	6	19	30	53	56	101	110	129	142	149	164	190	232	242	283	#
147	945073	23	34	46	51	78	81	93	105	127	137	182	194	223	229	234	283	#
148	98715	11	#
149	1712454	5	24	44	51	61	64	70	71	94	106	113	120	121	129	153	171	181	207	216	231	232	236	252	284	#
150	1982283	7	13	28	38	44	48	51	65	68	80	83	97	100	115	120	129	151	169	173	227	232	238	247	284	#
151	1690698	9	22	30	35	38	43	46	71	75	82	95	114	122	129	130	144	167	171	175	215	238	244	246	284	#
152	1670540	7	19	24	33	38	45	48	51	54	89	117	131	132	145	151	178	181	205	206	207	217	220	227	284	#
153	1635545	5	19	28	46	52	65	75	86	98	101	114	118	120	122	144	152	158	160	181	194	203	206	248	284	#
154	1529017	5	19	20	26	28	44	66	67	71	72	80	115	141	150	178	186	192	194	200	219	232	241	247	284	#
155	799871	4	15	18	52	109	112	118	124	143	195	201	214	239	243	285	#
156	1042845	15	19	22	44	68	84	89	114	129	143	194	221	238	255	285	#
157	990111	32	42	49	86	124	129	131	136	192	198	201	208	213	239	285	#
158	907961	2	19	20	24	31	32	46	53	57	111	150	201	208	221	285	#
159	899597	5	31	52	65	99	117	130	157	177	190	198	206	227	237	285	#
160	898140	30	60	110	120	157	177	206	214	215	224	236	242	244	246	285	#
161	383136	7	51	54	55	139	251	286	#
162	422515	28	51	97	138	191	213	286	#
163	380414	55	59	122	141	146	237	286	#
164	350239	7	27	125	138	157	225	286	#
165	341220	5	12	139	165	199	215	286	#
166	339527	112	153	168	170	210	251	286	#
167	10490	119	#
168	399378	52	91	107	159	167	197	287	#
169	475191	27	52	80	140	163	198	287	#
170	423675	71	80	107	161	172	215	287	#
171	362403	18	80	102	112	142	167	287	#
172	357429	32	41	56	72	91	130	287	#
173	281299	18	116	141	159	211	224	287	#
174	254673	6	16	20	35	47	68	112	288	#
175	379564	6	31	34	37	47	76	167	288	#
176	365931	30	38	68	95	99	150	159	288	#
177	340894	20	149	217	242	244	249	251	288	#
178	336375	12	35	96	111	193	220	247	288	#
179	305379	2	20	24	103	112	178	233	288	#
180	245984	44	92	194	217	289	#
181	344863	36	44	193	252	289	#
182	237551	4	15	108	194	289	#
183	204797	22	92	143	171	289	#
184	84182	13	59	215	217	289	#
185	463521	9	19	36	132	170	199	290	#
186	555581	127	146	183	199	233	241	290	#
187	497380	19	23	72	135	233	255	290	#
188	496930	9	160	195	199	213	222	290	#
189	419801	127	157	170	173	184	251	290	#
190	331564	10	36	67	128	188	243	290	#
191	748271	11	41	43	59	65	68	112	120	163	168	176	202	209	291	#
192	919997	0	11	42	84	148	161	167	190	198	214	223	232	249	291	#
193	783339	9	19	35	37	55	71	112	118	121	143	191	198	233	291	#
194	744251	27	30	77	81	109	110	113	163	171	176	208	225	244	291	#
195	741684	15	39	53	56	65	138	190	198	204	226	235	247	248	291	#
196	738334	5	30	37	102	133	135	197	198	202	209	218	242	249	291	#
197	1461122	0	5	15	17	32	35	47	63	69	76	77	96	110	123	163	171	176	185	193	203	236	292	#
198	1751587	0	12	27	31	34	48	61	66	77	83	85	129	173	198	206	208	231	241	243	244	253	292	#
199	1539506	16	19	31	42	44	71	90	100	121	126	127	141	158	160	193	199	205	215	229	250	252	292	#
200	1516026	17	18	21	24	26	27	35	63	65	75	81	86	126	133	158	159	162	223	230	243	248	292	#
201	1508887	4	9	10	59	63	66	73	76	77	88	90	123	131	155	156	159	160	211	243	250	252	292	#
202	1475742	35	66	71	93	108	112	126	134	145	160	166	169	171	173	179	180	182	183	229	235	250	292	#
203	254817	7	44	85	293	#
204	274251	36	44	57	293	#
205	242947	29	85	136	293	#
206	188989	7	40	155	293	#
207	528091	13	34	54	64	112	144	201	254	294	#
208	689263	56	101	107	134	177	201	206	252	294	#
209	616665	18	34	144	149	163	201	206	236	294	#
210	590164	13	59	71	76	162	168	172	246	294	#
211	584164	21	27	54	101	121	146	195	217	294	#
212	562762	30	47	64	106	126	149	188	205	294	#
213	421589	15	26	36	41	46	107	160	169	224	295	#
214	553133	15	39	44	51	143	146	164	190	225	295	#
215	532231	1	8	36	74	106	112	136	170	204	295	#
216	506700	4	20	23	25	113	124	224	226	252	295	#
217	505631	17	18	50	71	114	136	160	166	254	295	#
218	504118	7	11	26	95	117	148	167	222	228	295	#
219	162365	35	82	85	169	296	#
220	208259	80	85	181	230	296	#
221	188241	91	140	169	200	296	#
222	129311	82	83	150	152	296	#
223	927493	14	17	28	40	52	59	62	87	157	225	238	246	247	297	#
224	849866	11	67	72	87	159	196	206	213	221	224	231	246	247	297	#
225	797080	40	43	45	112	119	130	152	207	213	228	234	238	247	297	#
226	793098	51	76	99	122	130	143	153	157	201	204	210	220	249	297	#
227	788900	11	14	17	46	63	104	112	117	133	150	209	215	229	297	#
228	776266	4	32	36	63	87	121	127	148	177	205	213	238	251	297	#
229	806931	2	6	20	26	34	43	46	78	79	82	97	107	168	197	204	205	298	#
230	1162034	16	36	43	65	82	106	133	138	139	140	144	167	168	203	219	248	298	#
231	1118778	2	23	24	29	35	44	46	124	136	153	162	167	192	219	242	247	298	#
232	1118485	16	26	45	53	76	83	115	120	147	173	206	215	226	232	234	243	298	#
233	1082641	10	16	19	51	54	92	121	142	147	155	164	168	203	214	242	248	298	#
234	1046323	4	17	82	99	103	107	124	135	143	162	171	175	207	216	227	236	298	#
235	542608	29	81	129	144	178	218	227	243	249	299	#
236	704021	35	57	81	94	127	171	190	215	218	299	#
237	673025	6	8	28	164	198	212	227	232	251	299	#
238	647338	29	98	163	164	178	205	215	232	251	299	#
239	619066	29	137	140	161	163	179	213	218	233	299	#
240	586202	38	40	108	135	149	200	211	218	247	299	#
241	371603	28	73	111	129	138	140	220	300	#
242	422117	3	65	80	101	129	135	171	300	#
243	405604	26	77	96	140	151	199	208	300	#
244	379798	3	69	85	114	127	138	254	300	#
245	340103	73	99	143	153	197	210	242	300	#
246	327512	34	62	83	108	220	221	255	300	#
247	34719	106	#
248	793447	8	34	61	79	94	145	165	173	181	213	234	301	#
249	1020543	3	36	66	146	157	167	173	178	190	193	215	301	#
250	940828	52	72	77	132	164	193	195	196	202	207	234	301	#
251	871215	59	96	125	132	145	163	195	198	219	230	254	301	#
252	813115	1	11	35	36	63	79	105	113	140	149	176	301	#
253	743653	34	54	67	86	91	94	105	134	141	149	237	301	#
254	377551	2	13	51	110	194	219	302	#
255	489581	2	83	178	211	236	255	302	#
256	410317	41	53	110	161	175	209	302	#
257	393979	13	61	155	194	205	255	302	#
258	341520	20	59	61	75	210	219	302	#
259	330439	13	20	79	81	178	196	302	#
260	295600	17	73	111	120	139	184	303	#
261	369540	126	139	192	221	227	237	303	#
262	338879	17	26	62	158	186	246	303	#
263	326606	45	48	57	111	191	232	303	#
264	287135	41	120	168	197	219	255	303	#
265	162088	57	73	76	142	195	205	303	#
266	222395	46	55	99	106	118	121	183	189	304	#
267	325372	77	83	125	155	166	183	224	232	304	#
268	303160	46	48	93	125	142	150	189	206	304	#
269	328713	20	88	99	176	246	254	305	#
270	442574	37	88	114	139	211	246	305	#
271	405225	20	38	162	184	201	226	305	#
272	382508	128	157	167	176	212	253	305	#
273	366135	2	36	85	86	99	118	305	#
274	352751	0	66	88	224	248	249	305	#
275	1175198	17	35	48	59	61	64	99	113	140	147	164	169	179	185	187	207	213	223	227	230	306	#
276	1394591	2	15	32	50	68	69	89	99	100	103	130	137	150	160	170	201	213	214	217	244	306	#
277	1356097	0	22	36	38	53	61	64	72	78	120	130	133	134	148	166	180	182	212	221	252	306	#
278	1309054	9	12	32	36	41	46	68	69	71	78	88	126	138	154	186	187	202	223	226	240	306	#
279	1292808	1	2	12	22	59	71	79	91	96	107	123	135	141	182	199	203	215	220	239	247	306	#
280	1285112	12	15	63	67	74	99	110	129	136	142	147	167	169	174	185	188	208	210	231	234	306	#
281	123594	219	226	307	#
282	141619	201	226	307	#
283	123472	84	219	307	#
284	578910	0	26	57	62	65	104	167	230	308	#
285	730788	6	11	74	91	93	111	167	239	308	#
286	699910	14	17	32	104	173	200	229	232	308	#
287	666769	6	22	32	44	170	226	230	249	308	#
288	639365	0	45	121	127	175	183	206	246	308	#
289	598075	26	36	56	74	89	91	124	130	308	#
290	251925	109	238	309	#
291	234851	160	238	309	#
292	119677	109	143	309	#
293	164964	63	68	89	164	310	#
294	242781	60	68	74	82	310	#
295	238313	25	90	164	214	310	#
296	111943	30	89	189	244	310	#
297	399351	11	28	31	47	49	165	169	176	185	203	232	243	252	311	#
298	535277	2	9	12	77	81	89	92	136	184	185	201	243	253	311	#
299	417602	4	5	7	41	46	176	179	196	214	224	228	231	252	311	#
300	215140	87	115	136	154	312	#
301	251019	54	136	149	223	312	#
302	141319	87	122	203	208	312	#
303	75263	86	#
304	340391	16	79	91	121	181	248	313	#
305	418330	16	26	120	152	156	255	313	#
306	418008	9	38	74	137	149	181	313	#
307	370144	23	79	82	206	231	241	313	#
308	343845	3	46	81	91	98	249	313	#
309	323241	1	40	90	121	127	243	313	#
310	245020	7	14	95	112	158	191	194	204	222	236	314	#
311	307596	1	71	87	112	118	125	174	216	220	232	314	#
312	794590	23	30	67	85	104	111	130	143	167	189	209	221	248	315	#
313	966850	35	43	46	48	51	67	104	105	110	200	212	215	236	315	#
314	960504	14	23	35	43	65	67	113	167	178	182	196	210	234	315	#
315	874420	1	4	16	23	62	75	82	128	161	178	193	202	216	315	#
316	794091	30	44	73	76	155	158	161	169	195	210	230	247	250	315	#
317	780875	0	2	3	16	22	31	108	111	113	117	195	209	214	315	#
318	420813	22	84	143	153	185	186	198	199	316	#
319	482005	76	86	98	153	160	177	179	249	316	#
320	471478	1	28	96	151	186	198	220	247	316	#
321	465342	4	143	155	164	165	193	215	252	316	#
322	459384	22	30	92	104	132	157	185	207	316	#
323	441110	6	13	17	36	77	84	206	240	316	#
324	1474468	6	17	28	47	55	57	78	79	115	131	146	160	163	171	179	185	188	197	201	212	228	235	239	243	244	317	#
325	1776060	1	24	36	44	57	73	86	127	129	132	135	144	146	149	152	154	160	163	165	187	214	228	232	242	244	317	#
326	1699156	1	8	11	14	19	47	50	57	67	79	85	86	109	139	149	165	167	187	188	196	214	219	230	233	250	317	#
327	1668494	10	12	29	47	48	78	85	90	91	104	107	113	115	147	163	170	181	183	196	213	215	216	222	235	254	317	#
328	1662860	22	34	36	61	73	76	81	87	90	124	128	131	135	142	144	174	197	201	211	234	237	242	244	251	252	317	#
329	1626769	3	11	13	20	25	28	55	62	67	79	92	95	118	132	151	153	207	208	211	212	213	218	238	239	240	317	#
330	316973	76	92	146	186	192	318	#
331	416329	90	135	146	158	201	318	#
332	409843	118	161	171	186	213	318	#
333	353949	76	98	109	147	235	318	#
334	303558	25	54	57	73	192	318	#
335	269767	104	153	319	#
336	232896	69	153	319	#
337	195507	104	166	319	#
338	645198	97	118	146	164	168	178	196	230	232	320	#
339	727138	65	66	91	131	170	188	196	199	247	320	#
340	694715	6	27	58	69	74	100	152	170	230	320	#
341	635041	1	49	61	78	126	155	232	234	251	320	#
342	596407	6	36	38	82	132	164	187	190	233	320	#
343	574033	87	133	167	178	198	201	217	220	228	320	#
344	241726	30	73	114	172	225	321	#
345	257043	30	124	152	182	243	321	#
346	212594	10	77	93	113	172	321	#
347	102450	57	99	161	225	251	321	#
348	17534	5	#
349	99622	113	239	322	#
350	7794	239	244	322	#
351	562826	66	100	125	149	193	200	323	#
352	617647	16	26	38	158	190	193	323	#
353	483484	25	137	149	211	235	236	323	#
354	355688	28	100	108	218	230	247	323	#
355	331912	2	187	200	211	214	227	323	#
356	309827	26	45	100	125	139	157	323	#
357	32480	21	#
358	265049	25	89	184	234	236	239	324	#
359	368310	0	36	95	121	238	239	324	#
360	362071	55	62	96	133	147	236	324	#
361	356433	0	15	81	123	184	221	324	#
362	339246	56	89	90	104	140	200	324	#
363	251623	10	25	50	68	234	243	324	#
364	105964	135	#
365	548091	9	16	20	41	63	82	101	139	143	144	207	325	#
366	750379	2	14	41	45	67	117	130	165	166	177	228	325	#
367	745840	3	7	24	30	72	101	110	126	167	176	192	325	#
368	681482	28	55	68	69	80	103	114	135	139	146	204	325	#
369	679853	53	55	100	114	144	153	159	168	219	228	245	325	#
370	677931	16	27	35	52	80	96	97	104	127	176	233	325	#
371	1213467	6	10	11	29	31	47	72	78	111	123	151	157	160	177	184	190	215	233	254	326	#
372	1309145	46	49	59	72	77	99	101	116	126	127	130	145	165	177	187	190	201	234	238	326	#
373	1281610	11	28	45	59	76	91	117	124	147	157	161	170	190	199	217	221	231	246	248	326	#
374	1231681	2	7	31	46	57	75	111	113	121	131	135	136	146	160	185	191	203	204	238	326	#
375	1221807	10	38	47	60	61	66	112	132	144	153	168	169	173	177	188	193	217	222	250	326	#
376	1195726	1	6	11	44	51	65	72	75	79	87	91	112	140	147	157	168	173	200	239	326	#
377	472552	8	87	94	103	124	216	252	327	#
378	610439	11	23	27	94	142	158	233	327	#
379	524207	7	32	66	162	216	225	232	327	#
380	460685	8	63	94	155	164	219	222	327	#
381	443556	2	116	124	127	196	223	249	327	#
382	407675	5	14	39	48	51	71	103	327	#
383	905852	3	5	6	13	22	32	44	99	120	166	168	180	218	245	249	251	328	#
384	1142994	9	19	23	36	57	79	87	124	134	141	153	159	168	180	206	223	328	#
385	1135259	4	27	54	56	100	110	111	116	133	147	157	159	180	202	204	207	328	#
386	1109950	3	19	22	57	67	110	111	138	141	144	150	197	206	235	241	249	328	#
387	1076394	19	32	42	46	85	106	111	112	116	132	133	168	175	194	213	218	328	#
388	1051833	41	51	53	57	74	102	124	125	149	180	195	205	206	233	246	249	328	#
389	365475	41	71	145	182	202	227	231	329	#
390	480722	24	70	74	78	120	128	231	329	#
391	456342	14	55	75	82	145	150	166	329	#
392	446705	7	64	71	152	212	219	249	329	#
393	446050	11	63	85	135	139	202	229	329	#
394	419234	51	109	125	129	155	182	210	329	#
395	680744	4	17	23	33	39	62	65	82	163	180	212	330	#
396	983047	82	85	104	111	129	202	208	236	237	239	241	330	#
397	937295	3	16	62	73	74	75	97	113	138	151	153	330	#
398	870661	31	39	107	122	126	151	180	208	215	221	251	330	#
399	780413	13	35	43	88	129	134	172	180	208	216	250	330	#
400	778394	12	43	66	75	94	106	115	163	170	191	233	330	#
401	431692	30	105	129	160	174	241	331	#
402	408607	143	156	160	173	188	224	331	#
403	367882	79	94	146	174	204	255	331	#
404	353132	4	30	57	111	161	218	331	#
405	340145	15	129	160	182	194	213	331	#
406	305581	8	44	88	122	130	241	331	#
407	336259	28	81	88	111	124	218	332	#
408	501645	7	81	126	158	205	218	332	#
409	410136	28	61	188	205	215	232	332	#
410	401141	37	63	81	118	132	151	332	#
411	380056	19	52	120	124	177	224	332	#
412	239701	29	33	45	108	111	145	332	#
413	838608	1	24	29	38	95	161	175	197	214	248	254	255	333	#
414	995886	11	64	70	80	98	142	151	152	157	173	175	229	333	#
415	980960	2	37	38	104	131	135	161	193	205	212	215	254	333	#
416	891326	1	9	11	51	84	129	144	145	174	177	180	245	333	#
417	851678	1	60	74	80	122	149	177	179	184	187	194	197	333	#
418	797859	4	11	13	29	108	118	122	133	152	206	210	248	333	#
419	347239	25	138	168	169	232	253	334	#
420	507781	1	25	122	136	138	143	334	#
421	467307	37	78	94	138	142	153	334	#
422	316742	59	149	150	154	166	169	334	#
423	254045	17	40	51	58	134	253	334	#
424	226314	22	168	182	217	219	220	334	#
425	1466148	7	9	34	37	60	75	78	84	86	88	92	107	114	121	129	145	153	170	178	201	217	227	241	250	335	#
426	1675357	28	34	37	45	54	70	73	77	80	106	118	137	149	157	158	169	194	205	227	229	231	237	240	248	335	#
427	1570864	25	34	62	67	73	75	84	85	95	108	109	112	141	147	162	177	184	214	227	238	239	240	241	249	335	#
428	1564483	41	69	71	80	86	94	99	119	123	126	129	130	160	171	173	175	177	198	201	215	227	234	237	251	335	#
429	1562084	18	26	35	36	49	55	70	79	80	95	114	116	122	131	132	143	171	177	178	196	198	203	205	249	335	#
430	1520460	5	7	9	36	48	49	51	71	76	77	80	85	99	109	110	128	130	141	198	200	211	238	239	242	335	#
431	719336	14	19	32	34	35	53	101	118	151	176	219	245	336	#
432	770016	78	80	108	111	143	144	155	176	193	215	230	255	336	#
433	722550	10	20	35	73	95	109	129	133	155	157	160	246	336	#
434	712230	2	18	24	37	126	166	179	204	210	240	245	247	336	#
435	709037	5	6	19	31	33	62	94	125	141	148	225	234	336	#
436	651448	22	29	62	70	93	105	148	149	151	169	248	252	336	#
437	235043	19	69	138	337	#
438	278843	30	69	252	337	#
439	267790	19	94	177	337	#
440	525407	35	77	80	86	95	116	139	156	338	#
441	659078	25	42	44	94	116	118	171	247	338	#
442	573072	43	63	73	80	105	150	151	186	338	#
443	551480	4	58	65	123	139	181	186	229	338	#
444	546817	16	65	79	103	125	156	165	239	338	#
445	533770	2	8	39	77	108	138	192	194	338	#
446	484972	32	67	84	147	171	195	339	#
447	428608	38	44	67	104	165	235	339	#
448	393790	32	35	43	116	164	212	339	#
449	362807	87	107	133	159	171	187	339	#
450	327608	2	110	147	176	190	244	339	#
451	307145	38	84	108	111	161	193	339	#
452	513461	35	65	100	101	151	222	340	#
453	536037	65	126	134	156	218	247	340	#
454	515562	35	75	85	119	167	244	340	#
455	399216	73	98	125	149	155	222	340	#
456	361612	0	44	95	139	148	151	340	#
457	200020	7	57	62	83	101	102	340	#
458	384550	4	18	37	52	103	105	174	245	341	#
459	555046	9	10	34	37	40	65	88	233	341	#
460	539264	52	88	117	129	179	181	196	198	341	#
461	522747	4	9	37	95	115	156	204	232	341	#
462	505920	0	25	41	103	105	127	158	230	341	#
463	427688	83	91	100	137	165	239	245	254	341	#
464	1548476	4	8	14	21	23	69	89	108	109	113	119	125	134	151	152	153	175	182	196	203	210	223	230	234	245	248	342	#
465	1695559	0	10	11	18	26	29	31	37	45	59	69	70	129	141	144	155	160	172	190	197	199	202	205	217	233	240	342	#
466	1644874	10	13	33	37	47	67	75	89	95	108	113	130	141	145	151	180	181	182	187	219	229	234	242	245	247	250	342	#
467	1641163	5	13	14	40	48	50	64	96	99	113	121	138	144	155	161	164	177	184	187	200	203	208	223	235	237	255	342	#
468	1633119	5	50	67	73	80	82	96	97	109	119	121	141	144	151	168	172	186	191	207	210	211	223	228	231	233	246	342	#
469	1629046	14	31	44	49	53	55	63	85	89	99	119	129	134	159	173	180	208	210	213	218	219	225	226	236	240	246	342	#
470	414040	18	28	51	69	85	96	112	113	181	198	212	343	#
471	619113	11	51	81	84	92	103	154	180	203	206	230	343	#
472	531172	25	30	49	65	82	85	113	126	137	186	187	343	#
473	433537	18	29	59	95	101	136	138	142	165	166	225	343	#
474	326074	24	50	85	96	116	165	197	201	227	237	249	343	#
475	315433	26	47	59	68	96	108	131	181	191	217	222	343	#
476	184280	123	#
477	41144	21	171	191	#
478	1285604	9	19	39	64	71	78	122	125	151	177	179	203	229	230	234	250	345	#
479	1280712	15	31	35	59	72	75	124	134	135	143	146	163	178	206	220	230	345	#
480	1189545	19	23	48	69	81	83	101	132	139	151	159	174	190	222	225	230	345	#
481	1173590	16	45	61	70	71	77	111	147	161	168	177	201	228	235	252	254	345	#
482	1151485	11	19	30	32	72	113	149	189	198	206	208	216	222	227	230	247	345	#
483	1121151	7	23	26	63	73	81	91	101	125	134	147	207	221	230	234	248	345	#
484	764306	19	36	51	65	96	136	140	170	228	242	346	#
485	922790	36	39	98	167	169	181	205	208	213	233	346	#
486	850897	11	53	63	65	126	137	144	165	186	234	346	#
487	733504	19	35	39	70	98	112	122	179	203	249	346	#
488	675067	48	66	69	200	206	207	208	222	228	236	346	#
489	664756	0	3	25	28	31	34	48	76	96	192	346	#
490	303716	21	40	53	57	150	236	347	#
491	393724	110	131	139	144	233	236	347	#
492	358296	86	122	150	197	198	233	347	#
493	349780	12	16	40	145	170	227	347	#
494	306816	11	21	56	109	133	209	347	#
495	302212	14	53	103	137	153	195	347	#
496	587013	27	28	133	153	165	179	214	223	234	251	348	#
497	751216	95	107	121	124	129	157	201	202	234	242	348	#
498	746935	4	25	28	61	130	133	151	172	175	199	348	#
499	744972	53	84	95	122	138	144	153	215	243	247	348	#
500	712276	42	49	53	98	113	134	149	179	233	243	348	#
501	703209	64	82	109	112	135	146	169	203	223	241	348	#
502	1066687	3	8	35	54	62	66	79	86	93	133	138	146	168	196	202	230	349	#
503	1177492	8	11	35	44	46	90	98	110	131	135	158	198	201	212	219	245	349	#
504	1043331	3	10	12	30	38	66	79	93	103	104	150	163	178	181	197	233	349	#
505	996780	26	41	65	79	105	112	117	133	141	146	172	175	199	207	220	226	349	#
506	978275	5	11	49	77	79	107	108	109	111	133	182	184	214	218	230	250	349	#
507	968303	19	42	45	53	64	90	122	128	130	146	166	190	195	196	213	217	349	#
508	106099	44	#
509	910875	15	26	42	87	90	92	108	117	161	166	181	190	210	211	225	227	245	350	#
510	1236717	9	26	37	41	72	89	92	117	119	126	130	164	178	201	211	229	238	350	#
511	1228217	1	19	26	79	89	111	144	145	146	151	156	182	186	198	200	207	250	350	#
512	1203068	5	22	35	39	74	90	98	115	118	127	132	166	167	186	205	228	237	350	#
513	1198196	2	25	38	42	52	63	74	90	166	175	180	182	192	201	219	247	254	350	#
514	1194838	5	15	25	32	36	50	96	104	112	135	144	175	180	187	233	238	247	350	#
515	828830	8	48	54	137	145	158	164	192	194	201	209	211	351	#
516	1060492	8	13	38	62	78	79	113	118	187	192	211	235	351	#
517	1002583	8	38	41	77	83	91	102	104	113	151	157	164	351	#
518	936213	8	49	73	79	94	116	129	136	166	168	203	209	351	#
519	882839	3	14	34	36	48	57	127	148	151	175	189	237	351	#
520	882351	41	71	76	103	146	152	160	170	175	192	203	225	351	#
521	370677	44	46	136	173	352	#
522	291375	136	212	223	239	352	#
523	228646	46	48	72	227	352	#
524	190423	44	161	235	238	352	#
525	1010777	11	20	41	42	44	51	56	68	76	94	147	179	184	212	214	219	220	224	242	253	353	#
526	1479566	5	18	38	51	78	93	94	100	117	120	144	167	177	182	187	212	236	239	242	254	353	#
527	1352700	12	15	19	24	41	43	47	51	62	70	75	116	136	147	156	224	233	235	246	254	353	#
528	1346448	5	11	37	44	54	55	66	85	104	121	126	149	188	189	190	198	203	213	223	230	353	#
529	1336255	8	12	22	57	74	81	93	96	105	113	126	131	132	136	147	150	175	177	202	221	353	#
530	1279008	31	38	63	72	85	98	120	125	140	154	156	167	173	182	188	193	212	221	238	248	353	#
531	819639	40	49	116	126	188	190	195	220	225	238	242	254	354	#
532	992025	6	79	89	105	109	123	164	193	195	196	238	242	354	#
533	945573	6	11	19	81	109	124	156	164	174	188	196	213	354	#
534	817874	11	55	80	99	119	127	133	200	212	229	238	252	354	#
535	815449	5	12	23	31	61	62	91	94	195	226	230	254	354	#
536	766831	4	14	107	120	127	140	166	181	190	201	234	253	354	#
537	1202861	6	10	13	26	57	58	73	103	129	136	141	145	157	173	208	212	232	251	355	#
538	1453173	16	30	38	47	81	93	100	101	124	136	144	145	163	177	193	235	246	248	355	#
539	1277053	3	6	13	19	23	29	44	61	92	93	95	162	179	214	218	248	252	253	355	#
540	1212903	12	27	38	75	85	86	115	119	125	136	145	149	153	205	212	213	225	236	355	#
541	1181674	6	17	22	61	65	84	109	118	121	130	144	145	148	153	154	173	193	240	355	#
542	1180026	12	13	41	57	60	75	76	85	88	91	96	104	113	130	151	205	208	227	355	#
543	83592	27	#
544	78106	137	169	#
545	266670	4	38	155	356	#
546	171640	155	196	249	356	#
547	127398	4	73	245	356	#
548	69781	38	161	224	356	#
549	246787	15	82	122	165	357	#
550	312188	5	82	85	213	357	#
551	198381	15	93	104	230	357	#
552	185954	152	165	200	235	357	#
553	588204	19	22	24	43	146	157	184	191	200	253	358	#
554	791964	15	19	31	59	113	157	162	209	247	253	358	#
555	738537	70	109	110	127	184	213	229	238	241	246	358	#
556	704576	26	74	91	119	124	146	157	221	233	243	358	#
557	703127	19	22	69	73	95	126	149	183	194	228	358	#
558	585838	8	47	74	114	128	174	200	235	237	243	358	#
559	499473	24	72	80	105	112	124	164	184	185	191	205	207	250	359	#
560	745833	7	48	62	65	68	72	74	107	162	177	178	181	222	359	#
561	715662	1	5	14	18	50	67	98	140	175	209	211	248	250	359	#
562	713686	7	19	31	49	74	82	93	97	112	125	139	165	240	359	#
563	696257	8	19	40	128	154	157	207	208	220	224	238	239	249	359	#
564	671475	25	43	57	70	74	103	144	151	185	191	194	211	247	359	#
565	759274	2	6	32	40	55	62	67	78	124	125	148	152	244	254	360	#
566	1050810	17	38	41	78	84	109	121	151	167	187	201	214	250	252	360	#
567	1018318	38	40	43	45	55	69	76	91	142	171	210	223	224	226	360	#
568	1013200	2	7	34	45	59	103	109	133	136	157	160	162	242	248	360	#
569	847046	1	16	45	47	67	128	139	142	147	157	158	201	231	245	360	#
570	825221	6	8	28	55	57	85	102	160	162	167	187	191	198	224	360	#
571	136475	75	#
572	155680	85	113	139	361	#
573	206422	42	45	85	361	#
574	139929	5	79	113	361	#
575	317016	7	27	104	120	129	242	362	#
576	444314	35	74	124	129	175	204	362	#
577	345943	26	85	109	120	157	215	362	#
578	263478	27	70	103	134	191	226	362	#
579	255113	83	104	114	125	173	182	362	#
580	217247	38	83	113	185	241	242	362	#
581	822000	12	61	92	93	179	186	196	230	252	363	#
582	707710	4	37	75	93	118	122	151	211	243	363	#
583	574803	20	31	64	115	120	163	178	188	196	363	#
584	555263	12	37	46	92	138	155	177	184	211	363	#
585	544232	12	25	28	40	65	68	144	179	192	363	#
586	526818	24	47	50	87	93	184	236	252	254	363	#
587	221273	3	27	56	156	234	364	#
588	316541	64	86	160	234	253	364	#
589	273604	27	121	129	143	161	364	#
590	237387	3	155	163	204	251	364	#
591	154836	56	71	106	111	205	364	#
592	1499910	3	17	28	54	58	62	68	97	100	109	116	122	126	137	143	144	146	148	172	177	182	206	208	213	215	242	243	365	#
593	1988722	5	44	52	53	69	71	83	101	111	114	120	133	143	147	150	151	152	158	177	182	189	191	193	195	199	234	243	365	#
594	1811662	27	44	53	56	83	95	100	104	107	125	140	145	167	183	185	186	193	201	213	216	219	230	232	242	243	248	251	365	#
595	1781627	14	19	27	30	45	58	64	97	99	105	111	114	134	175	176	190	196	206	210	216	217	239	245	248	251	252	253	365	#
596	1706426	3	4	12	21	25	37	44	58	77	78	81	84	103	134	142	155	166	174	175	181	201	206	225	229	240	245	248	365	#
597	1704113	0	38	41	44	45	47	53	88	111	134	148	152	155	158	178	181	186	196	198	200	203	211	212	214	219	227	245	365	#
598	198621	2	27	180	196	366	#
599	241110	2	65	188	240	366	#
600	219155	27	92	216	244	366	#
601	149105	116	188	196	204	366	#
602	119151	233	#
603	681353	59	87	104	122	127	129	145	198	238	367	#
604	760085	17	91	129	133	157	159	223	238	240	367	#
605	593036	0	23	107	121	129	175	186	197	217	367	#
606	544573	12	16	21	59	69	161	169	170	217	367	#
607	510736	72	80	95	104	144	160	183	225	227	367	#
608	485458	34	68	87	99	123	126	164	185	255	367	#
609	82007	4	181	368	#
610	114251	77	181	368	#
611	41400	4	125	368	#
612	636683	28	38	72	76	80	87	138	148	187	192	203	219	229	369	#
613	917835	3	28	49	56	98	115	161	183	208	225	227	232	254	369	#
614	902888	2	19	31	38	41	160	178	180	183	219	238	248	250	369	#
615	865332	9	11	49	89	105	123	166	186	187	193	219	232	252	369	#
616	824755	40	49	63	74	80	95	96	104	113	143	154	179	241	369	#
617	771453	11	30	33	97	104	114	140	142	176	186	187	195	246	369	#
618	96700	71	#
619	301834	111	129	138	370	#
620	222882	129	136	143	370	#
621	211060	93	95	138	370	#
622	861188	17	48	52	56	71	83	132	160	170	224	231	251	254	255	371	#
623	1130799	11	17	23	45	101	107	131	134	137	138	170	194	202	232	371	#
624	968010	3	22	32	48	88	103	129	133	165	177	181	192	198	213	371	#
625	951311	9	36	53	83	85	90	95	121	151	222	232	233	245	250	371	#
626	910600	7	24	32	77	83	95	120	139	162	189	215	231	248	251	371	#
627	901574	3	19	38	49	52	54	55	61	68	149	184	210	214	232	371	#
628	1438220	6	13	25	27	47	51	77	86	93	117	120	125	141	149	157	164	172	173	207	219	234	239	372	#
629	1655059	35	36	43	65	84	92	99	100	101	109	117	121	126	139	151	162	172	199	202	210	222	237	372	#
630	1654091	3	9	12	20	37	51	61	63	79	84	109	116	154	164	174	178	184	202	210	213	232	236	372	#
631	1636462	31	42	73	82	86	90	92	93	95	111	116	117	127	153	161	175	180	182	190	208	210	226	372	#
632	1514998	3	6	8	20	28	33	37	70	77	95	98	102	144	153	174	178	188	190	209	210	249	250	372	#
633	1511176	30	44	47	62	63	67	86	111	113	115	125	139	153	157	158	160	165	204	219	229	249	250	372	#
634	32748	83	#
635	1219473	3	16	23	27	34	64	71	74	88	90	100	120	139	166	174	178	189	224	250	373	#
636	1499578	2	27	34	48	71	73	79	81	84	98	103	123	134	145	192	213	236	239	248	373	#
637	1420689	23	33	35	40	66	88	125	138	144	174	183	193	203	208	213	235	243	247	248	373	#
638	1350902	25	27	32	34	41	65	79	111	139	151	163	178	186	193	195	226	229	234	238	373	#
639	1338781	25	65	71	99	101	115	149	160	162	170	171	187	201	207	208	213	215	216	237	373	#
640	1320068	30	65	72	76	91	105	162	163	193	195	209	212	214	216	219	228	231	233	250	373	#
641	906744	6	26	30	70	81	97	117	123	147	182	187	188	204	222	227	228	244	251	374	#
642	1242038	46	48	56	63	70	103	104	136	147	157	162	170	180	191	202	214	226	252	374	#
643	1228218	16	23	27	41	71	85	88	93	117	130	153	162	180	186	203	208	226	227	374	#
644	1190180	18	70	75	79	97	127	142	173	183	187	190	195	197	213	224	232	242	253	374	#
645	1124161	26	52	97	101	104	111	117	133	134	149	154	156	193	196	199	217	247	252	374	#
646	1108668	9	29	30	65	88	106	132	133	148	156	160	190	195	208	214	221	227	254	374	#
647	315081	36	49	54	64	99	159	227	242	375	#
648	456367	28	85	90	99	125	134	142	187	375	#
649	446614	9	42	106	143	198	232	236	242	375	#
650	427995	67	114	140	158	159	178	185	226	375	#
651	388676	53	54	58	66	83	112	204	234	375	#
652	365223	86	120	122	138	152	192	227	242	375	#
653	105058	3	#
654	744238	0	6	46	47	48	70	128	144	156	165	169	186	376	#
655	913604	28	32	68	75	90	117	139	144	157	169	195	238	376	#
656	797859	26	34	38	46	94	98	102	124	192	195	235	237	376	#
657	773593	36	47	49	56	72	76	79	101	104	199	225	242	376	#
658	738425	1	18	34	58	63	64	128	180	193	222	224	242	376	#
659	727841	3	38	70	84	150	151	156	160	187	218	227	228	376	#
660	1868557	14	20	22	27	56	66	79	83	113	125	127	136	140	145	156	158	178	190	199	201	207	218	222	225	228	234	241	249	377	#
661	2178770	9	20	23	27	39	53	55	67	70	86	105	124	151	155	160	167	178	190	192	193	205	213	219	223	232	243	248	253	377	#
662	1930167	10	28	46	49	55	56	61	76	103	105	110	130	134	145	146	156	170	172	181	186	197	213	225	226	230	247	249	255	377	#
663	1927787	11	16	19	29	31	36	43	57	84	94	105	107	125	132	136	145	177	179	199	211	214	215	220	232	235	242	247	249	377	#
664	1901338	20	29	31	40	50	52	61	66	74	84	89	97	109	111	132	134	141	146	155	158	178	196	211	214	228	230	232	250	377	#
665	1898704	4	14	24	27	31	41	69	77	78	95	105	118	119	140	144	146	157	173	176	182	199	202	210	233	248	249	250	252	377	#
666	194651	2	83	91	141	204	235	378	#
667	285823	9	10	34	96	141	163	378	#
668	173194	6	18	92	107	184	204	378	#
669	1169467	22	26	34	69	77	87	88	90	149	162	173	178	193	229	379	#
670	1270178	17	55	59	65	129	130	136	151	155	162	167	171	210	230	379	#
671	1103421	2	16	47	69	104	114	116	182	190	193	196	231	234	254	379	#
672	1081132	3	45	74	77	107	163	164	178	184	229	230	231	238	251	379	#
673	955073	2	47	87	90	115	137	144	151	166	170	206	215	231	254	379	#
674	864078	40	41	63	116	122	123	134	178	185	211	216	229	231	239	379	#
675	811184	4	8	12	20	30	60	87	92	105	116	135	155	186	194	207	211	231	380	#
676	1163212	30	50	57	65	75	85	90	95	115	151	161	172	181	201	206	236	237	380	#
677	1114981	8	22	34	44	46	51	87	98	108	110	117	122	134	155	171	243	250	380	#
678	1043807	87	96	114	135	143	150	159	161	165	206	207	212	213	215	225	235	247	380	#
679	1027506	3	4	8	17	22	64	70	102	133	135	151	162	176	207	211	243	246	380	#
680	1010876	2	7	10	22	62	63	75	79	102	108	114	117	155	203	209	215	216	380	#
681	1136368	36	65	96	113	126	136	150	151	166	170	191	202	210	239	381	#
682	1065900	17	22	37	44	84	103	115	129	155	158	178	191	198	221	381	#
683	1019325	2	31	49	65	92	101	103	128	133	134	151	165	181	232	381	#
684	1017810	4	25	36	51	75	102	113	133	137	187	192	202	214	239	381	#
685	1003816	2	43	65	69	81	85	96	98	120	126	139	210	213	222	381	#
686	984480	13	18	38	40	45	67	83	96	125	137	166	170	192	232	381	#
687	271754	10	49	104	208	382	#
688	377261	89	129	208	240	382	#
689	241916	24	46	104	159	382	#
690	209542	32	38	49	133	382	#
691	97732	10	159	222	246	382	#
692	84138	43	213	383	#
693	99491	178	213	383	#
694	99393	32	43	383	#
695	316289	63	73	241	384	#
696	286096	241	243	252	384	#
697	217140	46	73	244	384	#
698	117759	63	143	165	384	#
699	144455	78	99	227	385	#
700	142511	57	100	227	385	#
701	782807	24	51	52	80	94	131	135	143	150	190	203	227	239	244	386	#
702	1089997	14	37	41	47	106	117	131	164	181	190	193	200	206	227	386	#
703	968850	8	25	41	72	80	126	133	141	155	171	190	197	219	254	386	#
704	903261	20	31	37	79	101	118	135	154	181	190	202	212	221	249	386	#
705	897401	1	16	20	24	51	126	140	151	152	169	185	238	242	251	386	#
706	895927	18	22	52	77	119	128	155	163	167	185	201	203	207	222	386	#
707	834985	11	29	36	65	75	78	87	88	107	142	158	182	242	387	#
708	987353	29	37	51	56	61	75	76	89	111	161	162	187	247	387	#
709	912727	0	3	76	80	88	90	166	181	185	198	207	231	238	387	#
710	813511	39	46	59	65	117	145	146	163	166	167	182	219	250	387	#
711	800576	12	29	59	64	90	150	183	220	221	230	241	247	249	387	#
712	799531	9	13	21	25	31	37	40	90	117	152	158	207	208	387	#
713	274089	17	23	48	89	140	171	183	208	219	388	#
714	362040	17	41	53	54	96	100	166	247	248	388	#
715	1347235	0	17	18	27	56	114	115	124	130	136	140	144	148	169	180	182	191	193	228	250	255	389	#
716	1611397	0	19	34	45	46	54	84	107	118	122	131	136	154	157	160	163	193	213	226	234	253	389	#
717	1500181	31	32	68	79	89	91	97	107	109	118	132	145	166	175	177	195	203	219	248	250	253	389	#
718	1471643	17	19	27	39	47	49	56	88	102	108	114	127	133	136	154	164	193	226	231	238	252	389	#
719	1411952	40	44	75	90	94	104	114	117	118	122	130	136	178	187	188	189	209	240	247	251	252	389	#
720	1411808	0	17	85	91	114	115	121	125	127	129	144	155	167	171	178	189	208	226	229	235	238	389	#
721	525748	18	33	95	99	136	166	179	186	204	227	244	390	#
722	778484	27	68	100	179	199	211	212	217	229	250	253	390	#
723	730729	3	7	13	48	52	83	124	151	172	201	204	390	#
724	673154	16	20	27	30	33	55	115	130	136	186	250	390	#
725	629150	4	13	21	29	41	50	72	101	117	186	211	390	#
726	624058	59	65	91	95	111	121	125	134	184	237	240	390	#
727	39079	10	#
728	779096	16	20	21	29	49	64	106	130	150	154	188	209	218	219	234	235	241	391	#
729	1152581	11	12	29	49	53	64	98	128	130	151	160	175	200	225	227	231	236	391	#
730	1150887	14	25	37	51	74	77	89	119	130	151	171	196	197	214	231	233	235	391	#
731	1149403	0	21	42	65	88	90	95	119	121	145	160	168	170	202	203	206	219	391	#
732	1092076	8	36	49	72	73	91	99	160	169	171	178	180	184	195	211	213	240	391	#
733	1052170	2	8	36	38	57	60	67	110	124	144	146	159	163	166	222	229	234	391	#
734	1167117	14	25	29	31	35	79	93	99	112	126	142	155	157	162	196	206	213	218	224	239	392	#
735	1512618	10	16	30	31	32	47	55	71	85	102	131	133	134	138	140	144	157	169	177	218	392	#
736	1492796	19	25	45	64	74	81	86	95	138	141	148	157	162	165	190	202	213	249	253	255	392	#
737	1376224	9	30	35	39	52	63	119	121	122	126	150	160	163	183	202	206	230	234	236	244	392	#
738	1353144	20	29	35	48	64	66	79	96	121	133	151	157	159	183	184	189	193	212	223	251	392	#
739	1350911	6	25	39	68	73	74	76	90	99	107	113	120	153	164	177	186	197	218	220	255	392	#
740	539339	57	73	117	131	177	178	240	254	393	#
741	763926	65	78	108	124	131	161	196	230	393	#
742	558471	38	81	120	165	174	177	190	242	393	#
743	552581	2	24	124	152	166	186	203	254	393	#
744	498259	34	63	73	108	121	128	151	235	393	#
745	465015	6	38	98	101	117	147	179	226	393	#
746	645925	8	17	20	35	107	128	133	138	179	213	216	228	235	243	394	#
747	967173	19	20	21	27	29	55	101	107	126	135	137	148	179	184	394	#
748	887787	12	41	94	97	133	152	153	161	167	207	217	223	224	227	394	#
749	847648	2	51	57	70	97	103	107	116	137	169	206	213	241	250	394	#
750	837954	20	21	55	84	86	120	129	144	197	208	214	217	238	243	394	#
751	819119	9	23	54	62	129	132	138	165	166	170	188	213	225	234	394	#
752	1754325	8	15	17	27	42	47	53	76	77	83	92	98	99	104	119	124	143	152	168	173	176	177	200	203	208	221	226	233	245	249	250	253	395	#
753	2345916	6	10	36	38	42	52	66	76	79	92	113	114	119	129	134	141	142	175	176	177	182	198	204	218	219	223	228	233	244	248	250	255	395	#
754	2320629	10	12	26	28	32	42	47	57	65	75	79	83	92	122	129	131	146	149	150	153	157	168	175	186	192	193	199	201	216	222	244	248	395	#
755	2250308	5	14	21	23	28	31	39	44	45	48	57	70	74	82	117	122	127	129	150	158	162	163	168	177	180	190	205	215	222	225	232	251	395	#
756	2247310	10	19	20	27	30	49	53	75	84	85	98	101	103	113	119	121	123	125	143	150	156	177	179	197	198	201	232	240	243	246	247	252	395	#
757	2141345	6	45	49	64	66	71	78	85	91	98	101	103	113	121	129	137	146	147	149	161	176	177	197	201	204	221	222	229	234	249	250	254	395	#
758	1121147	59	61	94	103	106	107	114	129	144	160	164	169	182	207	229	248	249	396	#
759	1323263	27	61	63	74	89	98	99	113	126	154	182	195	200	231	237	243	251	396	#
760	1262982	7	37	76	103	123	144	152	155	161	169	177	181	185	199	200	246	255	396	#
761	1237932	11	38	47	71	77	86	105	111	129	143	144	160	169	192	194	208	248	396	#
762	1214404	1	45	61	62	70	79	96	110	122	124	125	136	137	144	170	192	247	396	#
763	1203621	47	51	55	79	86	105	111	132	164	169	175	192	201	211	213	231	245	396	#
764	1503453	4	5	9	23	24	28	31	35	49	63	73	78	81	92	123	134	139	150	151	174	199	237	247	397	#
765	1620332	21	24	35	56	61	71	89	131	135	149	156	157	165	171	185	193	201	207	217	223	225	248	251	397	#
766	1507854	23	33	36	38	43	54	62	63	84	86	97	104	130	138	156	157	165	186	195	201	224	247	255	397	#
767	1507503	4	6	18	20	46	54	57	67	109	111	117	127	135	137	166	201	202	205	213	216	227	233	244	397	#
768	1495845	15	19	20	38	73	85	89	94	98	104	111	121	135	138	145	167	184	187	201	202	207	230	240	397	#
769	1453498	2	16	20	25	55	57	77	97	124	140	142	156	167	170	176	179	181	199	215	220	221	227	236	397	#
770	1745724	12	14	25	40	59	64	69	78	83	95	96	97	100	104	119	123	141	145	168	171	200	206	219	240	242	398	#
771	1863737	4	16	18	25	34	40	41	47	53	61	62	71	91	96	107	133	135	159	167	170	201	207	212	213	239	398	#
772	1783223	0	14	17	19	33	35	44	46	62	63	64	68	74	100	121	149	155	163	180	181	187	191	195	207	234	398	#
773	1780723	13	26	48	77	88	90	103	113	115	118	128	139	141	144	149	159	171	179	190	191	192	221	225	240	244	398	#
774	1715616	10	15	23	27	39	43	54	60	69	78	92	124	125	136	153	154	173	176	208	220	228	230	234	236	240	398	#
775	1702357	5	9	40	64	69	70	77	83	107	114	118	128	134	150	160	165	172	176	177	187	194	206	240	247	254	398	#
776	826440	21	33	57	64	77	78	100	114	116	122	142	174	183	188	219	230	399	#
777	1207820	8	39	56	78	79	97	120	135	144	183	184	198	203	222	252	255	399	#
778	1107747	44	64	78	100	106	107	116	125	142	161	170	173	181	246	251	253	399	#
779	1067331	56	57	58	62	71	82	105	111	122	164	167	173	175	191	205	236	399	#
780	1042479	36	58	79	82	85	102	109	120	123	130	136	171	188	201	238	250	399	#
781	1019538	13	22	33	64	78	94	121	131	144	157	174	180	195	217	223	225	399	#
782	179478	93	142	177	224	400	#
783	129217	139	193	224	253	400	#
784	430014	0	5	64	76	208	218	224	237	241	401	#
785	644244	0	62	107	110	168	179	209	226	252	401	#
786	513883	14	64	76	126	128	173	189	218	254	401	#
787	506513	2	91	135	150	165	174	179	184	241	401	#
788	483751	16	17	46	65	159	187	200	237	240	401	#
789	418450	43	52	60	117	124	186	202	217	224	401	#
790	1097462	13	60	82	86	99	100	121	162	173	186	192	219	230	236	250	254	402	#
791	1299135	12	17	19	30	62	66	71	76	91	121	157	160	175	201	225	251	402	#
792	1223571	13	18	41	73	109	118	128	137	162	166	173	205	209	212	241	250	402	#
793	1162343	23	54	76	101	107	108	119	128	166	195	198	199	201	203	213	254	402	#
794	1162260	32	34	47	58	81	98	102	110	128	162	193	209	213	215	217	241	402	#
795	1094944	23	27	29	35	45	54	64	86	102	135	149	173	175	194	205	215	402	#
796	222018	18	58	117	210	403	#
797	313951	18	25	144	255	403	#
798	248830	22	124	210	230	403	#
799	231858	14	58	88	137	403	#
800	214634	117	121	187	224	403	#
801	207162	42	137	146	404	#
802	301084	94	146	200	404	#
803	135701	42	148	229	404	#
804	725664	6	13	28	48	62	84	89	103	109	125	171	219	221	238	244	245	405	#
805	1059646	6	28	48	73	92	144	147	187	198	229	233	238	239	240	244	255	405	#
806	1032814	12	48	54	84	86	116	127	128	147	180	184	204	209	219	223	244	405	#
807	962427	8	29	32	46	51	84	119	124	144	149	163	166	193	198	209	249	405	#
808	898894	41	52	56	73	80	99	109	125	149	150	190	203	204	205	220	238	405	#
809	885972	14	40	45	58	116	119	125	137	143	144	151	209	219	229	250	252	405	#
810	374914	12	43	91	151	203	406	#
811	354662	12	97	128	220	247	406	#
812	349906	5	35	43	44	86	406	#
813	329971	13	33	77	114	151	406	#
814	329243	44	91	153	183	187	406	#
815	114401	1	76	203	243	253	406	#
816	1023489	3	10	17	23	27	30	31	64	71	73	79	103	119	201	202	210	220	223	231	255	407	#
817	1525210	39	51	56	59	118	123	124	134	135	144	150	160	162	177	185	186	198	216	223	245	407	#
818	1392527	27	30	49	62	64	70	72	115	119	146	152	162	198	199	200	210	213	223	231	244	407	#
819	1334478	5	24	30	31	69	78	79	81	114	117	124	127	147	156	202	236	237	244	249	255	407	#
820	1239590	3	15	20	45	63	72	73	97	108	112	118	135	144	162	164	180	194	199	207	239	407	#
821	1225569	11	14	47	59	63	64	79	84	99	128	154	158	178	183	184	203	210	216	231	242	407	#
822	135591	67	206	218	408	#
823	186981	29	125	206	408	#
824	123397	85	116	218	408	#
825	530733	0	2	11	16	58	96	142	176	201	240	409	#
826	713545	65	78	92	126	145	175	182	199	201	239	409	#
827	639827	3	38	70	81	83	84	130	172	218	240	409	#
828	620784	0	8	49	50	80	94	141	199	212	247	409	#
829	610598	7	12	16	50	58	91	114	139	199	240	409	#
830	506651	0	2	18	30	49	84	125	142	200	250	409	#
831	448143	67	77	124	179	224	244	251	410	#
832	549087	19	43	124	153	224	231	244	410	#
833	470999	21	38	71	124	173	180	237	410	#
834	385960	7	30	67	86	207	249	250	410	#
835	349707	60	77	164	189	201	224	247	410	#
836	315039	20	24	46	77	153	210	227	410	#
837	271929	125	195	199	209	411	#
838	351806	47	109	174	209	411	#
839	232566	55	76	195	203	411	#
840	179180	53	68	72	199	411	#
841	125023	13	108	125	158	411	#
842	268063	101	155	175	221	412	#
843	243087	17	181	221	230	412	#
844	221537	7	46	101	177	412	#
845	221283	48	106	175	240	412	#
846	170357	155	174	183	200	412	#
847	1683794	13	27	38	39	41	45	58	66	70	74	82	83	90	121	124	133	144	152	157	169	170	191	192	202	203	221	224	413	#
848	1916805	8	25	32	44	68	79	87	101	106	109	111	123	124	149	157	160	166	173	192	196	204	228	230	241	242	244	245	413	#
849	1899591	14	20	23	25	31	32	35	40	51	52	70	85	86	108	118	121	124	134	155	202	203	212	215	225	233	235	236	413	#
850	1808942	4	22	27	29	53	54	58	69	77	99	102	107	128	142	147	157	161	162	181	186	188	192	205	216	224	231	254	413	#
851	1699553	3	4	49	52	58	68	70	77	82	87	102	122	134	140	149	158	165	167	190	200	211	235	239	241	243	250	255	413	#
852	1697256	20	23	24	38	53	59	60	61	67	83	89	101	121	130	132	134	147	155	162	179	180	194	201	207	208	210	224	413	#
853	2731058	0	9	10	17	18	19	23	48	49	52	53	59	62	64	70	82	86	87	91	92	105	108	116	117	118	133	135	136	137	148	156	158	161	162	164	172	173	178	179	189	193	196	200	210	214	215	223	225	226	228	414	#
854	3525389	4	7	8	11	17	20	24	30	39	46	64	65	66	70	73	77	83	94	97	100	109	113	115	120	126	127	130	131	133	146	162	164	176	178	179	201	202	214	216	219	220	226	227	229	231	232	246	248	251	252	414	#
855	3391192	0	11	21	22	37	38	39	42	46	50	54	60	62	67	70	74	86	90	97	100	104	108	109	119	120	132	139	142	143	154	158	163	171	179	180	181	195	198	199	208	214	216	222	228	230	231	232	233	237	253	414	#
856	3340826	2	5	11	12	15	16	19	42	48	54	57	60	65	68	72	76	77	78	87	91	94	95	98	106	109	113	116	127	132	137	140	142	144	150	153	157	160	168	170	171	175	178	179	182	208	215	222	234	236	241	414	#
857	3177603	7	10	13	14	20	21	34	41	46	51	55	56	58	59	63	65	66	71	86	89	95	98	101	105	109	117	118	119	120	130	138	170	177	178	187	192	202	203	204	211	216	218	224	227	229	232	239	247	250	255	414	#
858	3174512	2	4	14	16	19	24	33	41	42	46	48	52	61	73	83	85	89	90	92	98	99	103	105	109	115	117	130	132	136	142	148	161	162	170	171	177	180	189	194	207	210	216	222	224	229	230	235	236	245	252	414	#
859	66690	222	#
860	1019707	5	25	58	77	79	115	117	128	142	150	158	224	225	233	243	246	415	#
861	1222793	25	39	45	54	62	65	89	91	145	170	171	175	193	211	233	246	415	#
862	1099015	6	23	76	95	103	128	134	146	151	156	195	199	236	239	244	254	415	#
863	1078984	5	9	37	44	46	82	105	111	113	174	179	199	211	224	238	250	415	#
864	1047562	19	27	78	82	96	111	148	164	166	167	176	177	179	183	208	224	415	#
865	1043661	5	33	78	79	82	114	128	163	176	178	199	205	209	227	240	253	415	#
866	165942	69	#
867	576947	9	34	41	69	85	176	200	229	250	251	416	#
868	833038	7	17	51	66	152	199	236	237	240	251	416	#
869	742365	7	30	34	77	134	198	209	214	236	248	416	#
870	728622	38	48	73	81	87	132	149	152	247	250	416	#
871	723796	30	59	69	86	94	162	185	206	226	229	416	#
872	592498	6	32	37	85	132	139	154	167	215	218	416	#
873	1418025	19	21	26	27	40	43	47	67	97	99	100	110	121	129	151	152	154	160	171	172	175	178	183	187	197	417	#
874	1896549	11	38	41	60	73	78	81	90	96	97	98	105	114	122	141	169	187	193	227	232	234	235	240	242	255	417	#
875	1876706	0	22	27	29	34	54	56	61	67	91	95	103	107	121	127	128	136	153	169	217	223	228	240	241	255	417	#
876	1743873	3	11	27	41	44	46	49	52	53	60	82	84	139	151	160	176	186	187	195	199	211	224	231	250	254	417	#
877	1712445	1	2	20	25	27	35	65	67	80	94	97	102	111	135	140	150	178	182	187	198	209	214	226	230	247	417	#
878	1710693	6	16	36	37	44	46	49	52	61	93	110	132	143	149	159	162	163	175	177	179	206	217	220	233	234	417	#
879	797580	16	31	53	59	90	112	113	160	189	216	240	247	418	#
880	898523	32	48	93	110	133	200	203	212	231	234	236	240	418	#
881	844614	43	113	134	144	181	198	204	216	223	231	235	237	418	#
882	774784	7	41	56	62	73	90	107	112	198	200	226	255	418	#
883	745518	9	29	36	141	142	160	179	192	203	206	227	240	418	#
884	743531	14	53	66	95	154	157	161	170	188	213	216	225	418	#
885	60960	105	#
886	165762	17	137	160	168	419	#
887	198852	55	59	137	202	419	#
888	184121	73	168	235	253	419	#
889	203987	55	178	252	420	#
890	216558	17	55	63	420	#
891	215180	97	178	250	420	#
892	102529	30	56	252	420	#
893	515173	3	7	36	115	186	215	239	250	421	#
894	689475	3	34	104	166	215	216	236	250	421	#
895	586067	134	160	186	213	221	222	230	243	421	#
896	508649	25	48	57	113	137	156	248	250	421	#
897	445337	7	110	150	152	171	175	205	223	421	#
898	390223	5	39	50	60	88	110	115	229	421	#
899	569891	46	70	80	83	166	167	177	199	227	231	422	#
900	782564	8	33	73	80	86	120	130	180	195	227	422	#
901	636163	26	47	48	63	141	149	153	165	180	231	422	#
902	532941	1	6	36	85	144	152	167	227	228	242	422	#
903	532648	67	113	149	154	158	160	177	230	235	248	422	#
904	510111	83	89	111	117	159	166	174	221	247	249	422	#
905	368503	52	90	91	93	120	171	185	423	#
906	422418	12	34	83	120	167	180	196	423	#
907	421822	30	64	67	75	93	104	151	423	#
908	409765	54	81	100	140	151	175	185	423	#
909	393555	32	60	63	73	90	184	189	423	#
910	336264	42	52	70	120	154	198	236	423	#
911	257989	160	171	230	424	#
912	314087	30	121	230	424	#
913	253832	48	171	181	424	#
914	128647	42	160	237	424	#
915	1287970	5	14	22	32	39	62	77	84	91	101	118	120	128	129	141	143	159	165	169	188	191	192	194	205	222	226	229	238	425	#
916	1910505	22	26	35	62	65	70	82	102	110	111	129	130	141	153	157	158	159	162	180	199	209	214	215	227	229	233	234	235	425	#
917	1897488	2	4	15	23	35	39	45	51	75	80	87	90	106	120	123	130	131	134	165	191	194	199	200	212	233	244	248	252	425	#
918	1795531	3	4	19	26	32	39	43	47	49	50	61	78	92	103	115	120	130	138	144	158	165	169	178	180	191	211	217	225	425	#
919	1768672	4	12	29	35	48	65	82	84	87	88	92	116	127	128	130	139	144	161	173	176	179	187	195	208	238	244	252	254	425	#
920	1755239	11	14	18	19	54	65	76	80	83	88	91	106	113	115	116	141	151	158	178	183	198	208	211	219	224	230	245	252	425	#
921	316842	11	157	193	226	426	#
922	346370	109	157	177	247	426	#
923	142020	11	57	214	250	426	#
924	126755	57	139	193	226	426	#
925	53690	37	169	215	226	426	#
926	324625	17	38	75	206	255	427	#
927	360004	73	111	206	248	255	427	#
928	273974	27	38	39	159	203	427	#
929	264305	41	129	159	206	255	427	#
930	203550	40	75	83	186	208	427	#
931	1621443	2	15	17	31	43	44	79	84	110	129	138	147	153	162	165	186	188	190	197	201	202	203	206	211	216	227	428	#
932	1921037	16	33	37	46	61	65	67	86	90	91	97	105	116	141	144	168	182	188	206	208	215	227	230	236	251	252	428	#
933	1887561	2	8	15	38	39	46	65	67	78	80	137	138	148	156	169	175	180	188	206	213	215	234	244	246	248	251	428	#
934	1840076	8	36	50	69	78	79	87	95	98	125	129	137	141	153	156	167	168	174	185	209	215	220	226	229	248	251	428	#
935	1749973	15	22	27	43	44	61	65	66	89	91	106	123	127	129	133	182	197	204	212	223	229	237	242	250	251	254	428	#
936	1714132	35	68	88	94	104	115	118	126	135	160	163	170	174	175	178	179	181	182	186	191	193	197	206	208	247	248	428	#
937	347351	14	46	59	121	154	226	429	#
938	516097	17	59	71	150	155	160	429	#
939	487721	22	46	49	154	232	252	429	#
940	432508	14	71	73	84	145	195	429	#
941	379937	61	80	162	207	226	229	429	#
942	320439	102	104	121	191	200	252	429	#
943	84800	49	81	430	#
944	118812	49	101	430	#
945	71143	13	81	430	#
946	88273	40	52	431	#
947	103802	36	52	431	#
948	70955	40	101	431	#
949	149195	12	#
950	613676	39	47	57	62	92	98	125	155	204	251	254	432	#
951	828520	54	66	68	98	104	114	116	160	213	240	241	432	#
952	768289	6	14	51	83	94	131	155	198	238	245	250	432	#
953	742175	17	124	125	135	145	184	188	203	205	215	230	432	#
954	651512	17	39	44	62	67	72	137	161	173	187	252	432	#
955	648214	13	23	30	41	123	161	177	190	211	253	254	432	#
956	601721	20	33	117	135	157	171	227	229	433	#
957	580959	32	33	36	86	163	177	201	212	433	#
958	541947	13	40	41	46	117	157	229	255	433	#
959	509834	16	23	86	157	204	238	248	252	433	#
960	476839	62	81	101	117	145	166	205	229	433	#
961	447073	32	40	70	79	89	179	215	227	433	#
962	158233	70	71	434	#
963	175134	2	71	434	#
964	88245	53	70	434	#
965	238852	82	169	193	435	#
966	256247	169	193	240	435	#
967	214556	28	81	169	435	#
968	156313	82	139	169	435	#
969	419052	27	49	58	76	91	130	235	436	#
970	446254	22	133	153	162	186	235	243	436	#
971	394610	17	58	83	168	170	184	233	436	#
972	371804	7	49	79	158	204	227	250	436	#
973	333128	57	75	79	91	103	193	251	436	#
974	288203	4	20	29	118	120	130	185	436	#
975	173904	14	86	110	122	187	200	437	#
976	249853	36	116	129	159	186	200	437	#
977	238716	53	110	159	166	191	194	437	#
978	467429	14	30	53	54	86	98	102	103	122	160	163	184	244	438	#
979	679585	2	26	39	53	87	116	128	141	168	172	190	223	249	438	#
980	652007	32	50	101	105	118	122	150	170	186	188	228	230	244	438	#
981	614245	17	43	96	117	121	128	141	143	145	158	160	210	252	438	#
982	522561	16	35	41	42	84	86	146	160	161	172	182	216	228	438	#
983	937799	22	27	39	40	60	63	85	90	129	134	137	165	198	220	222	234	235	245	439	#
984	1332376	37	38	56	59	63	77	138	152	166	174	177	195	203	220	232	236	243	250	439	#
985	1269075	11	12	15	37	66	99	104	123	164	166	169	172	181	188	208	231	245	250	439	#
986	1215767	4	23	45	53	74	78	134	136	161	172	192	206	208	211	229	237	245	252	439	#
987	1200021	10	83	86	87	90	102	109	130	166	168	173	206	212	218	221	238	247	251	439	#
988	1189070	7	12	26	40	81	84	88	116	123	148	173	190	193	202	204	211	222	239	439	#
989	346846	37	76	91	92	205	213	214	228	235	440	#
990	513955	31	48	82	106	113	134	222	235	245	440	#
991	491479	23	35	68	79	97	109	163	182	228	440	#
992	419326	1	54	64	92	99	172	204	230	252	440	#
993	974507	5	6	19	32	43	48	62	91	96	117	144	199	211	236	245	246	255	441	#
994	1305967	39	66	67	83	96	115	118	130	136	144	159	161	177	180	190	213	232	441	#
995	1178063	7	8	31	33	44	55	63	83	90	117	135	139	145	196	199	236	242	441	#
996	1165070	9	34	67	76	102	103	107	108	109	111	115	133	168	180	183	211	255	441	#
997	1131884	8	28	43	47	51	57	62	89	136	142	149	163	170	171	188	211	246	441	#
998	1065572	35	63	66	75	99	113	116	119	120	129	139	155	164	191	199	215	216	441	#
999	194670	14	25	151	152	442	#
1000	183886	14	171	187	216	442	#
