%% File generated by CATS v.2.1Wed Jun 19 19:15:54 2013

%% The CATS webpage is http://robotics.stanford.edu/CATS

%% PARAMETER SETTINGS:
% Goods: 256; Bids: 1000; Distribution: L4; Runs: 50; Seed: 1371664511
% Legacy distribution parameters:
% Number of goods chosen according to Decay distribution (alpha = 0.55).
% Price chosen according to Linear Random distribution (low_linearly = 1, high_linearly = 1000).


goods 256
bids 1000
dummy 0

0	955899	137	#
1	1621466	170	202	#
2	809763	232	#
3	2092685	5	20	92	106	129	197	#
4	1421321	0	38	40	#
5	1705309	48	49	209	#
6	1637083	229	253	#
7	486773	18	#
8	972468	242	#
9	885045	1	#
10	1748750	98	152	#
11	587169	71	#
12	653420	2	#
13	1875955	18	237	#
14	5963466	15	92	112	127	151	175	191	195	#
15	2516806	7	31	254	#
16	260196	217	#
17	1010903	9	92	197	#
18	1667966	21	231	#
19	933843	153	#
20	2408537	17	43	76	108	113	214	221	#
21	943935	201	#
22	1726589	89	150	220	249	#
23	789555	54	#
24	910908	36	#
25	994677	49	#
26	904262	94	#
27	2459821	27	32	148	169	244	#
28	4736481	39	56	103	106	149	#
29	1098676	46	181	#
30	1148028	146	255	#
31	875042	56	#
32	1668475	121	200	#
33	2416617	40	142	190	198	#
34	924644	194	#
35	787479	181	#
36	828779	85	#
37	929736	191	#
38	6524115	0	69	91	104	160	252	255	#
39	142948	209	#
40	1240400	99	164	#
41	901141	9	#
42	1637370	13	137	190	#
43	2099360	145	184	201	#
44	1578250	76	82	#
45	3173378	71	103	123	151	#
46	504095	93	#
47	464164	5	#
48	1285135	196	222	#
49	1271910	106	231	#
50	5194528	0	29	31	142	157	164	188	213	242	#
51	7836850	35	48	57	73	92	98	161	196	#
52	3987430	16	67	141	248	#
53	692879	121	#
54	856866	96	#
55	288549	83	#
56	1854613	43	178	#
57	831560	33	#
58	504862	239	#
59	1714871	2	144	161	#
60	3491930	17	30	141	217	218	#
61	1768448	43	104	#
62	999306	157	#
63	1295349	90	143	#
64	837619	156	#
65	1626362	89	239	246	#
66	1688065	100	119	#
67	979792	218	#
68	998882	236	#
69	527624	211	#
70	827159	140	#
71	1191167	6	46	#
72	774109	87	#
73	882507	225	#
74	2930028	55	82	199	218	#
75	962496	173	#
76	952049	55	#
77	843224	215	#
78	5210102	141	158	217	220	235	253	#
79	676765	176	#
80	2680253	59	69	111	143	196	250	#
81	731982	115	#
82	791228	210	#
83	1759526	107	144	#
84	988103	47	#
85	943941	37	80	135	136	220	#
86	766467	69	#
87	813174	7	#
88	786189	17	#
89	803287	228	#
90	267997	165	#
91	797989	203	#
92	670851	40	#
93	2484703	27	28	52	149	154	#
94	997639	214	#
95	2447029	65	96	177	#
96	1490609	19	121	#
97	967439	41	#
98	778864	67	#
99	169175	4	#
100	985704	252	#
101	856028	30	#
102	586631	178	#
103	1190688	72	127	197	#
104	892401	160	#
105	778433	16	162	#
106	2045934	46	171	172	181	#
107	1812309	30	107	#
108	1061624	31	41	82	149	#
109	808311	29	#
110	6278155	51	59	60	115	185	199	233	252	#
111	550694	61	#
112	887082	158	#
113	882186	113	#
114	1931393	97	104	131	155	183	#
115	2288756	11	108	140	#
116	517076	205	#
117	734605	169	246	#
118	584225	76	#
119	915122	57	#
120	1017800	42	199	#
121	963985	240	#
122	440925	179	#
123	3958017	58	68	111	196	#
124	759187	42	#
125	2546519	50	131	141	#
126	1367373	17	55	#
127	770337	15	#
128	7173073	0	128	134	168	184	204	234	241	#
129	944911	109	#
130	574534	213	#
131	2817525	39	53	177	190	216	235	247	#
132	854835	204	#
133	2557101	44	97	159	198	#
134	1692279	150	183	205	#
135	767437	102	#
136	996408	91	#
137	790920	202	#
138	731613	16	#
139	2165566	32	58	65	67	111	242	#
140	831833	136	#
141	783136	117	#
142	1078077	37	225	#
143	983377	233	#
144	1105432	168	196	#
145	922702	221	#
146	858727	53	229	#
147	1379278	0	3	139	180	219	232	249	#
148	966390	224	#
149	957155	195	#
150	924018	108	#
151	1242743	125	238	#
152	907705	235	#
153	1396695	9	70	158	164	#
154	1911188	78	217	#
155	844238	8	#
156	5774933	94	108	166	223	234	252	#
157	401905	171	#
158	735698	53	#
159	733443	50	#
160	3585814	97	105	117	250	#
161	991896	129	#
162	719359	159	#
163	1614627	17	181	#
164	3275887	10	84	106	124	132	138	157	160	165	187	220	235	#
165	78928	48	#
166	2341536	100	191	230	#
167	2717653	80	161	163	#
168	3710041	84	135	205	209	#
169	3860934	0	68	185	235	#
170	856708	206	#
171	921104	254	#
172	4871353	15	44	53	157	186	221	245	#
173	684709	166	#
174	2597855	126	145	205	207	#
175	1852892	175	250	#
176	3575319	121	146	181	186	228	#
177	1122833	61	185	204	248	#
178	1414298	1	42	57	#
179	2805209	27	42	59	#
180	639509	169	#
181	994445	172	#
182	757871	106	#
183	1761799	9	153	#
184	999572	10	#
185	1132189	49	190	#
186	4788965	64	101	131	161	170	245	254	#
187	1067556	54	247	#
188	1228833	172	178	200	239	#
189	879147	154	#
190	3785303	46	66	91	181	#
191	1704394	67	229	252	#
192	905019	19	#
193	2536190	121	124	200	#
194	4208832	94	166	193	207	240	#
195	886054	73	#
196	992467	120	#
197	983105	0	89	#
198	1620170	10	117	174	224	#
199	2725463	9	106	116	172	#
200	2409651	120	132	151	159	209	#
201	843299	90	#
202	532078	34	#
203	1219842	27	129	#
204	913370	119	#
205	1517454	110	246	#
206	1428783	15	79	#
207	958441	44	80	#
208	807355	72	#
209	1223441	121	149	#
210	670250	79	#
211	1041641	12	41	71	202	237	248	#
212	980388	32	#
213	574488	116	#
214	870992	7	111	#
215	809733	44	#
216	967003	155	#
217	896186	139	#
218	1328106	63	118	240	#
219	1102994	54	153	#
220	1323025	10	89	206	#
221	885504	6	#
222	1870290	49	50	91	100	136	173	#
223	996007	63	#
224	896814	207	#
225	855781	110	#
226	2520007	46	134	215	#
227	678463	246	#
228	969221	134	#
229	928684	59	#
230	1493871	137	179	#
231	1585941	92	112	135	#
232	2678362	144	150	188	207	#
233	590364	212	#
234	935721	78	#
235	999768	132	#
236	4937712	101	104	178	214	222	#
237	974660	45	#
238	2544155	43	50	142	249	#
239	1793379	6	116	178	#
240	964194	100	#
241	2796156	16	24	149	#
242	1863117	2	60	#
243	1357603	32	218	#
244	1744707	177	242	#
245	1070846	133	172	244	#
246	989346	108	125	#
247	661441	167	#
248	2006026	22	33	35	95	232	#
249	957556	68	#
250	1593509	37	125	253	#
251	3820250	28	72	140	146	#
252	3635583	48	61	109	138	144	157	206	#
253	811506	26	#
254	917907	152	#
255	4828657	38	71	116	125	148	195	#
256	1425030	12	24	131	157	#
257	1850869	10	130	158	213	250	#
258	946130	64	#
259	2184064	149	174	226	#
260	933680	149	180	232	#
261	1730217	10	28	63	104	117	165	169	216	#
262	917731	143	#
263	1867931	49	191	#
264	1817607	40	43	72	88	95	#
265	704267	237	#
266	1447159	107	255	#
267	2012198	39	86	209	223	#
268	744520	122	#
269	2301600	16	39	145	#
270	704939	58	#
271	1701572	25	36	43	#
272	1414678	28	194	#
273	2599193	62	100	113	242	#
274	3129661	26	149	178	207	#
275	4956950	28	87	104	127	195	249	#
276	3229934	8	35	55	69	192	194	#
277	1479531	145	230	#
278	4086898	51	140	144	166	173	224	#
279	647918	111	#
280	686012	37	#
281	927917	84	#
282	1773477	15	193	#
283	1570096	136	225	#
284	5375366	18	27	70	72	212	251	#
285	1671418	75	244	#
286	876802	11	#
287	1292005	119	163	197	#
288	922202	23	#
289	436952	180	#
290	1487410	143	144	#
291	984164	31	#
292	2734746	19	38	80	105	144	222	#
293	589772	107	#
294	2476450	3	39	121	207	#
295	1940676	111	124	#
296	1223482	10	60	104	126	143	183	#
297	2601251	11	15	29	165	199	#
298	1117913	40	96	167	222	#
299	1441918	120	184	#
300	4103077	36	127	128	181	191	194	243	#
301	1745513	27	155	#
302	915435	103	#
303	1646887	214	233	#
304	816719	3	50	238	#
305	4358151	7	122	170	214	234	#
306	985232	182	#
307	639588	175	#
308	919893	133	#
309	3179897	85	102	167	209	#
310	3148982	9	77	141	170	#
311	923040	39	#
312	3446196	91	120	182	192	214	#
313	1597042	4	33	210	#
314	644616	248	#
315	1933044	83	87	#
316	878379	99	#
317	857552	70	#
318	3415331	104	106	111	222	#
319	1841394	35	188	204	#
320	824482	141	#
321	836748	61	166	#
322	819112	65	#
323	3853720	73	75	242	251	#
324	825260	123	#
325	2670760	20	50	137	158	163	#
326	1503326	192	247	#
327	1885888	63	106	219	#
328	993099	124	#
329	1896475	26	95	202	239	#
330	1897235	149	221	#
331	4528615	31	198	206	212	228	#
332	856306	33	79	#
333	1511927	62	215	#
334	848716	250	#
335	717412	151	#
336	816477	198	#
337	1123605	4	124	#
338	2560627	140	196	199	238	#
339	4215508	67	76	113	141	222	236	#
340	1849801	162	163	#
341	2714035	0	1	40	59	133	143	183	196	#
342	1498516	10	208	215	#
343	993511	147	#
344	3624140	77	94	103	196	#
345	1648238	173	228	248	#
346	3727805	65	93	102	125	225	#
347	3131470	3	71	82	104	121	200	202	#
348	593236	43	#
349	2345627	23	30	34	68	103	141	147	158	197	201	210	253	#
350	975130	130	#
351	1964734	40	75	149	#
352	911552	150	#
353	2675612	92	170	187	#
354	1219135	20	214	#
355	377554	60	#
356	3356479	6	37	73	94	195	#
357	1266884	97	109	#
358	1019171	4	164	#
359	1722142	8	170	183	195	#
360	1276957	28	183	#
361	990418	62	74	134	178	235	#
362	858173	74	#
363	683353	187	#
364	1294977	62	122	#
365	883870	196	#
366	1524500	107	158	#
367	2793900	7	70	112	#
368	1441866	98	216	#
369	940165	56	138	#
370	1294177	76	89	121	139	207	245	#
371	1062202	48	103	#
372	1685629	61	91	#
373	992277	88	#
374	1823713	49	154	#
375	3327580	38	96	149	179	#
376	1066547	3	47	#
377	801289	230	#
378	502332	82	#
379	484147	229	#
380	3109555	4	13	60	70	71	110	125	135	136	147	#
381	932005	33	163	198	203	#
382	1709704	98	181	223	#
383	614843	3	#
384	2959078	15	73	193	#
385	890920	243	#
386	2544086	20	168	253	#
387	2072363	29	62	73	#
388	1873470	55	176	#
389	697259	144	#
390	2514008	103	144	150	#
391	1044784	15	104	111	211	#
392	695859	222	#
393	1055422	44	128	233	#
394	978450	161	#
395	1048845	44	177	#
396	1732863	8	18	#
397	1848466	28	143	#
398	4403471	52	97	169	224	250	#
399	1605692	66	145	174	#
400	4046862	128	132	197	199	247	#
401	659687	189	#
402	411800	92	#
403	1169323	20	80	97	#
404	1431622	8	52	221	#
405	1577944	84	159	#
406	3414267	6	33	95	142	172	173	#
407	1246191	9	128	#
408	557077	241	#
409	2163483	33	86	196	#
410	1681797	71	141	244	#
411	1317219	30	150	#
412	975943	128	#
413	1094799	81	153	160	#
414	1328605	167	221	#
415	660108	126	#
416	5626216	14	15	39	157	172	242	#
417	3348885	3	44	202	216	237	#
418	682036	164	#
419	824126	77	#
420	2166868	31	104	114	#
421	620155	21	#
422	962435	26	118	#
423	2268330	23	87	107	153	#
424	1136528	67	84	99	101	156	195	226	240	#
425	2063420	106	158	190	#
426	2271538	5	49	57	168	#
427	1766542	39	184	#
428	2071888	14	107	131	224	234	236	#
429	712669	127	#
430	2130526	16	131	220	#
431	3384846	0	6	22	27	51	93	237	248	#
432	963892	154	210	#
433	1321288	28	162	#
434	1886972	68	240	#
435	1145754	2	83	#
436	1374374	40	75	168	#
437	2423897	62	96	224	#
438	754924	188	217	#
439	437875	253	#
440	7181085	17	29	46	86	104	146	155	192	245	#
441	1504446	40	237	#
442	1054503	26	235	#
443	2091227	102	139	240	#
444	1433171	64	125	188	#
445	590863	244	#
446	2533705	7	89	214	#
447	2789546	30	160	197	#
448	536581	219	#
449	7048739	47	56	61	96	138	144	146	183	214	227	#
450	743500	107	126	#
451	1638384	0	185	198	#
452	838501	105	#
453	926076	51	#
454	783582	190	#
455	761161	104	#
456	8603412	14	16	25	75	141	148	169	213	226	#
457	1273627	71	182	#
458	2864759	9	26	44	162	186	202	229	#
459	1477489	13	47	#
460	3554422	85	133	247	255	#
461	1965740	148	224	#
462	3021872	56	63	73	111	137	144	154	204	246	#
463	3572053	3	42	46	218	240	#
464	1937478	156	178	#
465	1538546	57	216	#
466	1417312	77	114	208	#
467	1641612	23	83	#
468	4926227	3	14	140	161	232	245	#
469	1903992	4	54	#
470	1550016	69	180	#
471	845196	20	#
472	2043453	0	22	85	145	151	#
473	889194	193	#
474	2761570	116	213	225	#
475	1424321	20	29	99	#
476	6309968	5	66	111	156	162	229	243	#
477	800701	199	#
478	1722443	44	113	#
479	791943	66	#
480	552117	131	#
481	3714508	165	210	222	255	#
482	2633116	39	125	166	#
483	932971	3	189	#
484	1168970	111	170	249	#
485	2193995	4	52	187	234	#
486	2909737	70	191	222	239	#
487	2192433	99	159	176	#
488	4892311	49	112	162	191	192	193	#
489	2592648	32	36	225	#
490	1067484	74	104	155	#
491	1894161	37	240	#
492	1031549	95	246	#
493	1558666	12	173	#
494	961540	216	#
495	636856	149	#
496	1334297	108	137	#
497	1734630	7	10	#
498	2763046	13	28	45	53	#
499	765076	121	159	#
500	701722	125	#
501	2572903	1	80	177	#
502	823992	95	#
503	1487273	55	248	#
504	3676672	19	38	152	159	#
505	2271375	2	56	142	145	#
506	2905857	57	165	218	#
507	3616973	15	91	204	224	#
508	2205071	6	77	87	193	#
509	5956790	86	92	99	128	135	160	#
510	1722940	37	62	#
511	1520518	58	214	#
512	870318	52	#
513	5666226	0	18	22	49	112	196	221	#
514	1358600	13	101	#
515	5560478	52	62	142	153	203	239	#
516	4590977	51	63	67	192	196	#
517	4629657	5	60	86	104	118	170	212	#
518	1780007	42	170	#
519	4090517	6	141	163	217	252	#
520	1680508	6	213	216	#
521	1282946	7	190	#
522	380573	81	#
523	343858	223	#
524	2188878	27	180	226	#
525	1318329	2	238	247	#
526	2222153	33	218	255	#
527	1508250	96	141	#
528	841140	98	#
529	1232100	48	149	223	#
530	531186	60	75	#
531	1269803	39	134	165	195	#
532	2109631	33	82	167	#
533	6024464	25	32	33	108	171	173	186	215	221	246	#
534	1049809	91	206	214	#
535	999335	184	#
536	2549045	3	7	71	221	255	#
537	1954544	61	172	#
538	2566677	105	154	191	241	#
539	1479489	11	248	#
540	1424405	23	59	93	218	#
541	735084	48	189	#
542	1490723	94	234	#
543	2716323	61	119	122	153	160	#
544	997092	245	#
545	947698	170	211	#
546	882167	44	156	237	#
547	2033037	93	117	201	#
548	3621994	55	57	140	205	208	#
549	1430404	2	11	105	#
550	892056	60	79	98	189	#
551	3541658	96	146	169	229	234	251	#
552	4016792	42	61	87	90	91	#
553	1227357	67	115	142	191	#
554	1757684	82	106	#
555	867696	86	#
556	1774243	59	197	227	#
557	2833934	4	238	244	#
558	1747362	109	119	#
559	1459891	49	68	188	223	#
560	579322	27	#
561	862013	26	93	#
562	1705565	9	62	123	149	#
563	2212358	140	209	222	#
564	847578	220	#
565	1711855	92	143	#
566	3377956	118	136	190	222	#
567	1469208	17	238	#
568	1326375	43	44	45	207	#
569	1348929	125	191	#
570	2789791	64	145	255	#
571	916969	12	#
572	1110687	198	214	#
573	1585811	198	247	#
574	2714310	106	110	139	221	#
575	2315015	69	195	200	#
576	2141005	8	117	208	#
577	745915	125	208	#
578	1766513	63	138	239	#
579	878911	208	210	237	#
580	4265372	123	179	199	216	220	#
581	1142562	100	202	#
582	534563	112	#
583	1818994	24	40	83	138	145	212	#
584	766391	13	#
585	1935314	2	129	135	189	218	#
586	3602604	9	45	103	113	168	241	#
587	1433189	46	171	179	188	#
588	1366007	98	113	#
589	3025053	32	38	222	226	#
590	605586	145	#
591	3068055	36	86	103	254	#
592	1500773	16	55	#
593	1493479	17	122	#
594	1768649	39	214	#
595	1085327	12	79	183	185	230	254	#
596	7570367	22	58	150	157	179	214	224	248	#
597	1209608	83	188	229	#
598	851309	185	#
599	564255	114	#
600	1516550	136	158	172	#
601	1426544	15	64	247	#
602	1303225	70	97	#
603	2492371	32	74	242	#
604	1639704	35	77	101	109	150	170	173	232	235	#
605	2735134	0	131	207	#
606	1735059	32	154	#
607	1409041	69	198	#
608	4022631	79	117	171	183	202	#
609	1132440	104	147	#
610	2209128	45	155	223	#
611	5889003	33	66	129	185	224	251	#
612	1760279	19	29	33	65	95	114	#
613	953339	101	#
614	539454	186	#
615	2304514	60	105	195	#
616	1212117	73	86	194	#
617	945278	174	#
618	1406459	102	191	#
619	2871326	33	88	249	#
620	3946052	38	104	138	173	202	#
621	1301869	4	247	#
622	356422	75	#
623	3453043	100	109	139	247	#
624	1458592	75	110	190	#
625	3448476	32	72	104	131	211	216	#
626	1653165	45	128	#
627	1802510	14	85	144	228	229	#
628	2658667	12	63	91	132	220	221	#
629	3692552	53	159	196	211	218	245	#
630	2769607	2	129	156	#
631	1620505	74	85	#
632	3714092	18	27	28	56	74	101	118	232	#
633	1503422	124	251	#
634	1318282	111	163	#
635	2662432	7	12	22	183	#
636	904588	138	#
637	1489249	53	99	161	179	#
638	4027556	80	91	122	202	242	#
639	1977299	60	131	152	170	#
640	2849654	73	111	183	#
641	1977497	32	67	90	109	244	255	#
642	2805783	13	62	141	156	210	217	#
643	3563658	7	20	81	206	209	214	#
644	1301978	90	200	#
645	568978	200	#
646	573496	208	#
647	2630485	76	80	99	#
648	719946	0	#
649	2132326	46	132	171	#
650	1509026	25	87	#
651	1699539	112	166	#
652	1611194	120	162	#
653	1196204	41	81	177	#
654	1521414	18	45	176	201	216	217	235	#
655	1528398	57	128	#
656	1985017	155	180	203	#
657	917772	4	62	75	#
658	949843	226	#
659	1782150	114	119	#
660	4805919	54	174	175	200	248	#
661	308045	183	#
662	884603	25	#
663	1534851	54	92	#
664	3290779	127	158	169	187	231	#
665	2845430	100	102	114	140	146	243	#
666	1329593	163	189	#
667	1708034	47	216	#
668	1124322	136	208	#
669	1017771	42	54	215	#
670	936461	8	159	175	#
671	1444939	167	227	#
672	1422971	52	85	#
673	936615	74	116	229	#
674	3526378	52	62	95	98	#
675	2357887	3	65	146	#
676	1020904	4	26	32	52	104	213	223	225	238	#
677	3071060	2	42	140	193	#
678	656634	231	#
679	1137741	16	152	#
680	3453079	24	49	112	133	#
681	1663269	123	145	150	154	162	194	254	#
682	1002461	67	73	90	#
683	1698852	29	39	42	97	102	250	#
684	1112564	13	173	#
685	1379053	103	190	#
686	3808169	41	70	201	211	#
687	1514605	63	78	185	#
688	1417617	7	23	104	#
689	2702191	64	68	189	#
690	3570529	8	62	106	140	146	178	#
691	1893675	14	153	187	194	214	229	#
692	1191751	195	218	#
693	486759	163	#
694	4606908	1	11	17	52	72	149	184	225	#
695	1565896	6	201	#
696	1929614	4	12	231	240	#
697	937700	249	#
698	1273861	194	232	#
699	5666015	16	19	104	156	192	213	228	242	250	#
700	1736548	95	97	#
701	5819575	8	21	33	52	68	86	165	246	#
702	2951541	17	160	199	#
703	3876890	127	164	166	210	#
704	1932842	47	98	145	226	#
705	5895264	88	108	177	182	210	247	#
706	618512	148	#
707	2631148	3	41	69	178	#
708	771498	192	#
709	1696616	15	59	93	223	#
710	1771992	95	252	#
711	1968174	12	70	#
712	531858	197	#
713	1388105	82	111	#
714	1039682	74	123	#
715	2159627	11	178	234	#
716	1681312	30	66	97	#
717	1583094	68	117	#
718	459508	89	#
719	3740611	123	129	156	168	#
720	2676541	43	49	131	172	#
721	5466566	51	53	57	87	129	139	163	167	184	#
722	2907702	8	57	161	195	197	#
723	3148289	21	96	98	124	127	238	243	#
724	3335607	14	27	108	219	#
725	4363815	91	95	101	181	241	#
726	2139260	88	117	154	245	#
727	2906597	14	67	132	#
728	2391622	20	78	153	#
729	1575717	57	110	#
730	2611845	14	33	90	103	#
731	3418488	14	130	206	255	#
732	3826452	111	165	191	230	#
733	1689962	148	159	#
734	1034343	124	160	#
735	3919732	71	114	146	154	225	#
736	1877801	48	72	93	173	242	#
737	993712	234	239	#
738	1766788	54	157	255	#
739	2038396	1	56	84	#
740	3918849	114	159	171	228	#
741	3093979	74	97	122	126	162	#
742	1153620	54	64	106	109	144	#
743	1775751	63	93	104	#
744	1741572	75	126	#
745	986113	6	39	#
746	1151167	24	190	#
747	3828596	134	157	159	192	#
748	996302	44	171	188	#
749	1980727	114	154	#
750	600579	22	#
751	1721436	202	204	#
752	1785536	164	235	#
753	1879610	176	181	194	#
754	896661	80	#
755	941943	135	#
756	1798688	68	139	147	#
757	1511876	10	172	#
758	1012657	6	247	#
759	2385485	107	214	248	#
760	948421	148	177	#
761	1511714	72	199	#
762	2044059	39	50	74	103	139	152	#
763	1631403	36	128	130	216	#
764	557833	28	#
765	1472697	37	194	201	#
766	1939551	43	92	103	141	203	234	247	250	#
767	1848435	49	99	#
768	1519926	224	239	#
769	941085	57	59	140	#
770	4705556	5	6	41	156	197	#
771	2794096	3	88	129	#
772	1201918	25	74	#
773	1229151	42	133	#
774	2319790	88	95	180	201	#
775	1116474	13	207	#
776	1019053	28	30	#
777	1977681	31	33	80	83	155	160	#
778	1491904	110	134	#
779	2498684	28	205	221	#
780	1246989	27	177	#
781	3756434	12	13	25	136	173	#
782	4356590	31	42	54	79	98	227	#
783	2182623	2	21	93	167	236	255	#
784	1557862	153	209	#
785	1622112	75	88	139	172	#
786	1892585	45	85	#
787	1073705	98	222	#
788	674458	24	#
789	3843892	102	103	170	254	#
790	2341639	52	107	139	#
791	4487830	20	32	76	99	135	141	167	171	247	#
792	753582	188	#
793	654574	255	#
794	776144	0	180	#
795	493798	170	#
796	1684927	9	23	116	135	233	#
797	1445271	44	134	#
798	3319612	117	175	194	246	#
799	1006271	65	172	#
800	1974033	55	124	249	#
801	1307566	35	137	174	#
802	2362763	3	8	168	#
803	748623	115	209	#
804	1939240	88	208	236	#
805	1452804	8	168	#
806	846971	142	#
807	2118861	36	45	66	132	192	#
808	2965105	109	140	236	#
809	2137839	6	24	41	61	74	77	90	162	178	206	236	251	#
810	2090522	65	217	240	#
811	1695916	48	116	228	#
812	994616	1	69	#
813	1236760	42	138	#
814	867469	168	#
815	3074010	34	53	140	188	216	#
816	1890299	28	61	158	#
817	1378674	109	153	#
818	1850035	89	92	#
819	2849861	6	91	109	132	134	#
820	918346	69	238	#
821	1282569	62	64	246	#
822	1729098	12	50	81	#
823	1500632	42	230	#
824	1194018	20	182	#
825	1784662	177	255	#
826	84639	234	#
827	2233821	33	126	158	187	#
828	2953215	7	50	168	190	#
829	9750847	22	68	103	115	130	152	158	180	188	213	252	#
830	2684537	16	242	253	#
831	1628236	235	254	#
832	946421	97	#
833	2912708	181	188	251	#
834	2866430	72	115	138	#
835	3887136	60	68	90	100	138	#
836	1592882	33	148	#
837	978517	29	59	#
838	1819575	14	66	119	137	170	222	#
839	1200604	98	173	253	#
840	2589902	38	142	165	#
841	5771892	28	86	162	173	186	187	#
842	2024330	1	33	77	244	#
843	1399405	44	179	#
844	932816	118	#
845	1616600	53	83	#
846	1933420	36	50	51	#
847	1095349	130	221	#
848	3884205	82	137	140	160	178	#
849	1861635	93	252	#
850	2790120	90	132	207	#
851	447739	177	#
852	4905171	62	94	121	135	149	186	224	#
853	3189504	9	38	85	116	154	162	184	230	#
854	892468	112	145	#
855	6332934	46	63	78	106	128	182	219	#
856	1106876	127	217	#
857	800577	146	#
858	4019087	1	40	51	94	141	190	244	252	#
859	2089464	53	194	228	#
860	2885881	3	93	110	172	#
861	659330	38	#
862	1099868	145	192	#
863	1996443	47	217	#
864	3347833	56	63	151	216	#
865	1330896	34	201	#
866	3759052	63	112	240	251	#
867	2231858	94	139	180	205	238	#
868	2953674	19	99	118	#
869	2505782	77	123	140	#
870	2408670	17	87	128	202	235	#
871	2058761	2	124	189	#
872	1307549	51	156	175	245	#
873	1298157	61	151	#
874	3823756	17	46	128	245	#
875	1461331	22	181	#
876	1820393	45	97	#
877	2375830	38	54	140	#
878	1746137	34	103	127	145	160	205	#
879	1445237	47	155	#
880	1467241	28	133	166	184	196	#
881	1620592	211	215	254	#
882	1875031	15	204	#
883	3036489	32	44	54	81	179	220	234	#
884	1325926	162	180	#
885	1328084	76	209	#
886	1556608	78	127	#
887	1980546	60	146	#
888	4607803	16	19	77	160	162	191	#
889	1029762	15	56	222	249	#
890	1882658	151	221	#
891	1480539	70	84	106	138	182	241	#
892	1705112	56	125	170	224	#
893	2033352	64	138	149	#
894	1945391	107	122	236	246	#
895	1707148	147	159	181	#
896	2470749	79	117	231	#
897	3987999	12	65	141	163	#
898	1390810	23	25	109	#
899	2224578	27	75	110	#
900	689595	76	238	#
901	1332142	105	133	#
902	1222109	46	211	#
903	706464	14	#
904	1498145	25	186	#
905	2755545	3	102	230	#
906	2328402	12	14	42	224	#
907	4708198	10	35	155	161	199	201	212	250	#
908	2897139	26	157	208	251	#
909	821486	247	#
910	2411187	42	60	88	128	139	163	#
911	1396732	4	45	231	#
912	2129562	5	25	242	#
913	1568129	245	246	#
914	2467242	34	53	55	172	232	253	#
915	1756897	162	225	#
916	1710744	116	206	#
917	1986866	7	208	221	#
918	4645192	22	36	46	82	236	#
919	2273818	104	115	184	#
920	767421	21	178	#
921	1144648	75	175	#
922	1903736	63	250	#
923	1045692	4	212	#
924	1529858	36	85	135	#
925	979629	56	101	#
926	1126989	79	81	#
927	3819641	31	154	160	249	#
928	4326966	5	41	44	98	190	#
929	953929	17	167	#
930	5819941	77	141	149	150	217	230	#
931	3401630	16	94	96	170	212	#
932	1844854	142	240	247	#
933	1375962	41	217	#
934	1356269	32	84	#
935	1199756	180	233	#
936	1254021	54	131	#
937	1905461	35	37	68	84	139	196	218	#
938	1803780	139	189	#
939	1839552	143	153	190	#
940	1820398	145	220	#
941	6926571	56	85	179	203	240	243	246	251	#
942	1989587	152	156	160	167	#
943	1652991	16	152	204	211	237	#
944	2458227	83	102	152	#
945	2515081	25	102	116	209	#
946	3055976	16	45	64	184	#
947	1044974	64	99	180	#
948	2203112	58	69	172	#
949	2391237	90	129	134	#
950	1405527	182	225	#
951	1330165	39	176	#
952	1565673	18	185	#
953	1870196	46	63	148	176	#
954	2727773	38	74	155	255	#
955	1919561	41	153	242	#
956	925659	52	117	127	149	#
957	1775103	14	35	73	204	230	247	#
958	1300443	72	255	#
959	1713192	53	96	123	#
960	1185432	52	189	239	#
961	1956163	5	140	#
962	3355865	141	159	208	250	#
963	1149743	139	169	#
964	1050160	80	238	#
965	1530517	154	235	#
966	1339084	92	209	#
967	3459417	130	134	138	153	#
968	1700907	177	203	212	245	#
969	1949357	126	184	#
970	2034307	32	107	229	#
971	1819451	136	163	#
972	1650913	56	127	206	#
973	346519	251	#
974	1455125	29	68	88	#
975	1558399	15	38	60	85	121	165	247	253	#
976	1057108	9	190	#
977	2797698	44	94	245	255	#
978	2071529	7	35	116	#
979	1668126	100	128	#
980	2760564	24	100	101	#
981	1012534	84	155	#
982	1837818	2	88	129	#
983	1712317	22	250	#
984	1547575	35	231	#
985	2905576	91	104	144	156	168	233	#
986	3051921	2	59	69	145	205	#
987	1182159	8	149	#
988	2859263	37	160	250	#
989	2920256	112	196	226	#
990	1402809	28	222	#
991	1233176	3	71	122	134	214	#
992	1806490	79	139	#
993	1179703	71	247	#
994	1381175	76	86	#
995	1141640	57	116	#
996	2039932	27	73	118	197	#
997	860131	62	#
998	2246688	65	139	174	249	#
999	3107897	22	188	211	230	#
