%% File generated by CATS v.2.1Wed Jun 19 19:15:54 2013

%% The CATS webpage is http://robotics.stanford.edu/CATS

%% PARAMETER SETTINGS:
% Goods: 256; Bids: 1000; Distribution: L4; Runs: 50; Seed: 1371664511
% Legacy distribution parameters:
% Number of goods chosen according to Decay distribution (alpha = 0.55).
% Price chosen according to Linear Random distribution (low_linearly = 1, high_linearly = 1000).


goods 256
bids 1000
dummy 0

0	8411369	9	68	89	106	167	169	184	215	243	#
1	1028030	30	71	159	165	210	215	243	253	#
2	4158586	43	93	125	148	150	183	#
3	870759	209	#
4	1559607	49	239	#
5	779420	143	#
6	6980961	59	129	175	177	194	198	221	238	#
7	988103	56	202	243	#
8	3716100	72	76	124	166	178	#
9	934588	242	#
10	1476925	178	225	238	#
11	991460	26	#
12	1704481	71	105	161	231	242	#
13	1222316	80	104	166	170	225	#
14	1509839	81	87	#
15	928894	25	#
16	1490689	21	68	183	229	#
17	799871	153	#
18	921733	40	#
19	1014213	89	136	#
20	781950	187	#
21	447779	64	#
22	5133584	5	33	47	87	197	212	234	#
23	686461	97	#
24	848724	102	251	#
25	2512314	51	60	67	#
26	1805896	59	107	#
27	1080035	174	198	208	#
28	916914	63	#
29	958798	156	#
30	1528958	164	238	#
31	1022334	86	184	#
32	997700	199	#
33	1628961	15	29	51	192	220	#
34	4696118	38	44	117	141	203	#
35	894474	237	#
36	938995	87	#
37	2723367	51	78	209	252	#
38	818486	65	#
39	589160	15	24	#
40	914456	252	#
41	768841	84	#
42	1975180	156	163	#
43	1264235	19	80	#
44	902652	61	#
45	1088767	167	192	218	#
46	772798	70	#
47	904842	196	#
48	2228298	142	181	194	#
49	999624	114	#
50	915640	190	#
51	5825017	73	91	176	197	248	250	#
52	978256	22	53	#
53	960183	73	#
54	452497	213	#
55	710758	173	#
56	989746	3	15	18	103	108	143	181	#
57	542480	75	#
58	753293	134	#
59	3420848	75	100	220	234	#
60	994756	5	#
61	968151	48	#
62	2764228	21	36	91	147	201	241	#
63	1722769	111	184	#
64	872415	149	#
65	920267	10	#
66	899288	183	#
67	976109	223	#
68	6775347	26	42	78	89	147	178	189	251	#
69	939603	80	#
70	2440560	53	125	204	221	247	#
71	779062	118	#
72	805263	244	#
73	5876379	15	42	67	139	144	211	237	#
74	569233	4	#
75	1212927	6	25	183	#
76	1687298	15	184	#
77	686295	126	#
78	2546727	7	41	61	#
79	5422139	15	35	95	149	187	222	#
80	933004	239	#
81	1158550	59	123	244	#
82	964734	169	#
83	3033042	47	53	93	110	#
84	1825946	156	255	#
85	7595940	17	23	84	96	171	178	185	209	248	#
86	2966159	79	182	222	226	#
87	983895	161	#
88	995689	83	#
89	1713410	205	249	#
90	1212749	36	250	#
91	905834	28	#
92	791563	157	#
93	1167883	2	25	69	252	#
94	581863	233	#
95	446419	0	#
96	1503673	107	237	#
97	960327	181	#
98	1731360	127	234	#
99	1420112	56	208	#
100	993572	236	#
101	892813	93	#
102	891496	238	#
103	965249	54	#
104	2735144	42	139	182	193	#
105	1420261	128	252	#
106	701577	129	#
107	2782081	84	87	195	217	229	#
108	1068116	68	113	#
109	2633730	0	44	69	145	#
110	915380	224	#
111	1068367	52	183	#
112	1639546	19	54	56	98	187	#
113	1528416	11	13	30	33	88	#
114	798953	123	#
115	1152287	100	242	#
116	777874	158	#
117	1328673	69	234	#
118	759845	14	#
119	1428938	13	40	98	152	208	#
120	1611978	163	192	#
121	3845883	5	69	180	200	#
122	1980922	45	53	119	245	#
123	988473	59	132	#
124	647763	22	#
125	2943579	6	49	52	#
126	946811	51	#
127	2924116	90	184	194	#
128	4218249	73	177	183	215	240	#
129	1849811	29	100	181	223	#
130	1163250	70	122	226	#
131	885903	101	#
132	984255	60	#
133	960945	176	#
134	4523220	60	128	181	239	255	#
135	277268	131	#
136	962219	185	#
137	2319463	1	51	66	#
138	1418536	13	61	127	#
139	678848	20	#
140	722964	162	#
141	2213384	54	78	100	124	148	200	206	#
142	749529	250	#
143	198325	191	#
144	992804	36	#
145	1720758	135	159	#
146	5566084	68	73	154	167	193	197	215	227	#
147	900037	1	162	#
148	1728504	2	206	#
149	1814791	128	207	#
150	921169	140	#
151	2641463	24	96	148	#
152	2561350	120	209	247	#
153	1090158	15	64	126	174	#
154	744156	42	#
155	1411018	37	41	#
156	1520881	57	75	#
157	1712207	11	81	#
158	1964513	134	223	#
159	1605824	26	88	203	204	#
160	924535	46	#
161	2899807	16	191	204	221	#
162	974435	17	211	#
163	815196	189	192	#
164	887159	8	#
165	970813	133	#
166	651146	217	230	#
167	815472	255	#
168	3166706	9	65	85	140	161	#
169	3807197	48	66	83	208	218	237	245	#
170	1561502	66	144	#
171	997339	180	#
172	1405215	55	233	#
173	1956220	169	230	#
174	3850983	44	193	209	237	#
175	949919	94	#
176	1729007	17	96	#
177	1858509	44	114	119	189	#
178	1533972	50	63	94	172	#
179	954018	136	#
180	262211	163	#
181	5824399	35	108	168	207	214	227	#
182	685399	32	#
183	2235435	17	73	146	197	#
184	1829072	82	144	#
185	1966150	7	73	#
186	970308	142	#
187	978708	47	#
188	337331	184	#
189	418173	116	#
190	1829422	21	45	91	202	#
191	649361	171	#
192	1988012	6	114	184	#
193	553134	170	#
194	954911	202	#
195	809957	154	#
196	928271	96	#
197	1722313	89	158	#
198	2594115	2	217	251	#
199	2161067	39	119	142	171	#
200	996861	30	#
201	987465	82	#
202	1138863	150	181	#
203	3788343	106	139	223	254	#
204	360697	148	#
205	3921621	2	28	84	159	203	248	#
206	806327	165	#
207	3180923	36	81	143	166	190	#
208	2187870	42	172	195	202	212	#
209	1637915	118	252	#
210	2031668	101	134	199	#
211	1919787	116	208	217	#
212	713716	225	#
213	130961	89	#
214	1419924	126	195	#
215	8550965	64	122	131	147	149	168	176	183	229	231	234	247	#
216	6377789	10	42	50	84	169	180	185	214	245	#
217	956620	107	#
218	1532344	57	64	66	78	#
219	2861773	95	129	175	#
220	838052	216	#
221	990534	214	#
222	638969	253	#
223	974765	62	79	#
224	918485	90	#
225	3108011	9	119	150	201	#
226	2843156	1	40	113	189	222	#
227	1286139	23	149	#
228	2859571	145	182	197	199	#
229	852655	229	#
230	715834	159	#
231	813114	147	#
232	683955	220	#
233	951861	212	#
234	2561482	17	149	162	#
235	1666939	75	158	166	188	#
236	1333948	95	118	127	187	#
237	5293743	5	51	61	94	119	182	187	188	233	#
238	4049617	5	63	127	194	238	#
239	4617510	104	106	133	171	220	#
240	1187598	137	157	164	222	#
241	840014	177	#
242	3183774	7	49	106	228	#
243	1027507	71	191	198	201	#
244	1858307	8	37	68	240	#
245	2119910	9	24	54	98	132	141	160	231	252	#
246	615635	193	#
247	1946045	5	45	164	220	#
248	940336	58	#
249	867658	85	100	#
250	1638747	42	201	#
251	987625	207	#
252	915227	52	#
253	3590791	90	106	148	178	#
254	993849	219	#
255	1907105	160	215	#
256	2162324	60	193	215	#
257	591492	106	#
258	903953	43	#
259	792014	251	#
260	1702871	23	62	63	227	#
261	1876925	98	200	#
262	728207	92	#
263	755707	121	163	#
264	659676	189	#
265	878703	179	#
266	2947571	25	43	63	142	#
267	861243	111	#
268	4341897	21	52	131	226	245	248	#
269	912906	13	130	#
270	822525	76	#
271	804403	113	#
272	1714217	23	38	#
273	1300972	10	64	150	160	#
274	942387	63	254	#
275	4763489	54	55	73	136	153	248	#
276	1509271	69	158	#
277	952533	195	#
278	780787	27	#
279	969738	175	#
280	434339	240	#
281	893808	194	#
282	674428	38	#
283	3679786	9	52	214	240	#
284	551089	95	#
285	1006391	60	139	157	170	192	242	#
286	1520592	20	238	#
287	2630378	54	143	243	#
288	824943	59	198	#
289	796063	241	#
290	1161341	127	157	170	#
291	2762406	16	40	152	#
292	4453917	86	90	212	246	254	#
293	920309	92	245	#
294	1550751	24	78	107	#
295	738209	138	#
296	1434821	150	255	#
297	2146800	53	112	189	#
298	389659	211	#
299	6690559	63	64	105	143	160	166	192	#
300	2189893	106	178	220	#
301	5894122	37	46	59	91	111	127	#
302	548753	120	#
303	676999	174	#
304	1996354	0	62	#
305	819151	59	#
306	5424709	37	42	150	154	172	177	#
307	1258657	129	136	#
308	3336812	30	91	145	152	166	175	#
309	1345892	5	8	100	168	170	172	#
310	2726224	70	200	221	240	#
311	3279611	18	100	145	244	#
312	2488636	48	126	210	#
313	2887141	73	97	115	232	#
314	635199	193	197	#
315	348796	139	#
316	1810260	48	240	#
317	930341	203	#
318	1975868	185	240	#
319	2293919	43	196	244	#
320	986987	71	#
321	4915105	80	95	124	126	147	#
322	3261431	51	200	225	255	#
323	951845	188	#
324	1901603	12	170	#
325	1416073	14	86	#
326	1784856	69	96	#
327	1920116	159	203	#
328	3841545	5	33	51	84	183	#
329	888087	228	#
330	888607	105	#
331	629678	166	#
332	953336	146	#
333	563751	41	#
334	3788448	10	84	162	206	#
335	2908999	4	139	221	#
336	9331730	20	34	74	97	125	139	142	150	167	222	238	#
337	918216	210	#
338	815719	110	#
339	623321	204	#
340	611520	230	#
341	838584	3	129	#
342	906156	28	172	#
343	2678552	0	62	91	115	#
344	850253	245	#
345	2867079	6	164	183	#
346	642397	215	#
347	449187	37	#
348	1115941	85	161	#
349	801492	33	#
350	2318454	10	93	96	172	#
351	1443241	84	239	#
352	1691073	100	117	164	#
353	277124	222	#
354	1355272	124	125	236	#
355	1896876	83	91	#
356	2374217	133	227	241	#
357	1112622	65	186	#
358	637308	235	#
359	1333386	59	161	#
360	3553015	24	27	127	146	152	160	170	197	#
361	4288877	38	129	159	167	181	211	#
362	767860	3	#
363	821058	9	#
364	998986	91	#
365	1588967	64	119	160	192	228	#
366	552195	160	#
367	2565673	30	32	103	146	215	#
368	2694612	23	127	166	209	233	#
369	1322872	8	40	#
370	4094755	35	72	76	88	103	157	232	#
371	965842	249	#
372	1212812	90	188	235	#
373	669639	64	215	#
374	1569658	124	232	#
375	5207241	79	102	106	108	223	233	#
376	841833	18	41	#
377	3927775	67	73	122	215	#
378	5231436	90	140	161	169	177	228	#
379	1389471	84	185	#
380	1331967	199	214	244	#
381	430264	243	#
382	867974	66	#
383	1027675	0	185	#
384	789405	122	#
385	1929595	159	238	#
386	1561298	70	73	#
387	1975217	38	89	201	#
388	600301	200	#
389	1740981	7	135	#
390	524872	17	#
391	2644907	17	65	85	#
392	2898193	31	46	50	163	171	174	227	231	250	#
393	1217466	158	203	251	#
394	1194086	56	173	174	179	180	#
395	3234572	20	34	94	113	127	#
396	1804710	12	23	148	243	#
397	867503	221	#
398	457408	206	#
399	734998	108	#
400	1368146	103	197	#
401	961751	151	#
402	934780	74	#
403	1667535	39	153	#
404	786464	104	#
405	1996088	184	245	#
406	1545068	65	205	#
407	1079567	130	144	#
408	2908036	84	167	252	#
409	1851316	75	76	106	#
410	1025010	130	234	#
411	764274	141	#
412	2538820	20	185	244	#
413	1691261	59	192	#
414	4993794	77	104	109	206	234	236	245	#
415	1468977	15	101	#
416	1506689	68	105	150	190	#
417	2930528	111	124	127	167	213	#
418	710959	102	#
419	1224958	146	147	#
420	1872582	141	182	224	#
421	600106	167	#
422	623880	125	#
423	3556971	27	36	62	184	213	#
424	1113449	153	185	#
425	898382	1	#
426	452921	16	#
427	2438251	56	139	155	#
428	2347466	23	176	240	#
429	3325236	50	136	196	229	#
430	174765	57	#
431	2780234	113	143	223	#
432	1077312	66	202	#
433	954475	6	122	143	191	247	#
434	4826839	20	35	88	171	235	#
435	2343197	45	47	65	#
436	1144085	22	117	#
437	903402	128	#
438	2849883	26	44	95	#
439	697765	39	#
440	416810	246	#
441	1204008	55	231	#
442	1296079	69	222	#
443	1902084	89	216	#
444	1197922	21	99	250	#
445	2016102	149	157	169	170	#
446	2574399	5	24	41	59	67	153	167	244	#
447	1378503	124	138	144	#
448	778868	231	#
449	1541255	36	87	159	161	163	164	#
450	1471956	38	174	#
451	1937510	1	114	#
452	3037324	13	44	100	106	#
453	954025	11	#
454	2072261	151	166	204	236	#
455	1794574	9	90	#
456	911874	6	#
457	1261183	44	81	186	#
458	2663252	25	154	173	#
459	1504893	9	153	235	#
460	691612	23	#
461	742699	72	#
462	901446	53	#
463	837463	117	134	#
464	1070289	67	182	#
465	1128094	78	149	#
466	1223767	46	97	229	#
467	2427495	24	63	90	#
468	706059	67	#
469	1272341	34	112	182	#
470	1038032	188	226	#
471	742836	150	#
472	2087137	79	92	208	236	#
473	3738189	58	61	72	251	#
474	1855376	28	134	137	184	#
475	3567102	47	94	124	166	#
476	1586418	95	200	#
477	1758408	65	96	114	195	252	#
478	1391557	132	136	184	233	#
479	1220623	23	221	#
480	2850102	58	92	145	#
481	968431	205	#
482	2149049	111	137	169	#
483	714847	115	#
484	1245470	150	232	#
485	408878	117	#
486	646272	100	#
487	2902175	70	101	237	#
488	932514	119	#
489	2692990	15	123	165	#
490	1324790	138	148	209	#
491	2406852	11	93	210	#
492	1451225	80	144	219	#
493	840983	155	#
494	10118306	140	211	31	242	141	232	177	24	115	55	103	51	113	162	230	69	194	136	#
495	2416483	107	122	139	185	188	#
496	1859271	55	80	#
497	2299538	152	225	237	#
498	1373631	0	15	#
499	1311443	66	216	#
500	1584239	33	60	62	96	189	206	#
501	231110	21	#
502	936211	167	179	#
503	2811411	15	86	250	#
504	1128176	114	213	#
505	1175841	74	77	106	115	170	184	201	#
506	2643361	17	105	158	228	#
507	910968	2	64	#
508	2374493	80	82	116	#
509	966619	46	230	#
510	6119723	57	112	123	150	168	221	233	237	#
511	895069	208	#
512	1805090	25	179	#
513	656950	130	#
514	2842701	78	158	168	#
515	870184	12	#
516	906927	2	#
517	1338380	44	62	#
518	2235166	11	115	141	#
519	1352609	41	74	136	198	225	242	#
520	1904447	10	89	173	187	192	#
521	1456313	188	191	#
522	1616233	159	239	#
523	874182	29	77	221	#
524	1656530	60	102	#
525	3783657	25	66	75	112	#
526	4815908	50	111	129	143	184	249	#
527	3589912	4	8	217	248	#
528	2354982	43	48	91	94	175	212	#
529	1596113	71	82	219	#
530	1993670	78	152	199	#
531	1645748	20	70	76	79	166	242	#
532	9101944	39	56	105	118	208	215	221	235	241	247	251	255	#
533	1262035	11	89	#
534	1321393	23	170	#
535	1839748	104	181	#
536	874418	50	#
537	674154	79	#
538	1570577	108	193	247	#
539	1024852	66	151	#
540	1099465	73	137	#
541	800726	137	#
542	976187	34	#
543	2323221	43	161	227	232	#
544	1625442	84	103	#
545	1017474	68	119	#
546	1119595	114	207	#
547	2624436	5	106	118	#
548	4283750	29	67	80	133	165	184	198	214	#
549	7537694	3	32	145	149	196	210	211	215	242	247	#
550	1182355	1	242	#
551	2941207	110	204	231	234	#
552	625244	109	#
553	576059	24	#
554	821300	198	#
555	5765168	39	102	128	133	155	225	#
556	2444385	88	113	234	#
557	1354271	10	25	42	87	#
558	1840742	28	65	189	222	#
559	8728247	24	46	52	69	91	130	195	216	239	#
560	4415370	129	153	162	172	243	#
561	1101592	134	253	#
562	1775819	26	154	#
563	4244561	140	193	229	239	246	#
564	1018600	44	178	205	#
565	3746344	92	139	141	213	#
566	1867431	116	228	234	#
567	1291645	136	143	150	#
568	2106246	196	220	229	#
569	144567	85	#
570	1960190	130	142	#
571	2101144	44	71	195	#
572	966904	44	#
573	452426	127	#
574	609636	7	#
575	2293314	163	165	205	222	251	#
576	1920851	11	34	47	#
577	829975	172	#
578	2455746	118	183	252	#
579	2342470	3	143	165	#
580	3585904	7	13	164	189	206	232	233	244	#
581	995399	78	#
582	984596	45	65	175	200	#
583	1773491	244	254	#
584	870708	121	201	#
585	1472842	60	86	#
586	1163715	4	155	#
587	4884904	29	38	41	157	247	#
588	1046070	32	33	124	241	#
589	1165111	2	105	134	254	#
590	1236697	114	148	237	#
591	887979	124	#
592	3666906	9	36	43	74	118	158	209	227	#
593	1059745	54	99	142	221	224	#
594	726588	86	#
595	2694141	47	52	183	#
596	1514438	26	35	153	#
597	1628036	182	248	#
598	5902508	14	25	103	127	140	153	#
599	3416475	2	16	58	166	210	#
600	1106184	92	98	141	149	#
601	1892689	112	191	#
602	2872088	150	206	223	#
603	1752035	140	253	#
604	1371322	92	137	#
605	1239511	23	67	#
606	902761	13	77	#
607	1573337	99	230	#
608	3075399	56	73	213	219	#
609	1550246	62	175	#
610	2469154	24	159	229	#
611	1967082	133	238	#
612	1953252	25	42	153	154	224	#
613	2675929	49	161	180	227	228	#
614	1572137	108	203	#
615	1194380	5	229	#
616	4943549	8	39	183	217	254	#
617	1034921	18	33	43	224	#
618	3379435	171	198	225	234	#
619	1986693	66	243	#
620	700445	81	#
621	5629010	58	128	163	179	189	227	#
622	2754954	57	85	92	200	208	#
623	1239377	62	254	#
624	3339341	94	106	172	212	#
625	1707451	49	102	107	253	#
626	3995780	52	98	110	180	#
627	3633507	48	116	147	202	210	#
628	2866414	42	43	55	161	197	227	#
629	524069	168	#
630	1450225	125	189	204	253	#
631	1902014	115	189	247	#
632	2716096	36	55	214	#
633	2211655	49	131	217	#
634	2404930	10	139	146	#
635	2105156	85	93	211	#
636	647220	247	#
637	327032	15	#
638	4939855	41	95	175	176	181	225	#
639	2668390	47	51	236	246	#
640	1536292	120	139	#
641	1492186	161	219	#
642	887749	35	#
643	693358	121	#
644	847500	164	#
645	8296387	15	42	55	58	94	99	108	150	151	237	#
646	1008573	80	164	232	#
647	1816828	113	210	#
648	241344	197	#
649	2987821	21	64	114	#
650	2738155	11	41	44	46	71	129	185	#
651	47591	132	#
652	1190547	28	83	#
653	1464411	102	235	#
654	1849897	22	30	57	149	#
655	1762650	60	115	138	#
656	5816689	60	92	122	136	140	210	#
657	2063735	128	176	204	#
658	2071933	176	178	229	#
659	1745072	9	44	175	#
660	1587637	32	169	#
661	1677459	39	133	170	203	#
662	1200068	44	111	#
663	2090083	44	162	242	#
664	580301	120	148	#
665	2925053	16	49	101	196	#
666	2815733	24	82	195	#
667	2200612	65	165	214	#
668	2310402	29	172	191	#
669	1233402	64	155	#
670	3315544	78	83	90	238	#
671	335145	227	#
672	1684198	9	59	#
673	1996311	17	40	66	107	228	#
674	1886745	76	214	#
675	1340845	49	64	#
676	1402858	49	86	#
677	1928189	33	75	#
678	2424983	24	63	156	179	186	221	#
679	2435933	34	68	184	#
680	1493873	5	42	86	#
681	1860750	6	66	139	159	#
682	1491383	209	233	#
683	982581	2	59	#
684	1073430	32	237	#
685	916683	88	#
686	1893597	52	91	#
687	1310160	108	186	#
688	3650370	0	2	4	66	130	#
689	1693669	37	144	#
690	1650105	33	149	225	#
691	1729334	112	189	#
692	1023513	133	217	#
693	1374075	80	135	#
694	1753790	146	167	#
695	971224	14	87	#
696	1456714	16	217	#
697	1782427	75	132	176	221	#
698	1229172	59	109	122	196	216	#
699	4578460	13	56	78	155	166	167	#
700	1681940	7	118	142	#
701	464000	98	#
702	1292707	46	47	151	226	#
703	578850	77	#
704	961269	122	195	#
705	6358928	5	41	56	60	61	74	92	104	110	206	250	#
706	1522121	50	83	236	#
707	916924	31	#
708	5704732	8	84	97	198	238	252	#
709	3988705	70	145	202	222	#
710	1228382	51	190	#
711	885711	57	125	130	#
712	2988589	37	111	188	#
713	1319524	25	38	98	198	227	228	#
714	3296921	109	184	188	197	248	#
715	2212033	36	45	50	68	180	213	#
716	7798945	32	38	44	111	166	193	199	212	249	#
717	1273966	36	43	47	172	#
718	1178991	43	133	214	#
719	1968452	167	196	#
720	1689075	69	193	#
721	1536994	104	162	186	#
722	1925743	8	66	86	134	159	244	#
723	2317627	29	35	125	#
724	1035235	2	195	#
725	1142910	59	65	67	#
726	1086596	41	47	#
727	1762047	10	141	#
728	2560278	68	115	237	#
729	1922260	206	209	#
730	1316392	51	189	#
731	5807037	0	83	146	152	158	251	#
732	1929786	57	61	91	158	#
733	3201389	33	37	234	254	#
734	1134404	8	162	165	#
735	1761565	217	235	#
736	850885	182	#
737	873431	144	#
738	920416	112	#
739	3381861	7	19	87	174	#
740	3462863	47	93	187	206	#
741	1761075	24	73	172	201	#
742	1953207	28	43	202	205	247	#
743	2208190	16	39	72	154	244	#
744	2979127	153	155	196	#
745	2401268	15	135	140	230	#
746	1048600	23	108	159	160	#
747	1848773	34	102	#
748	2327311	112	192	212	255	#
749	1783759	121	134	217	#
750	2181368	1	30	84	85	116	126	210	#
751	2551180	9	74	81	110	#
752	2109288	42	117	149	#
753	1387029	14	104	126	187	201	#
754	1833029	109	180	#
755	1084003	35	115	#
756	1011833	50	131	134	140	#
757	1128053	28	41	102	244	#
758	853622	97	110	138	#
759	1724739	11	144	145	#
760	2367433	39	68	89	#
761	3797577	62	118	146	160	#
762	1669097	47	127	#
763	381650	186	#
764	2622892	3	58	223	244	#
765	1745503	2	47	185	#
766	1827635	170	211	#
767	1668286	18	146	#
768	962153	68	#
769	1430459	15	172	#
770	1229863	5	249	#
771	1944167	75	206	#
772	1148127	24	27	30	31	32	94	109	186	227	240	#
773	1379162	45	168	186	251	#
774	582356	103	#
775	1027571	61	238	#
776	1004785	73	102	205	212	213	#
777	4882998	5	40	97	112	162	#
778	1755597	78	148	185	#
779	1515423	40	56	151	201	214	235	#
780	2598888	98	166	221	#
781	904825	106	120	#
782	2886085	35	124	200	218	#
783	1947071	19	32	184	#
784	1929278	36	60	#
785	1569207	160	166	#
786	1137142	38	93	111	133	163	#
787	1963310	47	138	185	#
788	1241485	20	174	#
789	1969832	57	220	#
790	5980163	65	83	87	119	190	203	#
791	4378921	6	51	60	137	138	160	207	214	255	#
792	6477313	0	120	155	164	169	190	232	#
793	3551482	62	74	107	110	185	198	216	#
794	2957588	117	152	171	#
795	1195360	186	191	#
796	1104470	226	250	#
797	1696349	28	65	87	#
798	3282436	62	97	102	108	180	210	#
799	1507626	21	119	#
800	2381424	118	170	198	214	#
801	1910307	107	243	#
802	1831025	153	190	243	#
803	833946	135	#
804	2468314	60	155	177	#
805	1485177	34	141	#
806	4254220	42	53	89	178	216	#
807	1461815	92	137	207	234	237	#
808	1835897	176	222	#
809	2840508	133	174	232	#
810	1266882	86	91	#
811	1963731	110	178	#
812	1881458	34	239	#
813	2043632	123	133	233	#
814	1370394	44	49	230	247	#
815	6960836	37	41	141	155	189	199	220	#
816	978552	80	132	#
817	1873162	105	225	#
818	2876275	24	26	227	#
819	2984363	75	226	231	#
820	1452246	116	253	#
821	1299235	41	48	50	99	128	138	188	#
822	1172027	88	92	#
823	1971440	32	147	#
824	638624	29	#
825	1769375	61	184	208	#
826	3922043	15	70	157	186	#
827	1944603	69	125	175	191	225	#
828	2994101	29	181	192	216	249	#
829	217230	99	#
830	2015873	12	171	175	#
831	2969079	102	185	194	#
832	1016565	145	216	#
833	1557432	60	100	#
834	3818485	50	58	108	109	123	215	#
835	1785372	137	146	#
836	904655	137	255	#
837	2995017	175	181	208	#
838	4033962	64	72	98	125	205	225	#
839	2942300	47	78	91	253	#
840	747460	62	#
841	1925623	15	75	245	#
842	3661961	37	78	92	148	173	#
843	3637293	22	124	145	150	#
844	1270917	5	67	74	196	#
845	1174181	94	99	#
846	1728659	66	77	112	#
847	1385711	63	186	235	#
848	1196102	109	121	169	#
849	2073276	17	67	115	#
850	1505336	176	253	#
851	1700994	237	238	#
852	874849	103	217	#
853	3004840	84	144	150	229	#
854	1524801	18	209	#
855	1167820	38	147	#
856	2711063	23	39	63	118	127	249	#
857	2021112	41	130	246	#
858	2815948	99	122	134	158	#
859	6115882	20	56	99	130	190	213	235	#
860	4445288	7	10	24	79	82	173	230	253	#
861	755122	21	248	#
862	1631166	19	77	#
863	983050	25	39	144	171	#
864	1670288	163	241	#
865	1807438	87	126	225	#
866	2425538	73	141	165	#
867	1460643	14	102	#
868	1488656	120	143	225	#
869	2827806	23	199	231	#
870	4094113	31	35	163	221	248	#
871	2174788	184	220	235	#
872	1376805	17	132	194	197	#
873	2707149	49	229	235	#
874	1386686	95	197	#
875	1046448	101	129	175	204	#
876	1319877	165	180	#
877	2089280	40	140	238	#
878	5070639	88	100	172	227	247	248	#
879	3703945	25	39	66	207	233	#
880	368313	45	#
881	1011902	66	87	#
882	537761	19	#
883	2768773	19	106	124	134	175	#
884	1363319	21	30	142	222	#
885	814175	55	#
886	3174196	26	73	75	77	159	189	221	#
887	1149355	33	39	#
888	1469105	158	165	#
889	1846415	107	146	#
890	3169507	10	89	94	227	#
891	2753325	25	43	56	#
892	1651380	48	86	178	#
893	1434373	31	84	109	#
894	1796050	132	155	194	#
895	632887	192	#
896	992497	31	49	134	139	181	200	202	#
897	3485074	50	60	136	152	#
898	3848721	27	107	250	253	#
899	2153219	25	46	170	#
900	7783670	45	47	120	127	130	174	206	213	220	231	#
901	371798	226	#
902	1039254	180	207	214	221	#
903	821140	145	#
904	2237594	42	50	54	#
905	2240239	64	80	218	228	#
906	4403183	47	66	165	179	240	#
907	1244064	4	5	28	164	224	#
908	1698286	110	254	#
909	1232481	171	231	#
910	395555	218	#
911	704957	64	129	#
912	2307594	64	159	217	#
913	2597056	14	60	253	#
914	2884841	0	82	117	#
915	1037487	170	203	225	229	248	#
916	1367893	153	176	206	#
917	1582954	95	122	#
918	2406775	92	187	227	#
919	2515323	60	64	228	#
920	2733683	24	92	153	196	205	#
921	5904150	38	55	70	159	186	193	#
922	1359125	80	168	#
923	1189413	6	69	76	181	#
924	2989366	28	122	191	#
925	1393406	74	139	169	204	231	244	#
926	1192990	22	95	189	#
927	1725004	69	162	#
928	1194671	99	147	153	#
929	2805397	3	48	165	207	#
930	1681018	73	163	#
931	3718636	18	51	171	225	228	253	#
932	3355422	49	80	107	135	156	#
933	1474650	20	145	#
934	1120865	5	71	154	#
935	2377354	29	153	246	#
936	1005215	64	89	109	116	152	213	#
937	1499992	148	247	#
938	1051549	26	168	#
939	2859606	53	194	227	#
940	1754228	95	96	#
941	846214	69	85	#
942	3214708	7	149	196	211	#
943	4329907	15	67	68	121	146	183	#
944	1705780	51	168	#
945	2595962	23	72	88	#
946	1304323	17	67	150	#
947	5576811	59	91	124	125	191	202	#
948	1485266	40	138	173	227	#
949	1722195	155	249	#
950	1378379	202	204	249	#
951	1720232	103	134	168	239	#
952	1539578	9	231	#
953	1615545	125	171	#
954	418033	248	#
955	1716684	212	228	#
956	1431040	76	194	#
957	1176943	66	89	#
958	1792613	27	147	#
959	1838550	111	240	#
960	1773769	43	67	196	234	#
961	1396454	51	219	#
962	1913838	22	148	#
963	1726200	18	93	193	201	#
964	1996234	64	187	#
965	1734586	41	105	#
966	1754697	68	156	#
967	934369	28	245	#
968	494960	234	#
969	2384942	0	38	49	120	#
970	955195	56	118	#
971	6733467	4	64	89	96	119	121	146	150	165	169	179	215	218	#
972	1966373	17	98	#
973	1377559	134	182	247	#
974	1626193	3	14	#
975	1072123	18	138	#
976	1596058	49	188	#
977	3574010	53	114	119	143	#
978	2725492	107	130	153	#
979	2022579	92	116	137	145	208	#
980	1557573	216	224	#
981	2532230	136	180	242	#
982	1169105	3	236	#
983	2696962	68	69	178	#
984	2787095	71	98	124	#
985	5027540	4	15	49	155	186	223	#
986	3909350	76	77	119	207	210	223	231	#
987	1130974	221	246	#
988	2945113	116	134	177	#
989	1590764	192	225	#
990	2010394	167	185	244	#
991	3662038	73	86	135	159	#
992	2057349	30	181	237	#
993	2522164	7	37	95	#
994	1333621	64	216	#
995	4655130	13	33	77	104	225	#
996	1459261	46	149	227	#
997	1589017	80	230	#
998	1487335	164	197	#
999	984784	31	201	#
