%% File generated by CATS v.2.1Wed Jun 19 19:15:54 2013

%% The CATS webpage is http://robotics.stanford.edu/CATS

%% PARAMETER SETTINGS:
% Goods: 256; Bids: 1000; Distribution: L4; Runs: 50; Seed: 1371664511
% Legacy distribution parameters:
% Number of goods chosen according to Decay distribution (alpha = 0.55).
% Price chosen according to Linear Random distribution (low_linearly = 1, high_linearly = 1000).


goods 256
bids 1000
dummy 0

0	5632045	23	66	163	170	181	218	#
1	975816	180	#
2	941187	120	#
3	940379	150	#
4	1796990	10	112	#
5	10464472	1	6	11	27	28	35	36	71	91	96	115	126	136	212	236	244	250	#
6	4727562	32	48	143	171	179	223	#
7	3179616	28	110	125	127	191	#
8	3674103	5	46	147	220	#
9	649907	43	#
10	989848	108	#
11	885435	31	#
12	771369	78	#
13	965881	55	#
14	845905	93	#
15	597520	144	#
16	1018419	56	215	#
17	806619	7	#
18	3285712	22	92	102	139	#
19	762383	127	#
20	684435	146	#
21	676373	179	#
22	958782	133	#
23	703184	177	#
24	942380	155	#
25	943666	149	#
26	907632	201	#
27	1010560	66	250	#
28	947461	68	#
29	1498644	1	137	#
30	997376	70	#
31	994715	22	169	229	#
32	936601	4	#
33	1285669	186	223	#
34	775537	79	#
35	1032076	109	175	#
36	974641	125	188	#
37	902697	128	#
38	954365	26	#
39	1646895	132	236	#
40	680373	45	#
41	748008	136	#
42	962057	119	#
43	917579	139	#
44	923843	107	#
45	1070325	141	158	178	#
46	750691	11	#
47	2021217	24	68	101	#
48	674556	152	#
49	621539	231	#
50	3315539	67	114	164	180	240	#
51	1297351	14	176	#
52	958174	97	#
53	1079549	78	140	#
54	892815	172	#
55	872194	216	#
56	950026	148	#
57	937403	222	#
58	2414911	36	99	245	#
59	700138	191	#
60	2158862	26	56	147	240	#
61	1489013	4	121	248	#
62	903150	134	#
63	950175	80	#
64	987534	56	#
65	1215417	91	183	#
66	1339847	38	49	134	#
67	6139972	20	30	36	42	52	122	147	152	#
68	868006	137	#
69	1653327	25	216	#
70	1337192	59	145	243	254	#
71	928210	18	#
72	697977	71	#
73	1497545	64	66	216	#
74	908131	163	#
75	935525	32	#
76	778646	226	#
77	966877	142	#
78	1771003	104	188	249	#
79	873624	204	#
80	911725	105	#
81	966996	86	#
82	886464	242	#
83	683702	219	#
84	1425369	3	199	200	#
85	983419	2	#
86	308601	50	#
87	613193	140	#
88	835045	40	#
89	5459476	26	35	86	182	213	225	#
90	777633	158	#
91	2391417	0	4	188	#
92	3016740	47	67	127	129	141	201	220	227	230	#
93	829079	99	#
94	839457	106	#
95	1152376	226	248	#
96	876587	51	#
97	679461	188	#
98	925658	253	#
99	700036	84	#
100	967837	88	#
101	738542	104	#
102	492369	244	#
103	2185376	4	18	89	205	228	#
104	2947162	78	164	178	204	#
105	3424662	40	87	198	217	#
106	883651	6	#
107	2608815	150	153	157	#
108	924282	236	#
109	912503	159	#
110	2388246	153	154	165	211	#
111	1781291	2	21	76	216	#
112	1650218	36	86	255	#
113	2005515	1	54	72	147	#
114	760967	21	#
115	908934	89	#
116	1208168	32	84	#
117	1495280	119	126	#
118	1290371	53	64	108	136	167	185	#
119	2475425	13	142	222	#
120	1159013	50	233	#
121	1031507	161	200	#
122	1176190	164	245	#
123	3714554	51	102	108	239	#
124	755710	38	#
125	737248	33	#
126	692464	164	#
127	966936	197	#
128	921585	195	#
129	1344705	5	78	83	#
130	1748067	61	115	#
131	1650794	173	226	#
132	527524	202	#
133	1903430	13	195	205	#
134	536021	77	#
135	2142142	93	110	239	#
136	772550	208	#
137	966174	147	#
138	1645926	23	35	181	196	#
139	925210	209	#
140	441769	22	#
141	2444028	96	121	146	#
142	941535	85	#
143	491660	96	#
144	8432230	30	33	109	111	125	131	136	170	176	194	197	204	#
145	942716	14	#
146	1957587	0	16	#
147	872689	117	#
148	5732387	71	72	162	201	228	230	232	253	#
149	479801	101	#
150	985220	126	#
151	2755929	73	77	127	#
152	950907	24	#
153	974256	125	#
154	942326	207	#
155	990142	113	#
156	2447643	116	125	162	#
157	1854093	19	62	#
158	923258	46	#
159	1653375	128	145	#
160	2383634	44	57	235	#
161	747996	135	#
162	964325	83	#
163	899632	186	#
164	2794844	1	19	62	179	190	#
165	798593	212	#
166	1517083	121	161	#
167	1269638	13	40	#
168	1221330	166	190	#
169	2405249	72	79	168	179	#
170	1054215	108	208	#
171	1170236	28	29	86	118	138	157	161	#
172	2697076	160	165	208	#
173	932824	122	#
174	536618	165	#
175	416926	65	#
176	3569140	159	197	217	238	#
177	2369813	8	57	60	84	#
178	889694	114	#
179	1238517	132	197	254	#
180	1123256	56	66	#
181	725821	181	#
182	698613	252	#
183	2085403	145	146	189	#
184	947294	240	#
185	926746	12	#
186	562828	241	#
187	2062153	45	193	220	#
188	752996	52	#
189	1964487	71	206	252	#
190	514454	30	#
191	2019143	25	31	33	73	77	85	148	165	#
192	683810	112	#
193	1578389	26	69	210	228	#
194	1539987	133	144	#
195	979431	72	#
196	791988	218	#
197	815425	9	#
198	991178	221	#
199	3925553	105	117	142	202	#
200	798381	228	#
201	1653545	7	33	#
202	93904	115	#
203	872538	182	#
204	1290294	68	87	178	188	#
205	1952310	5	27	240	#
206	1585610	59	212	#
207	1149256	13	198	#
208	2661915	51	154	242	#
209	1564636	14	167	#
210	1544796	76	104	123	#
211	949513	129	227	#
212	2586592	9	36	146	248	#
213	976994	62	#
214	2561084	9	43	64	134	244	252	#
215	239582	121	#
216	2112407	5	43	61	81	#
217	1560232	141	226	#
218	2889852	77	141	201	#
219	891190	233	#
220	1857966	72	162	#
221	6604963	13	96	99	106	119	127	206	#
222	900524	8	#
223	1749483	87	105	199	223	228	#
224	1419620	50	180	#
225	1327065	56	172	#
226	1085361	117	127	#
227	1353644	42	111	137	138	#
228	2763554	127	142	160	#
229	852067	153	#
230	1205954	5	25	58	73	142	224	242	#
231	668734	27	#
232	1294066	27	152	174	255	#
233	1156645	70	163	#
234	894326	3	#
235	1340058	30	58	190	#
236	712454	129	#
237	1350168	72	81	#
238	1923978	63	105	#
239	4930870	47	91	159	182	232	#
240	854878	251	#
241	1495878	117	170	223	#
242	997298	138	#
243	867493	76	#
244	1164685	75	126	150	244	#
245	1153499	145	209	#
246	644572	215	#
247	925224	145	#
248	913087	173	#
249	994784	160	#
250	1622417	163	191	#
251	955173	139	178	#
252	3313957	47	155	160	167	#
253	5292198	14	22	55	86	143	168	212	#
254	2922987	27	67	131	#
255	906053	35	#
256	2381651	26	66	92	#
257	850347	238	#
258	968982	9	241	#
259	760945	60	#
260	4043193	30	81	96	160	205	250	#
261	1775458	35	52	#
262	1954907	28	65	102	186	238	#
263	2711209	164	168	180	#
264	1112325	106	254	#
265	952548	57	#
266	1517367	5	168	212	#
267	126203	44	#
268	944297	92	#
269	803616	162	#
270	934813	154	#
271	5780255	23	26	118	181	193	219	#
272	3362910	0	62	63	135	255	#
273	3368727	39	127	154	223	251	#
274	887300	90	#
275	1452787	116	209	#
276	2309473	24	73	127	131	#
277	166196	247	#
278	689517	53	#
279	4080614	76	90	139	146	237	#
280	329083	103	#
281	1757983	133	250	#
282	778259	214	#
283	1898296	13	24	71	209	#
284	1270406	37	94	157	216	#
285	1480272	58	94	202	#
286	883407	211	#
287	1770321	136	241	#
288	3770670	47	94	123	183	#
289	935194	193	#
290	1954087	3	157	#
291	1616618	53	200	#
292	2432192	11	81	113	133	138	#
293	1578266	24	75	131	177	190	201	228	#
294	969990	206	#
295	2593479	87	230	248	#
296	896481	102	#
297	1958539	125	149	#
298	893229	223	#
299	1189934	167	214	#
300	588032	124	#
301	559463	161	#
302	1058116	19	72	126	128	197	234	#
303	1778278	42	89	125	148	205	#
304	6488805	18	45	105	108	125	133	157	187	202	#
305	3185391	8	23	50	186	254	#
306	1443998	3	44	145	182	#
307	1589054	125	252	#
308	1540276	45	86	#
309	851402	130	#
310	849670	200	#
311	898023	205	#
312	970134	1	#
313	1482593	63	100	#
314	1859192	170	189	196	#
315	1692929	52	230	#
316	3418382	79	127	155	193	219	#
317	669396	239	#
318	737597	199	#
319	1496157	9	70	#
320	1350744	140	244	#
321	693626	246	#
322	798254	213	#
323	4141199	58	63	99	157	160	195	244	#
324	5313053	90	96	122	123	149	169	#
325	2379217	110	211	218	#
326	1510270	238	242	#
327	4955	171	#
328	1819811	54	137	#
329	1643819	101	209	#
330	806897	5	#
331	4346656	17	49	56	132	211	224	249	#
332	774453	98	#
333	1816886	23	98	122	#
334	1800216	86	147	156	#
335	1345194	14	77	162	223	#
336	1772968	6	15	26	27	112	170	227	252	#
337	1027971	5	46	114	#
338	791473	48	#
339	2532267	69	77	144	162	#
340	922615	61	#
341	1314532	11	17	27	67	112	220	226	241	#
342	1190855	48	112	#
343	1345871	27	86	#
344	3774580	35	58	149	225	#
345	1904771	84	97	164	#
346	2574113	63	134	143	192	240	#
347	682270	39	#
348	1038199	98	228	#
349	3132909	16	56	67	128	194	#
350	1134425	93	221	#
351	698861	143	#
352	1031726	24	59	75	#
353	4706869	88	92	99	130	177	216	250	#
354	686057	67	#
355	2253306	123	136	154	#
356	1707681	85	106	#
357	2911588	45	73	150	207	#
358	620221	66	#
359	750101	187	#
360	4973183	5	36	49	59	244	#
361	1693099	24	46	76	213	#
362	829080	254	#
363	4908047	27	33	62	69	145	191	251	#
364	1648239	232	241	#
365	977691	82	#
366	2923702	25	28	35	53	81	#
367	3352971	43	94	114	134	155	157	208	211	216	221	251	#
368	932882	131	#
369	903638	189	#
370	6911312	24	65	90	110	123	151	185	#
371	959197	58	#
372	1787047	36	72	142	188	#
373	1041435	21	92	#
374	5254114	44	101	150	157	181	228	#
375	895922	17	#
376	3113436	14	32	144	189	248	#
377	1178017	50	238	#
378	949376	224	#
379	1044804	122	189	#
380	626824	28	#
381	1522633	53	159	#
382	952428	230	#
383	1524405	32	42	#
384	2570231	9	61	119	207	#
385	5420062	40	107	225	248	253	254	#
386	1535609	7	36	#
387	635945	243	#
388	987308	0	#
389	4659812	11	44	56	128	148	154	194	#
390	1089207	7	122	176	237	#
391	943896	74	#
392	582307	34	#
393	1907113	126	240	#
394	2675419	64	141	169	#
395	1262016	26	126	#
396	3539998	11	33	216	247	#
397	1476040	39	114	210	220	253	254	#
398	2257713	24	93	161	175	182	216	#
399	983572	116	#
400	3799004	14	69	105	135	197	#
401	1733409	65	188	#
402	809114	229	#
403	2195351	17	38	131	146	#
404	1781265	0	165	#
405	2610833	87	119	125	#
406	849004	184	#
407	1792065	47	183	#
408	1391378	130	196	#
409	2113399	86	117	172	206	237	#
410	1804115	147	188	213	#
411	2794079	84	138	173	#
412	1318286	139	190	#
413	3760977	4	24	110	209	#
414	5641310	53	67	95	113	145	190	193	249	#
415	1752073	49	128	#
416	714526	10	#
417	2875601	56	131	208	#
418	882684	13	#
419	933759	178	#
420	1717863	7	16	#
421	1539577	101	129	222	#
422	1867711	101	233	#
423	2849251	87	95	230	#
424	3067077	3	55	172	249	#
425	1130622	121	207	#
426	725499	69	#
427	947281	14	140	233	#
428	849713	123	#
429	1004298	26	96	206	#
430	1184248	76	233	#
431	1590749	17	138	248	#
432	1408610	126	146	244	#
433	1408522	14	129	143	198	210	#
434	4004098	41	98	104	110	149	#
435	2507228	85	178	197	#
436	1349068	162	206	#
437	1220980	84	179	#
438	1224780	187	214	#
439	915757	41	#
440	2557906	24	162	224	#
441	997059	23	#
442	3215167	76	92	113	173	225	#
443	327145	248	#
444	2596908	20	53	212	215	#
445	3678432	37	146	149	187	#
446	974274	54	#
447	4243105	22	95	103	238	251	#
448	998779	145	149	194	222	#
449	4266214	9	18	163	189	222	#
450	746057	91	#
451	755842	69	87	#
452	1682241	111	253	#
453	406415	167	#
454	479617	15	#
455	2547374	27	157	224	#
456	1988003	111	216	#
457	1033828	80	155	218	#
458	2507255	87	101	154	#
459	1880848	97	206	222	#
460	1276200	77	78	107	194	#
461	907685	227	#
462	1553491	4	91	#
463	4560732	27	148	176	177	239	#
464	394566	157	#
465	1604290	94	192	#
466	2782911	25	62	224	#
467	1578452	42	100	148	#
468	1658950	51	153	#
469	850196	234	#
470	2810761	36	114	188	193	252	#
471	2247040	29	43	113	143	#
472	1084301	57	129	#
473	2039038	112	122	145	#
474	4256064	22	28	84	107	132	161	#
475	944399	118	#
476	2161722	9	19	31	94	131	250	#
477	8391295	2	16	51	67	70	110	111	128	159	#
478	4549468	0	50	112	113	132	147	150	160	#
479	5786464	2	32	48	96	101	108	145	#
480	584530	198	#
481	635441	96	247	#
482	3420860	21	75	170	222	#
483	713745	185	#
484	1770384	20	133	193	#
485	4093564	4	55	83	104	215	255	#
486	1613440	19	135	#
487	1998810	180	207	#
488	1621194	135	170	#
489	2080627	1	79	125	#
490	1901148	149	239	#
491	1594100	137	231	#
492	1907157	124	158	#
493	1218009	123	232	#
494	6348388	5	17	78	90	101	161	184	#
495	3479989	82	113	129	239	#
496	2983759	5	163	228	#
497	3864123	95	111	135	136	188	201	236	#
498	2535656	25	48	147	#
499	1155068	174	194	198	#
500	728324	47	#
501	670225	250	#
502	4377756	52	53	57	97	182	208	#
503	3143097	18	45	78	154	204	221	#
504	1916123	79	97	107	157	#
505	33353	42	#
506	1434734	37	116	#
507	642036	176	#
508	730600	225	#
509	3265355	2	65	87	214	#
510	1787806	11	130	#
511	1786653	89	177	184	186	241	#
512	1758123	87	144	#
513	2074063	130	134	227	#
514	1725721	117	201	235	#
515	1826236	30	60	90	#
516	492838	75	#
517	2443446	18	112	165	198	#
518	2773576	185	197	205	#
519	3830337	105	108	113	169	201	#
520	1606577	150	211	#
521	1104136	122	190	#
522	1590517	56	144	#
523	703786	249	#
524	447476	115	175	#
525	1311964	93	106	125	240	#
526	1532823	161	241	#
527	1376177	150	190	#
528	1544675	141	144	251	#
529	1834900	44	66	97	136	171	#
530	1296203	122	166	#
531	6266507	39	53	120	144	162	163	186	210	243	#
532	941312	217	#
533	4306456	69	105	114	148	187	#
534	1396305	67	97	139	#
535	2940228	77	133	243	#
536	1668583	151	175	#
537	775240	168	#
538	1310375	141	183	#
539	2658412	71	97	152	165	176	#
540	1270766	70	171	#
541	2749026	16	64	134	#
542	877891	63	#
543	4131858	22	42	44	130	162	#
544	1881284	56	175	#
545	1727548	226	245	#
546	1779359	19	161	#
547	1673425	34	70	83	92	230	#
548	1305671	46	184	#
549	1801531	200	227	#
550	2378287	64	65	172	#
551	4338043	29	47	52	179	209	#
552	688108	132	#
553	1152908	197	221	#
554	789902	235	#
555	1297274	74	135	#
556	3231434	83	96	102	250	#
557	1376309	0	5	#
558	785974	192	#
559	930167	64	#
560	1902270	42	107	134	241	#
561	2530745	18	47	139	157	189	213	230	#
562	1120099	78	249	#
563	1231754	104	175	204	#
564	4401181	86	100	104	175	195	199	#
565	1882860	164	165	#
566	7992399	18	40	48	81	127	160	206	221	245	#
567	848101	79	165	176	#
568	292881	194	#
569	335947	220	#
570	6852178	3	17	23	36	43	196	206	#
571	2312659	37	67	125	134	151	154	166	#
572	1149977	29	73	#
573	1271870	75	187	233	#
574	990221	129	143	#
575	1228622	41	72	221	#
576	1656156	126	187	#
577	1032598	28	52	162	#
578	956996	25	#
579	688037	210	#
580	1851553	124	185	#
581	1543115	19	58	#
582	1496807	68	224	251	#
583	2772591	156	191	240	#
584	2697586	133	141	155	#
585	1118197	137	219	#
586	1984023	56	255	#
587	2698304	9	28	51	112	127	157	173	#
588	993683	61	90	#
589	4820072	0	8	11	170	194	#
590	1648401	96	117	210	217	#
591	1602670	141	143	#
592	715762	73	#
593	2608980	15	30	92	202	230	243	#
594	1807399	18	158	#
595	941826	141	#
596	1674197	231	241	#
597	3436437	66	72	108	164	175	180	188	229	#
598	1448721	20	198	#
599	2506568	50	67	94	119	184	250	#
600	2549598	99	128	252	#
601	1526195	40	72	#
602	2365789	3	78	179	#
603	983042	94	181	#
604	1790180	66	127	#
605	1420465	125	140	147	200	215	#
606	3115893	19	35	55	163	#
607	1352297	144	236	#
608	1356501	65	139	166	192	#
609	4454005	16	36	94	185	253	#
610	1930679	106	115	#
611	1613890	14	73	#
612	1550991	73	163	248	#
613	2986455	84	102	173	#
614	1199728	189	197	#
615	1958999	8	12	37	114	169	175	255	#
616	1207990	78	160	#
617	942691	19	137	#
618	1193136	112	210	#
619	828299	111	112	241	#
620	2305879	130	141	160	252	#
621	9665668	21	35	82	134	147	182	202	207	216	224	229	#
622	1049307	97	176	#
623	1601884	106	189	227	#
624	1450091	18	151	#
625	1870049	41	70	200	#
626	1571728	37	74	184	233	254	#
627	1718185	76	198	#
628	2983122	48	133	141	#
629	1582704	22	238	#
630	1903749	107	122	#
631	1377512	31	170	#
632	1708821	24	241	#
633	1301689	141	254	#
634	351008	16	#
635	1440207	68	203	#
636	1495911	9	103	142	#
637	1252161	101	164	195	#
638	2502607	69	114	131	206	231	#
639	924477	36	#
640	1523358	5	149	178	#
641	2392186	46	47	155	216	251	#
642	1782459	37	97	#
643	1047437	59	211	#
644	185246	237	#
645	1769083	12	125	142	216	#
646	1653235	39	102	107	#
647	1752194	233	248	#
648	1312451	20	199	243	#
649	1040774	76	222	#
650	3571954	22	90	162	183	220	#
651	2400593	79	228	245	#
652	2602881	61	153	160	#
653	349728	151	#
654	1389394	55	243	#
655	805729	109	#
656	2072554	49	95	197	207	#
657	977137	170	#
658	2330917	41	65	147	#
659	4975374	38	50	69	183	186	217	246	#
660	1530097	67	247	#
661	1285331	8	53	70	107	142	146	206	246	#
662	956981	28	53	177	230	#
663	1076547	90	253	#
664	961582	121	250	#
665	4919493	159	163	197	202	214	#
666	1016825	50	51	#
667	747066	112	151	#
668	1325859	74	190	248	#
669	617407	29	#
670	1593182	132	208	#
671	3060548	52	201	229	247	#
672	1733050	138	187	199	#
673	941026	87	185	243	#
674	2574597	120	133	252	#
675	1087101	145	148	#
676	1109175	64	237	#
677	2881488	59	133	182	233	#
678	4093028	18	37	97	127	169	178	#
679	1583277	159	194	#
680	2437141	9	31	178	220	254	#
681	4554026	63	84	89	156	202	#
682	893716	190	#
683	1864023	131	247	#
684	1288893	27	190	#
685	1983261	31	92	179	#
686	1234130	109	120	141	184	244	#
687	1754537	198	223	#
688	7812884	3	9	25	97	101	160	175	195	#
689	810074	100	#
690	1702180	12	136	149	225	#
691	841582	37	#
692	1023970	170	173	195	#
693	1487580	74	100	255	#
694	1792311	66	240	#
695	521906	20	#
696	3287800	19	37	130	132	247	#
697	1366448	75	126	146	#
698	2986894	3	51	89	#
699	2554444	47	73	234	#
700	1324947	21	220	#
701	1197022	111	176	#
702	2943042	32	56	237	#
703	945931	12	214	234	#
704	1909507	72	102	#
705	1308755	27	56	#
706	1035606	21	68	#
707	1464306	138	148	209	#
708	1487324	84	102	#
709	734568	110	#
710	2452400	169	207	251	#
711	5366256	27	36	107	184	206	220	234	#
712	430009	175	#
713	1538883	126	211	233	#
714	746596	167	215	#
715	1022063	69	88	#
716	1642918	17	44	114	138	143	#
717	1517261	60	115	118	#
718	1312579	105	123	#
719	1958094	213	234	#
720	4697667	0	16	41	46	64	217	220	#
721	925657	199	233	#
722	2030723	18	68	129	#
723	2977904	25	55	97	98	119	143	151	220	251	#
724	1420551	33	85	#
725	3463884	21	61	116	213	#
726	937034	5	167	#
727	3460116	44	116	125	217	237	#
728	1039210	22	54	#
729	1862826	37	57	212	#
730	3087226	50	81	161	251	#
731	2056533	96	101	111	217	#
732	2767577	1	28	83	127	137	190	197	206	232	#
733	2904868	117	130	202	#
734	205262	111	#
735	1502556	126	248	#
736	1731460	18	166	#
737	2201598	70	71	245	#
738	1036472	34	102	154	#
739	1608166	17	216	#
740	1849552	8	152	206	#
741	2860143	33	37	185	#
742	1926565	63	235	#
743	4339268	89	107	128	145	172	231	#
744	3838053	15	44	212	218	#
745	1614956	150	183	#
746	1622050	97	223	#
747	2599791	3	94	164	#
748	2008103	98	195	219	#
749	1654899	206	232	#
750	2953709	0	87	151	#
751	1879165	8	35	#
752	981878	24	72	124	#
753	1747214	9	42	#
754	1860336	24	43	169	182	#
755	1472613	62	186	#
756	6256406	31	63	81	103	105	123	165	184	190	219	229	#
757	2700049	11	29	248	#
758	2608181	107	109	143	153	218	236	239	240	#
759	1652183	13	124	#
760	756158	169	#
761	1544757	96	240	#
762	3271792	60	140	150	159	#
763	919131	78	127	157	186	210	#
764	1377589	48	76	#
765	2342746	13	134	242	#
766	4630949	16	62	76	79	86	130	242	#
767	1732629	180	197	#
768	1679286	16	34	#
769	2830446	14	54	125	238	#
770	2030458	116	164	173	183	203	222	#
771	1616342	23	180	233	#
772	1467054	27	170	#
773	1465564	137	206	#
774	1052242	46	95	129	237	#
775	2650283	16	19	29	81	102	163	214	#
776	1022356	95	122	137	242	#
777	1257645	15	40	169	240	#
778	3561952	10	11	30	49	53	243	#
779	671329	87	#
780	1657066	7	147	218	#
781	1072085	22	149	#
782	2509451	89	174	236	#
783	1237277	101	116	231	#
784	1281243	80	246	#
785	1592380	32	200	#
786	1505972	90	133	#
787	1620933	140	146	#
788	2300721	27	192	224	#
789	1479896	55	155	180	#
790	2083026	25	47	82	99	105	#
791	1059584	113	126	#
792	2157110	0	13	170	#
793	1504363	41	57	129	145	181	#
794	1651035	152	189	#
795	2364536	14	46	73	189	#
796	2115436	54	108	182	#
797	958119	41	74	198	#
798	1625225	157	197	#
799	1419069	46	91	183	217	#
800	1060385	25	89	#
801	1325199	187	195	#
802	1430464	30	35	41	76	128	185	199	#
803	7979812	41	48	115	129	159	225	238	255	#
804	528016	19	#
805	2966668	59	92	123	#
806	567374	94	#
807	2601477	136	146	161	#
808	1525860	31	43	108	135	174	#
809	1012744	17	110	#
810	2292949	1	63	93	149	167	176	#
811	3447384	12	77	227	233	#
812	6989159	20	21	52	91	101	203	234	247	252	#
813	1884509	80	175	#
814	4477795	8	12	44	70	77	#
815	1254530	59	221	#
816	1510284	139	247	#
817	1164217	189	224	#
818	3382424	49	73	117	125	167	187	233	#
819	1898814	0	27	#
820	2709159	23	126	160	#
821	2761590	29	77	90	#
822	1823581	146	205	214	#
823	1579734	115	152	#
824	478492	174	#
825	3474420	111	201	235	241	#
826	2962643	65	151	249	#
827	1153308	42	78	132	#
828	1292560	132	187	#
829	4938886	75	83	113	164	244	#
830	1127902	82	226	#
831	3579300	0	123	238	247	#
832	1004998	3	130	226	#
833	1465252	180	237	#
834	1217069	87	142	#
835	1124026	73	119	156	187	228	251	#
836	1486313	17	130	#
837	3948425	39	75	124	213	217	249	#
838	3072226	82	95	125	210	#
839	4921276	38	115	144	163	175	213	#
840	2923834	43	71	227	#
841	1766855	40	166	167	243	#
842	2672984	30	139	152	#
843	1195306	62	97	#
844	2642817	6	31	56	86	150	153	#
845	2797854	8	29	201	214	227	#
846	3829767	70	158	163	169	#
847	2400208	1	57	150	211	#
848	3870409	20	92	130	219	245	#
849	5562108	69	77	85	125	171	172	189	229	239	#
850	3432393	55	67	76	94	#
851	1912685	223	254	#
852	1479578	141	245	#
853	1311263	63	134	216	#
854	2052227	119	165	192	250	#
855	1605583	124	215	#
856	1863715	119	157	#
857	1763558	73	192	#
858	5269086	22	93	108	133	157	184	240	#
859	1860720	22	162	#
860	1472410	42	197	#
861	1565291	11	99	113	#
862	1409604	154	191	#
863	2391625	83	89	142	164	189	205	216	#
864	2455352	63	99	243	#
865	1048441	141	248	#
866	989097	107	140	#
867	1136805	68	79	#
868	1217076	161	162	253	#
869	1880682	36	89	246	#
870	1622766	96	184	#
871	34734	255	#
872	1300295	143	159	238	#
873	898652	200	243	#
874	3390700	37	55	59	222	#
875	930727	81	151	#
876	1977151	28	72	#
877	1419191	12	236	#
878	967128	71	196	#
879	1647455	32	43	100	106	218	#
880	1138537	59	93	153	193	#
881	1272064	3	5	50	71	208	220	237	#
882	1959946	88	146	#
883	1508335	169	209	#
884	2435264	19	105	185	#
885	1449939	54	125	#
886	1829737	85	173	#
887	3341874	96	161	203	252	#
888	347122	183	#
889	1749228	161	183	#
890	2902228	66	161	201	205	206	#
891	2522887	14	23	203	#
892	1000614	110	139	152	193	196	#
893	918287	81	#
894	1168814	82	89	253	#
895	1488486	58	128	165	194	#
896	1054005	79	174	220	#
897	2014483	0	71	121	170	207	229	230	#
898	1086214	137	190	#
899	1367752	36	118	122	#
900	3643493	26	82	172	219	245	#
901	1070562	2	237	#
902	1569669	20	231	#
903	8060952	12	57	70	92	119	134	156	163	195	234	239	#
904	52127	156	#
905	1448548	94	100	#
906	968788	86	110	234	#
907	1519217	2	84	#
908	2489303	169	186	210	236	#
909	1851596	26	92	113	132	146	242	#
910	803831	203	#
911	7870994	23	57	81	123	130	137	150	161	244	#
912	9890367	7	31	32	81	88	105	141	144	176	190	255	#
913	1808539	41	77	122	138	146	171	#
914	1266812	53	125	#
915	2462273	62	64	120	195	#
916	2418185	45	91	155	158	192	210	212	#
917	1611346	113	186	#
918	2726616	111	126	128	#
919	4432704	16	124	161	187	205	#
920	1268883	110	137	#
921	1948548	26	45	210	#
922	1310116	13	75	161	#
923	2612194	72	177	215	230	#
924	3670478	14	138	176	212	#
925	1572518	121	245	#
926	1766528	72	186	#
927	912214	96	200	#
928	4300069	51	66	89	123	124	165	212	#
929	2944089	148	195	225	#
930	2074033	40	64	86	158	170	#
931	878247	76	184	#
932	2476810	153	164	191	#
933	1311664	100	191	#
934	946682	30	231	233	#
935	1595395	107	226	#
936	1444525	45	70	#
937	2700189	60	117	206	#
938	1818361	8	235	#
939	2122880	9	64	94	98	146	242	250	#
940	762662	22	66	#
941	1322164	21	241	#
942	2964290	26	64	164	#
943	7309273	8	58	81	120	139	149	168	202	220	238	#
944	976397	211	234	#
945	1842938	122	176	238	#
946	1907864	15	103	113	#
947	2117619	1	57	169	#
948	2814898	9	148	156	160	#
949	1553138	85	93	189	#
950	673095	49	#
951	1989465	5	23	202	#
952	1055356	77	223	#
953	928670	19	49	#
954	2877492	31	36	117	195	251	#
955	1635291	18	195	#
956	1042539	8	17	214	#
957	3125919	7	93	103	158	159	179	249	255	#
958	798586	60	219	248	#
959	1090903	119	201	#
960	2577950	7	38	97	#
961	1240114	170	186	254	#
962	2845730	72	147	180	247	#
963	10538216	6	9	13	46	49	87	122	139	146	177	184	186	236	254	#
964	1534788	61	67	#
965	1886600	83	156	#
966	5915073	16	44	70	139	189	194	217	#
967	1955222	9	234	#
968	1777094	83	97	172	174	188	#
969	1024509	112	240	#
970	1419993	177	220	#
971	1288539	87	162	#
972	2261117	71	95	191	214	229	#
973	1915511	207	222	#
974	2670056	24	30	77	101	233	#
975	8250334	72	89	94	104	111	129	193	195	226	#
976	2252224	50	108	178	#
977	2578846	71	82	145	#
978	1052985	75	112	223	229	#
979	3023548	10	53	139	206	#
980	2707555	7	32	72	#
981	1489671	47	105	124	179	#
982	1864558	8	164	195	#
983	1339421	19	55	71	123	156	215	#
984	2549929	43	46	67	79	170	175	178	#
985	1866271	60	240	#
986	2174988	47	50	186	#
987	2064117	8	9	18	28	68	74	164	165	172	216	239	247	#
988	783040	28	75	152	#
989	2643595	36	85	89	141	#
990	1106123	11	29	107	131	138	201	#
991	1731421	4	24	#
992	1336048	36	39	98	107	191	203	#
993	1098440	135	199	220	#
994	931319	169	198	#
995	1893745	95	157	#
996	1629777	108	251	#
997	1327493	76	94	#
998	1258922	135	245	#
999	1461032	87	251	#
