%% File generated by CATS v.2.1Wed Jun 19 19:15:54 2013

%% The CATS webpage is http://robotics.stanford.edu/CATS

%% PARAMETER SETTINGS:
% Goods: 256; Bids: 1000; Distribution: L4; Runs: 50; Seed: 1371664511
% Legacy distribution parameters:
% Number of goods chosen according to Decay distribution (alpha = 0.55).
% Price chosen according to Linear Random distribution (low_linearly = 1, high_linearly = 1000).


goods 256
bids 1000
dummy 0

0	774070	122	#
1	1586725	100	122	#
2	800399	232	#
3	891293	174	#
4	593902	179	#
5	1212017	72	102	#
6	949000	196	#
7	972848	208	#
8	873512	42	#
9	1409643	33	123	#
10	462076	165	#
11	919117	237	#
12	913071	26	#
13	1436735	57	123	139	198	227	#
14	790680	87	#
15	2107958	32	56	86	108	185	#
16	1621956	4	75	#
17	938405	75	#
18	990470	218	#
19	714815	171	#
20	863867	19	#
21	862716	98	#
22	1492901	49	117	#
23	1584015	93	176	#
24	949124	53	#
25	947186	235	#
26	908030	228	#
27	713670	180	#
28	987609	51	#
29	865173	127	#
30	930755	110	#
31	884381	107	#
32	3904037	26	73	119	139	144	188	197	#
33	1361669	29	41	#
34	3187054	32	62	150	216	#
35	1310965	58	76	#
36	687310	224	#
37	960909	108	#
38	759783	77	#
39	968416	96	#
40	974747	41	#
41	215467	13	#
42	2195329	10	30	79	82	146	168	223	244	#
43	1189470	129	217	#
44	966205	135	#
45	1110581	72	81	#
46	3589246	51	74	148	168	197	#
47	357337	23	#
48	597147	151	#
49	932453	117	#
50	1930605	0	51	#
51	1688053	58	79	94	189	235	#
52	921776	223	#
53	771222	38	#
54	840418	18	#
55	2926541	3	216	236	#
56	2250604	11	81	151	#
57	944357	22	#
58	2251842	5	24	29	86	200	#
59	885593	231	#
60	1529337	0	26	237	#
61	970006	240	#
62	563431	210	#
63	947112	25	29	#
64	2517218	34	109	235	#
65	2655431	37	127	198	#
66	956008	69	#
67	1419209	58	128	#
68	682499	43	#
69	1791434	56	114	#
70	9329349	7	13	24	41	63	65	118	119	186	253	#
71	1683276	168	178	#
72	1750721	78	145	#
73	1370268	33	230	#
74	1429311	119	182	183	207	250	#
75	941394	61	#
76	866085	113	#
77	558990	114	#
78	980037	93	#
79	589354	129	#
80	940423	220	#
81	1616864	66	68	#
82	1819915	5	16	66	68	80	87	209	228	#
83	923988	102	#
84	507612	241	#
85	495821	162	#
86	915446	152	#
87	1467061	41	46	173	#
88	925093	207	#
89	616909	225	#
90	593647	130	#
91	846823	79	#
92	3239010	44	76	79	157	171	179	196	#
93	1884026	62	99	108	116	#
94	1685040	12	41	216	#
95	808550	3	#
96	3329364	29	69	75	129	188	#
97	2302086	65	83	169	199	#
98	951336	253	#
99	1178036	11	12	87	109	#
100	4131067	102	110	163	205	242	#
101	536575	99	#
102	1608599	12	190	#
103	872891	105	#
104	863522	34	#
105	837030	192	#
106	1589381	30	66	86	#
107	769488	7	#
108	648980	73	#
109	3694326	10	55	72	122	165	210	239	244	#
110	1212079	98	217	#
111	658630	202	#
112	842349	17	#
113	2900009	75	77	95	132	#
114	814853	106	#
115	984210	194	204	#
116	819167	109	#
117	4229446	115	155	217	231	244	#
118	961960	145	#
119	995251	190	#
120	864009	97	#
121	999029	136	#
122	2494644	178	204	229	#
123	972421	185	#
124	1746239	105	114	227	#
125	735131	57	#
126	920840	252	#
127	639260	39	#
128	971729	120	#
129	982526	156	#
130	634356	118	#
131	4374106	3	128	142	207	212	#
132	2128918	30	46	233	#
133	956878	126	#
134	2054629	50	94	235	#
135	3926919	164	172	194	231	#
136	986164	30	#
137	7005218	18	40	51	109	155	161	163	194	#
138	765352	183	#
139	709358	229	#
140	74259	250	#
141	1811906	94	196	210	#
142	3383966	24	54	84	164	183	#
143	1656402	84	139	199	#
144	878629	116	#
145	1669298	63	218	#
146	783153	124	#
147	624221	112	#
148	603566	153	#
149	2853449	17	40	99	104	169	208	217	248	#
150	990168	101	124	129	203	#
151	1690629	56	197	224	#
152	857277	158	#
153	962394	247	#
154	505961	200	#
155	1307293	36	112	141	210	#
156	335061	46	#
157	1776366	39	179	#
158	972978	67	172	#
159	1862032	164	197	#
160	940022	90	#
161	3945485	29	76	136	157	213	240	#
162	848164	160	#
163	2543052	8	12	34	#
164	839856	68	#
165	1789310	104	147	#
166	2451378	50	165	186	210	#
167	2021154	59	178	203	222	250	#
168	985652	193	#
169	5670855	14	64	177	178	202	252	#
170	6639573	71	88	101	115	151	157	194	#
171	963743	1	#
172	874819	187	#
173	926585	81	#
174	1246037	0	82	#
175	1942978	22	96	167	195	240	#
176	1650045	23	168	#
177	950189	254	#
178	982954	157	#
179	1627541	63	214	#
180	616971	138	#
181	1498972	54	87	#
182	863157	197	#
183	3463964	38	120	166	182	#
184	922624	54	#
185	3953035	55	56	106	146	159	#
186	546007	178	#
187	10555069	9	10	53	70	95	131	143	148	152	175	238	251	#
188	2656961	4	24	36	#
189	1415719	232	246	#
190	495978	62	#
191	1828731	139	234	247	#
192	2685353	44	70	172	197	201	#
193	1134502	153	224	242	#
194	741264	91	#
195	1953240	2	58	#
196	1726616	23	134	#
197	809756	12	#
198	1015131	34	202	#
199	2518646	37	103	175	#
200	924487	67	#
201	1443819	150	197	#
202	1459148	23	238	#
203	849357	140	#
204	542678	125	#
205	1916153	178	190	#
206	939062	49	#
207	285265	78	#
208	4162257	36	61	97	125	162	237	#
209	632036	128	#
210	1501440	38	150	227	#
211	1279572	24	93	#
212	982613	134	#
213	1920781	31	61	#
214	1988854	35	115	#
215	942443	21	#
216	1150813	5	16	88	246	#
217	703306	199	#
218	908214	27	#
219	2838310	11	24	153	176	190	199	#
220	2665658	28	212	238	#
221	1365350	64	82	224	#
222	375858	150	#
223	1266586	146	152	216	#
224	988837	43	178	229	#
225	1790632	43	222	#
226	873359	139	#
227	3536562	29	46	56	73	96	209	246	#
228	1393316	139	176	224	#
229	700802	209	#
230	998721	221	#
231	7123746	21	73	104	130	144	148	156	231	#
232	1979112	70	120	#
233	3179879	3	22	58	111	203	#
234	958420	186	#
235	886129	80	#
236	861611	176	#
237	1280657	38	70	215	#
238	6965303	80	156	164	187	195	230	235	#
239	1884654	23	80	147	203	#
240	4595644	20	73	216	226	242	246	#
241	922965	82	#
242	973389	213	#
243	1244121	131	157	#
244	1461217	33	241	#
245	1667208	57	166	187	#
246	2011900	59	92	168	255	#
247	1082066	16	58	222	#
248	1177604	10	15	100	178	#
249	1860185	59	74	143	#
250	964274	8	#
251	2748928	19	57	96	193	200	#
252	1412178	35	140	148	251	#
253	1635019	54	253	#
254	1966975	82	112	171	#
255	928430	58	#
256	975623	5	#
257	809120	217	#
258	4430489	1	74	88	182	242	#
259	760397	141	#
260	746947	66	#
261	469789	33	#
262	1164921	92	103	160	173	#
263	1485409	28	56	61	167	#
264	945467	198	#
265	1743193	83	242	#
266	2254521	97	181	254	#
267	1328942	145	182	231	#
268	584263	64	#
269	1491487	34	43	#
270	520577	35	#
271	3210962	2	32	84	118	131	151	163	#
272	827351	56	#
273	1610059	63	153	#
274	1305264	79	98	#
275	941476	78	113	#
276	3305065	66	118	120	178	213	#
277	954681	181	#
278	567949	85	#
279	846133	205	#
280	392159	244	#
281	1608734	28	168	170	#
282	854328	74	#
283	2227541	60	155	240	#
284	879164	72	#
285	5061939	48	55	67	87	121	242	#
286	1525934	71	168	#
287	930990	239	#
288	836636	251	#
289	977664	60	#
290	1506784	9	24	89	118	165	222	#
291	3529869	126	128	131	245	#
292	770997	76	#
293	3149495	0	81	84	93	155	235	#
294	854594	191	#
295	791646	172	#
296	5518998	39	86	91	153	184	216	#
297	2240792	183	190	211	225	247	250	#
298	839875	99	199	#
299	2639622	64	66	240	#
300	1440378	102	163	#
301	323461	219	#
302	896211	94	#
303	1169933	3	103	#
304	1871985	18	25	115	#
305	459874	63	#
306	2750254	44	155	216	#
307	2710629	2	50	80	139	250	#
308	1112770	0	143	206	#
309	533407	168	#
310	996632	121	#
311	274441	230	#
312	1645401	38	54	252	#
313	6451180	46	70	82	123	158	163	253	#
314	940514	119	#
315	1152197	55	189	#
316	708245	71	115	215	255	#
317	2145223	15	174	208	248	#
318	1280887	9	28	138	#
319	395381	215	#
320	1744745	120	188	#
321	997710	21	37	#
322	1769074	16	208	#
323	889539	59	#
324	527041	243	#
325	215920	255	#
326	819316	111	#
327	1897923	58	69	#
328	986605	24	30	149	#
329	432435	161	#
330	3032996	81	103	154	169	#
331	3656482	46	50	80	137	173	187	214	#
332	834767	149	#
333	1851079	14	32	225	#
334	2968157	105	181	207	#
335	4872602	65	130	139	152	240	#
336	194827	188	#
337	2002468	63	68	196	248	#
338	1012554	46	235	#
339	4176559	64	99	120	122	228	244	#
340	919284	44	#
341	1907684	15	73	#
342	981849	10	#
343	3707864	5	84	148	156	191	204	#
344	474373	25	#
345	1357464	132	134	#
346	2555618	10	39	206	#
347	1867940	118	166	245	#
348	975691	52	#
349	739380	89	#
350	1881354	49	157	#
351	1397878	115	126	202	#
352	1310039	193	231	#
353	2339518	9	32	112	136	151	215	#
354	1629197	103	107	151	#
355	2314892	60	108	133	194	#
356	2206105	79	152	243	#
357	1792881	18	85	89	#
358	1940283	143	186	228	#
359	1701708	123	225	#
360	1865649	56	70	157	214	#
361	604129	175	#
362	2752840	123	124	132	175	#
363	921724	182	#
364	916829	227	#
365	1440317	100	103	113	147	216	#
366	1923938	18	47	75	135	142	176	#
367	38297	71	#
368	913226	95	#
369	746089	159	#
370	484029	155	#
371	752781	154	#
372	4739897	7	108	114	150	205	243	#
373	2233199	21	171	229	#
374	1674321	90	129	#
375	632210	212	#
376	837221	100	#
377	1189178	12	30	60	165	174	#
378	1665085	227	241	#
379	2521102	144	158	178	#
380	950999	184	#
381	937306	233	#
382	1859269	2	174	#
383	1557154	224	253	#
384	2107011	14	62	125	147	183	#
385	860268	101	#
386	1864987	94	203	215	#
387	811631	195	#
388	552586	170	#
389	1449947	178	248	#
390	2547075	80	143	180	#
391	1319592	89	167	#
392	1194164	50	131	#
393	1129274	60	150	238	#
394	2994539	56	163	191	#
395	5691910	23	30	51	78	200	240	#
396	64721	222	#
397	2441365	12	181	251	#
398	649833	6	#
399	3113643	6	21	24	43	213	#
400	9480969	18	45	80	111	112	119	178	183	224	244	#
401	710327	246	#
402	2222899	89	120	150	251	#
403	583682	133	#
404	393531	71	216	#
405	1567309	89	238	#
406	3640576	27	89	128	153	167	181	#
407	1109366	174	209	#
408	2746563	16	22	109	187	#
409	1850552	113	198	253	254	#
410	4941679	25	55	131	215	229	#
411	5916506	32	91	113	130	150	213	247	#
412	985129	147	#
413	971342	142	#
414	1426878	20	33	135	#
415	1554117	36	132	#
416	1804054	5	136	178	180	#
417	900553	4	#
418	2449454	213	250	253	#
419	761214	16	#
420	2947665	97	119	191	193	#
421	5294495	37	72	118	156	165	187	212	233	#
422	983271	117	196	#
423	2263679	38	61	121	246	#
424	1122182	69	71	#
425	1870244	56	72	#
426	281431	163	#
427	3588087	93	180	186	234	#
428	824143	83	#
429	2838679	80	81	100	#
430	1603041	69	116	146	#
431	1873468	93	202	#
432	1054593	77	224	#
433	3500359	16	37	62	137	143	149	156	172	196	230	237	#
434	2435588	115	167	216	#
435	2410639	32	120	179	212	229	#
436	1310711	17	149	#
437	1073985	128	136	#
438	1590249	4	22	#
439	4307445	0	13	54	176	239	#
440	1396120	7	172	#
441	1860286	120	216	#
442	4568617	14	29	47	69	137	155	198	241	#
443	1483415	12	153	#
444	565418	132	#
445	3566649	74	189	224	248	#
446	1801344	47	164	198	#
447	1595365	158	216	#
448	3774872	6	63	73	113	185	#
449	1216262	126	235	#
450	1081948	91	126	204	207	212	#
451	1886584	124	174	190	#
452	1673958	96	186	#
453	1094104	1	48	#
454	3839578	17	55	66	183	206	#
455	1619007	187	202	228	#
456	2937410	159	176	204	240	#
457	1013319	40	242	#
458	2590959	29	216	235	#
459	2922699	0	52	132	197	#
460	1183046	23	65	#
461	987409	86	#
462	1465846	24	110	#
463	2295878	41	107	112	#
464	7865206	115	132	139	150	178	179	195	239	#
465	1523265	27	142	#
466	467313	143	#
467	2714173	17	144	216	#
468	1804954	66	100	202	231	#
469	707050	2	#
470	980903	164	#
471	5440250	22	120	132	151	196	204	#
472	1359612	72	185	#
473	937997	0	#
474	1005946	0	188	225	#
475	775602	146	#
476	2915503	25	96	146	239	#
477	928094	17	104	212	219	#
478	1610836	95	232	243	#
479	2362736	15	70	254	#
480	614326	99	203	#
481	1735619	43	114	203	#
482	2141968	135	174	217	#
483	1122971	210	217	255	#
484	2451684	93	116	247	#
485	1845801	155	235	#
486	4813646	11	107	158	159	213	232	#
487	566094	24	#
488	1608685	13	157	242	245	#
489	952878	70	#
490	1517676	117	125	#
491	3700280	95	97	107	129	197	#
492	1184233	38	184	#
493	1191474	44	137	190	201	252	#
494	1200200	121	134	149	#
495	776687	173	#
496	1074673	42	94	#
497	647769	128	129	#
498	4168760	46	85	141	176	197	#
499	1949176	23	84	126	#
500	965381	226	#
501	1842046	4	16	153	169	223	#
502	1274440	18	59	182	#
503	2355931	57	125	166	173	#
504	2337564	56	174	202	#
505	6754228	3	19	38	146	212	236	247	#
506	1420363	156	227	#
507	855489	103	#
508	1033881	194	237	240	#
509	1059914	71	105	116	135	205	#
510	2309047	3	53	157	#
511	5164986	5	21	69	88	181	255	#
512	3869938	11	13	40	123	136	182	#
513	1864406	80	146	203	212	246	253	#
514	2239261	132	144	247	#
515	4117992	5	101	118	135	165	191	#
516	1548394	33	69	100	116	130	#
517	1660312	8	25	42	120	176	180	#
518	5356470	57	133	165	189	195	203	221	#
519	2900085	75	177	217	#
520	2026095	43	73	76	174	#
521	7912741	53	65	69	86	91	93	137	192	218	252	#
522	2182695	75	189	217	221	#
523	1887533	72	90	#
524	1306639	100	115	#
525	883918	50	#
526	2962940	111	160	254	#
527	2431945	69	168	205	215	#
528	4808768	30	31	98	120	175	#
529	1990428	4	149	#
530	1254499	69	95	164	#
531	4026241	49	167	180	223	247	#
532	2130526	41	127	137	#
533	4131694	53	115	124	161	221	#
534	1012222	173	197	#
535	3326160	72	107	127	156	222	#
536	1910698	9	173	#
537	1946827	63	75	100	#
538	1374296	63	142	#
539	1434602	78	110	#
540	2183964	15	32	124	#
541	976776	249	#
542	1828625	163	249	#
543	8962609	44	95	112	143	144	204	212	222	247	254	#
544	6229040	14	49	109	131	136	157	193	#
545	1271746	71	204	#
546	791800	15	#
547	972424	36	#
548	1311471	70	110	131	#
549	700161	167	#
550	2260079	108	115	187	209	#
551	2441004	27	99	136	223	#
552	1207684	133	233	#
553	1535289	87	185	#
554	2788064	9	39	148	#
555	922948	177	#
556	3118460	12	48	179	196	#
557	938154	31	#
558	3226572	31	102	125	130	161	#
559	2370353	33	134	250	#
560	1029053	43	46	109	133	145	157	#
561	1589857	15	173	181	239	241	#
562	1882010	96	109	218	#
563	2242061	40	116	188	220	#
564	2502082	24	81	188	#
565	3998145	10	16	22	69	180	209	253	#
566	1077275	18	144	#
567	1636128	178	214	#
568	989691	11	#
569	956023	119	153	#
570	701459	242	#
571	1332494	31	95	177	230	#
572	4252595	12	33	43	69	236	248	251	#
573	903496	48	55	#
574	1294134	129	172	223	253	#
575	495843	37	#
576	431696	204	#
577	983086	158	248	#
578	835498	248	#
579	1917105	102	158	183	220	#
580	590720	123	#
581	902761	112	118	#
582	3997832	1	10	26	56	80	82	177	222	#
583	1459818	14	88	122	#
584	1019496	54	182	#
585	1815304	115	214	#
586	2374186	47	169	189	#
587	4479573	82	108	120	229	245	#
588	2603670	3	83	129	142	#
589	1575922	52	153	171	#
590	1132851	104	166	#
591	1961106	174	176	#
592	2172957	71	159	210	#
593	2734951	42	99	164	183	#
594	1094386	69	87	#
595	1071827	71	89	#
596	1605720	52	246	#
597	3077842	28	36	67	122	132	225	#
598	1100506	71	189	#
599	1738123	120	161	#
600	1575935	60	118	157	174	#
601	1928010	36	89	132	200	249	#
602	2074881	23	27	104	237	#
603	3792535	20	129	140	148	162	227	#
604	941175	68	104	#
605	2745489	165	185	208	#
606	1960937	184	185	#
607	613924	203	#
608	5006382	7	17	45	121	135	145	210	230	231	#
609	2282726	77	88	186	#
610	1539589	133	230	#
611	1252540	62	83	240	#
612	1430951	3	59	#
613	1143481	209	242	#
614	2977918	40	49	165	#
615	1151886	54	112	#
616	1841322	52	179	204	220	#
617	1097853	3	6	53	56	74	96	196	239	244	254	#
618	1837358	82	121	#
619	2942846	54	98	124	133	165	#
620	1502733	32	43	#
621	1779443	185	208	#
622	1701224	92	210	#
623	3595056	43	105	134	135	143	#
624	1789948	52	204	#
625	6034617	9	21	37	52	111	176	193	217	241	#
626	2732496	113	206	222	#
627	1286915	4	17	115	#
628	1927600	17	57	104	#
629	1636766	16	26	140	#
630	2982037	88	114	182	197	#
631	936508	137	#
632	1474189	141	162	163	#
633	1345668	80	143	183	#
634	1192971	104	245	#
635	3618399	144	189	209	246	#
636	3426722	15	51	92	252	#
637	905184	88	#
638	4777707	48	88	112	196	224	#
639	2897818	7	52	166	#
640	934651	211	#
641	1882813	209	211	#
642	2573959	25	66	110	#
643	2740651	73	107	198	214	#
644	3071127	18	27	30	51	67	78	85	120	149	154	168	#
645	3989947	57	171	210	229	#
646	2741667	85	136	159	194	207	#
647	869766	65	#
648	1460201	48	103	239	#
649	1850669	72	99	121	#
650	3615082	6	27	44	79	122	#
651	944884	95	160	#
652	1522067	93	203	220	#
653	6333010	2	39	140	150	190	218	219	#
654	1201733	3	56	126	173	220	240	#
655	1295680	81	82	157	#
656	2405594	28	99	206	250	#
657	4013655	17	23	25	63	68	161	219	226	#
658	1748343	124	213	249	#
659	2909005	63	81	104	#
660	5253364	26	35	87	104	197	255	#
661	723193	45	114	#
662	482834	236	#
663	3681858	34	41	95	150	248	#
664	1385209	24	48	225	#
665	1791033	49	182	#
666	212334	32	#
667	1949762	36	47	#
668	2420513	33	174	233	#
669	1849203	63	202	#
670	3796406	88	99	104	114	250	#
671	1413299	17	159	#
672	2306300	57	152	173	185	#
673	2750666	0	7	137	145	#
674	1895218	7	118	228	234	#
675	1304800	82	117	#
676	1100867	27	212	#
677	3944754	91	156	244	248	#
678	1874018	12	101	235	#
679	682642	131	#
680	3872931	56	103	148	203	233	#
681	3153072	2	7	8	34	118	139	146	207	238	253	#
682	3432767	11	65	108	129	#
683	1337896	193	232	#
684	4233016	15	114	203	212	231	#
685	3420287	0	1	7	36	78	79	97	102	116	143	205	216	#
686	3038892	1	59	129	242	#
687	2432866	121	174	247	#
688	2679359	57	82	138	#
689	1087975	92	121	208	#
690	2421081	21	177	228	#
691	996798	142	164	#
692	7781759	21	22	39	41	79	92	98	145	#
693	1617955	197	202	#
694	3649789	80	147	159	184	#
695	1566623	67	133	#
696	674950	28	#
697	1280982	14	121	221	#
698	3456277	61	127	227	242	#
699	979896	152	198	#
700	1938580	71	234	#
701	1066348	135	244	#
702	2585746	37	92	157	188	#
703	1398928	60	159	#
704	1691290	166	216	251	#
705	1714146	220	229	#
706	1580476	6	33	234	246	#
707	1731041	96	189	219	#
708	870464	206	#
709	1917458	181	249	#
710	886953	148	166	178	219	#
711	1907108	141	174	#
712	5756054	8	46	53	78	169	181	255	#
713	2032974	109	177	247	#
714	1747891	52	54	183	#
715	967761	20	145	227	231	#
716	3188350	9	201	214	215	236	#
717	1502041	121	154	#
718	872049	43	199	#
719	1984791	32	61	121	#
720	2603535	141	186	219	227	#
721	1172384	4	132	#
722	1309877	60	98	144	162	#
723	1092663	42	154	229	#
724	2690495	114	180	197	#
725	4452004	90	105	161	186	234	243	#
726	7485130	27	38	41	47	94	95	97	125	202	249	#
727	2372509	73	94	148	160	181	241	244	#
728	1129909	32	55	167	214	#
729	1185283	61	175	#
730	717657	148	#
731	4901912	10	41	67	76	211	#
732	5742300	25	62	88	108	197	225	#
733	5242635	4	69	136	176	226	234	#
734	6682847	49	64	78	99	154	187	192	#
735	1713065	41	72	215	#
736	1785254	121	178	#
737	1325013	25	187	#
738	2766819	13	69	128	223	#
739	893515	189	#
740	3252584	9	120	161	196	#
741	1631322	110	255	#
742	3437589	5	97	99	181	203	230	#
743	3676281	40	90	128	223	#
744	1047547	12	86	#
745	1567524	35	94	#
746	2178100	85	150	176	#
747	2154871	5	56	80	#
748	4451545	62	74	105	112	152	183	245	#
749	2211054	78	82	133	145	168	#
750	1557821	30	166	193	198	#
751	1849117	158	171	#
752	2001582	14	50	213	235	#
753	330815	55	#
754	2630876	14	52	89	226	#
755	3631045	38	75	125	141	171	#
756	683320	194	#
757	1209589	3	164	#
758	1833734	72	151	#
759	975073	165	177	#
760	2116918	67	186	190	#
761	946494	144	#
762	2948265	10	85	135	195	205	232	#
763	1459974	13	19	119	159	176	#
764	1570321	144	165	#
765	4647275	23	50	108	140	249	#
766	3048391	44	50	74	110	176	207	#
767	2536702	49	132	178	#
768	1071843	188	223	#
769	1505288	132	242	#
770	2635702	53	175	210	250	#
771	2676713	17	50	170	#
772	1119567	30	120	#
773	5546507	12	24	74	88	102	104	111	168	188	208	229	#
774	2621251	66	69	190	238	#
775	1241468	94	107	234	#
776	2139662	16	51	123	172	239	#
777	1204412	171	182	#
778	3012698	14	75	132	145	#
779	1764170	133	186	#
780	849191	151	215	#
781	2871433	57	206	227	#
782	785185	166	#
783	1545811	49	227	#
784	1895533	91	183	#
785	4516125	65	88	169	185	204	#
786	919660	111	174	#
787	1930923	89	155	#
788	2462865	70	118	198	#
789	1627245	64	66	213	#
790	4168086	12	93	109	165	244	#
791	1106899	21	88	117	123	134	209	#
792	671718	14	#
793	3864323	109	150	151	219	#
794	1147478	31	69	#
795	1716826	204	239	#
796	2543501	12	42	57	59	#
797	1169941	85	255	#
798	1466275	85	127	#
799	1067163	27	108	#
800	1593576	97	98	110	#
801	1385150	122	143	#
802	474594	104	#
803	2251551	45	106	209	#
804	320993	115	#
805	1291771	4	126	249	#
806	2148617	96	98	204	#
807	2571591	52	106	178	227	#
808	2621203	120	141	149	226	#
809	2075045	28	76	247	#
810	940429	117	177	#
811	1565424	35	58	159	219	#
812	2535430	19	201	229	#
813	2889948	2	144	248	#
814	779914	48	#
815	1842520	71	122	172	180	196	225	#
816	1590948	101	221	#
817	1455079	45	188	#
818	2963726	16	53	101	163	214	#
819	1515671	29	106	#
820	5250647	9	47	81	107	134	196	217	#
821	2056138	116	154	159	161	176	177	#
822	1327016	102	120	#
823	1651194	59	107	#
824	1299323	132	193	#
825	2075979	30	69	174	#
826	1663285	37	243	#
827	1346248	43	159	#
828	2989619	41	225	238	#
829	1518562	75	233	#
830	1490803	48	61	205	223	#
831	2582808	81	94	207	#
832	2197337	2	100	149	#
833	647934	84	#
834	1743264	14	198	248	#
835	3909871	50	93	144	190	#
836	1900438	66	102	#
837	4866052	68	116	161	218	224	#
838	2061409	71	178	228	#
839	1002160	26	113	#
840	1110521	159	174	#
841	1946344	24	119	#
842	1572956	16	129	132	#
843	1065230	12	22	#
844	3840894	30	200	203	224	227	235	#
845	1332218	151	226	234	#
846	1763488	88	132	#
847	1326069	189	210	#
848	2217555	86	93	146	#
849	5611429	1	6	38	217	227	249	#
850	2700879	27	116	222	#
851	1028427	27	92	172	#
852	1292547	53	170	#
853	1777392	173	222	225	#
854	1942211	137	154	194	#
855	1121322	135	253	#
856	2967418	238	240	252	#
857	1142081	24	209	#
858	1685460	52	75	205	206	#
859	2356474	72	160	199	#
860	1932396	12	114	151	#
861	1903664	5	69	#
862	789591	216	243	#
863	1878054	29	128	202	251	#
864	1884575	25	135	199	#
865	4245328	105	166	194	214	216	#
866	2812606	35	75	243	#
867	885779	25	178	#
868	5281239	57	94	138	165	211	225	#
869	1801107	45	79	#
870	2115564	29	111	139	232	#
871	4506891	34	115	121	143	207	#
872	1620563	7	57	92	104	190	245	#
873	1657899	81	126	145	221	229	#
874	1845616	113	119	162	#
875	1486955	54	230	#
876	1688972	123	228	246	250	#
877	494286	92	#
878	1495962	46	127	#
879	6975048	15	32	87	94	189	218	246	#
880	1157526	13	109	242	#
881	1366738	34	109	#
882	2707577	14	58	99	144	#
883	3639839	44	83	93	131	157	188	229	237	#
884	3230891	120	140	175	235	#
885	1344533	138	140	#
886	1384157	185	220	#
887	5502886	23	31	37	75	82	153	212	#
888	1406207	208	217	#
889	3716906	49	107	119	218	#
890	1396993	92	191	#
891	1471046	18	28	69	#
892	6191947	30	42	44	45	75	96	110	192	#
893	2188760	123	185	223	#
894	1928724	66	159	228	229	#
895	5173230	8	34	35	48	54	95	#
896	2350693	13	120	179	#
897	1880873	23	162	#
898	1598046	59	198	#
899	2770515	97	143	171	#
900	1743647	120	218	#
901	1712848	13	86	#
902	3450098	45	125	158	237	#
903	2542767	103	161	229	248	#
904	1953881	178	213	#
905	2375090	86	145	178	229	#
906	1470940	225	231	#
907	1278008	4	56	142	146	234	#
908	672787	32	33	#
909	1005444	30	140	232	#
910	1949064	38	59	#
911	535984	245	#
912	3167316	18	67	103	149	#
913	1695607	22	49	83	#
914	1706457	37	42	59	181	226	235	#
915	1970725	106	148	#
916	2111882	99	115	194	214	#
917	1217866	11	76	146	#
918	2396687	86	117	209	#
919	1211882	208	229	#
920	1460608	62	74	93	117	154	160	188	#
921	1735615	83	203	#
922	3426034	110	191	208	224	254	#
923	1176367	108	188	197	208	#
924	877684	9	#
925	2087896	10	144	160	195	208	#
926	1828045	58	89	132	174	#
927	4670084	49	97	121	186	238	#
928	1526739	36	57	138	211	#
929	3314516	24	130	151	168	175	221	#
930	1539564	98	172	#
931	1331815	183	214	#
932	1974594	70	251	#
933	1129374	49	198	#
934	1837343	56	66	#
935	112465	45	#
936	2177248	137	145	160	#
937	6018276	10	21	41	81	87	95	131	140	239	#
938	1925498	33	196	#
939	3603613	69	81	168	214	#
940	1182134	110	169	#
941	1083788	161	197	#
942	4645906	52	71	85	147	221	#
943	1335860	23	177	#
944	2010928	90	112	174	#
945	2090176	41	141	219	#
946	1743796	3	78	113	153	157	168	215	#
947	1450470	3	227	#
948	1815028	80	125	#
949	1950189	86	124	145	203	220	#
950	1310455	152	189	#
951	952130	79	176	#
952	1717380	12	14	#
953	1781572	181	182	#
954	1396480	150	190	#
955	5592618	77	114	126	161	162	236	#
956	132478	169	#
957	1775442	13	48	#
958	3504059	20	117	157	175	#
959	1890272	5	9	#
960	1528884	190	246	#
961	1125978	28	38	216	#
962	2790359	34	130	133	172	#
963	1035369	84	115	223	#
964	1962672	18	20	32	45	58	176	192	#
965	2929208	70	161	246	#
966	943917	43	109	#
967	1872251	52	250	#
968	3897573	88	129	213	214	#
969	1493470	97	215	#
970	2807965	149	154	165	193	230	#
971	825406	24	33	#
972	1320357	0	23	93	126	169	170	172	240	245	#
973	3833435	92	93	127	195	237	#
974	1018059	73	78	#
975	2046590	101	152	164	#
976	1376516	166	185	#
977	106816	214	#
978	635728	234	#
979	1230138	219	222	#
980	1534923	34	36	#
981	1929369	101	135	196	#
982	1419522	124	247	#
983	3353424	4	74	176	187	#
984	1020430	199	204	#
985	710568	104	112	#
986	6672436	19	36	50	137	157	181	206	#
987	1353931	125	169	#
988	1848754	155	203	#
989	2151755	22	129	189	#
990	1155762	163	245	#
991	2835841	6	29	198	240	#
992	1456075	23	63	#
993	1541235	123	176	190	229	#
994	6183207	15	27	54	107	138	225	237	#
995	1752053	140	149	#
996	2224263	104	122	255	#
997	1419909	63	95	#
998	1369752	77	131	#
999	783859	115	148	#
