%% File generated by CATS v.2.1Wed Jun 19 19:15:54 2013

%% The CATS webpage is http://robotics.stanford.edu/CATS

%% PARAMETER SETTINGS:
% Goods: 256; Bids: 1000; Distribution: L4; Runs: 50; Seed: 1371664511
% Legacy distribution parameters:
% Number of goods chosen according to Decay distribution (alpha = 0.55).
% Price chosen according to Linear Random distribution (low_linearly = 1, high_linearly = 1000).


goods 256
bids 1000
dummy 0

0	2425800	48	56	98	180	199	226	#
1	1059920	15	72	#
2	857676	97	#
3	898809	106	#
4	1172593	70	102	168	#
5	956896	19	#
6	2774738	0	86	217	227	#
7	891826	242	#
8	677856	68	#
9	330093	194	#
10	895277	230	#
11	1130383	135	189	#
12	812946	249	#
13	4554242	35	75	117	122	192	#
14	986200	55	#
15	992085	186	#
16	1646802	67	146	#
17	1447187	52	69	241	#
18	881104	159	#
19	2880141	8	58	133	185	#
20	714610	52	#
21	3766786	51	59	83	158	231	#
22	711801	70	#
23	1759735	73	238	#
24	988267	76	#
25	3990869	17	37	98	222	#
26	797519	22	#
27	2711976	16	55	80	106	190	204	215	#
28	869311	190	#
29	2497135	31	39	233	#
30	580303	25	#
31	816832	95	#
32	809940	107	#
33	2626273	19	64	134	157	223	243	#
34	624386	195	#
35	818048	167	#
36	1800184	6	170	#
37	816257	233	#
38	801221	170	#
39	974678	225	#
40	485218	24	#
41	913468	9	92	#
42	2950603	148	151	206	#
43	1398821	26	197	#
44	731915	15	#
45	1294784	4	72	#
46	819188	102	#
47	473556	57	#
48	1523646	19	106	113	#
49	1654028	14	76	150	175	#
50	2706408	68	76	191	#
51	989762	42	#
52	730713	2	#
53	900499	127	#
54	1155992	19	38	86	242	#
55	1257160	4	32	148	#
56	479049	10	#
57	3440582	45	80	190	210	226	#
58	891694	147	#
59	2552789	177	188	200	#
60	797197	141	#
61	742539	216	#
62	1609270	0	26	35	60	112	166	#
63	833018	4	#
64	735690	81	250	#
65	813989	105	#
66	1355876	37	66	#
67	916168	18	#
68	1141896	39	49	#
69	900318	40	#
70	900768	137	#
71	5566214	7	56	90	98	147	158	188	193	223	228	#
72	1411906	92	163	180	#
73	746222	183	#
74	1662869	74	197	#
75	797737	187	#
76	973090	84	#
77	1367164	70	89	143	#
78	1915488	48	72	#
79	914401	21	#
80	909809	122	#
81	850638	185	#
82	610349	8	#
83	314520	144	#
84	1917033	22	101	#
85	917748	48	#
86	2008073	51	77	84	120	171	188	#
87	749930	7	#
88	636773	220	#
89	2447981	4	17	94	247	#
90	831105	171	#
91	997783	28	#
92	4261675	7	20	22	190	223	#
93	2638939	32	101	179	#
94	596120	86	#
95	1265513	68	152	171	191	#
96	1037899	142	179	#
97	897122	143	#
98	3404370	5	46	49	91	159	195	#
99	2500740	8	40	53	70	119	127	#
100	5163255	13	37	51	55	77	126	198	205	#
101	1878783	27	108	190	249	#
102	710315	132	#
103	737541	251	#
104	3582339	29	114	161	169	175	198	210	#
105	905046	74	#
106	864918	124	#
107	942291	158	#
108	950636	254	#
109	607132	38	#
110	960494	46	#
111	897229	13	#
112	525371	51	#
113	3536483	124	185	191	249	#
114	1960801	111	190	#
115	1337057	32	248	#
116	5922775	4	12	76	157	168	183	248	#
117	1073911	70	148	#
118	995146	202	#
119	2696029	74	98	211	#
120	605573	221	#
121	3164766	17	63	115	125	185	251	#
122	1485308	59	170	#
123	886389	27	#
124	978019	146	#
125	1226771	102	124	176	#
126	1994838	112	115	#
127	6070721	17	56	89	125	162	189	190	#
128	861855	73	#
129	2527545	160	170	196	252	#
130	973659	56	#
131	784882	62	#
132	956299	241	#
133	944815	121	#
134	4171743	44	104	111	175	184	#
135	5934426	32	112	180	216	233	235	238	#
136	2766995	124	180	181	#
137	974768	219	#
138	1490621	107	137	150	161	203	245	#
139	554318	112	#
140	845007	5	#
141	280921	30	#
142	929530	197	#
143	729154	138	#
144	643001	211	#
145	405956	117	#
146	787519	223	#
147	827099	237	#
148	987645	71	#
149	1864331	15	86	#
150	801853	109	#
151	1251446	18	61	#
152	1465933	218	227	#
153	1929181	233	245	#
154	958748	91	#
155	7715440	14	43	78	122	132	136	177	194	202	225	#
156	672474	128	#
157	808137	29	#
158	5801315	29	87	103	117	140	228	#
159	2138937	19	66	208	#
160	3840794	41	107	150	179	193	#
161	888229	145	#
162	731573	178	#
163	7585558	10	42	51	60	102	134	197	231	#
164	1649598	126	155	163	#
165	1881332	68	80	119	128	155	199	#
166	2458104	68	80	181	197	221	#
167	1656102	81	86	103	241	#
168	1347342	192	212	#
169	4522964	46	105	209	224	248	#
170	818707	234	#
171	887609	53	#
172	2828652	9	18	34	85	249	#
173	2494108	0	4	10	207	#
174	1043134	147	172	183	184	207	#
175	2109783	88	185	209	#
176	676993	205	#
177	677087	101	#
178	5488609	48	67	98	106	113	251	#
179	996937	44	#
180	1635505	165	200	#
181	1587207	46	169	252	#
182	3819562	22	175	216	227	#
183	2731112	72	106	187	220	#
184	2248196	1	5	115	#
185	2909704	188	240	253	#
186	686755	208	#
187	732937	177	#
188	819329	125	#
189	787526	54	#
190	3900219	7	134	229	238	#
191	889411	67	#
192	1363227	31	209	#
193	1479214	26	71	89	#
194	1529402	145	210	#
195	910771	193	#
196	2346106	4	7	112	#
197	1258332	58	92	218	#
198	2929969	48	145	222	#
199	3318823	18	31	61	174	203	250	#
200	859131	174	#
201	1766574	13	124	222	#
202	5181044	33	58	123	140	185	189	206	207	228	246	#
203	2607079	52	94	115	129	#
204	1598694	41	52	146	#
205	3834036	49	70	98	164	186	#
206	1856670	83	100	157	#
207	552890	180	#
208	1700596	33	175	#
209	823384	94	#
210	2122104	3	89	132	175	246	#
211	425641	239	#
212	1905504	100	213	#
213	4726270	65	85	124	162	244	#
214	982328	154	#
215	1039943	95	159	#
216	950617	179	#
217	1909563	88	103	#
218	2685234	49	77	176	#
219	996112	72	#
220	814607	214	#
221	1590160	9	21	163	#
222	1361404	98	131	219	#
223	2838834	129	212	225	#
224	2964621	90	127	152	#
225	4122521	48	90	95	105	235	#
226	2498187	142	148	222	#
227	1606521	161	189	#
228	3619604	112	125	202	236	#
229	2522866	109	110	250	#
230	972737	33	#
231	47527	41	#
232	989660	152	#
233	1801274	90	114	#
234	494745	60	#
235	949218	30	250	#
236	573957	212	#
237	965433	207	#
238	6462544	7	46	99	137	194	205	219	230	#
239	1796220	8	22	55	76	127	245	#
240	2870377	109	113	195	#
241	910941	253	#
242	886360	80	#
243	2876714	10	51	226	#
244	911734	227	#
245	909850	100	#
246	168503	246	#
247	3613865	6	13	16	125	200	#
248	924841	20	#
249	3151136	31	53	56	87	153	#
250	878239	31	#
251	528985	168	#
252	2420782	1	94	101	#
253	992769	113	#
254	942472	82	#
255	1572020	41	101	213	#
256	2565794	9	48	168	#
257	828954	45	#
258	1600553	4	43	#
259	1358081	67	109	#
260	1286090	54	87	255	#
261	1950988	134	250	#
262	1370828	108	164	180	#
263	776573	36	#
264	678152	250	#
265	786423	155	#
266	458447	99	#
267	2482782	77	207	245	#
268	1266905	72	170	#
269	1241330	7	120	148	187	#
270	1536870	54	56	#
271	1779155	87	97	171	218	#
272	829182	164	#
273	2465209	18	54	63	127	#
274	926461	130	#
275	896347	209	#
276	341315	160	#
277	2554112	56	89	123	146	#
278	2178005	70	95	153	165	#
279	1238792	89	203	#
280	2198256	28	94	137	#
281	2405110	71	143	206	247	#
282	861517	140	#
283	633588	215	#
284	646087	224	#
285	959286	210	#
286	983032	1	#
287	994166	111	#
288	960563	70	188	#
289	1111403	4	159	#
290	2891687	106	165	173	200	#
291	2898870	114	180	217	#
292	1242549	185	235	#
293	1959358	83	181	#
294	964687	67	110	150	#
295	471045	120	#
296	1030535	107	175	#
297	882877	32	#
298	699850	79	#
299	2671687	44	82	120	#
300	4819839	2	97	153	159	168	244	#
301	1296275	18	96	#
302	661102	114	#
303	3092558	3	43	84	115	209	#
304	673622	248	#
305	3356037	41	139	184	245	#
306	779203	35	#
307	870705	60	208	#
308	933595	47	#
309	3793933	1	56	73	109	199	#
310	863682	129	#
311	2636567	32	42	238	#
312	1631357	74	239	#
313	786625	226	#
314	594458	9	#
315	1898569	67	180	#
316	995321	136	#
317	2176991	91	114	226	#
318	6239880	10	17	20	53	64	111	169	173	#
319	4023339	2	4	22	44	86	116	132	245	#
320	2753471	5	22	126	#
321	1322079	54	114	#
322	237030	184	#
323	1990356	66	193	212	#
324	1025318	88	200	#
325	973669	90	#
326	937003	192	#
327	805989	245	#
328	3364849	66	94	200	202	#
329	1756597	233	244	#
330	2438018	116	207	228	251	#
331	694187	78	#
332	3525591	46	162	171	200	215	#
333	3773053	47	145	162	203	#
334	5240037	58	94	141	152	221	231	#
335	1035444	23	132	#
336	1231308	74	96	#
337	1039234	47	106	#
338	3069453	13	34	68	141	#
339	1075970	93	221	#
340	3488054	176	183	211	251	#
341	4350309	45	77	118	150	176	193	232	#
342	993408	93	#
343	2609687	51	119	199	#
344	3247104	93	142	163	241	#
345	3849481	112	230	235	244	#
346	1156135	58	81	#
347	374506	81	#
348	766573	64	135	#
349	1197016	9	185	193	#
350	1090915	67	156	208	#
351	1300307	102	249	#
352	1109750	135	228	#
353	998856	229	#
354	1759471	17	56	58	88	104	#
355	3069585	26	127	197	222	#
356	1096331	125	167	199	#
357	1776294	67	164	#
358	771798	235	#
359	2049529	45	52	82	232	#
360	4320697	42	124	126	147	162	187	232	#
361	1183626	109	166	249	#
362	1582038	45	189	#
363	999539	142	#
364	1668196	33	140	255	#
365	987350	83	#
366	1806525	3	119	247	#
367	868845	12	204	#
368	3860969	21	123	138	240	#
369	1041327	80	182	#
370	2124754	21	84	206	#
371	739593	110	#
372	1212150	3	183	195	199	#
373	5416674	38	103	176	181	234	249	#
374	742112	66	#
375	4814249	12	14	23	76	140	204	#
376	1661698	100	117	155	178	#
377	1594295	212	236	247	#
378	1074297	73	225	#
379	916141	191	#
380	1529798	96	202	#
381	2971399	12	20	44	46	64	76	104	135	148	231	235	248	#
382	1777619	25	174	#
383	1332455	33	129	176	214	#
384	992447	134	#
385	2543582	34	149	199	222	240	#
386	1756972	5	160	#
387	5335401	3	45	64	124	130	198	199	204	#
388	1480743	63	72	120	150	#
389	450927	119	#
390	1262848	72	169	#
391	1394443	66	123	#
392	1407746	59	62	201	#
393	3212230	15	38	49	56	57	118	123	133	154	#
394	1823393	29	223	245	#
395	1779442	79	126	157	#
396	685449	176	#
397	1406090	17	196	#
398	1098456	22	115	#
399	855829	236	#
400	983015	17	#
401	625560	116	#
402	1779214	66	136	171	197	#
403	1080215	31	60	218	#
404	915598	59	#
405	943712	3	#
406	1712325	60	121	#
407	4366489	41	60	68	80	106	147	177	220	#
408	2737848	25	65	186	#
409	1880179	138	232	#
410	1028461	12	69	81	#
411	743731	23	#
412	2346543	31	60	70	79	87	89	159	181	218	227	#
413	2369566	106	152	160	#
414	2522150	30	101	163	#
415	1872637	185	225	#
416	583924	50	#
417	2334650	72	135	140	#
418	1998330	48	189	#
419	1474012	19	109	#
420	2986039	93	108	180	204	#
421	3813730	187	223	226	242	#
422	2588895	6	25	185	252	#
423	1110272	42	163	#
424	731943	156	#
425	1329953	18	142	#
426	707173	6	#
427	763580	39	#
428	1231019	68	121	181	221	#
429	2546559	6	56	112	157	173	202	#
430	1260945	24	227	#
431	1627084	4	144	#
432	2110240	38	133	148	#
433	1822438	13	136	#
434	942417	228	#
435	2234637	23	137	138	223	#
436	1894329	54	74	112	155	227	#
437	768478	213	#
438	882554	126	#
439	1708837	24	126	186	#
440	783874	247	#
441	922366	161	#
442	2923768	40	180	250	254	#
443	1510487	1	83	134	179	203	212	#
444	1062395	27	229	#
445	981658	88	#
446	1354107	178	232	#
447	964208	34	#
448	2978075	25	60	133	153	#
449	4478702	33	131	145	208	221	251	#
450	830972	231	#
451	1088557	40	248	#
452	1115487	78	87	#
453	861288	12	79	#
454	484406	14	#
455	793666	12	#
456	2120557	71	119	129	#
457	1092524	6	121	245	#
458	1725319	93	170	#
459	1568649	11	17	59	94	95	122	130	138	#
460	1681202	70	207	#
461	1919398	79	168	185	#
462	4867312	19	54	142	158	160	219	253	#
463	2141140	157	212	254	#
464	4478544	26	80	88	163	216	#
465	949959	11	#
466	883497	163	#
467	1522972	33	230	#
468	3374113	74	122	217	253	#
469	9300986	6	7	29	33	40	51	125	145	152	161	#
470	1459651	28	121	#
471	992864	50	114	248	#
472	920028	0	#
473	2683979	152	237	250	#
474	1727824	182	210	#
475	2391559	87	228	234	249	#
476	1837429	11	206	#
477	870544	85	#
478	2062632	46	85	115	130	#
479	5609267	15	44	46	133	137	138	228	#
480	930972	70	236	#
481	793342	172	212	#
482	696850	49	#
483	2234357	172	187	246	#
484	2062625	25	40	190	#
485	2580635	41	140	162	205	245	247	#
486	1480174	68	117	#
487	949244	206	#
488	1701508	104	243	#
489	1881255	51	110	#
490	1892526	59	133	181	#
491	1660529	178	185	#
492	1495814	10	19	#
493	907200	77	#
494	1594513	120	214	#
495	893406	118	#
496	1393411	103	150	#
497	2097431	8	31	164	#
498	1322075	19	235	#
499	1406138	21	24	146	244	#
500	1583493	126	160	191	#
501	563918	41	120	#
502	2632340	33	34	79	102	#
503	1353291	51	83	97	220	#
504	831123	153	#
505	889186	73	141	245	#
506	3679441	5	17	27	198	237	#
507	1475136	131	174	#
508	1926189	211	249	#
509	2902807	78	84	90	#
510	603062	203	#
511	1118558	83	134	156	#
512	3301131	13	22	54	94	141	#
513	164293	201	#
514	823191	243	#
515	858253	162	#
516	4456560	18	44	70	151	154	175	#
517	994939	139	#
518	741229	69	#
519	3013193	9	58	85	118	173	#
520	1334202	94	202	#
521	165167	131	#
522	1003688	69	185	233	#
523	3038278	27	97	106	121	151	156	182	228	#
524	3569843	173	199	228	239	#
525	5351346	7	46	162	163	164	239	#
526	1724605	50	148	#
527	1655984	21	161	#
528	1963493	32	195	#
529	3627960	70	159	170	212	#
530	1007864	33	103	128	#
531	1001939	24	176	#
532	2197829	46	147	185	#
533	1873261	129	240	#
534	545463	123	#
535	4784488	49	69	82	144	147	157	183	195	208	#
536	1313553	41	143	214	251	#
537	1232019	71	189	205	#
538	1373750	49	58	#
539	1815010	8	43	122	187	227	#
540	1673831	24	165	#
541	1845365	76	202	#
542	999632	39	120	#
543	3351054	105	139	181	233	#
544	423254	135	#
545	2110726	81	219	249	#
546	1669578	77	125	227	#
547	1279313	6	152	#
548	3745657	4	105	119	195	207	212	221	#
549	885061	196	#
550	369024	200	#
551	1329841	1	242	#
552	1422723	9	52	211	#
553	1448098	146	166	181	#
554	2128867	115	169	227	#
555	1329199	99	219	#
556	4396749	118	123	170	174	243	#
557	934229	151	#
558	1546438	36	66	71	93	146	206	234	#
559	1053356	169	194	#
560	1749682	59	88	#
561	1415088	169	233	#
562	3122696	128	136	195	249	#
563	820336	217	#
564	833749	86	165	#
565	1739511	39	137	#
566	3602185	31	61	97	143	#
567	910335	181	#
568	3443510	67	91	168	215	227	#
569	2335424	27	46	215	#
570	4788712	45	53	65	209	248	#
571	5071317	71	99	152	159	173	184	189	220	#
572	909171	51	190	250	#
573	1965187	121	143	#
574	8649780	14	50	106	110	114	144	161	175	216	232	#
575	515361	89	#
576	864236	45	52	226	#
577	1264096	39	154	#
578	2396116	8	38	127	#
579	982422	82	181	218	#
580	1860402	90	93	143	#
581	2387204	48	68	99	154	157	#
582	329929	172	#
583	1461798	29	125	#
584	1389120	130	158	#
585	970016	26	#
586	617649	115	#
587	1485864	117	232	#
588	936789	175	#
589	1635616	2	207	#
590	648613	189	#
591	2664958	86	101	167	218	#
592	2510313	182	193	211	212	#
593	3572920	9	109	134	198	#
594	2921088	9	117	118	171	#
595	1634397	63	91	133	176	#
596	1955153	9	99	#
597	1864502	35	188	#
598	2224246	9	15	24	147	236	#
599	1815640	79	82	130	181	#
600	2856384	108	119	129	142	#
601	2841434	2	75	92	129	194	199	249	#
602	1665752	187	238	244	#
603	2438256	48	106	158	#
604	1646062	124	126	#
605	3949342	149	178	228	249	#
606	2564680	18	37	88	#
607	2830205	20	69	101	133	166	171	209	233	#
608	854112	14	164	#
609	993673	43	#
610	755020	182	#
611	2467271	90	231	240	#
612	2476562	125	164	219	#
613	4565309	79	99	103	156	166	169	218	#
614	7961710	12	14	62	69	103	169	224	232	#
615	4567548	55	131	175	198	204	252	#
616	1360016	22	215	236	#
617	1560873	13	128	#
618	1161363	161	175	207	254	#
619	2050791	53	58	81	143	220	#
620	5249542	77	86	145	177	225	253	#
621	6470256	15	16	37	49	165	225	251	#
622	922172	79	178	#
623	1369229	54	127	#
624	1679676	159	228	#
625	910186	171	243	#
626	1435268	115	138	#
627	2703595	103	180	199	#
628	718649	222	#
629	3603520	54	117	136	165	174	236	254	#
630	1236882	26	92	183	203	#
631	1109475	21	111	#
632	989778	51	119	#
633	1628208	113	152	#
634	1209463	135	178	#
635	1528727	53	181	#
636	3021363	1	5	28	118	148	169	217	219	#
637	1822742	160	204	#
638	1438591	191	196	212	234	#
639	1816801	111	154	#
640	1088325	196	198	#
641	1815038	76	134	252	#
642	978189	78	108	169	244	#
643	541004	148	#
644	3939164	18	41	50	99	126	160	187	#
645	1254695	53	65	93	121	164	#
646	1248939	66	187	225	#
647	923555	252	#
648	1790532	144	222	#
649	3381231	33	55	132	172	223	#
650	2967637	29	85	235	#
651	2115577	36	88	133	#
652	1051591	78	230	#
653	727800	244	#
654	1865933	29	53	73	#
655	2992509	56	82	255	#
656	2826090	140	248	255	#
657	1519764	25	108	125	#
658	1646065	127	200	#
659	2269187	26	54	158	238	#
660	3571240	10	34	158	175	254	#
661	1143108	42	139	#
662	3592899	45	98	177	189	197	221	#
663	1044215	79	246	#
664	1106008	7	19	151	#
665	3177064	1	147	189	215	250	#
666	1383566	136	164	#
667	2270740	58	99	236	#
668	811626	176	238	#
669	892935	80	138	244	#
670	17144129	61	222	27	9	86	74	14	41	250	232	116	38	50	90	18	85	69	249	#
671	1281104	43	236	#
672	1683572	8	46	71	100	113	241	#
673	4391472	42	158	180	211	242	250	255	#
674	1148182	47	206	234	#
675	155085	166	#
676	1282379	48	255	#
677	1546718	70	227	233	#
678	900917	75	#
679	5953544	2	111	143	189	191	250	#
680	1371343	95	97	233	#
681	962531	199	215	#
682	1554015	42	91	#
683	1218807	111	131	#
684	2874787	27	156	215	#
685	3547498	16	67	158	221	222	#
686	943465	61	#
687	1470697	168	172	252	#
688	2201947	11	82	142	#
689	1306593	0	248	#
690	1001471	137	221	236	251	#
691	867350	232	#
692	3778602	83	167	207	213	#
693	1380503	16	170	232	#
694	3846392	113	186	223	232	252	#
695	3311390	118	124	139	173	225	#
696	1008998	192	198	#
697	5469755	6	29	34	39	68	94	#
698	2646787	6	96	115	144	#
699	1780433	13	138	142	158	#
700	5357974	112	136	185	189	220	251	#
701	4457333	19	74	91	96	193	208	#
702	1818440	165	180	#
703	1107330	115	219	#
704	2661292	1	18	154	#
705	504856	157	#
706	1587235	25	226	#
707	875238	149	#
708	1729217	187	223	#
709	706812	63	#
710	1892012	44	107	#
711	1946915	50	179	#
712	2148862	0	78	128	130	245	#
713	2629218	63	164	165	208	210	243	#
714	2076385	46	108	133	172	226	#
715	3506776	37	48	73	130	173	203	225	#
716	1119894	8	17	#
717	3179415	85	182	213	224	#
718	8251969	1	33	34	57	86	116	171	193	246	#
719	1193224	14	173	#
720	1918402	0	163	#
721	859902	188	#
722	1655319	35	115	#
723	1116585	47	93	#
724	1310830	163	198	#
725	1373939	79	248	#
726	983134	255	#
727	1784555	85	167	#
728	1756590	43	51	#
729	1151675	41	152	158	190	#
730	2553837	47	129	160	173	210	#
731	524375	199	#
732	2645422	116	167	168	237	#
733	2935578	49	100	182	#
734	1084906	215	216	227	#
735	1861575	17	111	#
736	548506	87	#
737	1108362	148	154	#
738	3828772	64	94	146	247	#
739	1663172	16	70	#
740	863929	218	#
741	2546245	32	87	231	#
742	1163767	54	131	#
743	3560022	29	111	127	134	#
744	1159785	99	204	207	232	#
745	1048166	162	168	#
746	2290139	4	67	179	#
747	2936795	28	37	155	#
748	920555	150	#
749	1566213	123	237	#
750	1147677	94	95	#
751	1613136	32	203	#
752	1410310	52	84	89	#
753	1049520	160	182	184	#
754	1939067	34	136	#
755	1010693	49	185	#
756	1593981	19	118	#
757	2563096	7	51	93	#
758	2223033	125	184	235	#
759	1800748	237	242	#
760	1304709	31	39	81	#
761	1814532	4	54	80	183	242	#
762	2642465	25	87	247	254	#
763	2549179	54	80	84	110	169	199	#
764	1074230	133	206	#
765	3355786	59	63	134	141	164	#
766	3480053	179	210	225	229	#
767	1206419	149	210	#
768	1703930	12	84	119	187	#
769	2669613	4	28	200	239	#
770	1577749	19	68	77	217	222	#
771	1577062	156	220	#
772	1942926	109	133	187	210	233	244	#
773	3635963	8	13	43	80	89	202	230	247	#
774	89670	37	#
775	2962279	193	201	252	#
776	1762107	128	221	#
777	1947038	44	158	#
778	3463841	19	93	178	180	252	#
779	4064483	48	95	126	189	212	#
780	1563352	51	79	#
781	3664784	12	16	243	251	#
782	1921295	51	131	#
783	1480820	49	109	141	197	#
784	1985496	177	204	224	#
785	1344492	82	186	#
786	1067849	208	236	#
787	3898660	10	36	44	55	63	93	152	#
788	845254	89	201	#
789	1420234	141	236	#
790	919474	48	122	#
791	1867894	24	58	215	230	#
792	1039846	34	244	#
793	1963300	65	113	125	171	#
794	1955591	69	170	#
795	1633139	24	140	179	#
796	2035111	72	151	184	209	242	#
797	2978930	107	111	180	187	#
798	853508	57	138	211	#
799	1033510	193	231	#
800	5497931	45	52	85	185	194	210	#
801	737980	173	#
802	1167469	5	78	194	#
803	1715816	11	81	#
804	4378506	117	129	136	155	204	#
805	1803477	189	211	#
806	2966532	118	186	203	231	#
807	967895	40	51	#
808	1441787	167	193	228	#
809	1085971	63	66	#
810	3919891	6	19	25	34	139	#
811	1772551	121	149	243	#
812	1921692	104	170	#
813	1863886	42	142	#
814	1470326	119	164	207	#
815	3496020	9	59	90	237	250	#
816	3870790	3	52	82	95	245	#
817	1549872	97	145	#
818	1547215	131	213	#
819	4200977	1	28	70	99	139	215	#
820	1421349	48	96	#
821	2815135	41	109	174	188	#
822	1239573	206	230	#
823	2345261	76	130	216	220	236	#
824	1935198	167	197	#
825	1735433	12	191	#
826	1989772	192	230	248	#
827	935923	48	147	177	#
828	2666281	100	102	165	#
829	1346071	7	19	189	251	#
830	1308293	49	80	198	#
831	8790202	20	57	70	71	104	116	150	152	183	188	229	#
832	1129536	63	136	#
833	1754111	135	199	#
834	1723882	166	222	#
835	1702640	117	170	184	#
836	1652228	57	68	#
837	3160048	107	227	250	252	#
838	1834888	53	60	119	168	#
839	1773305	24	113	#
840	3790962	45	117	140	153	191	#
841	2751119	104	180	187	#
842	1268950	73	111	#
843	2194767	12	160	217	#
844	1382149	186	215	#
845	3773267	91	113	190	221	#
846	1106498	41	52	62	71	160	#
847	1938933	28	70	76	169	#
848	3190549	30	47	114	174	#
849	1373359	192	195	#
850	1561879	32	46	163	215	#
851	1997410	62	129	143	#
852	1601329	61	139	203	#
853	1511638	79	202	#
854	1851781	18	250	#
855	4607713	12	49	55	153	207	#
856	1319748	150	161	246	#
857	1648761	31	149	#
858	1428780	42	195	#
859	1396745	63	76	#
860	1570044	199	237	#
861	4545359	54	71	155	189	229	232	#
862	1482053	120	225	#
863	1293568	118	125	163	#
864	1134791	15	188	#
865	6571236	25	30	83	146	164	179	214	#
866	1593139	33	243	247	#
867	912390	147	216	#
868	3526238	6	34	147	161	165	211	#
869	1867822	42	174	#
870	1477786	39	191	#
871	2926997	101	128	132	157	198	#
872	4009614	104	126	145	181	191	#
873	1132731	114	201	#
874	1360908	4	14	26	39	62	117	166	173	181	216	219	#
875	694831	169	#
876	2668284	105	138	198	#
877	1181643	27	164	203	#
878	2337122	98	131	173	185	#
879	1349853	51	193	#
880	4831736	8	95	103	135	233	#
881	1597164	12	244	#
882	273036	103	#
883	2823058	62	82	118	179	#
884	1923147	88	157	#
885	1631361	115	173	254	#
886	6204231	27	30	31	50	93	109	121	130	206	#
887	1319464	125	241	#
888	2720221	46	152	188	244	#
889	2037374	90	97	172	183	199	222	#
890	1152899	14	25	55	73	86	93	128	148	200	218	233	#
891	1064655	112	155	248	#
892	1864467	138	202	#
893	1592597	140	160	#
894	2622751	53	101	160	#
895	1832227	100	180	#
896	1438779	10	18	#
897	2159852	52	247	249	#
898	2584954	109	211	238	#
899	1094421	9	69	200	#
900	3500096	9	21	28	246	#
901	943397	53	94	132	182	190	192	208	233	#
902	494151	108	#
903	2987772	127	145	177	#
904	1223714	7	52	#
905	3806391	86	108	109	110	122	132	151	164	198	#
906	1247037	196	214	#
907	3748565	64	104	187	191	#
908	2603801	107	216	240	#
909	1396792	60	179	#
910	2411658	198	205	240	#
911	1326142	0	134	#
912	1855346	152	193	#
913	1225318	141	193	#
914	152185	64	#
915	1361390	58	254	#
916	1836859	128	148	183	207	238	251	#
917	2346941	12	114	206	#
918	2558309	16	157	188	#
919	3318543	15	59	87	101	129	245	#
920	2266730	4	58	138	203	223	#
921	2973231	89	146	175	#
922	1722022	35	60	79	127	137	234	236	#
923	2315308	121	154	224	#
924	3377383	81	91	95	163	#
925	1069194	10	14	108	112	189	226	#
926	1877241	17	87	#
927	891007	170	196	#
928	2328832	77	155	228	#
929	3363307	46	109	132	199	#
930	2710777	3	29	82	221	251	#
931	935655	157	200	#
932	3960662	6	94	138	169	184	#
933	823213	133	#
934	1824116	24	35	#
935	1256026	163	189	#
936	773438	8	132	#
937	2281076	56	88	122	146	153	#
938	1147822	153	190	#
939	1628443	33	34	#
940	2832773	48	129	166	217	255	#
941	1814633	11	52	#
942	1452868	15	157	#
943	1522447	56	166	188	#
944	3187392	13	18	147	158	#
945	3688821	52	84	181	203	#
946	2343791	129	153	225	#
947	1840891	64	242	#
948	2643274	15	60	153	#
949	1428126	41	240	#
950	2181665	33	36	65	#
951	1078303	9	201	#
952	2582802	70	177	222	#
953	5136802	1	27	38	70	120	150	175	#
954	2136594	23	243	247	#
955	2284492	31	76	164	#
956	2746441	75	161	166	195	202	252	253	#
957	1423434	96	135	#
958	2122962	60	210	233	#
959	1184716	99	198	#
960	1919993	101	216	#
961	464371	238	#
962	3989554	1	31	163	199	227	#
963	2359048	67	94	221	#
964	2914418	85	142	243	#
965	2282353	61	119	233	#
966	2464413	7	15	85	221	240	#
967	1663529	38	50	101	139	#
968	2490557	200	216	252	#
969	4233850	11	16	137	172	173	#
970	1624124	64	72	171	#
971	3480218	26	64	114	160	181	239	#
972	2937688	1	67	130	#
973	2474750	137	174	179	#
974	1537929	151	154	171	#
975	1924868	27	31	42	#
976	908403	16	135	195	246	#
977	1846827	251	254	#
978	4823744	120	178	183	206	239	#
979	1664630	106	112	231	#
980	3857708	48	105	209	219	#
981	1628667	8	104	#
982	1664392	23	108	142	163	#
983	1561101	38	100	#
984	1657731	33	78	80	246	#
985	1210298	58	110	#
986	1209072	31	61	#
987	3236149	35	52	56	60	#
988	1807790	120	137	172	#
989	1640365	182	215	#
990	1827261	73	176	#
991	859055	92	#
992	2111962	7	151	194	#
993	4344523	23	34	76	188	232	#
994	1859747	34	35	#
995	1308275	87	176	#
996	3342178	12	68	95	186	#
997	2419926	37	230	247	#
998	1485007	3	14	#
999	2662607	94	95	99	#
