%% File generated by CATS v.2.1Wed Jun 19 19:15:54 2013

%% The CATS webpage is http://robotics.stanford.edu/CATS

%% PARAMETER SETTINGS:
% Goods: 256; Bids: 1000; Distribution: L4; Runs: 50; Seed: 1371664511
% Legacy distribution parameters:
% Number of goods chosen according to Decay distribution (alpha = 0.55).
% Price chosen according to Linear Random distribution (low_linearly = 1, high_linearly = 1000).


goods 256
bids 1000
dummy 0

0	2263005	17	131	167	171	245	#
1	561292	172	#
2	488998	222	#
3	3113886	19	54	65	91	106	221	#
4	950090	237	#
5	3767850	5	6	10	47	70	124	#
6	1106157	2	125	#
7	798729	128	#
8	2136303	4	46	112	#
9	909178	250	#
10	962504	9	133	169	191	#
11	947463	5	25	#
12	794242	1	#
13	905057	163	#
14	826131	119	#
15	964176	154	#
16	892715	81	#
17	960532	157	#
18	933298	107	#
19	1807071	163	242	#
20	2867861	31	37	99	#
21	794084	12	#
22	1352434	68	147	#
23	1947547	140	213	#
24	3010968	26	57	60	66	136	185	218	234	#
25	548877	127	#
26	993005	40	#
27	631305	140	#
28	975480	193	#
29	1957259	13	51	56	#
30	374187	144	#
31	930185	196	#
32	924418	141	#
33	711784	170	#
34	888435	158	#
35	953034	168	#
36	1155733	46	194	#
37	52403	17	#
38	582288	62	217	#
39	3527407	2	74	113	197	199	#
40	3175395	66	172	173	184	212	#
41	853229	175	#
42	521578	76	#
43	1261976	89	249	#
44	736463	84	#
45	683084	82	#
46	731290	200	#
47	967191	121	#
48	928631	208	#
49	1902308	19	74	#
50	749361	0	#
51	1668777	35	188	#
52	3778932	105	116	143	190	250	#
53	799345	166	#
54	793582	10	#
55	705015	129	#
56	2328174	19	97	108	215	#
57	2374882	55	139	180	#
58	912396	184	#
59	890253	51	#
60	2840908	15	123	222	#
61	1607284	68	152	#
62	834221	49	#
63	462372	138	#
64	990685	227	#
65	952149	186	#
66	447908	148	#
67	991618	38	#
68	2654616	80	87	113	#
69	701056	216	#
70	980785	60	#
71	4562986	24	47	88	148	198	#
72	988607	4	#
73	1651493	34	49	56	173	176	#
74	1046356	81	162	#
75	642264	192	#
76	8154920	13	71	98	104	155	172	178	195	214	218	240	#
77	1402635	73	84	#
78	852637	53	#
79	59254	228	#
80	739065	9	#
81	454188	41	#
82	1482540	16	31	138	#
83	1946403	31	68	172	#
84	974516	43	#
85	622862	58	#
86	2240397	35	191	231	237	#
87	1276156	156	184	#
88	328577	153	#
89	832492	215	#
90	1682830	46	75	86	174	251	#
91	1137167	33	169	184	#
92	2308430	77	87	165	#
93	1542656	36	165	#
94	914827	106	#
95	603662	148	217	#
96	4488607	66	124	132	139	193	#
97	826819	234	#
98	4108667	16	17	21	25	137	#
99	1229363	38	98	#
100	914121	88	#
101	772939	131	#
102	805759	95	#
103	913013	117	#
104	591918	15	#
105	273313	142	#
106	1448251	4	96	#
107	979481	103	#
108	391276	80	#
109	823927	239	#
110	607872	11	#
111	2954787	23	165	235	#
112	965618	24	#
113	3271119	41	56	177	232	#
114	818414	92	#
115	921915	201	#
116	744244	135	#
117	640695	111	#
118	1210348	166	171	#
119	420918	74	#
120	653882	245	#
121	936196	22	81	#
122	720639	105	#
123	1522348	119	136	148	#
124	1539309	23	141	#
125	3107284	40	175	184	205	225	232	251	#
126	771867	54	#
127	912126	167	#
128	1801845	14	55	131	#
129	940475	202	#
130	796205	130	#
131	986373	33	72	115	132	133	196	233	236	#
132	1939860	21	34	#
133	2605883	10	65	87	#
134	1255323	187	191	#
135	946935	180	#
136	5246917	61	99	106	134	152	178	#
137	931282	214	#
138	1905289	86	127	#
139	1680688	63	147	195	#
140	813822	230	#
141	2552968	131	135	242	#
142	962182	123	#
143	897506	254	#
144	673064	195	#
145	1984501	30	80	110	173	224	#
146	1903806	111	199	#
147	1762303	168	173	212	#
148	1990896	68	130	195	248	#
149	813942	28	#
150	992855	35	#
151	744255	178	#
152	1962435	60	96	149	#
153	1955549	13	62	130	243	#
154	939154	56	#
155	1975425	32	158	204	#
156	2324189	23	63	163	#
157	964693	13	129	197	#
158	3054803	14	21	27	237	#
159	860865	73	#
160	1142952	45	55	112	191	#
161	1603608	9	79	108	#
162	2598497	20	92	141	#
163	999862	241	#
164	2320588	20	47	70	94	134	149	150	179	192	247	#
165	1959886	165	210	223	224	249	#
166	2413485	34	143	144	151	#
167	618244	171	#
168	4821656	26	29	50	57	97	101	107	166	213	227	255	#
169	4731462	19	98	159	164	165	196	212	242	#
170	2301352	3	25	34	65	102	#
171	915655	181	#
172	984766	85	#
173	856853	97	#
174	2266961	107	158	219	226	#
175	700638	156	#
176	817458	93	#
177	764832	205	#
178	1420345	5	8	171	227	#
179	1006697	19	92	#
180	972290	136	#
181	4042376	30	53	70	108	125	204	#
182	961175	61	#
183	1231798	169	217	#
184	908071	101	#
185	2399622	32	76	133	211	#
186	742765	68	#
187	1440813	87	167	188	#
188	1491637	65	82	128	188	226	#
189	1249705	75	101	152	#
190	1831449	134	153	#
191	981446	60	192	#
192	780330	52	#
193	682730	5	#
194	1635061	161	206	#
195	1355237	56	178	#
196	991161	118	#
197	855693	199	#
198	1089776	63	155	#
199	857672	206	#
200	1499496	34	104	172	#
201	649791	94	#
202	4287597	46	128	129	204	236	239	#
203	808585	50	#
204	949689	177	#
205	1956498	32	145	152	251	#
206	633573	191	#
207	3480565	20	37	78	98	114	161	#
208	1725115	19	24	35	40	108	118	129	151	191	197	216	243	#
209	912815	29	#
210	907130	145	#
211	999731	106	248	#
212	665263	7	#
213	964760	27	#
214	968240	159	#
215	2274135	67	88	120	#
216	894135	236	#
217	3704228	66	143	151	187	209	#
218	802005	100	#
219	2731182	12	36	213	#
220	2535290	6	126	168	#
221	924284	223	#
222	1263369	48	231	#
223	981932	9	58	186	244	#
224	2655601	67	173	236	#
225	1758240	60	139	232	#
226	1608044	90	145	152	204	211	#
227	936110	253	#
228	1903745	109	138	#
229	2031789	122	191	211	#
230	579372	132	#
231	985090	33	#
232	754377	75	#
233	4730360	18	58	104	117	179	#
234	895443	36	#
235	835987	14	17	191	#
236	1795846	48	125	150	155	161	167	#
237	2336477	83	89	171	#
238	1097038	112	206	#
239	1746141	77	120	127	164	202	#
240	2886628	21	23	170	217	#
241	935656	90	#
242	2932501	85	127	242	#
243	623058	194	#
244	992912	242	#
245	879238	116	#
246	886605	232	#
247	140365	240	#
248	940153	104	#
249	1049766	12	237	#
250	3186400	16	115	141	187	230	#
251	721652	150	#
252	683709	244	#
253	1053976	94	233	252	#
254	1303242	19	32	#
255	1929517	96	227	239	#
256	1801968	65	150	#
257	976603	134	#
258	1893227	28	69	81	#
259	770682	203	#
260	1853778	34	192	213	#
261	481792	190	#
262	1907798	169	247	#
263	1093443	54	78	#
264	1435684	33	75	203	#
265	773580	137	#
266	1537838	62	190	#
267	519571	204	#
268	3269636	14	25	62	81	97	163	196	252	#
269	915710	99	#
270	3589024	65	159	162	249	#
271	1161941	105	144	#
272	979159	49	104	140	188	191	#
273	60885	151	#
274	2180593	111	159	167	#
275	3058605	27	117	138	152	166	#
276	1952834	24	120	#
277	2673408	36	69	182	221	242	#
278	915940	210	#
279	4823276	24	39	54	124	134	157	183	213	#
280	1594543	15	125	158	#
281	1633468	6	87	117	159	168	#
282	3389640	38	91	117	145	#
283	800163	14	#
284	1951387	42	151	#
285	3993539	12	53	95	245	#
286	1323191	71	146	#
287	1176129	16	218	#
288	1428803	43	143	184	200	228	#
289	2613285	217	235	247	#
290	1079309	37	208	#
291	609746	147	#
292	3505279	2	164	186	237	#
293	1557713	19	171	#
294	767990	55	#
295	698006	213	#
296	992394	182	#
297	786019	91	#
298	1918896	45	189	#
299	1439237	120	131	214	226	247	#
300	1995166	94	225	#
301	1817919	41	196	#
302	952839	161	#
303	868809	179	219	#
304	1419629	24	26	#
305	1725630	159	163	#
306	928381	1	135	#
307	1660623	59	200	#
308	972400	3	52	73	90	120	200	250	#
309	3810787	2	118	155	246	#
310	131849	217	#
311	1815973	200	203	#
312	2470340	36	39	159	#
313	1878445	56	79	#
314	1692099	143	230	#
315	844515	19	#
316	2597873	44	79	148	201	205	212	213	#
317	990734	4	216	251	#
318	837259	98	#
319	2908916	8	101	178	#
320	3821232	57	60	95	153	169	248	#
321	864238	207	#
322	1718868	34	82	107	161	#
323	1124246	149	179	#
324	1869136	180	254	#
325	3896168	211	227	231	241	#
326	1279740	17	127	140	248	#
327	1955900	22	214	218	#
328	518747	233	#
329	597401	114	#
330	1706280	34	45	118	#
331	4377646	31	93	179	192	196	#
332	1879784	23	95	164	210	#
333	1008710	36	203	#
334	1181456	15	99	112	#
335	1204936	31	94	183	#
336	4838171	2	139	156	198	250	#
337	4050192	60	94	141	158	164	239	#
338	795870	146	#
339	1246331	133	211	#
340	1963982	1	26	98	#
341	2157558	66	81	102	208	#
342	1932916	13	31	96	114	158	165	167	232	249	254	#
343	3414739	61	97	132	254	#
344	4960810	0	51	70	148	157	221	#
345	837174	77	#
346	1781970	116	223	#
347	808177	112	#
348	926765	3	95	153	#
349	1082727	64	100	196	#
350	1442803	38	189	192	#
351	873539	0	119	#
352	1327823	174	183	#
353	1320403	7	157	#
354	1958952	5	149	182	#
355	556159	71	#
356	377298	3	#
357	482518	8	#
358	1823749	101	255	#
359	275059	67	#
360	3221168	101	121	157	161	221	#
361	1983273	7	90	161	#
362	1377899	126	141	#
363	1402563	151	174	#
364	2374404	40	120	162	#
365	5837019	7	21	62	125	146	212	#
366	1131936	4	92	170	213	#
367	622026	30	#
368	969276	205	232	#
369	1370205	163	252	#
370	294811	122	#
371	978493	126	#
372	2164300	9	40	112	230	#
373	900572	21	#
374	2859552	17	154	192	#
375	762834	89	#
376	1050899	54	161	#
377	1030007	26	83	#
378	768396	125	#
379	3691287	51	134	142	171	246	#
380	4073415	51	73	129	183	192	#
381	1957712	23	64	127	157	233	#
382	1491433	1	244	#
383	234390	169	#
384	699885	70	#
385	910620	32	#
386	937421	65	#
387	1301720	63	122	#
388	2856686	63	151	185	235	#
389	1525519	1	123	252	#
390	883530	226	#
391	3576619	28	147	190	227	#
392	887436	185	#
393	3982303	17	39	70	102	120	#
394	2962809	8	11	123	169	196	#
395	2848752	39	99	154	#
396	2759844	137	154	250	#
397	2349625	69	178	200	#
398	1957804	134	255	#
399	1387793	215	231	242	#
400	2180754	93	108	161	184	#
401	2071533	26	131	227	#
402	1231127	96	191	200	205	#
403	2707149	16	59	99	212	#
404	2439455	80	100	120	#
405	740829	22	#
406	2234268	37	77	85	237	#
407	1350910	42	103	156	199	242	#
408	966780	59	207	#
409	2853418	17	218	234	#
410	828516	66	140	#
411	2678977	2	43	69	90	#
412	518360	124	#
413	3229089	86	119	140	246	#
414	870036	87	#
415	950572	26	#
416	841019	152	#
417	469613	162	#
418	994896	40	98	113	159	208	249	#
419	2196681	116	154	166	#
420	4082990	1	26	59	147	232	#
421	887211	116	140	#
422	966186	11	36	51	224	#
423	1683214	49	69	107	187	193	#
424	2042003	65	98	150	169	#
425	1094462	137	253	#
426	2515439	21	45	108	209	#
427	2170623	32	99	227	248	#
428	1427589	81	157	#
429	1239610	95	156	236	#
430	2698181	125	140	198	#
431	1762566	61	67	169	#
432	2700461	63	105	165	#
433	4790699	8	74	91	107	219	#
434	533801	66	#
435	1041208	35	47	146	250	#
436	1479160	17	185	#
437	4924553	0	87	128	151	156	161	#
438	1288132	152	160	168	#
439	5328722	34	39	40	48	69	114	192	#
440	2683851	29	64	111	187	216	#
441	1808026	57	233	#
442	991403	27	75	127	240	#
443	521168	20	#
444	772574	243	#
445	883639	174	#
446	2752670	182	186	225	#
447	4775585	66	74	115	135	153	#
448	1004218	151	176	236	249	254	#
449	1337809	80	220	224	#
450	2211598	1	7	128	152	#
451	4045670	27	50	72	94	96	132	199	#
452	1749878	85	248	#
453	2524012	16	146	164	238	#
454	914913	231	#
455	1562743	41	255	#
456	1574149	140	164	#
457	569679	44	#
458	1828144	116	148	193	#
459	3297569	55	162	209	219	240	#
460	722531	80	132	#
461	1845882	237	246	#
462	1028802	34	178	#
463	2799323	84	206	238	#
464	1177723	19	20	40	83	214	239	#
465	5303720	6	65	67	177	202	228	230	#
466	784389	59	#
467	1318315	10	140	162	#
468	1100725	23	26	58	187	#
469	1666598	77	243	#
470	1082968	47	161	#
471	327477	235	#
472	2962239	1	32	110	230	248	#
473	2775354	7	119	197	#
474	1780235	120	194	#
475	3223221	2	8	121	180	#
476	3745821	115	117	187	194	226	#
477	1675715	75	169	#
478	733611	150	170	#
479	908876	48	#
480	1642750	129	168	#
481	1610830	109	167	#
482	1107541	133	171	214	249	#
483	1423981	166	191	242	#
484	793935	34	#
485	186059	187	#
486	852673	16	#
487	1749737	47	136	151	#
488	767665	212	#
489	875204	57	#
490	464341	179	#
491	1468484	27	149	151	166	#
492	1710948	140	198	#
493	1366126	88	94	233	#
494	1526588	101	146	245	#
495	1120297	6	41	227	#
496	683548	110	#
497	1799009	136	240	#
498	3200112	33	126	167	255	#
499	883570	66	209	#
500	943174	49	79	200	254	#
501	2168769	8	21	32	61	144	161	190	249	#
502	1768128	208	214	#
503	1904163	150	159	#
504	1127235	138	148	182	#
505	2748551	4	56	134	151	#
506	4133292	1	21	45	68	109	124	159	181	205	229	241	#
507	2510879	33	51	66	150	235	#
508	849680	55	77	#
509	1899524	23	108	195	#
510	1945698	27	29	77	159	199	#
511	4506910	10	18	21	197	249	#
512	2183551	101	154	208	#
513	3602046	37	57	74	112	169	179	182	196	210	238	249	#
514	912775	197	#
515	2257157	171	182	196	#
516	4984691	11	22	56	65	140	190	#
517	1420048	127	167	175	#
518	2751223	85	97	230	#
519	1496780	121	194	233	#
520	2713453	15	121	167	238	#
521	667859	69	#
522	3265906	8	98	104	125	161	185	247	#
523	1896773	100	172	#
524	1231656	69	184	#
525	7064098	10	31	34	37	54	143	150	203	233	243	#
526	3998275	144	147	224	244	#
527	1313488	50	166	#
528	543634	249	#
529	1565706	39	206	#
530	1661747	0	199	#
531	4723940	16	76	98	150	196	198	#
532	997611	18	#
533	641987	162	240	#
534	1222883	81	249	#
535	1061750	74	134	#
536	2918699	6	17	69	165	#
537	2980614	63	148	222	#
538	497249	108	#
539	5765818	27	40	67	86	143	154	232	#
540	2345828	104	123	196	219	246	#
541	2721016	181	230	232	236	#
542	1655348	132	145	218	241	#
543	1767461	5	11	177	222	#
544	2913224	54	94	152	#
545	1029052	87	165	169	190	235	#
546	788776	176	#
547	1917935	98	178	#
548	940168	165	#
549	1239255	118	197	#
550	747765	221	#
551	1012557	61	78	#
552	1083672	54	194	233	#
553	2940188	2	210	229	#
554	900867	86	#
555	986713	23	195	228	#
556	1712196	149	221	#
557	1440199	172	201	#
558	1462093	108	193	#
559	922616	209	232	#
560	58471	149	#
561	595607	102	#
562	2937887	21	223	229	#
563	833847	131	155	204	#
564	988931	255	#
565	971573	146	206	#
566	1979843	67	122	188	#
567	112584	224	#
568	1226379	35	38	#
569	1950455	65	131	#
570	1915603	147	245	#
571	1339433	110	163	249	#
572	3132512	88	206	210	235	#
573	1232087	46	117	149	#
574	1773130	169	237	#
575	845929	122	203	#
576	2073050	15	76	117	224	#
577	4612605	2	39	47	108	135	138	143	183	#
578	618137	155	#
579	801893	252	#
580	1201803	77	170	#
581	1128925	245	247	#
582	1211037	38	162	#
583	2523108	105	139	215	#
584	1196567	44	62	75	122	179	216	#
585	2366348	2	67	231	#
586	3540908	9	121	189	236	#
587	646031	83	#
588	2360131	48	122	189	#
589	1701015	18	37	113	#
590	2890511	23	24	26	103	135	162	186	211	#
591	624839	220	#
592	944064	115	#
593	908039	189	#
594	1655123	86	228	#
595	2792311	110	113	174	#
596	1394097	151	181	#
597	1157379	135	171	244	#
598	686735	79	#
599	647527	183	233	#
600	3070802	49	52	102	172	#
601	4865308	21	53	84	112	147	157	#
602	1793150	145	251	#
603	1423577	28	42	117	142	153	165	204	224	#
604	2520826	7	32	36	212	#
605	1353902	177	206	221	#
606	2191817	39	188	227	#
607	3791527	0	39	131	176	#
608	927208	13	#
609	1144771	201	229	#
610	7871383	6	40	52	56	107	163	221	230	243	250	#
611	2943492	13	148	244	#
612	1212834	90	164	171	#
613	1158602	15	106	126	159	233	#
614	797258	42	#
615	1903924	92	120	253	#
616	454600	6	#
617	480473	31	#
618	1480175	2	49	106	128	217	255	#
619	1755398	113	247	#
620	2073743	12	77	88	92	141	164	183	#
621	7696394	8	20	21	69	99	127	180	191	224	235	249	253	#
622	1825450	54	134	#
623	943330	201	204	#
624	8106540	15	47	48	71	90	118	145	190	205	#
625	592737	113	#
626	1070782	79	105	179	210	221	#
627	1048253	12	243	#
628	1547431	107	240	#
629	1551989	132	231	#
630	2954347	132	167	192	#
631	1950357	164	219	#
632	1869053	7	119	#
633	1506793	40	82	#
634	1966199	133	231	#
635	194641	188	#
636	3348781	75	126	193	221	#
637	2769517	50	108	163	252	#
638	2408538	34	44	48	72	117	162	#
639	2322121	73	82	134	#
640	2253770	120	158	224	#
641	723834	7	109	127	192	#
642	7297855	8	16	17	47	112	126	139	211	237	#
643	2069195	33	63	134	#
644	1382160	23	153	241	#
645	5995690	79	82	94	119	174	242	#
646	1467201	38	161	181	#
647	1698911	99	117	#
648	2003112	75	103	149	240	#
649	1302221	34	135	245	#
650	2035710	125	144	160	190	#
651	1422617	75	97	#
652	1929224	10	19	#
653	3084204	4	178	196	208	#
654	1218238	78	130	#
655	1727410	29	32	#
656	872281	23	#
657	2331252	138	155	169	187	#
658	934957	92	146	#
659	6669655	62	67	80	96	121	156	165	169	239	240	#
660	912416	64	#
661	4073095	86	97	132	162	183	202	243	#
662	1840996	3	87	150	217	#
663	890424	67	119	226	#
664	1987424	13	58	144	#
665	1965879	18	30	57	#
666	1621269	0	33	39	149	150	157	185	#
667	1030292	73	205	#
668	4015082	30	86	111	133	137	150	165	246	#
669	880723	139	#
670	2661988	163	169	210	#
671	3768561	21	39	108	242	#
672	3297040	80	145	201	242	#
673	1712788	42	166	#
674	1832631	171	233	246	#
675	1464912	7	168	#
676	4577690	85	119	125	196	217	243	#
677	2567745	9	141	195	253	#
678	3757118	12	44	167	170	254	#
679	564400	164	#
680	1976625	46	97	#
681	2328018	11	30	68	102	105	135	174	195	209	212	229	#
682	4269445	19	24	26	82	126	#
683	479731	219	#
684	1416881	154	189	212	249	#
685	1931963	80	89	208	#
686	3391557	33	82	130	187	228	#
687	1127244	102	214	#
688	4783707	26	29	74	135	185	237	#
689	2990793	98	148	182	#
690	819893	78	131	#
691	2169113	103	174	193	#
692	3982100	92	143	149	156	219	237	#
693	1467626	156	194	#
694	670371	143	#
695	4150246	26	86	151	219	225	245	#
696	4435779	39	62	90	115	158	#
697	2020846	41	92	113	117	163	194	195	199	230	#
698	1153411	205	243	#
699	3293548	66	98	114	213	#
700	1527935	53	132	#
701	6183868	16	45	59	79	89	107	124	202	#
702	1393454	126	142	#
703	1287230	173	194	#
704	4802994	69	74	120	158	244	249	#
705	1094395	97	227	#
706	3208601	8	113	174	244	#
707	934781	246	#
708	1389673	33	62	155	191	#
709	1977978	66	89	#
710	2682568	86	99	214	218	#
711	2221317	3	11	93	194	#
712	1471895	14	70	100	123	#
713	1397104	37	64	72	173	#
714	1711282	57	134	#
715	5425105	87	119	120	123	131	156	#
716	2473157	55	204	231	#
717	2162765	1	31	211	221	#
718	1900858	140	212	#
719	461873	160	#
720	4599908	16	76	109	121	125	195	220	#
721	3724968	63	75	150	168	188	#
722	1037609	152	243	#
723	1043427	84	156	253	#
724	1115912	14	68	105	209	237	#
725	1356870	68	123	#
726	1513689	183	242	#
727	2273659	15	74	130	165	#
728	170659	47	#
729	1225331	34	204	#
730	2641281	14	15	42	114	190	245	#
731	2144563	32	97	121	#
732	919503	98	238	#
733	2970825	160	228	237	#
734	970390	251	#
735	1647384	39	49	#
736	1365605	137	149	246	#
737	1461075	19	49	96	150	#
738	1490135	93	123	148	#
739	1948571	84	150	236	#
740	2439671	8	12	59	253	#
741	2701325	56	67	174	208	#
742	1082075	3	255	#
743	3756908	29	68	94	174	183	#
744	1806225	152	165	182	187	#
745	1350592	85	109	225	#
746	1337410	186	187	201	211	#
747	1799012	74	161	#
748	1354866	96	169	#
749	4126491	14	16	136	213	218	#
750	1250476	119	243	#
751	933744	37	#
752	7060794	24	67	101	134	155	166	177	221	#
753	8681486	29	41	52	58	73	118	120	206	223	254	#
754	1217947	118	246	252	#
755	1402970	48	52	189	#
756	934023	162	200	#
757	2586806	47	84	101	#
758	92875	45	#
759	3067150	58	90	161	204	238	#
760	1831562	23	213	#
761	1348987	77	170	189	#
762	1911168	13	39	#
763	2532880	29	201	203	#
764	855209	25	#
765	1845922	0	133	209	236	#
766	1468130	22	108	#
767	2497112	5	29	102	#
768	1968470	53	244	#
769	1050024	114	140	#
770	1838927	101	213	#
771	1473134	127	200	234	#
772	1661886	88	198	#
773	2144563	145	170	204	#
774	2351873	43	143	181	#
775	2630745	58	119	133	#
776	2216739	7	28	97	152	#
777	1477507	140	150	#
778	3206735	82	188	193	240	#
779	849318	39	233	#
780	593557	229	#
781	615762	120	183	#
782	2470511	131	192	212	#
783	1736353	178	232	#
784	5336391	57	67	82	136	193	226	251	#
785	1896696	20	73	108	194	#
786	260834	225	#
787	6851969	17	31	59	124	187	221	235	#
788	2565934	10	28	129	#
789	1293746	10	142	149	185	212	#
790	1892964	59	96	#
791	949958	211	#
792	1848131	41	106	#
793	1617067	135	214	#
794	1261929	73	101	#
795	1075552	71	84	186	230	#
796	1955310	50	243	#
797	1112858	84	199	205	#
798	1158000	24	83	125	207	#
799	1166605	159	244	#
800	3288016	115	197	213	223	#
801	1644934	215	250	#
802	2964226	17	63	226	#
803	2007904	146	153	164	#
804	528009	72	#
805	2881044	17	51	73	151	154	190	191	255	#
806	2648406	33	118	145	250	#
807	2664133	49	150	152	206	246	#
808	1742175	62	64	210	#
809	762511	133	#
810	2485008	46	162	176	231	#
811	2682347	66	85	107	#
812	3527844	19	32	79	110	223	#
813	328431	39	#
814	1233497	27	50	158	198	#
815	1373733	108	141	154	252	#
816	1523504	12	228	#
817	4368886	20	29	42	121	161	#
818	1488487	65	83	153	#
819	2182636	50	54	160	#
820	2630854	15	26	113	115	158	249	#
821	1590521	22	54	81	#
822	2013611	39	158	161	#
823	2924975	60	216	251	#
824	2980971	37	105	161	243	#
825	1137214	24	77	187	#
826	5746806	0	1	44	129	223	229	#
827	1889168	12	45	#
828	1779640	112	178	#
829	1862235	46	75	148	#
830	687633	78	#
831	4837365	16	19	26	42	68	88	111	142	214	#
832	1650076	40	103	138	235	#
833	4358347	69	90	101	185	194	199	212	#
834	1581323	60	105	#
835	1250339	50	57	107	171	#
836	1220643	9	207	#
837	1627714	34	36	65	145	189	234	245	254	#
838	5856979	95	100	114	165	169	226	#
839	2280473	79	217	234	#
840	2576296	90	93	120	213	251	#
841	4761316	26	35	103	120	165	#
842	1427110	135	230	#
843	1817325	123	234	#
844	1850846	121	174	#
845	1730705	97	181	#
846	1793386	79	216	#
847	2129693	9	143	158	#
848	3393816	65	126	136	224	#
849	1690229	179	223	#
850	2343900	1	40	155	#
851	1922706	46	213	#
852	1229804	64	114	#
853	2338915	75	146	147	224	#
854	3257241	47	113	209	221	231	#
855	1295097	42	221	#
856	2941262	35	163	250	#
857	2365864	22	95	134	#
858	2684657	11	108	207	#
859	854269	247	#
860	993024	150	185	#
861	1269023	155	193	#
862	1704910	33	100	228	#
863	1714178	82	205	#
864	2113312	40	63	248	#
865	2231114	109	164	250	#
866	1458411	141	165	#
867	836653	102	125	#
868	1982752	93	113	#
869	1353829	124	141	#
870	989747	41	46	51	187	#
871	861813	62	111	#
872	403686	62	#
873	2581792	159	161	242	#
874	1003588	84	98	169	180	211	245	#
875	3590317	56	164	196	201	#
876	1892304	33	124	#
877	2772614	16	50	68	131	#
878	897056	47	140	148	222	#
879	653516	39	109	#
880	1258581	223	254	#
881	852047	89	146	192	#
882	2854302	3	45	62	#
883	1282991	13	74	#
884	2972962	41	209	241	#
885	2972680	66	111	194	201	#
886	4179051	87	109	139	180	227	#
887	1894899	138	184	#
888	2590784	90	169	243	#
889	1929664	63	177	#
890	4597155	35	46	52	138	199	#
891	3256164	48	77	106	113	242	243	#
892	1804089	41	65	71	89	102	124	229	#
893	3992249	71	118	130	144	180	#
894	2608107	63	86	209	213	#
895	4353118	3	22	32	96	130	215	#
896	1889399	73	106	144	160	226	#
897	1283794	24	247	#
898	2971147	9	41	53	232	242	#
899	1032021	11	84	144	#
900	1163936	34	74	#
901	586030	238	#
902	1407139	27	110	#
903	5291938	35	49	68	134	240	244	#
904	2366026	165	169	253	#
905	1448216	131	242	#
906	1014856	143	209	#
907	749702	71	222	#
908	2469676	15	26	90	#
909	2228791	25	31	117	#
910	2963197	39	96	252	#
911	1446046	20	75	160	168	#
912	2598253	29	155	197	#
913	2098527	29	75	81	134	173	182	#
914	1342819	55	75	#
915	1529518	2	248	#
916	6429892	2	16	26	67	71	103	107	126	133	188	230	#
917	1248202	78	182	#
918	4805127	37	50	73	222	247	#
919	1680903	46	57	#
920	1222287	107	191	#
921	3596916	69	117	197	217	#
922	872668	218	#
923	2803695	1	189	209	#
924	1292167	15	111	#
925	1444296	56	107	123	#
926	1635966	82	182	#
927	1601002	81	109	113	221	#
928	1042792	1	146	#
929	1366531	188	223	#
930	1547708	104	219	#
931	1833931	22	179	#
932	1745346	90	135	#
933	3830288	1	44	70	210	#
934	1758956	43	233	#
935	2882534	14	174	214	233	249	252	#
936	2477404	36	58	142	172	199	239	247	#
937	1084020	121	199	#
938	2287542	15	56	103	184	254	#
939	2832741	0	18	62	98	213	252	#
940	1378840	130	233	#
941	1283945	46	117	171	#
942	2134371	136	187	240	#
943	2731991	102	142	245	#
944	1512474	199	213	#
945	1289278	17	168	#
946	2916239	3	94	95	#
947	3182197	1	19	197	238	#
948	1476150	80	90	#
949	2821758	80	156	252	#
950	2731753	42	135	190	#
951	1781631	173	178	#
952	1693451	5	95	106	204	246	#
953	1377365	76	148	#
954	735259	2	7	124	#
955	2649691	161	216	238	#
956	75209	198	#
957	1762590	127	138	229	#
958	1923840	167	224	#
959	1327306	76	197	202	#
960	2874345	5	17	92	106	130	132	151	211	#
961	1366974	22	189	216	#
962	5324547	18	124	179	210	236	253	#
963	1034095	21	162	#
964	795751	96	#
965	1122697	108	120	164	#
966	1748606	238	253	#
967	1173681	101	207	#
968	1310881	26	217	#
969	1808243	79	124	160	#
970	3653327	58	129	209	224	#
971	1106579	72	254	#
972	2446308	54	147	166	201	#
973	2023421	22	86	132	#
974	2712478	43	191	232	#
975	1256504	118	147	#
976	1701604	50	145	#
977	3258834	18	60	75	194	195	222	235	#
978	1554849	63	182	#
979	2413381	28	51	80	101	148	168	204	#
980	3260303	18	47	211	224	#
981	2290775	52	96	111	255	#
982	2230793	50	72	87	174	230	#
983	2460876	70	155	178	224	#
984	2686526	20	79	99	145	206	254	#
985	1241397	130	148	154	#
986	793126	94	151	235	#
987	2980883	111	164	178	241	242	#
988	1158584	31	42	253	#
989	1577533	36	43	52	175	190	#
990	1089305	88	134	240	#
991	1068137	97	159	171	180	253	#
992	2259144	74	129	207	#
993	1967603	1	200	228	#
994	1769251	4	13	81	87	132	#
995	1638370	21	24	132	241	#
996	2910690	38	94	147	156	192	206	240	#
997	1004914	101	133	245	#
998	1324127	97	137	151	187	#
999	1048850	2	115	#
