%% File generated by CATS v.2.1Wed Jun 19 19:15:54 2013

%% The CATS webpage is http://robotics.stanford.edu/CATS

%% PARAMETER SETTINGS:
% Goods: 256; Bids: 1000; Distribution: L4; Runs: 50; Seed: 1371664511
% Legacy distribution parameters:
% Number of goods chosen according to Decay distribution (alpha = 0.55).
% Price chosen according to Linear Random distribution (low_linearly = 1, high_linearly = 1000).


goods 256
bids 1000
dummy 0

0	3490600	105	107	142	187	#
1	699134	106	#
2	1056801	75	208	#
3	855802	109	#
4	782978	78	#
5	968701	213	#
6	1663579	40	135	153	#
7	770382	237	#
8	991307	10	#
9	903666	28	#
10	897122	92	#
11	772062	134	#
12	640944	127	#
13	1887583	116	214	#
14	8213982	25	105	124	160	196	203	206	232	249	#
15	772875	214	#
16	817968	39	#
17	957302	15	122	173	#
18	803796	125	#
19	1206235	173	243	#
20	1875658	210	216	#
21	441017	25	#
22	351268	98	#
23	829503	11	#
24	880780	63	193	#
25	2695676	33	98	143	#
26	998816	82	#
27	851643	142	#
28	979590	72	#
29	599830	65	#
30	966923	31	112	114	172	216	223	#
31	887801	150	#
32	1092229	8	182	#
33	917442	91	#
34	979343	80	#
35	886894	46	#
36	700567	71	#
37	923757	137	#
38	4064899	20	37	50	159	188	#
39	137084	187	#
40	2623098	41	81	129	229	#
41	1087220	150	179	#
42	1534725	14	16	196	#
43	1704569	2	110	152	#
44	828674	22	#
45	782190	94	#
46	1765435	84	143	#
47	1423060	67	77	#
48	685694	69	#
49	1392388	1	177	181	232	#
50	921762	87	#
51	407860	3	#
52	717711	207	#
53	3571913	2	39	125	136	#
54	992870	235	#
55	770784	23	#
56	1853501	30	125	132	153	200	232	#
57	553815	1	#
58	952313	114	#
59	925648	105	#
60	1677352	69	123	#
61	604704	252	#
62	1668508	111	243	#
63	1448953	126	182	#
64	977840	92	182	237	#
65	921534	111	185	#
66	1903098	21	244	#
67	2149446	47	79	87	#
68	986269	209	#
69	2946040	12	56	63	#
70	2210548	49	166	233	#
71	604941	143	#
72	169769	112	#
73	806368	123	#
74	3491489	22	140	209	237	255	#
75	1339538	23	35	119	#
76	1681045	21	138	#
77	849160	64	#
78	978122	9	#
79	919199	133	#
80	930429	62	132	#
81	2679098	81	84	178	#
82	827117	29	#
83	944830	88	#
84	662829	162	#
85	1809242	0	49	86	93	#
86	899025	166	#
87	771495	99	#
88	1977278	24	86	197	#
89	1800094	51	111	#
90	647390	144	#
91	2773976	46	176	195	#
92	814125	180	#
93	847883	222	#
94	963345	196	#
95	2265488	27	167	220	247	#
96	775494	158	#
97	1425595	135	163	#
98	2576123	33	34	56	#
99	4463987	65	67	70	142	158	163	#
100	1349285	19	81	#
101	844292	0	#
102	821117	111	#
103	774678	179	#
104	1665378	21	210	#
105	1503809	51	70	77	#
106	3451634	64	142	151	166	239	#
107	2658312	12	135	214	251	#
108	889151	204	#
109	977393	110	#
110	999972	34	#
111	2424223	10	38	43	160	231	245	#
112	2720885	52	129	133	169	185	#
113	952794	216	#
114	2365268	116	159	199	236	#
115	960703	175	189	#
116	839750	176	#
117	1899270	199	202	211	254	#
118	801241	160	#
119	350290	132	#
120	990571	73	123	#
121	1364088	139	182	#
122	1191988	205	245	#
123	1640318	77	100	#
124	811554	102	#
125	956612	168	#
126	987664	1	216	#
127	787451	242	#
128	1291831	4	52	#
129	2278668	100	143	197	203	233	#
130	947732	195	#
131	947893	55	#
132	797379	221	#
133	1573975	17	67	#
134	1624795	171	188	#
135	1647013	76	111	193	#
136	1875216	81	94	241	#
137	774012	218	#
138	1322841	74	216	222	#
139	349536	224	#
140	815024	205	#
141	1469755	124	238	#
142	2424182	53	87	166	193	#
143	951066	94	180	191	#
144	957501	58	#
145	810628	19	#
146	917239	163	#
147	353035	86	#
148	199969	40	#
149	751990	153	#
150	49737	203	#
151	1728965	48	49	205	#
152	278565	42	#
153	911213	44	#
154	1914481	200	219	#
155	861704	199	#
156	1539512	5	36	85	161	217	226	#
157	785258	37	#
158	936836	90	#
159	974079	16	217	#
160	745562	17	#
161	2501047	10	74	139	214	#
162	307209	198	#
163	853092	254	#
164	931456	20	#
165	686179	45	#
166	742661	234	#
167	693183	53	#
168	1007953	132	140	#
169	999741	253	#
170	1696948	12	41	63	123	#
171	937172	119	#
172	996189	13	#
173	1242214	16	28	94	232	#
174	1469748	7	78	#
175	711253	165	#
176	547874	248	#
177	863265	97	#
178	898031	115	#
179	734356	63	#
180	2233765	87	141	168	#
181	1493323	88	209	245	#
182	2099319	120	140	168	251	#
183	66266	116	#
184	614414	62	#
185	956924	60	#
186	1910025	37	143	#
187	495463	36	#
188	1075990	134	247	#
189	1134752	62	86	#
190	978143	181	#
191	908085	33	#
192	2979433	93	102	239	#
193	916235	217	#
194	636872	84	#
195	916721	73	#
196	813151	210	#
197	3021723	160	190	199	221	#
198	793607	131	#
199	259465	238	#
200	829813	243	#
201	1731468	71	105	#
202	626013	208	#
203	2998945	10	46	203	#
204	1019867	156	249	#
205	2507399	1	139	190	#
206	666044	167	#
207	536217	35	#
208	866782	232	#
209	2619808	85	128	195	#
210	1284408	80	215	#
211	1320941	77	116	#
212	310850	93	#
213	865171	145	#
214	1540557	36	113	133	159	189	#
215	2996707	1	19	29	#
216	479890	251	#
217	1607114	204	221	#
218	2298222	63	86	104	146	153	185	#
219	3435595	102	129	158	184	#
220	1766523	80	110	234	#
221	2430353	18	136	253	#
222	1222928	87	95	#
223	929584	59	#
224	4371581	119	151	173	174	188	#
225	1221087	102	215	#
226	1438336	15	42	69	136	213	238	#
227	933757	76	#
228	2112311	20	138	180	244	#
229	799128	215	#
230	941777	96	#
231	1123048	194	208	#
232	1524339	66	124	#
233	944527	130	#
234	954126	61	#
235	1461195	38	135	141	249	#
236	1350334	137	253	#
237	569289	223	#
238	1467889	14	122	#
239	2957290	54	117	144	159	#
240	1486482	12	97	100	106	116	126	#
241	1934012	82	191	251	#
242	1863114	21	98	#
243	958252	120	#
244	1271487	114	209	#
245	740020	239	#
246	1540891	67	199	#
247	921340	126	#
248	2782781	52	145	150	157	#
249	675337	249	#
250	2099893	38	135	205	#
251	1544404	110	161	185	#
252	691745	141	#
253	932534	70	#
254	1049574	63	178	#
255	827907	108	#
256	1391196	50	97	184	#
257	1526297	14	246	#
258	2764733	15	82	120	212	#
259	1845011	61	65	122	183	#
260	1980530	69	219	#
261	2223809	70	116	169	#
262	989454	49	#
263	2545828	0	4	23	180	#
264	1598069	66	71	75	182	192	#
265	1588623	13	94	104	150	185	#
266	761302	171	#
267	1549240	18	70	118	#
268	622476	202	#
269	170111	219	#
270	2591432	44	112	145	#
271	2212011	139	171	246	254	#
272	960080	67	#
273	779315	206	#
274	1561739	39	150	#
275	5169371	68	89	133	177	212	222	#
276	956770	243	247	#
277	2832970	54	95	218	#
278	789509	98	219	#
279	2615272	33	48	52	56	97	98	139	164	184	219	#
280	960160	194	#
281	923285	43	#
282	883711	7	#
283	2513421	32	119	124	234	#
284	1143952	116	194	252	#
285	3665238	91	155	162	172	#
286	1702417	4	189	#
287	2564592	55	96	143	#
288	2976321	51	125	134	218	#
289	1079171	75	140	182	236	#
290	1467172	109	182	#
291	957679	56	#
292	785387	193	#
293	1302947	81	129	#
294	2130223	15	103	149	#
295	3144634	31	70	84	137	221	#
296	993749	10	36	111	124	131	#
297	3214608	101	114	237	244	#
298	965886	85	#
299	743346	211	#
300	935492	26	#
301	294050	157	#
302	961965	169	#
303	2606829	109	118	136	#
304	2235283	112	117	192	252	#
305	600437	6	#
306	2626740	19	60	117	#
307	5205200	6	16	73	168	191	212	#
308	846925	41	#
309	2707884	5	57	230	#
310	764107	189	#
311	1569903	23	92	#
312	1642408	91	148	#
313	2505390	18	34	108	245	#
314	5718454	21	38	69	82	105	240	#
315	41061	229	#
316	808069	101	#
317	1677154	16	27	150	178	#
318	783969	138	#
319	499857	52	#
320	1905413	12	113	#
321	845218	121	#
322	5640575	5	41	53	91	99	120	140	150	244	249	#
323	1755764	194	222	#
324	77962	149	#
325	866327	211	248	#
326	1057509	114	170	#
327	649185	135	#
328	5794287	29	86	124	138	144	155	240	#
329	942565	47	#
330	1592497	86	116	#
331	984314	200	#
332	951194	186	#
333	3238166	71	77	161	232	#
334	2820777	142	144	153	183	#
335	1790223	40	72	#
336	755514	127	203	#
337	1473271	14	26	#
338	1123471	169	198	211	213	#
339	3404966	20	30	60	67	145	155	#
340	1342899	101	149	243	#
341	788966	95	#
342	2325909	46	147	172	223	#
343	4811482	20	46	96	129	213	#
344	1686282	69	229	#
345	1926435	123	185	195	#
346	987333	250	#
347	864930	161	#
348	3585919	3	78	127	178	#
349	984661	154	#
350	3576256	29	77	83	102	155	169	188	218	229	#
351	1124650	181	225	#
352	2815508	4	149	206	#
353	1177018	155	159	#
354	773228	15	#
355	3909510	58	112	128	164	187	221	#
356	2956103	18	99	106	#
357	788373	113	#
358	2927254	50	103	109	153	226	#
359	1513649	48	146	#
360	1304408	97	241	#
361	1225437	10	204	#
362	822227	159	#
363	1599237	22	78	162	254	#
364	873578	155	#
365	1529510	122	177	229	232	#
366	2669518	41	127	177	#
367	1066069	18	30	36	142	191	#
368	806537	228	#
369	971661	156	#
370	3446583	47	82	181	206	#
371	2900396	4	58	127	198	202	224	#
372	2410458	44	49	63	76	153	#
373	1520945	72	179	208	#
374	2478574	11	59	62	141	184	#
375	2361661	122	146	246	#
376	2270106	25	125	222	#
377	2444661	102	147	194	#
378	1575448	148	184	#
379	765993	177	#
380	3931265	23	73	119	145	167	227	231	251	#
381	1983195	119	221	#
382	1363121	23	69	#
383	1711948	185	238	#
384	967687	38	#
385	2443726	8	99	107	#
386	8536	8	#
387	959894	27	202	#
388	1279084	41	92	#
389	1618359	71	79	148	169	#
390	3415671	19	30	52	86	102	#
391	1852138	9	12	31	207	#
392	1329996	16	60	142	219	#
393	2146909	31	188	243	#
394	880067	17	111	124	#
395	1063351	65	129	202	#
396	1772930	76	78	99	#
397	1934433	97	247	#
398	1026834	180	183	#
399	280300	12	#
400	1536605	97	106	115	#
401	879609	129	#
402	1032512	128	162	211	#
403	928626	182	#
404	946436	233	#
405	1341428	80	222	#
406	5065682	13	59	123	124	169	227	#
407	1937778	204	234	#
408	615886	230	#
409	2229013	92	161	172	197	246	#
410	533167	18	#
411	2910674	91	125	251	#
412	876470	175	#
413	1190655	166	252	#
414	933421	42	170	243	#
415	2977281	195	212	251	#
416	2323681	31	87	129	#
417	5371719	37	41	81	113	128	153	193	#
418	1907380	1	100	#
419	975934	241	#
420	1474503	107	122	229	#
421	5756567	0	5	21	41	58	146	161	176	237	#
422	1838103	73	196	#
423	801350	173	#
424	937931	26	107	127	#
425	2598698	50	100	196	#
426	5709910	6	34	44	87	138	166	171	199	223	#
427	4869453	3	18	36	124	167	#
428	2670733	196	211	221	#
429	158570	74	#
430	1811967	180	184	#
431	909712	107	#
432	629861	103	#
433	5958887	48	51	84	155	170	182	189	208	220	221	#
434	528308	220	#
435	590839	89	#
436	915978	246	#
437	973887	130	232	#
438	2809317	36	145	150	202	#
439	1832185	39	157	#
440	1012796	28	195	#
441	2101382	22	123	182	194	#
442	2386908	98	158	203	#
443	1522473	78	82	#
444	2410584	50	79	81	82	100	#
445	625848	151	#
446	8443813	18	57	79	80	140	146	165	172	185	207	#
447	2171129	124	134	142	#
448	2857323	94	156	245	#
449	1779349	170	206	#
450	2341191	25	47	89	95	#
451	1719812	72	123	#
452	1718965	38	78	128	177	184	202	#
453	1554173	117	191	#
454	1649755	91	210	#
455	897710	255	#
456	1106687	45	163	#
457	1522279	34	124	231	#
458	759898	4	#
459	5647028	2	20	95	118	246	250	#
460	1424791	150	175	#
461	1652060	90	195	213	251	254	#
462	1885338	64	143	#
463	2570389	60	109	150	180	#
464	1553940	18	121	#
465	849614	0	84	#
466	2048835	26	120	162	#
467	1882954	18	63	#
468	408450	201	#
469	1387293	143	157	#
470	2181700	39	113	149	213	#
471	371544	104	#
472	652954	68	#
473	2725453	3	27	44	49	55	89	152	161	182	190	233	#
474	1199255	19	72	#
475	1336935	128	157	164	226	#
476	1298600	47	173	#
477	1127707	56	77	#
478	1391037	173	190	#
479	787030	98	245	#
480	728411	139	#
481	2838769	28	110	142	245	#
482	1020698	6	104	#
483	2042749	0	28	249	#
484	2030393	69	159	163	199	#
485	1685956	15	75	239	#
486	1064089	31	42	#
487	1444700	37	40	#
488	1810165	46	115	#
489	796487	15	106	116	234	251	#
490	1936780	9	106	210	#
491	2548156	138	165	210	251	#
492	1361949	97	179	#
493	1899416	182	240	#
494	1314277	40	68	79	#
495	997486	29	176	216	#
496	942633	16	87	#
497	828554	83	#
498	1529389	56	70	#
499	4301081	41	47	82	110	195	#
500	2479823	20	23	155	201	#
501	831606	138	227	#
502	530809	227	#
503	412715	140	#
504	1277437	0	12	#
505	5440828	13	17	83	114	152	202	224	#
506	987854	22	143	#
507	1438736	32	54	#
508	2980320	95	112	235	#
509	1884226	12	174	190	#
510	3208610	78	179	182	240	#
511	2007706	81	128	241	#
512	2018708	46	158	203	#
513	998444	30	#
514	830710	247	#
515	1945875	167	226	#
516	1262890	53	233	#
517	958270	50	#
518	1752805	59	226	228	#
519	1312160	85	158	#
520	1687930	91	216	#
521	1898683	91	208	#
522	819669	210	240	#
523	1953845	218	226	#
524	1339631	157	251	#
525	258039	24	#
526	528445	188	#
527	595418	190	#
528	777683	117	#
529	2204721	52	59	141	169	228	#
530	2538079	21	44	81	108	140	179	#
531	1842236	54	69	144	148	190	#
532	2301355	67	144	218	#
533	909775	11	103	#
534	1324078	148	247	#
535	722355	65	81	#
536	4528408	41	85	182	212	228	#
537	1963006	34	74	116	#
538	2516610	18	96	174	#
539	118982	100	#
540	1171254	155	210	213	#
541	1964198	122	146	233	#
542	2122853	53	101	163	#
543	1216241	22	49	#
544	1302779	8	17	18	183	#
545	1834497	55	193	#
546	963595	192	#
547	3280461	67	68	221	237	#
548	765693	148	#
549	1310977	221	240	#
550	2137919	43	106	205	#
551	1312103	99	120	#
552	3019843	58	75	148	192	200	#
553	1190776	0	102	#
554	1109439	2	54	118	147	160	185	#
555	1650746	100	136	200	#
556	1286718	103	105	219	#
557	1616455	19	64	#
558	1560787	11	55	69	104	115	150	176	197	215	#
559	45597	79	#
560	2044360	65	84	218	#
561	1238073	14	172	#
562	1776794	90	123	192	#
563	1111669	18	148	185	#
564	2714072	10	57	65	113	129	216	#
565	501231	124	#
566	1609713	78	145	#
567	685817	136	#
568	1536655	35	64	#
569	1613274	78	143	#
570	2533029	107	115	219	246	#
571	2927228	35	100	229	247	#
572	3189736	46	64	106	131	167	190	#
573	1289497	31	136	#
574	902792	179	220	228	#
575	1697796	35	208	#
576	621641	164	#
577	2583466	51	69	207	#
578	1836005	73	118	145	218	245	#
579	1258881	187	209	#
580	1219229	62	89	106	137	#
581	2837467	59	106	142	173	#
582	1826308	53	77	235	#
583	1574763	16	62	#
584	1815136	132	154	243	#
585	1819782	39	219	#
586	2123126	31	45	85	99	#
587	926182	212	#
588	923857	21	#
589	991944	1	109	145	#
590	3413542	15	70	173	185	#
591	2526459	63	79	84	#
592	2114625	37	74	167	215	#
593	5367422	23	50	144	199	228	246	#
594	1917421	128	209	239	#
595	1582796	12	196	#
596	1213808	18	219	#
597	1087677	94	160	#
598	1387613	194	221	#
599	1491849	71	255	#
600	199204	2	#
601	1588328	28	108	140	#
602	1574648	0	129	#
603	1925878	106	241	#
604	3030414	10	17	25	224	228	237	#
605	2056141	54	179	218	#
606	1014649	31	48	73	#
607	1589861	176	190	203	#
608	760192	51	#
609	1871545	114	180	185	211	243	#
610	1012739	83	194	#
611	1320811	18	93	176	#
612	3425430	16	119	150	172	214	215	225	251	#
613	1598522	96	135	#
614	700054	236	#
615	1921826	19	229	#
616	883506	142	172	#
617	979969	54	#
618	2400905	0	19	33	51	59	62	102	111	150	246	#
619	1757142	42	101	#
620	1255392	7	24	#
621	952705	231	#
622	3700634	92	94	216	218	#
623	1457460	129	187	#
624	2907963	64	77	204	245	#
625	3404404	7	10	48	153	174	186	#
626	2486501	19	88	179	#
627	854080	31	#
628	2152811	89	172	185	#
629	1316652	187	229	#
630	2164515	46	132	239	#
631	967824	21	180	#
632	284902	191	#
633	892932	178	#
634	892983	6	180	210	#
635	3051687	6	36	53	156	185	191	227	#
636	1537820	150	233	#
637	4092145	0	2	7	104	108	186	#
638	622355	81	149	#
639	1892323	123	143	147	207	#
640	1302036	110	184	#
641	646456	48	#
642	1929689	33	192	#
643	1206297	135	146	#
644	8457083	12	40	75	82	110	129	173	176	188	201	#
645	1248447	4	28	35	86	138	168	#
646	2548844	19	27	38	209	#
647	782492	139	185	#
648	1950650	36	119	133	152	#
649	3693964	12	64	101	160	#
650	867764	32	#
651	709643	184	#
652	3452765	38	49	97	170	186	190	#
653	1905868	31	61	179	#
654	892123	35	51	#
655	3629051	89	149	162	245	#
656	1210640	156	251	#
657	1831325	59	231	251	#
658	7266053	17	29	70	77	102	122	173	187	192	224	225	238	240	#
659	1027965	17	64	#
660	837149	128	#
661	1279007	26	66	166	#
662	1574591	21	140	#
663	6011485	11	73	80	110	124	136	198	#
664	4798587	7	48	53	88	247	#
665	897087	102	185	#
666	1744498	31	139	#
667	557602	16	#
668	5252701	6	23	32	102	104	118	177	189	206	211	252	#
669	2844503	25	137	188	#
670	1748885	15	27	245	#
671	3120787	14	129	141	178	253	#
672	6072701	50	88	112	151	169	177	214	#
673	1460482	160	248	#
674	1194871	72	210	252	#
675	1719297	71	237	#
676	1822195	3	82	#
677	2068957	58	96	240	#
678	2436216	24	143	147	#
679	1313735	20	215	#
680	1096689	81	251	#
681	2612285	152	213	243	#
682	1418686	53	156	#
683	3948492	55	101	150	154	167	#
684	1526509	38	183	#
685	719474	152	244	251	#
686	1518107	46	58	119	255	#
687	2054380	11	52	92	164	#
688	2918047	34	49	60	99	106	130	175	211	#
689	2474987	3	21	97	177	#
690	5354699	20	58	142	151	166	199	#
691	703166	197	#
692	3852352	71	207	223	246	#
693	1326222	44	119	241	#
694	1055363	26	32	53	121	222	#
695	2561065	103	174	197	#
696	2576643	94	128	149	#
697	4232422	22	23	49	83	200	#
698	2607620	19	85	86	133	184	#
699	1959137	18	194	239	245	#
700	2614495	49	220	235	#
701	1074119	67	196	#
702	1668867	82	94	106	116	142	163	242	#
703	4384342	39	90	121	122	128	167	209	225	228	244	247	#
704	2886395	29	40	72	231	#
705	2867166	141	150	184	#
706	879099	226	#
707	708046	52	89	#
708	1222297	45	207	#
709	2836258	108	127	252	#
710	1641459	74	154	163	#
711	2455531	21	110	136	141	250	#
712	1283649	96	255	#
713	987992	89	242	247	#
714	3772743	21	33	118	239	#
715	1555827	12	56	167	#
716	1459573	13	225	#
717	3707877	6	82	133	142	249	#
718	1536696	182	221	230	#
719	2541689	47	54	141	#
720	2234265	10	60	68	124	207	#
721	3077906	33	41	212	215	#
722	1668809	72	150	#
723	3223176	8	107	146	160	#
724	1107662	38	89	136	#
725	1398975	60	255	#
726	609773	172	#
727	1153159	36	174	#
728	1473477	188	236	#
729	1720281	57	157	#
730	2553644	52	84	121	223	#
731	3175138	49	78	105	160	169	#
732	1667486	137	176	247	#
733	938780	33	75	#
734	771181	27	184	#
735	1419237	104	141	#
736	1204764	106	159	206	#
737	1495430	46	213	#
738	1973070	2	39	130	147	203	208	241	#
739	1815220	47	201	#
740	1607538	1	91	237	#
741	6542382	21	65	115	146	158	176	191	#
742	2068099	144	188	196	#
743	1517457	9	204	249	#
744	972455	147	#
745	1129071	24	106	#
746	1819869	128	246	#
747	1872595	31	76	100	#
748	2401263	54	67	170	172	255	#
749	1482664	2	106	#
750	615618	52	146	#
751	1673199	92	94	#
752	1754641	178	250	#
753	2183665	50	195	202	205	239	#
754	2616603	85	116	255	#
755	7825039	19	35	38	106	121	167	178	219	236	#
756	3290071	3	10	63	106	136	#
757	2480905	6	115	236	#
758	1730640	174	206	215	#
759	774941	118	#
760	1634733	175	230	234	#
761	3332597	137	160	182	183	227	231	#
762	1407858	99	111	223	#
763	872531	3	152	#
764	3937928	8	59	91	100	172	191	200	245	#
765	1183071	34	196	255	#
766	1881386	34	61	96	230	#
767	1644918	158	178	217	#
768	1094661	114	195	#
769	1361362	195	226	#
770	1623097	119	179	#
771	1012204	13	71	118	#
772	5393842	68	76	122	147	206	211	#
773	3808309	141	212	213	218	#
774	274260	240	#
775	306262	185	#
776	2112502	88	133	138	#
777	1408944	8	61	187	#
778	1703375	20	155	#
779	2774165	9	203	218	236	#
780	2297991	59	85	216	#
781	1448891	57	143	#
782	3462194	108	186	206	214	226	#
783	1058945	92	97	109	140	198	215	#
784	5908422	83	146	180	185	225	236	#
785	1902361	29	233	#
786	2005243	4	132	193	246	#
787	3088503	18	41	84	137	#
788	2185842	102	143	171	#
789	1322644	134	178	254	#
790	2485038	31	44	75	210	#
791	621807	244	#
792	1772869	1	16	38	99	106	138	142	157	160	#
793	2083888	229	232	255	#
794	1974664	9	10	76	89	178	194	245	#
795	1385245	162	215	#
796	2369865	18	73	108	#
797	2025004	31	110	123	#
798	4523564	72	131	135	157	178	#
799	1256964	165	178	#
800	780195	5	106	164	#
801	1641610	115	128	175	217	#
802	1524681	147	237	#
803	1397015	64	82	145	182	#
804	1397619	148	170	#
805	1540921	216	254	#
806	1846208	79	188	#
807	136130	14	#
808	2524723	76	238	255	#
809	1418314	24	85	118	127	#
810	1244875	127	144	219	254	#
811	1477871	14	113	214	#
812	2617083	56	200	214	#
813	1677952	125	143	#
814	1121860	4	196	#
815	2387825	33	77	79	198	#
816	5210871	7	33	36	71	224	232	#
817	1343830	24	165	188	246	#
818	2116553	118	159	198	244	#
819	1003031	35	192	#
820	1188800	73	189	#
821	732238	1	3	36	225	#
822	2367903	80	99	143	#
823	2863109	105	134	158	252	#
824	2930223	8	71	92	#
825	1266674	6	18	58	59	161	#
826	3467139	13	66	139	170	#
827	3449650	110	111	158	253	#
828	1007506	34	67	221	#
829	1880741	36	211	#
830	2658400	64	80	160	161	171	#
831	789729	14	77	#
832	2466501	4	74	109	113	144	177	199	#
833	3153134	60	110	188	247	#
834	5699732	28	100	111	117	194	220	240	#
835	1766849	2	179	216	#
836	1893838	19	54	193	208	#
837	1645736	114	162	#
838	3168822	16	26	47	89	212	228	#
839	1472628	85	186	#
840	2183373	43	49	75	144	193	#
841	1995718	19	42	232	#
842	5195257	19	28	50	161	230	247	#
843	1924580	99	201	#
844	1544768	105	176	#
845	1196385	153	170	181	#
846	1387259	163	205	#
847	2632102	79	80	84	#
848	1241062	76	77	#
849	1670296	49	234	#
850	1897530	13	247	#
851	2978313	214	216	235	#
852	4462507	62	131	158	175	191	#
853	1064336	54	118	#
854	3696727	34	35	67	253	#
855	1855099	80	180	#
856	1081442	66	200	201	#
857	1490398	164	186	#
858	1128232	30	253	#
859	3262036	83	114	117	171	238	#
860	1954238	27	49	80	#
861	1446653	61	190	214	236	#
862	1542296	171	199	#
863	1473680	20	78	#
864	2099147	40	191	228	#
865	937139	98	111	160	#
866	1744180	64	233	#
867	1169373	6	26	#
868	1885251	34	222	#
869	1641996	104	232	#
870	1793641	179	212	#
871	2760845	42	105	135	#
872	1098408	12	214	#
873	2102881	138	156	186	232	#
874	1437862	83	130	199	#
875	1347317	40	52	82	104	122	124	127	165	178	234	246	248	#
876	2623518	19	32	88	185	244	#
877	7772816	65	105	126	152	189	216	217	249	#
878	598879	5	#
879	2398031	0	116	198	#
880	2943086	39	73	132	192	196	243	#
881	1935634	11	93	#
882	1325809	5	250	#
883	1680816	23	115	203	206	#
884	2170015	108	167	241	#
885	2888184	149	155	223	#
886	1906399	32	58	145	201	213	220	248	#
887	2693022	122	147	236	#
888	2868934	3	27	32	67	#
889	1373732	153	231	#
890	1560666	30	207	#
891	1582188	72	118	#
892	2712105	70	74	207	#
893	1877947	12	33	208	#
894	4823617	31	105	107	153	181	227	#
895	4784796	11	26	63	131	164	191	244	#
896	1369498	127	151	192	210	#
897	1944947	39	140	#
898	1078415	89	142	#
899	1374408	97	222	#
900	987510	47	200	209	#
901	1645735	51	108	#
902	1570693	17	177	220	#
903	2335936	12	44	125	#
904	3456006	8	29	113	223	#
905	1078112	205	230	#
906	2766690	50	104	122	123	131	161	#
907	1876865	25	102	#
908	2742990	14	102	131	#
909	3511751	115	164	214	219	252	#
910	2942425	4	84	210	#
911	1114047	1	233	#
912	3035599	47	153	156	199	226	#
913	1863904	4	185	209	#
914	1730310	89	176	#
915	2318150	8	29	95	166	#
916	2662070	0	74	155	#
917	2794173	55	78	87	120	252	#
918	1411300	98	134	#
919	3208124	10	17	20	76	120	138	155	157	197	#
920	2075373	40	194	200	#
921	2944910	146	166	207	#
922	1217117	17	134	#
923	1665285	45	67	90	#
924	1769622	6	204	#
925	1473827	20	80	#
926	3526406	10	12	92	136	155	#
927	1080549	49	227	#
928	1619146	55	204	#
929	1825499	155	250	#
930	912873	53	132	#
931	204510	27	#
932	1949703	27	89	127	154	230	255	#
933	1045925	222	244	#
934	2542694	0	128	142	#
935	1668966	61	185	#
936	1305330	5	154	172	220	#
937	1830854	77	127	#
938	1661208	218	234	#
939	2431933	3	97	144	237	#
940	3714992	16	57	79	97	117	#
941	2469551	46	55	83	226	#
942	1484856	118	197	#
943	1379754	91	231	#
944	1675472	138	144	210	#
945	3751036	75	100	101	122	192	219	248	249	#
946	3753908	82	96	105	174	#
947	549640	8	227	#
948	1922662	65	128	#
949	1986094	126	219	#
950	1290820	142	207	#
951	2952329	96	182	212	#
952	1201066	12	18	37	87	116	160	#
953	6395645	15	21	46	55	62	81	131	#
954	2122556	56	221	226	#
955	826442	17	162	#
956	1489790	34	160	187	#
957	3601159	66	67	168	227	#
958	3861689	16	51	81	162	#
959	960347	18	91	#
960	1717748	46	184	#
961	1089343	58	93	#
962	4190472	124	126	205	211	255	#
963	1881956	40	192	#
964	1056691	31	207	220	#
965	1521958	128	137	#
966	2515411	21	65	185	188	#
967	804138	98	174	#
968	2037522	29	45	122	#
969	3656580	25	132	166	205	#
970	2806834	126	169	207	#
971	1581204	176	223	#
972	2744310	36	164	171	#
973	1395552	16	251	#
974	7195399	41	45	80	100	116	138	145	167	195	223	242	254	#
975	1000884	16	102	#
976	2672542	44	105	181	#
977	924157	155	173	255	#
978	2333652	1	57	184	#
979	2305968	121	132	133	193	196	#
980	2016493	45	103	151	207	216	246	249	#
981	1238166	156	162	238	#
982	1606249	32	133	153	167	174	213	#
983	1444616	48	186	#
984	979022	83	120	#
985	3122440	39	54	66	72	73	#
986	1149980	158	188	222	#
987	1367330	14	99	167	#
988	1712458	24	122	#
989	1380186	66	147	#
990	2663044	35	109	147	161	#
991	2635404	104	127	180	#
992	1990719	66	139	168	#
993	2223295	0	140	163	#
994	4811624	37	39	128	130	157	#
995	2230064	0	65	162	180	246	#
996	1505789	13	114	182	#
997	90261	146	#
998	1379258	95	100	119	154	238	#
999	1803155	38	89	97	100	#
