%% File generated by CATS v.2.1Wed Jun 19 19:15:54 2013

%% The CATS webpage is http://robotics.stanford.edu/CATS

%% PARAMETER SETTINGS:
% Goods: 256; Bids: 1000; Distribution: L4; Runs: 50; Seed: 1371664511
% Legacy distribution parameters:
% Number of goods chosen according to Decay distribution (alpha = 0.55).
% Price chosen according to Linear Random distribution (low_linearly = 1, high_linearly = 1000).


goods 256
bids 1000
dummy 0

0	987457	93	#
1	1129378	74	177	#
2	851883	129	#
3	1723333	152	160	#
4	902957	138	#
5	605424	169	#
6	949337	207	#
7	589944	149	#
8	977444	205	#
9	1741924	43	193	#
10	948429	89	#
11	969070	8	#
12	1083149	22	101	161	#
13	712026	110	#
14	397490	21	#
15	1793454	35	41	167	173	198	#
16	997727	178	#
17	2398133	153	161	254	#
18	1262181	95	247	#
19	595299	240	#
20	589605	19	#
21	853124	228	#
22	734768	130	#
23	477770	30	#
24	876462	66	#
25	193281	248	#
26	1797570	105	110	#
27	784261	199	#
28	1909941	4	126	184	#
29	901110	168	#
30	1005953	43	117	247	#
31	1553976	54	71	91	109	161	242	#
32	953399	164	#
33	2779464	36	151	198	#
34	778474	13	#
35	1739244	43	57	61	#
36	994606	6	#
37	844802	104	#
38	909138	1	#
39	951820	142	#
40	831477	154	#
41	1973137	137	249	#
42	156268	3	#
43	1817502	69	245	#
44	348903	16	#
45	956558	67	#
46	1814506	14	249	#
47	871116	49	#
48	1490265	146	203	#
49	1455997	179	234	246	#
50	1092257	11	148	228	#
51	3010307	40	73	183	191	#
52	932718	108	#
53	795524	72	#
54	886383	137	#
55	2096088	7	87	95	137	208	211	#
56	1337299	15	74	116	228	#
57	762330	226	#
58	2680035	41	58	134	184	#
59	940654	63	#
60	2273235	64	129	142	202	#
61	1504745	31	206	#
62	771240	11	#
63	995092	147	#
64	463866	241	#
65	911890	166	#
66	1396505	42	95	184	#
67	911760	26	#
68	1346874	29	119	#
69	833509	98	#
70	967670	87	#
71	696860	192	#
72	746508	198	#
73	459181	171	#
74	920528	219	#
75	682511	255	#
76	633836	209	#
77	691043	252	#
78	3907111	26	121	175	221	#
79	785156	221	#
80	820691	41	#
81	981332	218	#
82	3027167	38	53	182	239	#
83	809226	0	#
84	1676989	186	254	#
85	1735547	24	107	#
86	713925	146	#
87	964389	174	#
88	1527039	25	38	75	157	253	#
89	4762120	15	63	135	232	240	#
90	762287	183	#
91	1641844	111	132	140	216	#
92	2665133	35	53	201	#
93	4070520	5	62	120	127	187	254	#
94	1043147	104	142	200	#
95	840429	5	#
96	857646	37	#
97	999598	23	85	#
98	940578	103	#
99	1651235	197	227	#
100	885504	162	#
101	860426	45	#
102	884845	133	#
103	1041477	169	216	#
104	960960	7	#
105	5394933	18	52	67	98	106	120	124	139	169	221	#
106	965579	136	#
107	828134	18	#
108	708318	216	#
109	993326	143	#
110	800639	194	#
111	1709794	12	20	28	35	85	89	108	129	157	209	#
112	1681492	31	49	126	223	#
113	2015307	101	192	206	#
114	670438	43	#
115	662983	217	#
116	800709	186	#
117	641776	184	#
118	1791896	38	237	#
119	4998424	37	128	158	187	188	#
120	1448948	158	159	#
121	968612	220	#
122	927706	132	#
123	1302488	119	217	#
124	2674629	30	57	244	#
125	713905	71	#
126	754169	233	#
127	541483	173	#
128	1028580	4	125	#
129	857473	2	#
130	1259776	162	221	#
131	587556	9	#
132	3097251	45	81	151	245	#
133	141408	175	#
134	901159	119	#
135	729824	48	#
136	961705	33	#
137	181512	4	#
138	930871	40	#
139	1948630	27	91	106	150	212	#
140	648642	250	#
141	998288	54	#
142	902392	235	#
143	1232701	234	254	#
144	883194	163	#
145	2476644	38	101	210	#
146	734254	214	#
147	1374951	21	87	#
148	959879	126	163	#
149	1604057	12	40	#
150	701142	73	#
151	885941	189	#
152	2712260	66	98	139	#
153	1052604	74	76	117	125	206	234	#
154	3973769	10	47	85	163	192	#
155	1084362	129	131	196	201	#
156	975812	74	#
157	610019	20	#
158	950411	90	#
159	26023	105	#
160	672896	224	#
161	5508788	5	21	69	87	186	234	#
162	819377	50	#
163	628330	182	#
164	1621760	150	162	#
165	2423865	5	13	19	33	56	89	185	#
166	1094655	46	56	#
167	874580	208	#
168	1805834	59	140	#
169	1526653	12	162	#
170	831485	243	#
171	531577	202	#
172	1375632	44	98	144	#
173	491134	120	#
174	1635056	124	232	234	252	#
175	6402837	59	79	134	142	183	191	196	#
176	750649	131	#
177	1182481	13	131	158	172	186	#
178	981134	102	#
179	809216	148	#
180	1371814	164	255	#
181	4669601	93	128	137	158	161	#
182	307635	139	#
183	5218207	3	38	49	90	103	147	156	192	214	#
184	2932013	3	17	154	166	#
185	2044463	1	93	156	210	#
186	664724	247	#
187	1314156	90	241	#
188	906601	58	#
189	1110698	15	48	195	203	#
190	1260450	81	106	149	234	#
191	686192	24	#
192	3363681	17	77	101	156	195	204	#
193	1369686	101	123	#
194	833552	118	#
195	882090	61	#
196	580667	36	#
197	929176	244	#
198	1773918	37	231	#
199	850788	27	#
200	1258880	166	192	#
201	1368178	57	66	#
202	1937196	84	105	#
203	3870919	55	75	115	120	#
204	2978405	40	249	251	#
205	958827	145	#
206	1069864	80	87	225	#
207	911937	91	#
208	4400692	98	114	138	214	238	#
209	947893	229	#
210	855571	62	#
211	2259989	26	90	202	#
212	990781	181	#
213	1887170	121	157	194	#
214	932121	200	#
215	1073697	165	166	#
216	352648	126	#
217	1194473	53	108	#
218	3554436	48	72	116	255	#
219	1859636	47	108	#
220	499654	75	#
221	1763488	46	164	213	#
222	1805405	1	181	#
223	1170747	34	198	#
224	944029	177	#
225	2985200	52	74	89	239	#
226	1033622	219	236	#
227	1555207	60	145	#
228	1749319	45	255	#
229	623654	107	#
230	215905	22	#
231	2664909	133	154	194	227	#
232	913841	57	182	#
233	960908	121	#
234	896838	214	226	#
235	977008	95	131	225	#
236	980811	109	#
237	1583474	175	219	#
238	1153993	121	197	#
239	1166160	63	119	255	#
240	996090	64	#
241	991461	38	236	#
242	7253050	54	90	136	149	193	217	227	230	254	#
243	1626354	11	145	#
244	1170892	52	61	94	150	#
245	942144	234	#
246	1977945	182	219	#
247	2997035	17	51	64	#
248	802545	204	#
249	1246256	90	103	#
250	1084060	141	252	#
251	3982327	33	68	131	200	#
252	914727	203	#
253	2780142	66	114	213	230	241	248	#
254	1277683	16	149	#
255	990141	60	#
256	742288	122	#
257	1825203	41	113	144	195	212	224	#
258	836158	135	#
259	3443643	51	53	54	174	179	208	217	240	#
260	2740535	74	88	176	247	#
261	1727059	58	108	251	#
262	2555265	126	161	168	#
263	784382	31	#
264	908817	88	#
265	771313	100	#
266	2275958	54	63	132	#
267	1356457	16	220	251	#
268	923854	32	#
269	3914221	9	109	237	252	#
270	1657164	73	128	#
271	1627025	78	227	#
272	2501442	22	110	114	221	#
273	4974755	22	45	98	118	204	#
274	296918	69	#
275	1341144	244	253	#
276	4074818	4	6	34	109	182	195	201	227	241	253	#
277	1029899	13	22	72	156	221	#
278	1312661	167	206	#
279	2203838	105	109	140	143	146	148	160	196	#
280	816022	52	#
281	822767	99	#
282	1317280	81	176	#
283	1083569	123	127	#
284	962875	140	#
285	608773	92	#
286	2381570	168	213	228	#
287	2962592	4	41	120	184	#
288	899060	59	#
289	888312	156	#
290	2384910	92	130	171	#
291	3982339	50	64	79	97	190	225	#
292	1569163	20	202	224	242	249	#
293	886187	113	#
294	986200	21	52	171	#
295	1747418	157	173	217	#
296	1617936	28	95	#
297	2256538	6	53	69	122	158	234	#
298	3607232	34	138	187	217	#
299	986267	96	#
300	1690694	87	206	#
301	3293949	65	146	212	249	#
302	2770692	136	217	236	#
303	559311	85	#
304	1659601	7	209	#
305	2794575	52	180	248	#
306	937691	254	#
307	549136	225	#
308	1914626	152	208	#
309	7727060	13	14	36	122	183	187	200	210	#
310	911599	79	#
311	581879	172	#
312	2585468	22	48	87	#
313	1154366	232	247	#
314	877429	53	#
315	2890506	158	179	214	215	246	#
316	636049	212	#
317	1934471	146	182	#
318	2829832	61	62	217	251	#
319	2199797	8	32	38	68	75	126	#
320	1280490	155	255	#
321	1319992	31	164	200	#
322	1343950	5	43	57	192	#
323	1717948	62	107	114	226	#
324	1391977	13	162	#
325	1047795	37	237	#
326	1198257	18	51	128	202	#
327	413090	179	#
328	1843940	47	240	#
329	1850484	110	217	#
330	855373	157	#
331	1621742	29	112	235	238	#
332	1460336	17	185	#
333	3385608	31	102	130	211	236	#
334	1848593	36	199	#
335	1991450	19	74	149	153	#
336	3576816	21	28	211	243	#
337	1331763	79	205	#
338	3125089	8	9	127	149	177	178	#
339	369526	213	#
340	939520	134	#
341	1462146	135	166	#
342	951484	104	108	#
343	1700830	43	173	209	232	#
344	1476858	54	95	#
345	571944	46	#
346	867730	97	#
347	2752413	30	140	220	#
348	1915625	28	46	226	#
349	803627	201	#
350	862982	70	#
351	2374456	23	86	92	183	#
352	6860441	12	20	50	99	104	124	133	140	148	155	170	249	#
353	874574	42	#
354	1716122	51	159	#
355	963733	237	#
356	1209135	211	230	#
357	5113064	3	14	33	72	106	218	232	#
358	1801260	14	104	146	214	#
359	2653036	51	57	75	#
360	973977	196	#
361	1182629	60	92	115	194	222	#
362	1487550	246	251	#
363	2067135	91	126	223	#
364	1444013	72	114	224	#
365	1501992	106	251	#
366	2528943	4	235	251	#
367	1976005	30	67	111	173	#
368	1249555	8	238	#
369	906838	152	#
370	3208172	24	105	146	210	216	249	#
371	2981444	107	134	210	#
372	4664355	22	39	93	103	137	154	199	229	244	#
373	3758082	109	175	182	185	208	#
374	674031	127	#
375	1984749	152	164	#
376	224595	246	#
377	750613	124	#
378	1111661	35	241	#
379	1493325	27	36	179	#
380	310946	185	#
381	1217951	20	140	#
382	1130785	85	120	#
383	3721306	76	172	209	238	#
384	3728612	8	153	154	201	233	#
385	2903642	61	85	166	221	#
386	1430789	32	57	#
387	1483798	117	175	229	#
388	2329273	48	159	233	#
389	1318063	11	71	165	217	#
390	872395	227	#
391	187718	82	#
392	2933063	77	215	252	#
393	962520	239	#
394	1200834	60	182	#
395	5763527	72	84	175	211	244	255	#
396	1968400	12	54	83	237	#
397	1249923	28	32	#
398	2421163	8	142	208	#
399	1544904	23	40	110	148	163	169	201	#
400	841332	114	#
401	1961743	19	145	190	#
402	519622	111	#
403	1856631	215	233	#
404	2862286	71	151	212	#
405	1672242	149	236	#
406	461869	197	#
407	1507363	65	138	#
408	2715575	7	148	221	#
409	2173145	2	65	220	#
410	2795204	25	59	200	#
411	760143	253	#
412	636702	211	#
413	6762669	0	14	123	127	167	175	210	246	#
414	1552044	64	201	#
415	3987835	6	41	44	108	117	222	#
416	1463340	62	76	163	188	215	#
417	5630470	6	53	67	141	171	186	#
418	555275	176	#
419	881397	57	#
420	1404068	31	125	132	150	243	#
421	996663	76	#
422	998019	78	#
423	1977863	53	231	#
424	1074806	217	245	#
425	743694	236	#
426	1008919	81	87	#
427	2773305	109	112	234	#
428	4307189	14	36	38	58	175	242	#
429	968340	126	199	#
430	2268746	97	101	137	#
431	945471	195	#
432	729125	128	#
433	2898479	12	52	74	121	136	192	220	#
434	1911053	167	234	#
435	862890	125	221	#
436	2262571	43	47	71	109	#
437	2326008	100	151	162	#
438	760204	160	#
439	1976173	175	234	#
440	375501	34	#
441	926517	116	#
442	574819	80	#
443	841346	84	#
444	874290	151	#
445	1501731	59	61	189	#
446	2150802	22	99	138	#
447	841844	125	#
448	1877231	46	214	#
449	953763	112	#
450	1088916	62	199	#
451	773841	83	#
452	3940884	11	83	126	199	#
453	908149	29	#
454	1088746	76	126	175	253	#
455	2750271	51	127	168	#
456	2712951	31	82	171	#
457	1757592	56	114	#
458	1938659	8	44	#
459	3792600	9	23	31	49	73	90	106	134	153	218	#
460	1944196	13	42	120	#
461	891142	39	#
462	1529825	2	165	179	#
463	2138519	39	58	171	215	#
464	1388568	77	121	149	160	202	#
465	1703933	178	238	#
466	2034657	52	233	255	#
467	795414	10	#
468	3134098	98	132	191	236	#
469	1937787	111	172	#
470	2990308	61	103	124	#
471	2318539	60	64	65	121	#
472	1190511	190	244	#
473	831155	123	#
474	961255	223	#
475	764143	35	#
476	249936	159	#
477	2348805	130	185	236	#
478	1406258	56	131	203	#
479	3561142	86	114	123	161	#
480	3538239	88	163	195	239	#
481	968478	17	#
482	4207669	22	43	105	166	235	#
483	2032326	128	157	178	187	216	#
484	1066346	1	21	#
485	3606586	19	72	74	85	147	173	174	#
486	885719	92	106	#
487	1311813	188	249	#
488	1291788	42	69	74	#
489	5096182	94	147	173	215	246	255	#
490	1263261	98	128	142	#
491	3688353	113	146	202	242	#
492	1233732	3	208	#
493	1579012	17	195	#
494	1248741	130	133	#
495	1660101	89	186	#
496	2615602	38	78	222	#
497	1507439	30	120	207	#
498	1565874	11	35	49	101	114	143	#
499	3552147	70	72	168	216	#
500	2625560	3	6	57	#
501	2236196	19	105	108	232	#
502	236401	155	#
503	1754511	21	222	#
504	1818387	87	108	137	170	251	#
505	1814475	98	224	#
506	1951065	78	217	#
507	2058070	50	101	140	175	191	#
508	1551658	70	186	197	#
509	6156939	49	51	111	118	137	143	167	206	237	247	#
510	1783139	10	217	#
511	2229805	132	133	247	#
512	1485633	16	52	#
513	3728378	5	64	66	141	251	#
514	985950	71	114	#
515	957246	28	#
516	2187436	47	54	112	196	211	#
517	858392	232	#
518	941398	213	238	245	246	#
519	980313	167	#
520	745052	230	#
521	4824837	3	12	19	73	76	162	222	#
522	1579667	12	20	61	#
523	1133665	88	102	255	#
524	9235102	8	57	62	90	127	155	157	182	184	215	#
525	1213779	2	212	219	#
526	1521105	143	158	177	182	#
527	2424712	90	163	170	174	235	#
528	1051220	121	130	#
529	1860006	109	127	136	148	#
530	2230152	109	141	211	#
531	2062123	34	48	110	144	184	188	232	#
532	5540452	39	60	122	139	153	235	#
533	3023351	98	153	206	231	#
534	2638416	39	103	229	#
535	966843	14	98	244	#
536	1410869	101	129	136	146	#
537	994383	41	88	#
538	916129	238	#
539	3679324	99	170	193	230	#
540	755985	117	#
541	1134906	55	113	203	#
542	1298561	153	175	#
543	2130081	9	128	150	160	238	#
544	2347998	37	41	121	#
545	1402136	15	113	#
546	2636010	166	206	217	#
547	2014736	50	91	112	133	#
548	4457916	14	51	69	91	140	#
549	1488420	75	138	143	227	#
550	1961759	90	112	#
551	2443047	63	97	161	195	#
552	926192	16	80	#
553	2675401	73	124	129	#
554	667272	222	#
555	1138830	168	252	#
556	1791305	17	134	238	#
557	4574794	5	85	133	195	229	#
558	1125814	89	110	#
559	565692	44	#
560	2548327	18	89	211	#
561	1382264	149	166	#
562	765233	47	#
563	1955605	73	139	#
564	918879	176	184	214	#
565	1089845	88	104	#
566	3391467	99	136	140	146	#
567	1043331	168	188	#
568	1855044	61	175	#
569	1772311	76	102	117	219	237	#
570	4423079	36	44	74	132	180	225	#
571	2189340	41	245	251	#
572	2482297	14	29	151	#
573	1415641	85	97	209	#
574	1579814	75	140	#
575	783081	190	#
576	2732540	43	51	101	124	#
577	2097872	9	142	223	#
578	6526162	20	112	148	154	184	205	249	#
579	921203	165	#
580	1834431	55	138	212	#
581	1567960	162	233	#
582	2580545	73	150	249	#
583	1146038	9	208	247	#
584	1619713	105	174	#
585	1431443	64	229	#
586	834485	198	225	#
587	1100436	4	223	#
588	1034679	28	75	#
589	2298590	69	73	134	171	#
590	1776858	60	240	#
591	946300	18	242	#
592	1430532	12	244	#
593	1455087	134	212	#
594	1902962	64	150	237	#
595	5593035	89	195	205	207	232	249	#
596	147944	153	#
597	1495824	40	179	198	224	#
598	1043634	204	226	#
599	5322196	5	14	24	64	113	155	163	210	221	#
600	2000711	19	20	167	249	254	#
601	1696281	157	255	#
602	1676307	200	213	217	#
603	1687383	30	36	131	159	163	248	#
604	3541622	9	14	70	86	87	#
605	1231003	29	112	#
606	803910	179	216	#
607	2419446	33	69	169	221	#
608	1986420	45	154	#
609	1371151	92	231	#
610	1721815	71	241	#
611	1002509	14	45	#
612	2340457	113	132	177	209	#
613	1657146	32	62	109	115	228	#
614	2991112	51	132	183	231	#
615	2443972	63	108	140	253	#
616	938186	77	#
617	1754516	109	181	240	#
618	1811864	4	70	#
619	1924520	188	231	#
620	1195046	47	162	#
621	1144563	1	153	#
622	855798	106	#
623	2664542	43	130	238	#
624	1796698	26	194	#
625	1025063	43	177	#
626	4472821	67	75	107	132	163	167	248	#
627	1479484	100	102	128	223	#
628	1844522	36	149	#
629	1984963	211	238	#
630	939935	161	#
631	1341399	41	136	209	224	#
632	1094608	137	174	#
633	4715052	32	48	61	97	116	151	205	#
634	829326	16	212	#
635	944183	24	114	#
636	1964920	5	97	#
637	1618788	173	197	#
638	1565358	34	150	215	251	#
639	1427342	24	93	#
640	1311597	81	94	#
641	1250466	110	132	153	#
642	890937	150	#
643	1583576	65	71	#
644	2072628	14	58	98	173	#
645	1013688	6	11	60	171	253	#
646	1981070	46	237	#
647	5020781	54	153	157	180	230	254	#
648	2888415	5	19	173	#
649	1380988	65	227	246	#
650	52591	105	215	#
651	2696376	20	26	162	204	#
652	1135205	103	251	#
653	2974629	22	82	100	#
654	1618747	97	179	#
655	1991729	44	191	#
656	4930484	19	86	141	171	176	239	240	#
657	2776730	102	110	148	#
658	4513644	10	92	119	128	131	155	159	222	223	246	252	#
659	2605643	104	134	226	#
660	4677025	3	29	36	82	91	129	180	205	218	219	#
661	1344275	56	57	253	#
662	849910	15	#
663	1561033	77	236	#
664	2239637	59	93	108	#
665	2200886	19	125	223	#
666	1290944	51	129	#
667	1181699	87	111	251	#
668	1052108	118	221	#
669	488366	210	#
670	2743129	80	186	233	#
671	1700427	38	191	#
672	3326025	17	50	102	171	#
673	747567	206	#
674	1068565	67	117	121	#
675	1061011	2	15	#
676	1050742	43	236	#
677	1755398	58	187	#
678	1757509	32	125	139	#
679	1925956	29	50	113	173	235	#
680	1384208	25	155	220	249	#
681	1943336	126	139	#
682	6543808	7	14	76	87	112	113	182	#
683	3395377	58	148	206	225	#
684	1914570	153	172	179	#
685	1299861	84	103	125	215	#
686	1058859	0	53	107	122	205	209	#
687	2808360	166	170	178	211	#
688	883758	197	253	#
689	1037280	15	65	150	167	241	#
690	2323718	99	153	253	#
691	980558	80	128	#
692	3491575	3	38	191	235	#
693	1104001	13	78	#
694	4591233	76	93	166	172	203	#
695	1937938	3	229	#
696	1279256	59	194	#
697	2704578	206	216	237	238	#
698	841229	14	#
699	1237528	11	77	103	137	203	#
700	2253505	0	30	48	90	92	#
701	1414431	2	89	#
702	850644	10	242	#
703	540446	95	#
704	3348393	54	61	149	202	#
705	951689	99	247	#
706	1987673	5	207	#
707	1241681	71	193	203	#
708	2769380	7	108	189	#
709	1644749	77	89	90	124	144	222	#
710	1300573	23	39	250	#
711	855321	55	#
712	1247684	38	166	#
713	1127783	51	103	202	#
714	1724846	129	193	204	#
715	2625208	164	206	211	#
716	2191968	0	44	82	244	#
717	991385	68	#
718	776222	73	153	#
719	1757755	34	236	#
720	1899076	198	218	220	238	#
721	1528035	112	233	#
722	3575082	65	68	172	229	#
723	662692	81	#
724	1205015	22	28	79	#
725	12813	101	#
726	3361114	56	137	163	220	#
727	4571214	7	29	35	124	156	157	181	#
728	152393	188	#
729	1703595	5	67	#
730	1761767	13	146	213	#
731	850286	3	153	215	#
732	3117847	103	202	218	250	#
733	188660	23	#
734	1080416	188	223	#
735	1296134	9	96	199	254	#
736	750761	94	120	#
737	3707195	7	10	73	114	195	#
738	4744774	9	33	83	138	184	196	209	231	#
739	1209258	12	128	163	#
740	1099925	95	188	#
741	1681922	49	103	#
742	1831744	5	139	#
743	1610574	34	220	#
744	1490324	170	225	#
745	957587	120	221	#
746	1442255	125	190	#
747	985985	62	186	#
748	913059	3	148	#
749	1837942	107	242	#
750	1378835	59	130	#
751	1087635	132	181	250	#
752	1147827	38	177	#
753	1131543	96	241	#
754	3872819	7	89	156	211	221	#
755	1096964	17	145	#
756	3623845	19	69	94	175	#
757	2529466	47	188	228	#
758	2710686	64	117	217	248	252	#
759	712215	193	#
760	683271	242	#
761	2744949	51	72	130	#
762	1378759	29	251	#
763	2402494	87	88	156	206	#
764	1394886	123	219	#
765	1706298	208	224	#
766	1886706	61	218	250	#
767	2133186	134	135	171	#
768	1862515	178	183	#
769	5044336	48	75	121	133	207	246	#
770	1155020	51	234	#
771	5776171	70	77	87	139	158	213	#
772	2648952	52	133	183	#
773	2932698	102	116	143	199	#
774	1474468	38	181	#
775	673227	155	250	#
776	2994875	21	48	103	209	#
777	1825553	139	199	#
778	2450244	104	183	189	239	#
779	2393669	17	98	222	#
780	2469504	222	230	235	#
781	1690059	34	175	#
782	1387090	38	52	57	199	#
783	2054259	32	40	216	#
784	1142153	79	104	#
785	4809463	29	87	104	107	158	#
786	3946797	30	150	194	242	#
787	1920285	30	251	#
788	1014801	92	205	228	#
789	3649313	27	59	134	141	214	249	#
790	1467309	160	189	216	#
791	1276191	144	146	148	184	#
792	1268302	196	245	#
793	3604932	30	60	135	218	#
794	3941379	137	160	175	190	229	249	#
795	1523751	186	207	#
796	3854184	1	10	37	180	#
797	3997447	45	68	121	177	216	#
798	1873444	48	169	212	244	255	#
799	2989987	203	204	227	246	#
800	1558336	144	206	#
801	2006135	29	103	162	#
802	1404048	49	96	#
803	3457066	42	118	143	161	183	233	#
804	2496233	60	165	170	241	249	#
805	32270	141	#
806	14423609	178	85	255	172	12	165	56	202	64	97	98	222	161	173	159	30	#
807	1872705	130	207	248	#
808	1745585	67	189	#
809	1660374	152	172	243	#
810	3615461	74	136	166	222	#
811	1895829	67	174	#
812	1628764	119	246	#
813	1663746	120	195	#
814	2421929	46	93	141	239	#
815	1426672	50	172	#
816	1494867	51	149	#
817	2801875	50	150	158	#
818	444806	86	#
819	2177906	2	64	82	192	#
820	3877749	11	66	147	150	#
821	1563372	3	28	79	89	184	#
822	359745	94	105	#
823	2857469	96	111	136	137	171	202	#
824	1314643	89	185	214	221	#
825	2816503	78	132	158	#
826	2641138	47	74	125	136	223	#
827	4259706	36	83	166	213	218	#
828	2576272	55	160	194	#
829	4654599	59	100	202	215	248	#
830	2552902	13	85	171	#
831	1614826	198	255	#
832	2331028	39	42	107	160	181	#
833	2959898	19	118	156	#
834	2079681	16	124	208	#
835	1325454	9	174	#
836	3255481	46	59	92	184	#
837	4868128	7	84	108	167	234	#
838	1079613	38	114	138	218	#
839	1657068	88	120	139	196	#
840	2643542	74	145	152	#
841	1054261	122	161	174	#
842	2030454	22	37	169	223	#
843	1465581	123	135	#
844	1017696	120	216	#
845	1189862	7	197	#
846	1761791	40	89	251	#
847	3464485	86	130	182	232	245	#
848	4593478	52	104	188	212	246	#
849	3068387	24	33	42	166	#
850	1854878	57	184	201	#
851	2342661	10	63	70	86	#
852	2645208	48	173	198	#
853	1390835	6	47	#
854	3884756	73	122	130	140	247	#
855	1945053	38	167	#
856	1598753	72	91	99	175	238	#
857	2494739	8	57	82	126	184	207	#
858	2917452	103	107	197	#
859	2472839	39	72	178	208	242	#
860	2407903	47	107	221	#
861	1730360	119	126	#
862	1571415	7	116	166	#
863	2498366	13	114	178	221	254	#
864	1092456	49	139	163	165	172	229	#
865	2071545	72	140	207	#
866	1219819	109	211	#
867	3250545	64	87	90	201	208	212	231	#
868	1523306	239	243	#
869	2409674	101	214	223	#
870	3041842	36	74	190	193	247	#
871	1650259	94	176	255	#
872	2492552	76	77	112	169	#
873	1369523	85	126	#
874	1378113	139	207	#
875	1979628	59	95	#
876	1567999	11	156	#
877	1641892	69	118	#
878	2195914	49	73	99	169	#
879	3659345	41	62	75	209	250	#
880	1349879	35	201	#
881	1266531	91	200	#
882	1676351	136	148	#
883	4830706	2	47	113	175	207	224	#
884	1880960	125	170	204	251	#
885	5260027	93	109	111	112	122	220	#
886	1771860	191	218	246	#
887	930790	3	75	#
888	4531220	8	62	114	142	168	#
889	1669610	7	135	146	188	#
890	3733654	9	45	52	79	#
891	2499115	138	152	161	#
892	1789411	94	117	246	#
893	3978358	78	120	121	196	#
894	983542	11	49	249	#
895	1018762	50	215	#
896	6608426	22	39	53	69	113	120	141	180	186	222	250	#
897	1924954	110	166	#
898	4955701	18	84	120	126	146	240	#
899	1545884	153	235	#
900	4473222	16	65	97	121	146	159	172	#
901	695884	25	#
902	1821736	71	192	211	#
903	397035	191	#
904	1130659	69	105	#
905	2969364	54	82	91	110	142	#
906	2171468	78	132	134	136	150	165	182	209	#
907	3664716	57	156	166	222	#
908	1912935	121	183	#
909	3793699	70	120	137	253	#
910	4540814	75	105	153	214	227	229	232	234	#
911	1641685	38	81	85	186	241	253	#
912	1747058	178	184	#
913	2398042	102	117	209	245	#
914	2773038	110	176	220	245	#
915	1528193	133	253	#
916	1988536	179	185	#
917	1362906	90	91	#
918	920706	92	166	#
919	1629517	10	57	143	145	#
920	2416784	34	48	219	#
921	1223783	17	30	46	61	84	142	148	184	200	233	#
922	1202527	115	149	#
923	1485083	63	116	#
924	1402903	187	230	#
925	478259	180	#
926	597465	249	#
927	2075328	41	129	165	#
928	883853	38	#
929	2041582	10	95	168	#
930	1850097	44	90	#
931	1527571	56	105	#
932	1013559	96	227	#
933	1953306	2	150	#
934	4641070	35	66	115	194	221	242	#
935	2097800	32	99	177	#
936	1381244	85	231	#
937	1763532	56	96	113	131	#
938	930947	12	#
939	1198674	22	61	#
940	1633378	71	244	#
941	1695571	11	178	#
942	1348433	67	87	95	#
943	1503378	16	135	222	#
944	1406243	42	44	220	#
945	697766	34	241	#
946	625391	144	#
947	1917876	9	107	226	#
948	3045219	61	83	116	136	220	229	238	#
949	1356951	12	198	#
950	3616558	65	101	106	133	#
951	1273118	74	110	#
952	1139940	32	95	#
953	1685346	22	144	#
954	4901185	0	13	17	82	101	107	#
955	1795021	24	97	166	#
956	1473990	69	108	#
957	3048011	30	34	101	175	181	250	#
958	1075491	21	188	#
959	2769867	24	108	239	#
960	1074619	23	147	#
961	2187701	11	122	181	218	#
962	2116089	36	54	89	101	213	245	#
963	3151367	9	13	83	169	192	#
964	1210084	27	89	#
965	1837370	13	14	65	111	153	#
966	1854821	230	231	#
967	1176664	1	175	197	202	#
968	3517672	2	9	50	78	105	133	236	#
969	4828419	19	58	62	86	120	175	205	#
970	2274142	1	15	52	#
971	1273856	32	53	81	142	224	253	#
972	2289889	21	127	135	168	238	#
973	1243061	103	133	135	#
974	927723	52	75	#
975	1458254	6	75	179	223	239	#
976	2937459	5	88	93	140	#
977	1575199	40	79	138	#
978	1487713	9	162	#
979	1655722	1	40	124	#
980	1401978	156	164	#
981	1794871	35	162	#
982	957123	134	186	#
983	1812628	69	113	#
984	2119883	23	25	34	63	109	142	151	186	205	#
985	2004801	14	34	179	#
986	2143109	79	89	123	163	245	247	253	#
987	3291501	39	153	179	217	231	#
988	1127405	194	220	#
989	1921883	33	143	#
990	1693837	92	165	#
991	3205464	46	66	150	216	235	#
992	2515985	120	158	250	#
993	1796100	16	96	166	172	#
994	4975782	36	56	100	103	200	210	251	#
995	933692	24	111	#
996	3804286	0	16	162	249	#
997	2397678	29	35	47	#
998	4671397	52	53	66	110	122	131	237	#
999	1025331	27	52	71	73	74	129	216	233	#
