%% File generated by CATS v.2.1Wed Jun 19 19:15:54 2013

%% The CATS webpage is http://robotics.stanford.edu/CATS

%% PARAMETER SETTINGS:
% Goods: 256; Bids: 1000; Distribution: L4; Runs: 50; Seed: 1371664511
% Legacy distribution parameters:
% Number of goods chosen according to Decay distribution (alpha = 0.55).
% Price chosen according to Linear Random distribution (low_linearly = 1, high_linearly = 1000).


goods 256
bids 1000
dummy 0

0	1298854	40	183	215	#
1	1005929	36	42	231	237	#
2	1690716	5	26	86	#
3	846320	253	#
4	881486	168	#
5	1649260	58	142	147	169	225	247	#
6	964351	143	#
7	1811459	126	138	#
8	1472247	69	212	217	#
9	993773	6	#
10	918778	232	#
11	937646	226	#
12	942141	193	#
13	2735153	22	154	166	175	209	230	#
14	443295	217	#
15	3412894	21	49	62	112	#
16	847356	195	#
17	711286	190	#
18	959791	109	#
19	660550	250	#
20	897175	132	#
21	2944599	102	164	175	#
22	994769	244	#
23	892909	65	#
24	3040632	15	160	229	241	#
25	1639093	21	116	215	#
26	976666	44	#
27	886726	118	#
28	855960	159	#
29	1604205	10	33	113	184	223	225	234	250	#
30	1230903	86	209	#
31	541971	223	#
32	855993	99	#
33	1127104	149	232	241	#
34	963195	73	#
35	1170002	192	218	#
36	243181	10	#
37	793308	85	#
38	4813057	22	38	40	55	242	#
39	720568	188	#
40	902817	216	#
41	1426280	106	108	189	#
42	4214806	33	35	175	177	219	#
43	1904348	78	211	#
44	574568	187	#
45	882891	52	#
46	397700	116	#
47	833590	178	#
48	1209364	108	148	#
49	3892820	83	115	129	170	#
50	1562913	69	248	#
51	3753347	43	47	85	96	145	#
52	1667160	145	165	#
53	998661	231	#
54	962034	173	#
55	922809	218	#
56	900688	126	#
57	978759	86	#
58	2453409	140	176	231	248	#
59	1843618	12	117	#
60	2135281	4	43	149	202	208	223	#
61	1360264	84	102	109	#
62	549273	115	#
63	2637132	37	107	144	#
64	805462	104	#
65	955975	179	#
66	790044	25	#
67	2130365	24	141	221	#
68	987746	129	#
69	1446290	103	193	223	#
70	958640	131	#
71	949674	152	#
72	2344635	86	172	215	#
73	2449637	131	189	210	#
74	884168	221	#
75	1769178	10	103	149	#
76	922979	227	#
77	865772	137	#
78	1185539	37	183	#
79	953110	201	#
80	339335	208	#
81	2272986	57	69	231	#
82	1577559	42	47	130	190	#
83	809164	176	#
84	742064	21	#
85	521969	148	#
86	761059	117	#
87	869974	255	#
88	1683301	74	116	#
89	2729714	11	129	231	242	#
90	966444	145	#
91	634607	69	#
92	974878	3	#
93	826789	237	#
94	1315949	57	67	226	253	#
95	976289	102	#
96	971000	112	#
97	2630886	55	172	174	#
98	1998655	55	178	#
99	2031345	36	90	94	109	#
100	2796053	32	66	134	172	#
101	979501	191	#
102	869311	150	#
103	965566	164	232	#
104	433276	209	#
105	831599	68	#
106	973430	156	#
107	1616008	21	186	#
108	1153945	114	229	240	#
109	2266369	5	43	142	190	#
110	2942447	2	38	93	#
111	712976	17	#
112	922545	24	#
113	981310	215	#
114	992590	249	#
115	579197	51	#
116	1843725	86	160	173	197	201	209	#
117	1040674	107	176	203	212	232	#
118	768319	30	#
119	878486	64	#
120	252061	113	#
121	3976838	64	101	110	151	#
122	1531740	94	114	#
123	881740	15	#
124	705306	125	#
125	944128	230	#
126	942203	133	#
127	622206	139	#
128	766053	147	#
129	881186	119	#
130	1038003	54	198	201	#
131	1218517	99	189	245	#
132	2972320	9	18	188	198	253	#
133	1618387	116	150	#
134	2455524	0	27	118	#
135	1680559	56	121	#
136	899489	22	159	#
137	6209873	31	41	69	113	118	133	136	224	#
138	910861	28	#
139	1132749	49	64	#
140	1497288	23	46	117	141	149	158	164	216	240	#
141	3416787	58	182	193	206	226	#
142	1255884	2	116	189	#
143	992534	32	#
144	882664	254	#
145	974736	160	#
146	694104	1	#
147	1171888	2	154	#
148	601607	43	#
149	732345	70	#
150	3835221	62	73	108	118	#
151	4537989	7	36	144	190	217	248	#
152	3925215	75	95	109	157	#
153	997873	95	#
154	855785	79	#
155	1651870	32	131	150	#
156	914196	59	#
157	878578	4	190	#
158	6536034	6	47	64	70	80	120	158	181	213	223	241	#
159	953652	57	#
160	2409491	13	34	95	116	156	240	#
161	973951	203	#
162	770518	58	#
163	1784492	97	131	#
164	979000	172	#
165	701348	225	#
166	2075835	94	130	193	217	#
167	1807909	16	75	218	#
168	5925788	34	52	68	69	85	92	#
169	981134	146	#
170	1354020	53	71	#
171	1761272	91	195	#
172	2057731	72	94	120	218	251	#
173	3594220	2	17	84	113	124	#
174	1757075	46	116	#
175	906485	87	#
176	977437	42	149	206	#
177	1484319	95	147	#
178	2794045	103	138	193	#
179	1891146	35	151	#
180	1950757	82	140	165	218	#
181	992770	80	#
182	761832	67	#
183	926618	31	#
184	930388	138	#
185	1261717	72	129	164	228	#
186	520826	124	#
187	2259947	64	65	255	#
188	3911924	60	95	211	239	#
189	2660118	97	103	223	#
190	2829827	52	89	233	242	#
191	541395	236	#
192	1043011	23	57	#
193	898921	88	#
194	1508331	105	210	#
195	1507563	30	47	60	109	114	117	227	#
196	1625536	2	175	#
197	177557	204	#
198	4496830	18	62	119	163	204	214	#
199	964076	198	#
200	2891932	131	171	250	#
201	1992252	77	88	255	#
202	881824	72	#
203	1976644	51	65	#
204	495187	211	#
205	754852	75	#
206	4386050	2	4	11	30	54	69	82	103	104	132	222	#
207	646761	46	#
208	2875791	7	70	185	#
209	477029	90	#
210	676948	49	#
211	953667	48	169	#
212	1823656	126	170	#
213	873457	192	#
214	6065712	15	20	22	26	47	64	111	184	252	#
215	515727	39	#
216	3184230	12	100	109	142	156	159	199	211	231	241	#
217	10525099	8	10	17	25	31	119	130	144	146	149	163	226	#
218	2690795	12	168	173	#
219	357053	130	#
220	2016258	71	91	233	#
221	869711	12	#
222	1926974	62	201	249	#
223	2282739	183	195	247	#
224	974641	27	113	197	#
225	724978	207	#
226	3918640	27	84	188	199	205	#
227	601416	93	#
228	1204794	47	109	#
229	1857481	165	222	#
230	2161613	66	139	207	238	#
231	3742986	3	56	61	85	108	189	250	#
232	960661	84	#
233	594302	228	#
234	1555459	78	244	#
235	1656392	25	57	#
236	4868727	31	132	151	162	177	183	191	194	224	#
237	805316	100	#
238	899467	144	#
239	828001	184	#
240	4319082	50	83	112	213	241	#
241	1882599	174	255	#
242	3799099	33	54	86	139	211	215	#
243	1687376	46	230	#
244	950831	110	#
245	492811	199	#
246	4046256	10	54	94	160	166	#
247	1599498	53	151	230	247	#
248	876276	66	#
249	1130967	21	205	#
250	784720	182	#
251	1699279	134	167	#
252	1933132	18	88	#
253	2390097	4	90	118	#
254	1142800	41	196	#
255	560676	222	#
256	3759329	19	63	147	170	248	#
257	418195	233	#
258	2660252	119	163	195	215	255	#
259	925486	136	#
260	3375353	79	121	161	180	201	#
261	956949	120	#
262	1914104	156	181	#
263	1574480	18	210	#
264	1095478	23	96	#
265	4091613	11	24	107	128	226	#
266	854607	247	#
267	3568728	96	110	144	156	167	203	233	#
268	715601	200	#
269	1253514	23	254	#
270	98790	37	#
271	4297261	40	55	57	66	75	89	99	100	104	135	183	222	234	#
272	4416505	38	62	220	222	254	#
273	2471496	2	52	130	#
274	503583	165	#
275	2081399	4	46	91	181	#
276	859369	155	#
277	2426915	27	76	206	#
278	3550660	8	92	210	229	233	#
279	290497	19	#
280	427724	98	#
281	2017999	23	86	122	124	126	129	212	#
282	2511278	61	234	252	#
283	5835510	9	84	85	129	172	207	252	#
284	2923066	78	125	161	#
285	859710	212	#
286	1543667	30	40	127	247	#
287	1118139	11	210	#
288	2147966	122	129	178	246	#
289	1764638	125	230	#
290	948885	34	#
291	3458494	12	130	161	241	#
292	110619	111	#
293	1252094	25	70	149	156	#
294	2058123	26	158	198	#
295	1627911	125	199	225	244	#
296	1290635	10	186	#
297	940009	105	#
298	2542597	84	106	128	155	210	#
299	2549746	27	106	136	#
300	543555	8	#
301	873801	140	#
302	803812	242	#
303	394021	246	#
304	2441226	149	169	181	#
305	960077	144	190	#
306	1427212	66	170	#
307	2535234	30	103	142	#
308	688724	127	#
309	1847688	79	219	228	#
310	926504	24	228	#
311	941389	0	#
312	936484	229	#
313	243470	18	#
314	1024970	97	100	#
315	3767037	104	107	108	112	#
316	1219981	40	131	162	229	#
317	753108	170	#
318	1819057	120	124	205	#
319	1113020	87	152	213	#
320	934159	122	#
321	378039	9	#
322	576750	197	#
323	624077	164	#
324	744791	252	#
325	297221	71	#
326	3370675	159	164	188	218	#
327	865861	194	219	228	#
328	3687449	65	124	126	196	198	#
329	1312739	241	248	#
330	2252713	28	65	153	#
331	1018157	195	237	#
332	1520288	17	87	#
333	1875350	2	18	34	54	87	173	#
334	745134	2	149	#
335	630183	141	#
336	725731	163	#
337	959810	40	#
338	3157064	4	79	194	204	249	#
339	689436	121	#
340	1783335	201	236	#
341	810718	245	#
342	957972	107	#
343	522758	41	#
344	1339340	49	68	#
345	857369	153	#
346	904897	248	#
347	3623423	4	22	103	166	#
348	747476	240	#
349	1996090	171	205	#
350	3661304	14	52	87	130	131	148	#
351	1134699	156	254	#
352	3302672	32	96	148	157	237	246	#
353	943400	42	#
354	1649840	32	87	138	#
355	1760166	86	200	#
356	1688110	15	143	228	#
357	1880401	2	72	#
358	719287	56	#
359	5631554	30	34	37	58	68	76	85	137	169	244	#
360	3434426	79	112	134	186	#
361	1970973	107	163	#
362	589495	5	186	#
363	1055227	31	93	248	#
364	1795347	8	22	57	#
365	1698969	232	237	#
366	2130689	8	45	72	90	100	#
367	1811828	232	252	#
368	3745595	49	66	185	221	#
369	2211097	4	49	128	#
370	2425444	11	25	118	170	#
371	2746942	58	172	186	#
372	2257000	84	102	195	#
373	2360617	67	120	170	225	#
374	2283997	42	91	123	133	#
375	1547962	163	214	#
376	1885685	95	116	149	154	243	#
377	1787016	83	105	#
378	965063	114	#
379	952007	63	#
380	3719252	126	172	202	254	#
381	128879	54	#
382	1236017	0	47	#
383	994811	97	#
384	907260	111	151	255	#
385	800193	106	#
386	439494	47	#
387	1884138	128	133	#
388	1944320	108	176	184	#
389	663585	92	#
390	1225464	156	245	#
391	1483644	68	94	215	#
392	2943339	53	61	141	165	225	#
393	861483	43	195	#
394	2905981	4	78	148	#
395	369229	166	#
396	1403372	48	86	#
397	245374	74	#
398	847402	202	#
399	1271029	223	249	#
400	767127	22	#
401	1010840	22	197	#
402	1628377	19	239	247	#
403	1279954	61	76	243	#
404	848098	134	#
405	940449	128	#
406	623574	241	#
407	850003	78	#
408	1958704	150	200	#
409	1810384	35	40	140	#
410	106949	94	#
411	2475761	99	142	246	#
412	505139	154	#
413	1435814	96	230	234	#
414	128938	61	#
415	768887	81	#
416	2908983	75	76	101	103	141	166	#
417	1431399	14	75	#
418	255853	48	#
419	780594	21	75	94	#
420	1758995	24	107	168	#
421	4329015	65	120	172	186	203	220	#
422	2162023	128	160	217	#
423	1996521	50	123	#
424	938554	53	#
425	924083	59	125	#
426	2678563	5	78	238	252	#
427	1275366	18	155	#
428	1349242	162	168	232	#
429	1372724	37	212	225	#
430	1071589	43	89	146	#
431	622941	62	#
432	804758	251	#
433	893910	135	#
434	2781647	12	56	102	135	#
435	960718	185	#
436	2407374	33	52	189	#
437	2258907	17	112	194	#
438	1629946	171	198	#
439	689781	41	158	#
440	933959	235	#
441	1509644	169	241	#
442	1117416	54	90	#
443	1200129	67	226	#
444	2115604	65	230	243	#
445	997922	239	#
446	1406492	148	167	#
447	2718274	57	103	200	#
448	1870985	29	63	#
449	12351489	29	155	130	99	104	232	229	44	233	49	169	188	242	235	173	156	#
450	1378711	94	176	#
451	1140266	4	127	#
452	2488566	12	183	185	222	#
453	1969062	22	139	#
454	1903016	41	64	#
455	1281875	165	187	#
456	1520939	134	177	#
457	2144894	4	27	71	125	200	#
458	483771	196	#
459	795017	38	#
460	1247628	94	156	222	241	#
461	5940835	4	26	49	81	106	168	201	#
462	644273	238	#
463	1219529	81	84	#
464	5834311	14	23	97	149	166	168	181	218	231	248	252	#
465	1570139	18	35	245	#
466	4485442	41	98	156	160	249	#
467	4686704	48	140	192	199	219	#
468	2638381	32	84	229	#
469	4799204	24	110	163	218	219	#
470	1923285	47	80	#
471	2607429	11	39	40	46	173	#
472	2346687	141	160	246	#
473	1658923	184	214	#
474	1640382	56	114	150	214	226	#
475	1583810	98	178	#
476	2738392	27	53	105	#
477	1402030	53	188	194	251	#
478	2744137	37	40	44	#
479	1817643	75	188	#
480	1206388	43	130	226	#
481	992901	213	#
482	1146799	101	128	161	#
483	2750359	61	78	102	#
484	1569485	20	167	200	#
485	2273300	26	74	92	#
486	3358082	11	139	192	196	235	#
487	1545957	7	232	#
488	739363	14	#
489	1767152	4	232	#
490	1716490	112	136	139	#
491	1901334	74	163	#
492	3029305	57	114	146	254	#
493	1475826	13	72	130	#
494	3644223	10	143	149	207	231	#
495	2545024	22	29	32	60	124	186	190	230	#
496	4914338	0	20	25	98	113	130	147	191	203	209	#
497	569949	11	#
498	1284598	204	245	#
499	1296057	58	220	#
500	1613601	82	174	#
501	2573184	32	103	153	226	239	247	#
502	1390159	130	207	#
503	348788	194	#
504	1537204	4	58	255	#
505	2781623	14	78	156	182	#
506	3849361	33	67	193	233	#
507	5376351	44	83	84	101	147	150	168	242	#
508	1085733	129	153	212	#
509	625443	33	#
510	428769	16	#
511	3582327	97	132	149	228	#
512	1196640	34	176	239	#
513	2139415	77	116	187	#
514	711574	20	#
515	1936860	63	90	#
516	932653	23	#
517	780890	4	#
518	1262453	178	184	230	#
519	1702182	161	188	213	#
520	1583337	5	69	#
521	2936311	28	30	101	120	#
522	1691776	41	160	168	#
523	989081	136	209	#
524	754198	82	#
525	945413	50	#
526	1664602	37	106	#
527	1518825	189	237	#
528	5262674	13	23	42	124	196	244	#
529	831017	174	#
530	1679156	42	145	#
531	643352	210	#
532	2761502	62	102	107	139	224	#
533	1856129	51	53	74	97	133	168	194	#
534	1903366	159	229	#
535	663249	224	#
536	981734	180	#
537	877866	91	#
538	1409151	20	45	56	143	185	252	#
539	931739	93	177	#
540	893412	39	140	246	#
541	979483	60	#
542	1759530	37	192	226	#
543	837724	214	#
544	1559559	81	184	#
545	1502708	99	152	202	#
546	1960033	74	119	#
547	866455	45	#
548	3964716	75	132	142	229	234	#
549	1564092	40	95	105	#
550	1900062	117	145	#
551	1225296	5	155	#
552	6479044	49	56	85	104	174	228	234	#
553	3325736	80	98	115	241	#
554	3302247	5	11	27	62	#
555	294884	2	#
556	1675718	50	64	159	#
557	1800423	6	64	#
558	1939591	63	176	#
559	1940734	3	16	#
560	1742952	69	241	#
561	2023054	4	37	91	104	217	#
562	1705436	35	148	162	#
563	1209751	5	210	#
564	1397445	41	123	194	236	#
565	988158	35	45	242	#
566	2806068	13	36	205	#
567	903220	135	209	#
568	1568465	128	172	#
569	1205890	39	57	102	105	#
570	1559703	240	251	#
571	986626	157	#
572	3006116	6	96	104	161	#
573	482906	26	#
574	3955392	32	55	104	110	140	175	#
575	3901507	61	69	113	118	183	187	#
576	1635906	29	35	#
577	4547462	21	29	74	84	97	153	223	247	#
578	1944180	138	160	186	#
579	2970689	28	168	184	#
580	3431891	18	140	164	213	#
581	3623305	2	22	76	87	104	145	166	188	#
582	1075043	25	81	#
583	3835209	6	57	96	170	#
584	3052896	19	67	125	210	253	#
585	645365	51	238	#
586	878334	142	#
587	1550353	67	140	#
588	1778325	8	48	104	143	204	#
589	1002377	2	91	#
590	1495130	22	58	164	#
591	1810330	4	130	#
592	1853505	247	253	#
593	1405518	185	222	#
594	2956822	42	89	135	162	220	#
595	1381333	86	179	230	#
596	927663	31	41	#
597	987923	77	#
598	5333858	22	34	128	199	207	251	#
599	966825	14	168	186	#
600	888070	123	#
601	2446296	90	132	219	#
602	1743919	80	180	#
603	1537613	84	107	#
604	3128186	118	154	156	184	#
605	2169214	70	110	142	#
606	6873434	9	30	96	158	187	211	229	#
607	2147410	23	60	85	169	#
608	3579986	87	172	175	183	186	230	241	#
609	3186141	101	180	198	218	#
610	2030814	57	98	99	159	163	#
611	2894899	23	104	157	#
612	3970165	27	49	220	238	#
613	1045446	13	146	#
614	1821673	46	111	134	178	#
615	1609485	95	245	#
616	1317052	82	215	#
617	1737696	46	244	250	#
618	831934	181	#
619	1059944	112	135	#
620	2103244	7	70	101	121	#
621	1585361	6	70	231	#
622	2896636	26	73	99	111	#
623	1310976	77	138	197	209	#
624	2767434	23	124	196	#
625	1467625	81	223	#
626	222524	186	#
627	939924	168	190	#
628	1442642	57	108	#
629	4458554	32	123	140	240	249	#
630	2744262	9	148	226	#
631	6439508	49	98	105	118	177	178	197	219	233	244	#
632	3259778	63	145	163	180	#
633	1141289	47	184	233	#
634	1397939	68	110	#
635	1733761	64	90	138	146	177	#
636	1043326	164	165	217	#
637	1234593	13	190	#
638	1428554	154	207	#
639	1769512	44	203	#
640	3063925	82	111	112	220	#
641	3313433	11	60	127	218	244	#
642	1826225	10	203	246	#
643	1596991	8	68	180	#
644	1515160	75	212	#
645	2474013	50	153	197	#
646	1843803	103	204	#
647	1936470	108	219	#
648	1667771	22	81	162	#
649	1785504	110	178	#
650	957586	2	23	49	118	162	164	167	176	177	183	188	204	236	241	#
651	640041	36	#
652	4721198	37	42	49	50	109	154	#
653	1777717	200	202	235	#
654	1971472	4	103	#
655	1671868	52	59	166	184	194	224	#
656	1704167	71	105	146	#
657	1087914	48	59	#
658	1042842	141	143	#
659	3183035	26	51	137	183	#
660	2405295	3	10	47	96	137	#
661	1714153	24	100	172	#
662	1557181	34	49	#
663	389992	167	#
664	945038	27	#
665	3931830	0	6	100	106	121	#
666	2068941	22	159	165	232	#
667	1137165	95	156	234	#
668	1715792	7	136	#
669	2637687	78	138	210	#
670	1398730	89	236	#
671	1320040	70	146	184	#
672	943029	187	250	#
673	1893544	55	242	#
674	814220	177	#
675	2180687	79	210	217	#
676	2613913	162	215	252	#
677	1904517	97	107	#
678	1092763	65	119	243	#
679	411453	13	37	#
680	2118337	98	109	149	189	#
681	1293957	39	81	107	#
682	2664847	34	71	87	225	230	#
683	1676470	167	230	#
684	830845	169	#
685	1852374	47	48	#
686	3406653	15	18	103	127	162	183	219	#
687	1190955	197	204	235	#
688	399195	189	#
689	1391717	117	131	168	#
690	1360391	49	108	238	#
691	1818177	51	76	91	167	189	#
692	1624030	2	18	114	206	248	#
693	1444547	229	239	#
694	1573617	99	153	#
695	1746161	33	145	154	159	240	253	#
696	1532175	69	200	#
697	1130707	113	180	#
698	496504	89	#
699	951924	8	141	#
700	2795082	54	185	244	#
701	2645907	16	43	101	131	178	182	196	227	233	250	#
702	1027336	126	228	#
703	1855238	62	89	#
704	1895427	96	126	#
705	1619352	157	205	210	#
706	3697214	24	162	165	186	#
707	3723151	34	42	71	82	158	165	187	208	225	#
708	843032	161	#
709	2888426	66	229	231	232	#
710	1560480	50	230	#
711	5816225	13	62	159	182	184	186	221	#
712	1855434	125	239	#
713	1688121	15	66	151	153	215	#
714	1623921	22	67	#
715	1357624	235	243	#
716	39458	5	#
717	1319107	22	73	92	140	222	245	#
718	4248757	48	55	99	103	157	215	#
719	2602057	14	33	143	154	174	187	211	#
720	2875695	45	145	239	#
721	3476030	7	9	66	133	#
722	2175884	5	62	109	166	196	#
723	3966642	86	90	187	204	245	#
724	1968330	100	137	151	162	#
725	1177390	173	226	#
726	1177219	154	166	#
727	1281329	131	156	168	#
728	2300484	26	53	121	198	210	#
729	2369944	120	166	208	#
730	1577771	11	13	29	141	#
731	667304	151	#
732	2622716	52	74	196	#
733	971225	243	#
734	2002759	46	48	138	#
735	3845052	44	153	174	177	224	#
736	1092401	14	90	#
737	1484382	85	129	#
738	995254	50	235	#
739	2676821	31	53	124	246	#
740	1337652	79	80	110	#
741	1333341	34	62	#
742	1166410	10	75	#
743	941962	19	20	150	241	#
744	4546405	34	56	109	114	221	#
745	1923579	40	106	#
746	1169453	32	178	#
747	1387853	80	138	#
748	1230891	60	66	#
749	1407863	114	212	#
750	1019699	15	92	237	#
751	1733817	46	176	192	#
752	3964383	6	31	118	188	196	248	#
753	1742087	31	69	#
754	1022294	70	129	163	#
755	1004789	45	152	#
756	3578967	31	53	54	234	#
757	2156944	141	165	195	#
758	2264296	47	200	214	#
759	1375714	112	230	231	#
760	5978202	33	56	63	73	109	119	148	150	151	246	#
761	1975969	76	185	190	215	#
762	780007	76	#
763	2172168	59	152	183	#
764	1786420	65	220	#
765	321557	5	111	#
766	1949099	212	247	#
767	4601124	37	108	133	157	183	#
768	1985642	25	97	106	139	200	203	255	#
769	3412910	132	147	148	194	#
770	966786	9	176	198	#
771	5080069	5	16	68	149	160	169	#
772	1249252	46	138	#
773	2716718	33	35	159	#
774	1598366	102	217	#
775	1214289	80	131	133	#
776	493825	83	#
777	1923411	41	239	#
778	3647513	119	144	167	206	#
779	1074886	29	105	#
780	1889374	180	223	#
781	1774955	5	98	126	211	#
782	2252501	129	168	220	#
783	1734252	201	249	#
784	4502975	31	41	83	148	199	221	#
785	2276332	125	169	182	242	#
786	1949886	100	127	#
787	1487412	128	206	#
788	1642556	43	65	179	#
789	1097427	104	236	#
790	1101869	175	235	#
791	1275020	166	241	#
792	5938307	14	75	129	132	175	193	229	235	#
793	1865579	25	243	#
794	3203493	31	61	103	161	178	#
795	1977795	195	196	#
796	1103864	38	113	154	#
797	192962	108	#
798	1350656	24	40	223	#
799	923530	89	169	#
800	1877563	47	222	#
801	2576064	77	160	171	216	229	#
802	2068049	12	235	236	#
803	473931	234	#
804	878799	111	124	#
805	3368894	11	102	104	119	161	193	214	225	#
806	2400533	23	143	233	#
807	2202452	50	102	113	240	#
808	2291461	121	136	176	#
809	2391608	24	58	71	184	194	#
810	1336217	41	120	#
811	2723724	93	175	201	214	#
812	1431110	34	166	#
813	6427906	30	38	88	105	121	229	233	#
814	1274533	72	111	#
815	176347	206	#
816	1371814	23	182	#
817	1945826	74	196	247	#
818	744977	55	#
819	1133707	25	64	70	201	222	#
820	1933169	65	113	#
821	1444957	48	63	140	#
822	991681	0	81	#
823	1384046	6	50	#
824	2636026	28	49	110	115	145	181	238	#
825	2834601	74	102	209	#
826	1800110	119	132	183	190	227	#
827	1201330	16	106	#
828	4570983	3	48	79	128	134	244	#
829	1032370	15	160	#
830	1972547	7	10	27	72	167	#
831	1328461	38	130	212	213	#
832	4496072	85	180	205	215	245	#
833	1041971	27	95	240	#
834	1650988	117	131	186	215	#
835	1570385	68	219	#
836	2379115	80	102	174	#
837	2653806	117	119	238	246	#
838	1356546	58	246	#
839	3962441	51	69	108	134	183	193	#
840	1445586	61	255	#
841	1291679	49	243	#
842	2650000	76	126	202	#
843	1071827	152	197	#
844	1552625	52	183	#
845	1557052	56	244	#
846	1459433	181	184	#
847	3527034	20	91	208	224	#
848	545950	158	#
849	1966819	146	222	#
850	3429045	12	34	118	225	248	#
851	964613	35	#
852	1892619	244	245	#
853	1550683	67	201	#
854	4055189	24	40	48	69	150	#
855	1728144	103	153	160	170	#
856	1663267	46	214	#
857	699914	7	#
858	1903390	145	176	245	#
859	2938817	15	141	229	245	#
860	1153320	94	208	#
861	4344177	46	54	58	72	185	233	#
862	996052	29	245	#
863	4812019	31	154	191	228	237	#
864	1839253	58	89	143	#
865	1920879	30	82	105	#
866	1710854	71	189	#
867	4565205	3	48	76	92	133	155	208	#
868	966809	220	#
869	1810488	105	246	#
870	1056540	83	136	154	188	249	#
871	2744852	23	64	70	145	156	#
872	505867	219	#
873	3782132	21	33	158	229	247	#
874	1170729	17	34	#
875	4616646	195	213	219	220	225	#
876	1573795	152	250	#
877	1590355	81	124	185	#
878	4128977	40	96	98	237	253	#
879	1194154	162	213	#
880	1131238	179	187	#
881	2673311	68	230	253	#
882	1489283	71	195	#
883	4780457	44	46	59	71	103	144	#
884	2871920	88	110	163	#
885	1070154	28	250	#
886	1021248	131	151	#
887	1322285	21	201	#
888	2244201	24	40	190	#
889	977493	14	242	#
890	2927611	28	71	139	204	#
891	981067	164	214	#
892	2517024	63	73	97	209	#
893	2597257	0	11	251	#
894	1312870	49	138	142	150	#
895	1683611	45	46	106	164	175	194	#
896	1974332	16	221	#
897	988258	15	155	#
898	1379042	47	218	#
899	2506179	112	149	210	#
900	2854927	11	117	149	#
901	1972187	170	212	#
902	1391839	132	215	#
903	1617963	43	187	#
904	1051631	73	218	#
905	2481086	38	69	191	254	#
906	292711	183	#
907	1244870	108	227	#
908	5315546	13	54	122	180	218	242	#
909	2342328	93	163	176	207	#
910	2719524	11	235	252	#
911	1221344	68	107	#
912	1658405	115	131	#
913	1411143	36	184	#
914	2649600	217	236	250	#
915	2686537	6	90	212	#
916	4474707	91	174	176	177	193	195	219	228	239	#
917	1296641	122	159	#
918	1022152	68	196	#
919	1871625	85	174	#
920	1023100	18	29	195	#
921	2994253	19	29	56	82	86	121	130	131	183	192	207	#
922	512967	96	#
923	1495278	48	116	#
924	2931252	17	70	112	214	#
925	2059206	144	197	222	#
926	2457362	105	207	210	#
927	2771521	31	101	172	#
928	2768952	60	98	155	#
929	1404719	100	213	#
930	3749474	106	146	236	245	#
931	3294033	2	128	144	192	#
932	1313470	2	231	#
933	1474655	163	200	#
934	856340	29	#
935	1934754	16	92	99	202	204	#
936	1079882	62	240	#
937	4562454	24	116	125	209	220	#
938	1331790	33	241	#
939	1168466	5	172	174	#
940	2444736	58	223	238	#
941	3060944	67	79	120	237	#
942	3033351	1	21	148	211	231	238	244	#
943	2294683	55	187	212	#
944	1787857	27	175	226	#
945	2675143	11	47	49	86	#
946	1686748	33	102	#
947	2498757	34	62	152	#
948	852953	16	202	214	#
949	1498564	66	161	#
950	2873384	44	134	194	243	244	#
951	2885293	91	108	200	204	215	#
952	1599090	110	224	243	#
953	897204	96	177	192	#
954	2014155	59	78	195	216	229	#
955	3815758	29	75	100	108	116	#
956	1084666	145	215	#
957	1176813	198	222	#
958	3577261	46	64	87	250	#
959	4493014	28	117	138	180	211	#
960	1415766	152	159	#
961	3156749	0	70	204	219	#
962	2163194	66	89	203	237	#
963	4868655	10	182	187	218	230	254	#
964	672018	9	92	#
965	1128486	181	235	239	#
966	1194476	67	88	#
967	7638605	49	127	130	137	149	170	218	226	#
968	2234622	10	69	166	#
969	1852297	195	244	#
970	3897445	92	95	104	211	#
971	290831	5	149	#
972	860184	54	79	#
973	2273245	2	53	163	#
974	1616452	53	99	134	142	#
975	2983248	133	169	248	#
976	1403754	117	174	#
977	754242	101	#
978	4509593	34	72	80	86	229	#
979	2584184	12	187	204	#
980	3428784	77	116	120	183	#
981	1707974	81	248	#
982	1434241	237	245	#
983	1154881	50	176	#
984	1539723	21	140	#
985	1036240	125	127	190	234	#
986	1422003	205	223	#
987	2179546	46	72	121	#
988	1834623	160	232	#
989	1279234	11	225	#
990	4271309	44	79	218	235	245	#
991	6646370	32	71	95	124	127	128	134	186	247	248	#
992	3888622	19	22	202	208	#
993	2326605	13	80	183	201	204	#
994	2438834	46	75	244	#
995	1051270	36	158	#
996	1875287	65	205	#
997	5430341	0	45	50	86	88	186	200	#
998	3596882	37	178	221	223	250	#
999	1282815	9	44	94	105	#
