%% File generated by CATS v.2.1Wed Jun 19 19:15:54 2013

%% The CATS webpage is http://robotics.stanford.edu/CATS

%% PARAMETER SETTINGS:
% Goods: 256; Bids: 1000; Distribution: L4; Runs: 50; Seed: 1371664511
% Legacy distribution parameters:
% Number of goods chosen according to Decay distribution (alpha = 0.55).
% Price chosen according to Linear Random distribution (low_linearly = 1, high_linearly = 1000).


goods 256
bids 1000
dummy 0

0	1817631	56	61	227	#
1	1070108	22	233	#
2	795898	224	#
3	1566535	47	123	157	231	#
4	886925	220	#
5	651328	109	#
6	2061602	37	48	76	196	217	#
7	962640	85	#
8	2367237	67	126	152	#
9	1025683	29	71	95	119	158	#
10	1299999	82	210	#
11	1830922	1	208	#
12	586672	191	#
13	957907	156	#
14	2517802	4	110	158	219	244	#
15	1731052	54	86	#
16	4447198	3	11	161	194	229	#
17	869299	27	97	191	192	#
18	995025	21	#
19	963583	116	#
20	1468623	177	186	202	#
21	7507032	8	14	49	59	151	163	165	200	#
22	999346	243	#
23	643436	68	#
24	1147238	49	76	107	199	220	#
25	559360	229	#
26	1588524	81	150	#
27	2219912	79	86	111	142	#
28	828516	35	#
29	910935	89	157	216	#
30	1721271	164	241	#
31	940959	245	#
32	968458	92	#
33	2812711	0	83	96	204	#
34	1916191	60	84	246	#
35	890524	66	206	#
36	859010	75	#
37	1703941	10	100	149	#
38	1520396	100	213	#
39	1809748	57	91	#
40	996049	82	126	#
41	1033118	160	241	#
42	950038	179	#
43	960852	45	#
44	783952	99	#
45	844263	244	#
46	981305	167	#
47	997913	199	#
48	2055301	56	172	253	#
49	944847	64	#
50	875345	54	#
51	2831586	88	118	182	224	#
52	910996	12	#
53	4066591	41	111	152	199	220	243	#
54	822612	202	#
55	748436	162	#
56	233889	55	#
57	2050274	17	84	227	#
58	952869	180	#
59	902482	227	#
60	952886	113	#
61	983643	125	#
62	3364922	75	94	217	223	#
63	603829	86	#
64	2411609	62	196	209	#
65	1138712	187	224	#
66	1070542	44	198	214	#
67	581953	136	#
68	893655	20	#
69	986362	121	#
70	997932	59	#
71	792617	31	#
72	987691	233	#
73	953855	193	#
74	905516	145	#
75	820333	172	#
76	803147	118	#
77	2267934	94	105	196	#
78	3330891	23	150	227	228	#
79	1476354	14	82	#
80	1969610	32	158	#
81	3933994	26	77	158	228	#
82	729353	24	#
83	945946	153	#
84	936192	217	#
85	887756	222	#
86	673782	73	#
87	3259889	52	68	87	121	180	#
88	667042	2	#
89	275494	37	215	#
90	1692887	23	46	#
91	554611	90	#
92	1095980	137	244	246	#
93	995346	254	#
94	987338	71	#
95	637602	201	#
96	946264	201	218	241	#
97	666434	170	#
98	779445	247	#
99	727504	141	#
100	746219	96	#
101	1608578	203	227	#
102	1400152	27	194	#
103	1741947	11	117	203	#
104	1788459	16	141	158	168	#
105	977929	60	#
106	919793	230	#
107	675901	208	#
108	2902115	78	79	147	#
109	2269812	72	124	191	#
110	3245028	31	53	91	122	157	185	213	246	#
111	1485798	20	229	#
112	846235	84	#
113	919667	19	#
114	2328969	115	120	193	#
115	2949856	35	78	87	153	166	#
116	921797	78	#
117	975571	42	#
118	1235312	202	206	#
119	2848837	150	151	219	#
120	895550	246	#
121	816900	166	#
122	1212191	153	229	249	#
123	2242831	140	144	160	#
124	256242	188	#
125	1470554	29	164	#
126	654712	101	#
127	892645	134	#
128	497387	120	#
129	463363	165	#
130	953042	210	#
131	3503186	148	168	171	190	#
132	989715	237	#
133	829614	34	#
134	813789	22	#
135	1472518	69	227	232	#
136	886126	80	91	#
137	935822	185	#
138	3325800	24	33	57	73	121	#
139	1801662	10	112	#
140	967600	203	#
141	402024	51	#
142	1269454	88	115	#
143	3151099	12	40	75	112	#
144	1706362	65	201	#
145	702973	231	#
146	1010059	108	178	#
147	921339	152	#
148	936359	163	#
149	975727	48	#
150	1442183	60	146	218	#
151	506746	110	#
152	2917368	48	98	150	185	234	#
153	975618	211	#
154	1703379	21	22	69	99	102	#
155	838716	107	#
156	968704	44	#
157	845096	25	#
158	1131228	62	81	#
159	758462	91	#
160	1844439	31	36	216	#
161	883277	88	#
162	1266536	123	243	#
163	930528	238	#
164	2679059	11	155	220	#
165	4113784	39	50	152	227	235	#
166	799188	93	#
167	1820798	154	192	#
168	838593	72	#
169	988081	118	139	213	244	251	#
170	1882824	3	76	174	#
171	2884224	124	129	134	169	241	#
172	606528	140	#
173	975384	214	#
174	999483	131	#
175	768557	13	#
176	385622	128	#
177	968918	132	#
178	1845429	61	220	#
179	1340162	3	97	159	#
180	968245	251	#
181	977280	164	#
182	3291568	100	106	173	201	#
183	854550	250	#
184	396417	0	#
185	278848	26	#
186	1274761	181	186	228	236	#
187	1894090	26	150	219	#
188	881260	61	#
189	2952699	57	68	209	#
190	843407	7	224	252	#
191	2853664	7	124	236	#
192	1638716	33	119	#
193	1533513	24	151	#
194	250094	69	#
195	1074852	126	132	#
196	364803	33	#
197	2609028	5	23	147	#
198	930531	178	#
199	1149198	39	73	#
200	2937088	89	110	150	#
201	1989430	15	242	254	#
202	977990	53	#
203	953169	112	#
204	3694359	58	166	227	246	#
205	864466	204	#
206	2085124	80	104	125	150	173	177	185	#
207	1980029	65	70	#
208	2760663	33	138	160	#
209	1782364	53	110	#
210	326205	181	#
211	408677	7	#
212	3004369	48	61	99	131	134	#
213	1632624	157	171	#
214	861525	58	#
215	193841	219	#
216	773054	144	#
217	3324334	66	117	120	213	#
218	719453	158	#
219	715659	70	#
220	690060	126	#
221	787983	148	#
222	1952061	128	150	182	#
223	863299	142	#
224	4756977	70	93	123	170	196	#
225	568578	123	#
226	1459846	104	222	#
227	968172	87	#
228	1003477	60	211	#
229	663950	108	#
230	579991	160	#
231	3763380	78	81	132	138	188	#
232	961865	15	#
233	887520	176	#
234	3536103	36	112	146	249	#
235	2480416	64	107	192	#
236	1111829	45	64	215	#
237	1449790	118	192	#
238	1344520	202	211	#
239	768854	139	#
240	1929365	48	49	88	113	#
241	1623197	100	138	181	#
242	523663	111	#
243	619539	67	#
244	803983	190	#
245	974063	36	#
246	887109	162	207	#
247	859237	9	#
248	574319	135	#
249	728832	232	#
250	1979509	52	228	#
251	1800534	60	120	#
252	2439644	22	96	120	#
253	1424373	43	205	#
254	1945268	51	111	145	206	#
255	6063826	37	112	133	153	195	214	226	#
256	1340225	34	175	#
257	680816	236	#
258	3637317	15	89	94	101	114	129	#
259	2330928	5	77	101	133	168	197	237	#
260	757309	168	#
261	1499705	36	165	#
262	342979	104	#
263	1669417	65	106	111	193	214	232	#
264	943252	137	#
265	2599066	55	75	198	252	#
266	740702	47	#
267	751967	159	#
268	1380810	47	218	#
269	964269	154	#
270	3580681	61	128	192	239	#
271	442377	1	#
272	5304476	25	44	95	99	103	205	#
273	2609186	66	131	226	#
274	1085441	146	251	#
275	745711	197	#
276	1452682	100	193	#
277	251758	122	#
278	624653	65	#
279	5104722	31	48	89	91	149	157	237	#
280	3045347	1	11	131	135	167	223	#
281	2650277	26	73	222	#
282	361759	171	#
283	251931	37	#
284	5911689	13	75	115	126	129	135	#
285	1096886	218	255	#
286	1575192	180	211	#
287	5764884	3	28	40	43	67	75	99	128	137	149	165	240	#
288	1157413	30	229	#
289	941502	105	#
290	1327034	6	96	240	#
291	2426845	48	91	199	#
292	7714705	67	77	85	100	125	136	193	244	#
293	663820	173	#
294	775370	195	#
295	1812659	22	50	#
296	2326284	69	182	201	#
297	976451	143	#
298	1417892	15	74	110	#
299	3174510	121	140	249	252	#
300	819979	147	#
301	2809056	34	184	207	233	#
302	829486	6	#
303	1734790	173	190	#
304	3534463	4	16	76	159	#
305	1129140	29	142	#
306	951587	30	189	#
307	2221043	78	80	236	#
308	796493	0	158	219	249	#
309	1902120	10	150	#
310	4033233	85	117	194	220	227	#
311	2202648	74	91	147	#
312	1587120	87	252	#
313	2319038	146	154	180	#
314	1174527	80	156	#
315	397857	186	#
316	4180145	104	113	125	142	171	208	#
317	7512007	6	11	29	54	62	69	93	95	146	163	#
318	2115806	151	175	233	#
319	3522443	91	125	157	232	#
320	1246285	75	133	#
321	831293	3	#
322	1609595	75	99	#
323	801297	175	#
324	474389	129	#
325	988651	17	#
326	1030519	28	185	#
327	1483659	17	42	172	#
328	2158885	53	81	206	#
329	3557600	49	79	100	125	135	237	#
330	1350414	72	80	184	#
331	847033	41	#
332	1897262	61	73	#
333	906692	177	#
334	779847	49	#
335	551821	77	#
336	1223719	100	123	#
337	3708563	9	136	148	177	182	232	#
338	1772831	128	158	#
339	876505	28	#
340	1650535	23	52	83	#
341	871300	124	#
342	971486	200	#
343	1220168	103	151	#
344	940845	16	#
345	514206	130	#
346	915053	127	#
347	2579492	100	167	209	#
348	348788	249	#
349	1187146	7	107	#
350	1444379	7	152	236	#
351	2718824	20	136	167	#
352	3056633	55	112	119	124	222	#
353	862820	187	#
354	482940	106	#
355	1672758	28	64	204	207	239	#
356	1276026	148	202	#
357	2475247	116	181	193	#
358	1947962	131	217	220	#
359	868404	192	#
360	2667733	55	66	178	#
361	3589668	100	143	198	228	#
362	1426393	112	114	221	#
363	730823	8	#
364	866482	221	#
365	1050365	25	118	151	#
366	1782241	224	225	#
367	1545685	237	253	#
368	2214896	11	80	97	#
369	902636	226	#
370	952959	10	#
371	1623379	54	198	#
372	712193	63	#
373	911715	28	207	227	#
374	3304558	45	62	116	165	#
375	417361	206	#
376	642057	74	#
377	1994721	63	77	254	#
378	4462508	0	39	49	80	89	240	#
379	935757	23	84	227	#
380	7581686	5	18	20	23	41	56	72	83	#
381	910978	218	#
382	3999447	76	211	237	245	#
383	985078	4	#
384	985389	81	#
385	1203250	180	189	#
386	1252218	37	112	221	255	#
387	421497	14	#
388	1190759	13	211	#
389	1140355	51	114	#
390	1031414	19	152	#
391	627229	39	#
392	710852	207	#
393	1476178	2	93	102	128	157	180	217	237	#
394	738267	223	#
395	1964417	137	224	#
396	719988	52	#
397	2600332	190	218	227	#
398	1044833	171	212	#
399	1667967	37	232	#
400	1112936	31	215	#
401	1200250	38	39	175	201	#
402	776950	98	#
403	1666149	136	155	#
404	1437398	12	70	#
405	4677058	68	105	127	184	201	#
406	1752460	132	204	#
407	5037291	29	67	78	83	104	176	227	246	#
408	321759	5	#
409	6448431	2	8	61	87	105	111	128	238	#
410	1431925	16	99	#
411	1623959	29	235	#
412	1508438	1	144	185	226	#
413	1643612	54	179	242	#
414	2831501	57	109	120	177	195	238	255	#
415	3140296	42	60	133	153	201	209	227	#
416	2532192	28	56	58	233	#
417	1532083	0	74	#
418	567456	100	#
419	2047777	134	141	191	#
420	1872790	192	253	#
421	2076454	16	128	166	221	237	#
422	2435508	47	61	168	#
423	1173360	51	70	#
424	1434487	89	132	#
425	1321256	49	162	#
426	2547602	53	73	136	223	253	#
427	3675416	107	117	128	133	171	#
428	2561499	36	161	164	#
429	1847161	7	56	77	83	105	139	158	163	198	#
430	1721904	80	109	#
431	1332655	35	251	#
432	1904620	54	153	#
433	1982457	123	178	#
434	1618757	113	195	#
435	853623	103	#
436	650449	102	#
437	2005001	149	189	243	#
438	1700317	67	93	101	110	146	#
439	2786807	17	118	132	215	238	#
440	3288454	30	124	146	200	203	#
441	772393	189	#
442	1738873	16	51	108	144	172	192	#
443	5188358	29	101	111	132	149	166	206	223	243	245	#
444	1625673	109	249	#
445	4990104	44	45	74	77	106	112	122	178	233	#
446	1643141	110	140	#
447	5508972	15	25	73	117	196	209	231	246	#
448	2602695	2	155	240	#
449	998818	25	70	#
450	1634027	115	188	#
451	4858610	38	74	113	186	241	#
452	1003393	125	207	#
453	1106696	75	255	#
454	801458	97	#
455	987089	22	96	#
456	642681	155	#
457	9957226	29	35	62	109	127	130	158	192	205	242	#
458	1834327	10	17	100	154	#
459	838496	83	#
460	1634218	58	89	124	177	200	201	#
461	2565355	25	53	204	#
462	2807260	74	188	218	#
463	1467268	9	37	120	158	213	#
464	3614616	41	110	142	203	#
465	1205845	65	106	204	#
466	1173489	77	90	#
467	1071747	61	87	246	#
468	2216008	52	57	171	#
469	1089937	10	44	235	#
470	1325274	5	62	#
471	6085520	4	10	62	114	137	182	189	215	232	#
472	1532460	58	163	#
473	2533935	39	244	253	#
474	498614	149	#
475	1534811	53	143	160	#
476	946584	82	#
477	965249	40	#
478	3159609	20	52	59	125	221	#
479	1471792	125	146	221	#
480	463236	62	#
481	1673300	119	246	#
482	1674312	49	64	65	243	#
483	2462950	68	123	150	#
484	972253	183	#
485	1380787	64	84	156	201	#
486	1775565	127	156	196	#
487	943660	171	245	#
488	1465943	83	118	218	248	#
489	531208	228	#
490	4388067	72	76	91	134	225	#
491	755606	23	#
492	982019	109	165	#
493	3864305	9	74	89	106	245	#
494	2589913	156	216	250	#
495	2673244	59	235	239	#
496	9207415	58	59	67	80	181	183	187	190	191	207	231	#
497	2023172	11	33	60	64	71	111	218	#
498	1740140	215	251	#
499	2732108	68	132	137	#
500	1850994	159	163	#
501	2167105	61	62	81	198	201	#
502	2876631	120	201	214	#
503	671340	56	#
504	1252031	58	61	90	209	216	#
505	1261071	97	214	#
506	1999688	74	107	138	154	172	200	205	#
507	1765795	174	224	#
508	2084811	172	187	225	#
509	658484	216	#
510	1444904	26	145	154	#
511	1355327	84	189	200	218	240	#
512	913916	213	#
513	960764	225	#
514	2016024	116	156	188	245	#
515	1013164	107	140	#
516	1985431	27	63	#
517	1459330	9	97	139	#
518	285968	89	#
519	667731	30	#
520	1098162	144	224	#
521	2538303	30	77	188	#
522	1266070	26	36	163	#
523	1979472	7	201	#
524	5414062	4	32	41	99	126	185	230	#
525	1175827	144	172	#
526	1695810	193	199	#
527	545394	248	#
528	530822	146	#
529	1348683	46	89	121	152	208	#
530	1648754	85	111	#
531	4212543	37	110	146	152	198	200	208	248	#
532	1449512	14	17	67	144	193	207	#
533	2577801	4	5	185	238	#
534	940307	46	#
535	2985654	7	36	68	98	132	144	160	207	224	243	#
536	863363	205	#
537	1294617	88	143	#
538	1521631	4	134	137	#
539	1223892	32	46	#
540	1009711	0	15	126	176	196	229	#
541	1359360	14	64	120	160	218	252	#
542	1138108	86	107	188	199	245	#
543	3753823	4	39	125	245	#
544	1615757	153	165	#
545	1104900	125	194	#
546	3109677	35	57	62	201	#
547	1993488	8	137	172	#
548	1762467	4	96	#
549	1584883	14	17	82	#
550	1573647	141	166	#
551	1375578	1	252	#
552	1180209	60	62	78	152	182	188	211	#
553	2747843	76	87	191	#
554	2765599	42	57	72	113	#
555	3797220	32	39	104	196	#
556	686433	79	#
557	1372239	25	50	81	146	162	#
558	1072636	65	151	250	#
559	990563	151	#
560	4209191	42	85	97	119	249	#
561	1831862	155	163	#
562	832367	241	#
563	1244001	102	149	#
564	1659272	96	112	131	#
565	1751593	220	249	#
566	4152152	2	50	87	113	153	195	216	#
567	1229089	42	78	#
568	1606420	63	166	253	#
569	945802	18	#
570	1689326	34	94	232	#
571	699610	184	#
572	1789744	79	255	#
573	1305080	118	123	#
574	1895289	20	33	#
575	1809447	109	140	#
576	1076700	100	250	#
577	1411472	139	226	#
578	1041123	150	244	#
579	1689032	46	95	#
580	2519353	63	70	95	101	#
581	4568875	86	125	183	192	245	248	#
582	1461491	55	156	#
583	887653	115	#
584	1919508	0	109	#
585	1359376	141	221	#
586	5439200	56	140	147	175	199	232	#
587	854964	38	#
588	1723104	186	223	229	#
589	1904170	110	212	216	#
590	1871407	25	157	164	227	#
591	777864	52	234	#
592	1583682	45	186	#
593	1425705	172	194	#
594	1886893	79	202	#
595	1616156	30	200	#
596	1524805	102	159	#
597	1894854	12	40	112	179	#
598	7032740	12	34	37	83	145	151	166	184	#
599	1175320	77	88	169	#
600	1169039	4	162	168	241	#
601	3774122	5	49	174	175	249	#
602	1580216	31	199	214	#
603	3449292	26	196	210	232	#
604	998210	37	44	115	247	#
605	2733818	4	61	99	234	#
606	1772492	157	182	198	#
607	3666711	58	63	82	116	170	174	#
608	1974853	13	57	80	84	166	179	254	#
609	2575345	45	50	250	#
610	941874	139	161	#
611	969879	162	194	#
612	507743	114	#
613	1973258	35	113	137	164	182	#
614	1364219	135	136	#
615	4959549	101	121	195	229	249	#
616	2602875	16	48	68	86	87	170	246	#
617	3334805	27	68	84	253	#
618	427773	14	89	#
619	1430149	37	63	67	#
620	1296824	156	228	#
621	1879850	35	122	187	#
622	239322	94	#
623	1485888	83	97	99	136	166	172	186	197	214	244	#
624	1933489	147	241	#
625	2526372	83	112	175	238	#
626	975047	235	#
627	2244614	180	194	238	#
628	1785291	11	107	111	166	188	214	#
629	1870252	162	185	#
630	1973383	142	146	#
631	1236588	85	96	101	146	227	#
632	3348493	39	60	61	137	219	237	#
633	965112	212	#
634	2052267	41	66	101	225	#
635	690720	138	#
636	589282	119	#
637	979262	95	#
638	238942	76	#
639	914023	47	68	229	#
640	5153821	5	13	14	36	38	53	111	155	157	#
641	1398558	17	153	#
642	1527621	141	205	#
643	3811148	7	11	123	124	200	208	#
644	797956	76	99	#
645	1392791	164	172	#
646	1597209	116	121	#
647	1740696	61	67	99	#
648	1216858	68	90	214	216	232	#
649	744130	240	#
650	3708264	33	112	135	172	214	#
651	1836828	174	211	#
652	2594408	172	206	237	255	#
653	1582416	115	221	#
654	2598117	104	133	224	#
655	5062937	48	74	80	159	237	240	#
656	1801191	70	160	#
657	1038764	126	168	#
658	982172	91	209	#
659	1282655	31	173	221	243	#
660	1119549	40	107	145	186	209	230	#
661	1404473	78	91	#
662	1647968	149	229	#
663	1025848	41	221	#
664	2954176	95	145	246	#
665	785165	239	#
666	1097508	68	98	103	242	#
667	1420715	123	156	#
668	1123733	86	142	#
669	759883	157	#
670	460725	11	#
671	2019986	34	82	95	172	#
672	1756707	77	210	#
673	1649151	53	118	191	#
674	2563696	29	39	54	77	106	113	127	164	238	243	#
675	2282402	152	161	231	#
676	1877354	123	162	#
677	2438836	48	73	79	91	188	225	#
678	1281241	103	214	#
679	1550077	96	120	199	208	#
680	3162237	18	22	108	134	#
681	1100805	10	147	#
682	750330	182	#
683	577012	76	114	129	#
684	1951122	89	102	237	#
685	1157678	191	216	#
686	1571390	72	102	#
687	5746910	47	66	84	177	182	189	190	#
688	1412280	154	253	#
689	1325431	159	199	#
690	1520635	178	190	#
691	864496	198	#
692	921024	194	#
693	1676464	154	181	#
694	1021658	17	232	#
695	1227734	43	108	#
696	1411666	63	181	#
697	1151249	28	89	#
698	4607871	67	88	179	192	230	#
699	3336048	96	148	157	166	#
700	1876284	67	106	#
701	2594460	0	93	184	234	#
702	1480284	24	200	#
703	2040265	27	46	194	#
704	3465314	62	76	130	195	#
705	1844000	94	175	#
706	3944171	23	35	47	162	184	189	245	#
707	2173019	175	180	207	231	#
708	1083166	114	195	222	240	#
709	447455	29	#
710	1990517	33	60	144	171	#
711	3719763	49	129	157	186	#
712	2023582	12	48	102	#
713	4504303	60	71	121	132	149	164	171	233	#
714	1304881	21	232	#
715	1518214	143	153	208	#
716	2002982	11	16	222	#
717	1441895	93	189	#
718	1524478	80	111	#
719	1740734	184	210	#
720	533659	150	#
721	1099808	99	204	#
722	1311003	64	121	200	#
723	2336665	39	50	74	192	#
724	812218	63	80	#
725	3631574	127	137	149	184	204	205	243	248	#
726	2385500	72	74	201	#
727	377249	255	#
728	669836	26	174	#
729	2842597	43	137	145	#
730	2484635	3	9	130	151	222	236	#
731	2007205	25	107	191	#
732	1380296	118	181	#
733	1728890	160	175	206	#
734	1245242	28	135	149	218	#
735	1168402	40	241	#
736	2595143	77	107	191	239	246	#
737	1954473	28	74	#
738	1181719	121	238	#
739	1658510	0	5	#
740	2778285	31	63	93	#
741	3254027	15	18	73	132	143	144	165	191	193	229	252	#
742	2572061	160	167	177	#
743	519284	196	#
744	1019429	116	227	238	#
745	4872549	10	87	96	111	156	#
746	3669737	25	50	64	86	161	#
747	1045510	37	53	#
748	2872962	81	105	114	206	#
749	2245951	0	54	227	#
750	431848	253	#
751	2076258	1	103	122	#
752	2685538	76	105	195	197	#
753	688219	80	#
754	1250519	27	251	#
755	1121840	39	184	#
756	1567053	52	189	#
757	1344349	136	198	#
758	1616451	179	195	#
759	2843424	67	88	93	#
760	3260922	43	48	149	222	233	#
761	2224045	62	124	136	158	#
762	1894304	90	91	152	183	193	#
763	1929449	34	95	104	#
764	2931111	52	62	208	236	#
765	1378108	97	102	144	238	#
766	2944881	11	35	80	213	243	#
767	1797771	2	42	64	99	#
768	2797690	74	190	216	#
769	1601079	160	195	#
770	1933061	68	115	163	#
771	1742126	30	84	152	#
772	1026657	33	193	241	#
773	2424404	6	76	87	139	160	168	176	187	233	234	252	#
774	4562249	13	16	26	71	127	132	248	#
775	1764599	39	120	155	#
776	1665548	68	231	#
777	1061500	63	182	#
778	2024750	11	50	72	#
779	1197894	0	139	#
780	1864896	78	222	#
781	1821923	169	186	206	238	254	#
782	378385	252	#
783	366275	169	#
784	1052405	67	204	208	225	233	#
785	3688303	49	106	172	196	207	#
786	1752587	6	245	#
787	2941585	66	130	153	199	215	#
788	2441682	8	206	229	#
789	1091247	1	6	43	#
790	1864631	29	234	#
791	1426852	52	131	167	209	#
792	1662046	34	217	#
793	1014345	47	123	#
794	1799692	115	177	195	#
795	1701472	23	96	#
796	3049053	41	55	137	251	#
797	1093095	109	246	#
798	1743962	46	62	71	#
799	4902520	13	22	55	134	144	150	165	191	208	235	242	245	#
800	1543202	42	211	#
801	1883029	53	94	#
802	1986073	11	172	189	205	216	243	#
803	1731654	10	201	#
804	1751475	176	225	#
805	1474631	94	122	#
806	1307682	18	93	#
807	1148517	103	114	#
808	2594842	81	107	198	#
809	7456587	2	99	100	125	144	185	210	231	#
810	1467296	97	196	#
811	1182264	29	80	#
812	1211302	58	207	#
813	1262845	189	250	#
814	1225137	40	132	137	153	#
815	1764813	56	115	118	#
816	1527906	46	54	124	#
817	5603203	14	26	33	46	105	129	141	#
818	1686734	45	64	101	185	#
819	2186848	44	49	63	68	69	145	178	199	200	#
820	67290	209	#
821	973947	40	85	#
822	1153050	40	120	#
823	1231654	89	165	#
824	1925609	93	136	#
825	1592242	95	138	233	#
826	1458879	19	173	#
827	1519040	87	186	#
828	2774166	16	90	225	#
829	1722187	18	31	38	#
830	1505353	69	120	182	188	#
831	2007778	11	15	189	217	233	#
832	1232617	105	108	165	179	248	#
833	2407959	16	143	155	#
834	1482594	30	75	#
835	1460746	40	95	192	#
836	1906118	236	248	#
837	1278171	58	132	187	#
838	3129086	59	178	202	205	#
839	1131949	77	220	251	#
840	1505324	2	163	#
841	1449784	129	153	243	#
842	1012646	73	97	#
843	2079273	1	82	232	#
844	2463457	48	109	178	#
845	2735285	106	117	126	165	168	194	#
846	757442	66	#
847	4404190	3	39	42	150	152	235	#
848	1824577	228	252	#
849	1391643	153	156	176	252	#
850	1960843	182	238	#
851	1582840	26	121	#
852	1773882	40	216	#
853	1386934	23	29	#
854	1983257	119	161	#
855	1352441	127	133	144	#
856	1700774	83	131	#
857	732633	101	181	#
858	946725	34	122	148	#
859	1607624	126	163	#
860	32182	57	#
861	1863921	119	151	#
862	1036695	87	89	108	231	#
863	2156424	10	58	217	#
864	1128532	194	206	#
865	1149062	148	154	#
866	1009994	60	115	#
867	1311989	95	189	#
868	700573	43	#
869	6809315	90	103	110	127	154	188	237	248	#
870	1950070	151	157	#
871	2041373	136	189	239	#
872	3555661	13	52	60	88	225	#
873	2559342	159	190	205	242	#
874	1961057	17	215	#
875	3702396	73	90	102	188	191	#
876	1895690	108	196	#
877	1462924	32	80	#
878	845358	74	240	#
879	1581708	84	117	188	212	#
880	2915363	15	34	244	252	#
881	1569055	18	20	104	108	213	#
882	2411794	88	218	243	#
883	3540117	42	89	187	247	#
884	1252578	9	227	#
885	1499013	0	11	231	#
886	1571819	0	29	#
887	4522690	58	75	110	185	244	251	#
888	2602266	11	80	170	#
889	1452894	3	36	197	#
890	556732	50	#
891	1405267	35	143	207	248	#
892	1847802	23	61	#
893	1409421	4	226	232	#
894	1616850	32	205	#
895	2585524	187	217	225	#
896	1296860	72	199	#
897	2011892	4	36	137	#
898	1042632	38	91	118	#
899	712586	117	#
900	1729411	184	230	#
901	2116476	12	195	221	#
902	3223524	79	130	199	228	#
903	1071262	110	135	188	#
904	1587235	40	47	#
905	1688926	7	35	120	#
906	1258823	120	160	#
907	1491518	31	204	#
908	1248783	94	156	#
909	1628446	42	72	157	#
910	898362	97	128	220	255	#
911	4505709	41	118	149	224	246	#
912	1535923	0	44	65	89	190	209	#
913	3021311	143	188	203	250	#
914	1867169	117	220	#
915	3250630	104	180	188	199	#
916	4461928	8	37	199	220	228	#
917	1942322	246	252	#
918	5135157	33	81	82	96	181	208	209	#
919	2711150	109	119	212	#
920	1754447	26	99	#
921	1047934	77	96	#
922	4355348	22	119	130	139	181	203	#
923	1506805	3	113	#
924	1206246	2	46	57	64	111	119	150	235	#
925	1865313	20	233	#
926	692337	0	77	#
927	1885104	130	186	#
928	1544033	51	73	185	#
929	1990194	6	185	191	#
930	2417847	46	68	86	190	#
931	4728179	34	74	85	200	225	#
932	1371272	16	207	#
933	1166844	31	187	#
934	2611684	21	56	130	156	218	221	245	#
935	1477715	1	140	#
936	6741656	73	74	86	90	108	134	182	#
937	1185077	229	255	#
938	942032	105	117	#
939	1609423	9	28	#
940	929211	70	162	#
941	2974132	58	154	181	209	254	255	#
942	973259	124	177	#
943	1772379	29	146	#
944	3726145	3	19	77	199	#
945	1178843	66	146	180	#
946	1907037	41	73	134	#
947	2006704	59	75	118	126	154	#
948	1824296	147	160	#
949	1130669	83	132	150	#
950	809872	110	189	#
951	1494501	11	63	93	128	254	#
952	984089	11	144	150	#
953	4320342	129	131	181	229	234	#
954	2070755	76	119	175	236	#
955	1867624	47	66	219	246	#
956	1911290	19	181	#
957	1649387	60	66	166	#
958	1851197	116	183	#
959	2238106	90	106	197	#
960	2637392	10	66	222	#
961	393017	27	#
962	2141148	102	106	217	221	231	#
963	1893800	61	129	#
964	1431592	120	157	#
965	1237721	0	66	#
966	2094082	79	101	108	109	241	#
967	1165825	45	134	#
968	1025852	18	191	#
969	3451754	11	33	131	202	#
970	1493542	37	57	71	#
971	1821300	9	18	#
972	1959129	15	21	93	147	183	196	#
973	2666474	30	52	60	223	#
974	1371173	76	83	#
975	2744455	2	10	31	163	#
976	2863808	7	135	149	#
977	1191986	56	70	153	171	#
978	2076217	74	145	209	#
979	918887	14	28	#
980	2086236	84	87	179	#
981	1158918	4	21	42	#
982	1803213	77	205	244	#
983	1791447	129	187	#
984	6457077	22	52	95	97	98	148	153	232	#
985	1582226	21	76	151	193	255	#
986	3652580	112	114	170	218	220	#
987	1807856	29	165	#
988	993052	198	215	241	#
989	2528999	98	134	138	#
990	1014406	62	208	#
991	1711019	96	108	#
992	2004096	81	147	251	#
993	2204364	88	92	103	113	#
994	1376636	28	45	171	223	#
995	1893461	120	235	#
996	1306023	38	67	168	207	#
997	1380382	111	178	215	#
998	1917696	105	139	199	#
999	2278187	50	175	240	#
