%% File generated by CATS v.2.1Wed Jun 19 19:15:55 2013

%% The CATS webpage is http://robotics.stanford.edu/CATS

%% PARAMETER SETTINGS:
% Goods: 256; Bids: 1000; Distribution: L4; Runs: 50; Seed: 1371664511
% Legacy distribution parameters:
% Number of goods chosen according to Decay distribution (alpha = 0.55).
% Price chosen according to Linear Random distribution (low_linearly = 1, high_linearly = 1000).


goods 256
bids 1000
dummy 0

0	1347088	85	252	#
1	881917	252	#
2	1168805	73	92	188	#
3	3148388	111	130	141	170	212	213	227	#
4	847307	48	#
5	810595	115	#
6	962764	26	#
7	1363925	52	83	94	95	107	186	190	221	242	#
8	997288	43	#
9	976408	191	#
10	744203	163	#
11	4338779	53	119	179	236	241	#
12	3118508	57	67	89	126	#
13	2335296	26	61	171	#
14	1508607	42	158	#
15	705689	182	#
16	835221	22	#
17	871163	120	#
18	3058762	1	2	60	106	#
19	1887854	211	243	#
20	1513974	137	153	#
21	1475835	83	173	#
22	983778	216	#
23	839733	222	#
24	5811922	1	46	134	144	172	194	#
25	431958	138	#
26	948036	16	#
27	1584388	56	76	#
28	2527939	73	168	185	#
29	951090	245	#
30	927384	33	#
31	1671376	81	129	#
32	989956	83	#
33	993873	197	#
34	888278	72	#
35	799721	208	#
36	2959429	20	57	123	#
37	868981	170	#
38	921685	243	#
39	669719	12	#
40	956568	81	#
41	1568171	1	52	147	208	#
42	1501744	49	154	#
43	1848601	3	186	#
44	908406	236	#
45	795860	145	#
46	1090076	61	68	216	#
47	902132	10	#
48	2720932	103	138	173	201	#
49	1389720	141	146	207	221	#
50	800525	159	#
51	954811	133	#
52	931287	132	#
53	942925	188	#
54	1640936	13	19	77	99	#
55	1615973	71	108	157	234	#
56	570958	80	#
57	715004	240	#
58	981302	157	#
59	772503	211	#
60	585936	114	#
61	899367	46	#
62	1756649	43	79	#
63	985108	144	#
64	931355	112	#
65	2839278	41	139	222	#
66	1818525	5	73	#
67	944063	150	#
68	1944535	99	143	#
69	442918	78	#
70	818155	124	#
71	1876205	40	84	89	92	227	236	247	#
72	926195	231	#
73	935051	59	#
74	863570	105	#
75	852166	152	#
76	822206	119	#
77	2986193	46	69	129	196	#
78	2720465	189	214	252	#
79	1864973	8	135	#
80	2861906	120	129	231	236	#
81	2815420	24	147	155	#
82	743026	74	#
83	1653050	211	248	#
84	809912	55	#
85	7158321	8	9	65	84	164	170	227	233	#
86	963974	2	#
87	833067	54	#
88	1614130	83	163	#
89	789716	19	#
90	1702680	83	121	209	#
91	3867497	74	79	127	133	167	194	242	#
92	876200	153	#
93	1058894	125	176	194	199	#
94	3594185	170	193	195	248	#
95	1660413	55	245	#
96	946589	246	#
97	527061	106	#
98	933620	58	151	#
99	968759	220	#
100	851981	249	#
101	797905	13	#
102	998565	104	#
103	1305296	160	192	#
104	772930	213	#
105	1216405	98	195	201	#
106	1912969	198	244	#
107	972716	82	#
108	7865189	6	13	45	50	173	206	209	235	#
109	793329	41	#
110	999598	84	#
111	987523	184	#
112	907356	96	#
113	1778216	36	102	#
114	1861640	102	106	183	#
115	371348	194	#
116	1790699	111	135	#
117	844492	51	#
118	966763	28	45	112	237	253	255	#
119	1179036	12	49	168	#
120	970021	125	#
121	809794	89	#
122	1226899	69	126	#
123	846364	251	#
124	922892	85	#
125	1079819	186	194	198	#
126	801440	77	#
127	556541	226	#
128	2976749	121	180	250	#
129	1285074	2	118	130	#
130	1560287	39	195	#
131	934750	66	#
132	825530	160	#
133	776821	214	#
134	1414179	19	30	148	222	#
135	1525456	174	193	#
136	504974	171	#
137	812022	30	#
138	1980913	88	242	#
139	993567	26	51	171	236	244	#
140	662302	101	#
141	2122994	23	64	131	245	#
142	2314172	60	61	121	185	#
143	2201265	143	185	192	#
144	842418	90	#
145	709704	247	#
146	1515493	56	192	#
147	857019	254	#
148	1327519	111	113	#
149	2113985	85	202	214	249	#
150	1666923	46	251	#
151	979841	40	#
152	1625644	99	116	220	#
153	2611919	117	135	206	#
154	616631	95	#
155	818293	224	#
156	1608873	171	175	#
157	1504775	145	163	#
158	864449	116	#
159	686738	189	#
160	3683820	48	88	111	228	#
161	2046807	4	58	124	#
162	1589418	10	58	187	#
163	3850573	39	154	196	225	#
164	627127	217	#
165	1400656	27	73	#
166	728679	205	#
167	3850580	7	77	113	125	194	239	#
168	954177	193	#
169	1084631	78	231	#
170	921868	140	#
171	1483227	39	213	223	#
172	695827	172	#
173	832304	7	#
174	579740	100	#
175	845701	20	#
176	681983	34	#
177	2094762	1	57	233	#
178	945459	17	#
179	658896	14	#
180	924595	103	#
181	1362099	91	105	228	#
182	930462	127	#
183	250468	6	#
184	989669	187	#
185	829766	24	#
186	1701340	14	22	30	82	234	238	#
187	3390897	27	107	203	218	235	#
188	1393293	59	84	112	163	#
189	5963124	23	32	69	84	93	105	109	126	169	190	192	249	#
190	976895	139	#
191	924596	137	#
192	1269008	7	99	#
193	7993851	43	69	101	124	126	220	231	234	#
194	783790	107	#
195	4552475	52	73	122	163	166	250	#
196	879254	68	#
197	3804881	14	15	79	163	#
198	1298933	100	245	#
199	4828852	45	106	134	226	240	#
200	1426444	37	191	#
201	1775461	7	96	185	#
202	916419	5	#
203	1199527	156	168	214	#
204	551571	37	#
205	988450	190	#
206	892914	45	#
207	995529	73	#
208	1337521	4	103	#
209	906676	86	#
210	2270466	173	218	230	#
211	1936192	82	145	#
212	1991485	6	16	109	212	240	249	#
213	1458175	5	110	183	239	#
214	993504	154	#
215	1076487	56	232	#
216	4461773	65	80	126	167	213	#
217	737110	93	#
218	1109364	96	106	233	#
219	955218	90	121	#
220	837838	195	#
221	1737006	101	193	#
222	258312	156	#
223	521119	135	#
224	190920	118	#
225	863660	42	#
226	1893321	233	245	#
227	613625	165	#
228	1435784	103	140	#
229	2061755	0	108	150	#
230	980139	63	#
231	821767	168	#
232	886368	212	#
233	944795	155	#
234	1089136	82	106	237	#
235	3117769	43	114	134	228	#
236	48384	1	#
237	915406	75	#
238	859720	198	#
239	545900	53	#
240	2221330	82	147	226	#
241	695880	179	#
242	4589274	29	127	132	149	192	208	232	#
243	3468445	35	56	76	88	131	164	181	#
244	2789458	17	73	143	150	205	215	216	#
245	1372748	184	251	#
246	3036508	0	11	170	249	#
247	1660609	179	216	#
248	993461	62	#
249	1746230	62	201	#
250	197625	229	#
251	1441227	83	93	124	#
252	1020455	91	220	#
253	909495	99	#
254	1219836	103	139	#
255	652874	164	#
256	2074741	5	18	72	85	251	254	#
257	870420	15	#
258	1378825	23	207	#
259	775755	8	#
260	1840821	124	208	#
261	3382758	123	147	232	253	#
262	637096	253	#
263	963800	162	#
264	1038637	93	171	211	#
265	1063470	41	107	115	176	243	#
266	965308	110	#
267	1615827	37	113	220	225	#
268	971617	71	#
269	3863304	18	51	74	103	137	162	187	224	228	247	#
270	2218804	151	186	244	#
271	1967126	72	150	210	#
272	600594	65	#
273	1255950	73	158	#
274	2373968	26	43	71	99	129	196	#
275	5720774	22	51	75	93	108	180	190	222	229	#
276	405221	204	#
277	939054	141	#
278	3606742	41	45	155	202	#
279	1142138	160	255	#
280	1727341	18	82	187	#
281	328393	60	#
282	856214	88	#
283	1718400	76	200	209	#
284	2048702	54	188	255	#
285	1475654	1	217	#
286	1993222	96	252	#
287	512316	76	#
288	842586	130	#
289	1403594	18	22	27	102	123	200	239	248	#
290	1109746	175	178	219	#
291	984839	250	#
292	1597133	48	51	#
293	801979	134	#
294	842261	210	#
295	1170738	103	106	220	255	#
296	959934	36	#
297	3432950	29	48	117	179	#
298	2816802	83	109	116	128	145	178	246	#
299	1605470	216	242	#
300	1266103	169	254	#
301	998932	40	199	#
302	4812313	14	32	158	219	236	245	#
303	656805	4	#
304	2356369	205	222	239	#
305	963909	169	245	#
306	1854599	207	227	#
307	888730	219	#
308	936737	148	#
309	1709792	146	197	#
310	827453	218	#
311	910372	151	#
312	1560520	162	195	#
313	958510	227	#
314	1638620	94	248	#
315	778404	186	226	#
316	929367	19	103	#
317	1299753	70	221	#
318	3140774	19	101	149	190	#
319	1735881	63	186	197	#
320	2105656	36	51	105	169	255	#
321	2976506	129	229	246	#
322	818544	166	#
323	3908559	5	7	11	125	172	#
324	1207908	60	67	210	#
325	888893	174	#
326	220972	117	#
327	1924362	36	169	#
328	958958	113	#
329	2816263	66	80	82	226	241	#
330	946536	0	#
331	1016093	135	255	#
332	1318642	3	126	140	196	204	#
333	884341	234	#
334	2884945	0	162	184	#
335	967376	201	#
336	3178220	67	116	217	226	#
337	1537092	56	85	#
338	1427923	28	130	#
339	694947	178	#
340	777930	23	#
341	1477876	40	42	102	#
342	990374	146	#
343	978080	142	#
344	321752	128	#
345	2135294	130	149	208	#
346	1574656	120	195	#
347	2324859	137	150	155	186	#
348	5789741	28	80	106	108	123	140	182	207	#
349	1848262	130	236	#
350	2138284	67	81	175	#
351	622961	196	#
352	3606525	79	103	179	232	#
353	906046	27	#
354	920157	97	#
355	2121456	22	140	191	#
356	1752012	1	112	#
357	1297871	120	196	209	#
358	8069843	44	96	97	130	134	152	153	191	232	#
359	1051581	209	222	#
360	550233	215	#
361	2769907	121	143	196	#
362	2749346	128	215	229	#
363	984352	244	#
364	2104769	101	200	242	#
365	2036495	3	50	57	73	127	167	175	226	240	#
366	1164126	28	103	145	235	#
367	4861381	5	30	88	155	208	#
368	1738270	28	124	#
369	1572342	31	42	46	#
370	1376344	76	198	202	218	250	#
371	625681	167	#
372	1979628	71	139	#
373	1800155	75	173	#
374	1801398	36	70	153	166	183	#
375	986183	241	#
376	1713534	24	26	145	212	230	#
377	623115	239	#
378	2639747	42	45	90	223	#
379	2872114	17	63	82	#
380	976157	185	#
381	562253	56	#
382	1542903	70	209	#
383	3775717	27	46	112	235	#
384	260970	228	#
385	3598193	91	95	119	153	#
386	1048786	118	207	#
387	872517	102	#
388	937755	202	#
389	928367	31	#
390	1602376	42	222	#
391	5277380	62	85	116	191	194	242	#
392	1708156	11	17	131	#
393	738281	38	#
394	1295705	1	208	#
395	2230046	47	140	172	174	#
396	983577	26	49	#
397	1038436	45	75	#
398	700054	28	#
399	992592	66	68	121	198	248	#
400	2658412	110	153	215	#
401	2690698	24	145	183	#
402	809916	221	#
403	1543760	81	156	181	#
404	5067717	21	35	40	59	66	83	87	111	142	192	193	233	#
405	3012646	73	100	103	116	#
406	2102287	179	183	232	255	#
407	4543643	33	69	207	236	245	#
408	634374	50	#
409	1857629	30	226	#
410	2551209	28	101	117	212	#
411	2216764	76	97	198	#
412	895121	206	#
413	2922557	23	177	202	#
414	4754806	20	94	108	223	224	#
415	1128311	92	231	#
416	1894407	152	231	#
417	940157	29	#
418	4322681	2	64	120	133	147	212	214	234	#
419	251328	39	#
420	4703015	16	26	33	126	173	#
421	2905801	41	147	216	236	#
422	1555146	44	49	255	#
423	1670474	92	165	#
424	1853012	16	108	163	172	250	#
425	1093693	15	194	#
426	807769	143	#
427	3807069	30	85	108	197	235	#
428	1305611	144	249	#
429	3901501	8	76	207	238	#
430	1486733	86	142	#
431	1399182	133	153	#
432	1612241	76	127	152	178	#
433	3659670	41	50	64	165	#
434	877351	107	173	#
435	4811173	6	31	73	129	180	202	211	#
436	2698382	8	176	222	#
437	1046380	67	70	188	#
438	1878889	123	199	#
439	1390331	77	91	97	216	#
440	962089	87	#
441	1755126	151	209	#
442	2573618	36	184	234	#
443	1959994	74	156	225	241	#
444	1014309	29	126	142	#
445	825369	94	#
446	1445808	33	80	114	#
447	2131941	4	60	64	108	223	246	#
448	842540	9	#
449	1200663	92	198	#
450	3277564	71	82	105	156	#
451	1467033	4	32	239	#
452	721630	186	#
453	898287	25	#
454	1747049	191	200	#
455	1033846	25	126	228	#
456	4037644	9	25	120	170	248	#
457	2450813	190	228	245	#
458	1095245	29	86	158	#
459	5713514	5	54	152	161	217	232	243	#
460	916818	39	100	102	151	#
461	1032765	223	228	#
462	977951	159	222	252	#
463	876739	64	#
464	1058985	189	228	#
465	3667403	95	174	209	228	#
466	1923632	98	191	#
467	2982227	48	110	155	#
468	2869955	33	53	64	156	240	244	#
469	785813	183	#
470	2573070	55	226	249	#
471	3698693	17	45	69	178	193	244	#
472	452842	122	#
473	1610039	16	52	108	125	#
474	869367	57	#
475	1391023	62	64	#
476	932110	147	#
477	1663846	4	37	#
478	1212031	78	140	#
479	1027432	12	74	#
480	2880497	94	127	159	210	#
481	1387137	98	108	#
482	1485758	19	147	203	#
483	3219194	86	110	155	248	#
484	3154897	17	67	91	138	158	182	#
485	1056570	154	216	#
486	2100776	9	47	134	#
487	1501626	87	232	235	#
488	1084963	25	243	#
489	5209286	48	66	108	121	208	217	#
490	2792307	0	16	118	181	211	219	243	#
491	747790	179	215	240	#
492	1438226	93	94	#
493	1055632	26	27	164	245	#
494	741519	44	#
495	5981286	42	67	127	139	163	204	#
496	1908609	110	120	#
497	1154830	151	183	#
498	2113947	57	84	113	125	252	#
499	460381	235	#
500	1646631	81	230	#
501	2319020	63	79	137	207	248	#
502	1048906	119	244	#
503	2794830	20	28	84	137	241	#
504	389735	177	#
505	2748121	27	33	47	169	172	248	#
506	2461132	39	174	253	#
507	4404604	71	116	144	211	245	#
508	300927	200	#
509	906851	192	#
510	1651617	55	59	#
511	1207160	38	217	#
512	1349282	48	163	#
513	1269533	88	169	170	227	#
514	791020	69	161	#
515	1379854	87	178	201	#
516	912125	108	#
517	1639025	86	165	#
518	1409484	25	166	#
519	5874260	28	47	70	121	147	224	#
520	64283	175	#
521	2986625	156	215	240	#
522	943643	215	229	#
523	317229	242	#
524	1259325	172	231	#
525	1256749	35	39	187	#
526	2650192	36	56	209	#
527	1639445	16	86	179	#
528	4708306	13	36	130	174	181	226	#
529	1912200	131	240	#
530	2882604	13	178	183	186	#
531	439060	111	#
532	1826491	30	154	#
533	1591826	84	144	#
534	3636920	63	115	212	217	#
535	940585	123	153	209	#
536	1983067	40	81	159	239	#
537	2164115	22	24	118	#
538	3039947	54	99	131	181	#
539	1166078	47	174	245	#
540	725025	114	217	#
541	402913	11	#
542	1661171	157	170	#
543	1461172	198	242	#
544	6957839	35	48	65	86	159	186	202	#
545	1828163	84	130	#
546	1864056	66	122	163	#
547	1923359	17	56	#
548	1362921	87	137	191	236	#
549	1290552	65	66	#
550	1659008	150	215	#
551	1383613	191	198	#
552	2421200	57	111	195	#
553	3644871	192	201	205	209	#
554	1623164	137	220	#
555	3762116	14	28	67	110	236	#
556	84877	32	#
557	958881	214	248	#
558	1730748	74	89	120	249	#
559	516582	123	#
560	2126411	175	187	212	#
561	1396445	40	194	#
562	3033267	33	35	74	112	144	#
563	2555445	13	96	152	#
564	831607	233	#
565	1132307	47	130	#
566	2243123	48	92	190	#
567	1714900	89	217	#
568	1320937	48	155	#
569	1854786	100	194	#
570	5347870	11	28	45	149	159	233	#
571	4439833	92	114	199	219	224	#
572	586585	136	#
573	1044300	93	108	202	#
574	3949788	4	10	24	111	#
575	1168695	153	214	#
576	6452672	103	136	163	180	202	242	243	#
577	1026464	7	27	77	#
578	907221	176	242	#
579	1110028	169	253	#
580	3489494	97	107	130	234	#
581	1533109	46	53	83	203	#
582	253127	232	238	#
583	1576200	53	94	#
584	1446552	61	189	#
585	3298306	57	71	72	185	#
586	1852832	186	227	#
587	961443	31	95	#
588	3806232	102	117	160	210	#
589	1279949	177	198	#
590	1791987	78	183	#
591	1728105	135	151	#
592	1050304	78	151	213	227	#
593	486587	18	#
594	1552990	31	175	188	#
595	2374275	11	40	114	#
596	1101853	45	75	95	200	223	241	#
597	4384353	47	166	196	217	241	#
598	1599559	22	43	#
599	894514	21	#
600	930951	79	130	226	#
601	1272818	203	221	#
602	1423872	11	151	179	202	#
603	388071	230	#
604	1231525	7	188	#
605	4593850	6	38	131	188	250	#
606	1661566	15	130	#
607	1844187	168	201	#
608	2034079	123	154	214	#
609	2304397	174	205	219	#
610	1429771	49	244	#
611	2591224	170	238	251	#
612	2973456	21	24	65	#
613	2181766	32	55	74	167	243	#
614	4221072	21	46	67	107	120	159	177	#
615	2307556	14	154	176	206	251	#
616	1018349	29	127	#
617	1419865	45	231	#
618	2163959	81	106	161	249	#
619	1618554	49	253	#
620	1559679	36	132	150	#
621	2395923	78	87	100	112	#
622	1293896	30	40	#
623	1258842	37	226	#
624	841988	158	#
625	1228866	115	238	#
626	1284263	34	206	#
627	2908191	193	212	222	#
628	1415847	92	98	#
629	1849677	13	218	244	#
630	3342829	136	146	170	212	#
631	3294290	24	72	89	164	#
632	2062051	6	153	244	#
633	2623239	48	170	251	#
634	2789782	18	125	128	190	#
635	2609317	194	206	217	#
636	498493	209	#
637	2364352	31	153	169	#
638	1959699	123	185	#
639	952083	92	176	245	#
640	2705443	41	70	83	197	#
641	1769136	46	188	#
642	1074867	11	97	#
643	1536624	77	126	#
644	2250840	80	126	146	193	194	#
645	2314751	73	86	178	215	#
646	1938000	1	12	45	84	182	218	#
647	2868068	40	75	166	#
648	1971068	3	142	207	#
649	853355	169	#
650	1676128	164	168	#
651	1737573	181	184	#
652	1945212	6	56	244	#
653	935858	49	#
654	3206682	178	213	220	221	#
655	1640414	16	109	#
656	1214028	43	104	#
657	2228917	67	86	223	#
658	1541496	192	239	#
659	1357316	64	117	#
660	5799189	62	70	132	158	178	179	#
661	1251909	121	213	#
662	4165385	14	69	73	183	206	232	249	#
663	1467091	49	94	171	#
664	1945114	98	111	137	233	#
665	1702096	165	215	#
666	2464983	27	93	192	#
667	917124	92	#
668	1318943	108	216	#
669	901489	11	170	#
670	1450203	122	169	172	211	#
671	2436238	33	197	221	223	#
672	2442154	82	142	162	196	207	220	#
673	3284538	17	18	68	90	132	236	#
674	797499	37	247	#
675	1298518	82	155	218	#
676	325852	47	#
677	1405374	24	32	215	254	#
678	1159512	234	245	#
679	1779601	136	176	#
680	3078255	45	100	206	220	#
681	665332	35	#
682	1232582	51	134	#
683	1616524	6	227	#
684	1005919	42	84	127	176	190	#
685	2215043	152	208	211	#
686	1844181	11	194	254	#
687	3647392	21	71	83	87	95	191	#
688	664545	69	#
689	3468195	19	37	69	118	208	#
690	1220440	58	240	#
691	940760	51	78	#
692	4351536	29	44	64	144	165	#
693	1089481	24	126	177	#
694	564294	203	#
695	2064870	26	47	141	173	214	#
696	740704	180	#
697	1777517	134	204	#
698	1309772	8	66	#
699	2968560	162	185	210	237	#
700	4844744	15	33	75	138	226	#
701	3668882	3	79	220	232	238	#
702	1508212	44	84	#
703	1581840	55	232	#
704	2434646	55	57	248	#
705	2786959	15	20	62	172	#
706	2426113	85	195	220	#
707	691589	47	135	#
708	1495602	1	160	190	235	#
709	857751	225	#
710	944930	22	171	#
711	2554447	107	224	255	#
712	2678427	6	19	125	#
713	2796468	50	70	112	#
714	1375553	104	163	207	255	#
715	1364719	40	139	149	161	#
716	937233	129	#
717	1978988	14	168	#
718	3137634	13	86	189	198	#
719	2699358	133	152	173	204	#
720	1036474	1	34	104	168	210	#
721	1570808	89	132	#
722	1368578	67	124	#
723	9069035	7	12	52	85	96	110	120	121	187	212	#
724	2813102	10	237	252	#
725	1543328	3	49	55	198	221	#
726	1792521	55	116	226	235	254	#
727	2879079	97	117	120	124	127	189	#
728	1415092	96	124	159	255	#
729	757087	248	#
730	1990713	81	199	#
731	754836	76	122	#
732	2159139	83	175	243	#
733	8347409	54	81	93	107	114	133	193	209	246	#
734	1044862	160	172	#
735	686407	161	#
736	1488009	60	124	#
737	4725702	26	81	94	113	120	159	220	#
738	3486323	34	84	92	207	239	#
739	1942661	100	115	193	#
740	3016757	69	91	127	166	223	225	#
741	891393	109	#
742	1859460	32	149	180	#
743	2072772	4	96	140	175	#
744	1839291	58	236	#
745	2638055	45	54	94	224	#
746	1453764	139	180	#
747	2682919	59	93	240	#
748	1205870	39	203	#
749	945288	121	#
750	1917963	152	179	189	#
751	1360645	112	114	154	167	190	#
752	2304903	4	151	172	#
753	2765872	65	75	131	169	248	#
754	1124500	205	254	255	#
755	904520	72	174	#
756	2473004	130	158	191	#
757	4313014	29	50	78	204	250	#
758	1596029	119	134	213	#
759	1702015	57	94	120	168	179	236	#
760	6859213	45	56	115	134	184	227	250	#
761	3481092	4	33	55	106	114	156	167	250	251	#
762	1990062	76	103	121	139	#
763	941025	56	66	72	#
764	2857178	43	89	182	#
765	1574095	33	135	226	#
766	1426341	138	156	#
767	814772	67	#
768	990402	149	#
769	2443842	6	18	38	#
770	3073049	30	152	170	254	#
771	706581	52	101	226	#
772	1108286	116	161	177	#
773	1111972	3	101	#
774	1952293	7	66	142	198	237	#
775	1348852	29	32	46	108	#
776	1263938	17	52	#
777	780722	95	178	#
778	3296651	25	42	55	56	71	109	122	217	#
779	2965337	54	82	112	231	243	#
780	1711981	47	71	#
781	2405806	30	65	199	250	#
782	1099293	1	253	#
783	1181154	57	152	160	209	#
784	1445378	162	227	#
785	2194945	8	59	126	251	#
786	2355028	8	24	108	#
787	2615840	96	112	132	181	219	221	238	#
788	1722107	229	240	#
789	957644	207	#
790	3411724	83	149	174	208	#
791	2345001	135	172	247	#
792	1637470	168	229	243	#
793	2830531	25	205	220	#
794	1625318	14	157	191	219	#
795	1595750	83	151	#
796	1880173	14	33	73	185	207	243	#
797	964407	11	228	#
798	1444432	81	97	197	214	#
799	1981894	122	133	#
800	1623041	10	226	#
801	301502	223	#
802	1827355	10	176	#
803	2333906	27	141	157	231	#
804	1580320	30	128	#
805	1497980	69	198	#
806	1356616	16	113	159	220	#
807	1619539	10	52	#
808	1764244	88	175	#
809	2725543	41	43	97	196	#
810	1558653	189	240	#
811	1651075	104	124	143	161	#
812	3570489	96	120	160	225	#
813	1274646	75	94	230	#
814	3920926	34	40	120	163	183	237	#
815	629157	126	#
816	956781	37	156	223	#
817	1506789	53	226	#
818	709342	34	175	#
819	3940847	40	110	119	200	#
820	1277562	98	148	208	#
821	1121515	41	193	#
822	1813033	140	235	#
823	948392	181	#
824	1397954	78	181	186	#
825	1228054	149	158	#
826	1265354	41	75	#
827	1244515	32	236	242	#
828	1853765	14	241	#
829	2770277	0	14	35	37	73	86	111	120	165	217	243	#
830	358503	3	98	#
831	1586991	133	217	219	#
832	1759939	91	188	#
833	1034474	251	255	#
834	3097267	44	70	114	176	196	217	226	#
835	1778247	146	212	#
836	1018546	12	88	134	#
837	3317043	28	45	70	115	202	231	#
838	1823787	97	118	188	#
839	1273544	130	249	#
840	1549808	113	147	#
841	1907470	84	203	#
842	1190981	72	112	236	#
843	978312	61	#
844	1493535	9	168	#
845	1326803	46	207	#
846	202324	173	#
847	3254504	23	147	189	206	#
848	1740601	40	129	173	#
849	2730481	168	191	251	#
850	3199137	16	19	114	140	161	231	#
851	2954189	31	145	161	248	#
852	3766143	16	30	45	48	189	#
853	3135647	48	70	78	80	217	#
854	2995186	44	65	167	173	#
855	2720729	49	79	186	214	#
856	1236554	110	124	#
857	1996959	62	116	241	#
858	3569292	30	117	230	241	#
859	1726532	150	186	#
860	1129217	67	101	137	#
861	1501341	90	117	#
862	3295355	55	58	178	193	241	#
863	2634152	54	121	174	249	#
864	7168972	23	48	74	79	95	140	181	218	#
865	2299861	168	221	248	#
866	1081897	67	104	#
867	1016340	32	84	#
868	4542646	14	30	38	52	156	188	226	231	#
869	2961311	73	135	156	171	210	251	#
870	1868353	82	85	132	#
871	1281266	121	202	241	#
872	1680145	19	52	165	#
873	1131612	72	80	#
874	2959442	50	87	225	234	#
875	227638	3	#
876	1672948	64	225	#
877	2790566	14	90	91	181	#
878	2547219	39	54	71	81	135	167	#
879	3122695	5	7	77	120	253	#
880	3532588	23	48	85	198	#
881	4998408	86	168	215	219	242	#
882	1258818	9	65	72	133	#
883	1094789	9	52	216	#
884	4635139	11	41	61	85	97	112	115	125	131	156	161	172	175	179	201	227	229	236	#
885	2900582	11	34	209	#
886	2254783	44	109	156	#
887	1963403	112	213	#
888	1944182	84	167	#
889	2317356	44	82	213	237	#
890	1946149	33	106	#
891	1804572	31	101	#
892	4380	79	#
893	1852415	58	85	#
894	1812126	8	237	#
895	2123092	72	144	183	207	#
896	1119583	168	198	#
897	1554509	72	192	#
898	1610027	84	214	#
899	1107830	67	140	#
900	3414671	9	78	102	163	227	249	#
901	2067387	8	101	164	#
902	1902756	4	212	#
903	3715282	53	119	161	218	240	#
904	1438254	113	207	#
905	978905	166	245	#
906	1527235	236	252	#
907	3460876	2	68	93	101	125	156	203	210	251	#
908	1778362	22	153	225	#
909	878784	74	168	#
910	1208298	150	255	#
911	2813350	108	124	148	#
912	3052058	43	56	60	100	106	116	117	147	250	#
913	1718163	45	245	#
914	1513321	128	252	#
915	2702161	136	142	243	#
916	5795228	126	127	168	171	194	199	#
917	3884192	10	168	201	250	#
918	1334875	17	60	86	185	247	#
919	7733265	19	26	60	74	112	117	160	188	#
920	981935	18	215	#
921	2821007	35	191	225	#
922	1617640	2	247	#
923	961021	22	203	240	#
924	3707374	24	93	215	230	#
925	1296773	11	187	221	#
926	740244	173	189	#
927	1673312	3	155	#
928	988598	117	252	#
929	4813217	10	72	121	125	129	205	240	#
930	1271514	34	164	#
931	2873311	55	177	208	#
932	1460987	25	48	167	230	255	#
933	1457026	49	109	185	188	226	237	#
934	1159224	32	182	#
935	1376008	23	67	#
936	4531152	29	31	36	210	248	#
937	1507810	88	182	226	234	#
938	1901881	14	109	166	172	230	#
939	1315447	44	254	255	#
940	1207404	219	235	#
941	2794815	0	9	83	145	186	#
942	1241794	51	58	171	#
943	4605364	3	36	64	106	118	#
944	1112049	42	115	233	#
945	2998445	15	133	145	241	#
946	1571166	15	31	77	95	146	247	#
947	1564311	135	246	#
948	2079177	74	223	241	#
949	5658448	53	71	130	184	205	231	236	240	245	249	#
950	970453	8	53	#
951	3101577	4	37	45	96	#
952	8333312	17	53	57	58	93	129	130	143	188	#
953	1874363	69	94	104	#
954	857558	41	53	194	249	#
955	2538136	37	146	254	#
956	1752420	61	111	#
957	3651874	17	28	103	118	208	#
958	1307253	44	171	191	#
959	3634847	47	104	225	236	#
960	2689149	14	22	200	#
961	2039622	13	108	185	192	252	#
962	4495845	69	75	87	231	232	#
963	1347194	63	67	138	188	#
964	8710473	71	75	82	93	118	141	175	180	195	228	#
965	1685884	101	188	#
966	1847686	123	155	194	#
967	747710	167	182	#
968	4007556	35	62	71	77	246	#
969	1826117	113	125	126	169	195	234	242	#
970	1821888	127	143	#
971	991590	115	153	#
972	1534176	19	35	#
973	8611725	9	11	90	99	116	137	155	174	177	178	#
974	1954244	187	236	#
975	1631160	58	71	248	#
976	1597443	24	144	#
977	1507725	124	187	#
978	1329090	83	105	#
979	1763923	39	52	82	109	133	172	226	#
980	2003239	116	169	196	212	#
981	1248736	20	64	82	113	174	#
982	950410	171	229	#
983	2592918	96	148	193	#
984	2015421	43	52	54	59	112	123	139	159	208	#
985	2216766	52	73	161	228	#
986	1898427	13	112	116	#
987	1589238	207	214	252	#
988	2792775	78	89	229	236	#
989	1978810	11	51	104	155	#
990	1232997	159	216	#
991	3767659	123	126	158	213	218	#
992	1451310	123	232	#
993	2835636	127	145	244	#
994	3080016	55	100	165	240	248	#
995	1554206	116	194	213	216	252	#
996	1837286	79	84	#
997	1462636	223	235	#
998	3043178	9	11	16	82	121	#
999	1817783	102	180	#
