%% File generated by CATS v.2.1Wed Jun 19 19:15:55 2013

%% The CATS webpage is http://robotics.stanford.edu/CATS

%% PARAMETER SETTINGS:
% Goods: 256; Bids: 1000; Distribution: L4; Runs: 50; Seed: 1371664511
% Legacy distribution parameters:
% Number of goods chosen according to Decay distribution (alpha = 0.55).
% Price chosen according to Linear Random distribution (low_linearly = 1, high_linearly = 1000).


goods 256
bids 1000
dummy 0

0	4277392	43	133	154	158	244	#
1	927010	165	#
2	1289003	140	169	#
3	897107	183	#
4	999431	166	#
5	864115	60	#
6	765482	120	#
7	953949	40	#
8	1755552	139	191	#
9	468947	122	#
10	811713	15	#
11	1528073	4	11	#
12	832622	111	#
13	921223	237	#
14	953392	35	#
15	462701	245	#
16	995489	27	#
17	3270519	42	80	149	254	#
18	925963	134	#
19	868647	19	#
20	875786	126	#
21	926815	216	#
22	989760	100	#
23	973593	193	#
24	999864	22	#
25	911374	198	#
26	831539	50	#
27	1299769	107	145	197	217	#
28	1544119	23	123	#
29	848079	206	#
30	2948095	113	139	235	#
31	1197446	36	139	168	250	#
32	562360	179	#
33	744345	82	#
34	2605816	15	37	89	144	184	#
35	1345859	103	174	#
36	1079265	178	201	#
37	253851	197	#
38	948862	25	#
39	1651618	0	79	161	176	179	#
40	2406760	92	119	163	#
41	930181	106	#
42	6838654	23	27	30	31	35	70	139	#
43	1424102	1	88	101	129	229	#
44	966070	233	#
45	999239	37	#
46	914887	61	#
47	1259729	20	93	118	127	#
48	477976	202	#
49	1056939	13	255	#
50	829444	49	#
51	864429	160	#
52	864685	9	#
53	2715884	87	155	168	#
54	818984	76	#
55	1999181	66	220	#
56	925563	162	#
57	1171789	66	121	#
58	2400479	80	83	128	#
59	525004	55	#
60	7767875	7	11	65	76	79	80	100	111	255	#
61	917490	192	#
62	1057173	122	227	#
63	771873	243	#
64	743244	163	#
65	877229	159	207	243	#
66	944720	1	#
67	1818716	32	61	80	#
68	1297522	11	136	#
69	947740	88	120	#
70	481057	85	#
71	1058765	98	177	#
72	992746	61	116	187	242	#
73	1808768	230	240	#
74	2235480	19	106	194	#
75	2537965	57	88	211	#
76	914892	14	#
77	2256197	135	161	194	#
78	6135478	0	24	40	42	57	237	240	#
79	3631762	86	128	183	186	#
80	937158	99	112	#
81	981901	38	#
82	862746	39	#
83	1149331	171	188	#
84	2438407	14	18	33	36	102	105	107	112	114	166	208	#
85	2567597	160	169	215	#
86	932283	112	#
87	1681196	16	36	141	167	217	232	243	245	#
88	954954	46	#
89	1936166	23	76	#
90	3256468	111	162	202	247	#
91	787048	156	#
92	1533532	35	49	231	239	#
93	956741	45	#
94	962981	253	#
95	668573	171	#
96	795183	241	#
97	906133	128	#
98	1370759	58	78	#
99	799767	6	#
100	1487058	95	98	#
101	751286	90	#
102	1969978	97	163	223	#
103	854707	248	#
104	3013785	16	38	138	150	#
105	1156311	80	81	209	#
106	980359	59	#
107	1755267	35	123	156	#
108	856551	43	#
109	2191123	4	50	172	#
110	4342784	140	154	167	199	228	#
111	1641312	100	136	170	#
112	1111579	59	69	#
113	848189	173	#
114	952036	116	#
115	1735395	102	175	#
116	1812304	29	107	239	#
117	1481503	189	197	240	#
118	1491554	94	150	230	#
119	1448622	5	217	#
120	1393108	10	84	#
121	2068730	37	95	141	163	#
122	616046	200	#
123	1128556	32	198	223	227	232	#
124	1972228	62	168	#
125	856548	137	#
126	965280	140	#
127	2082367	140	246	248	#
128	962636	0	176	179	242	#
129	2104271	123	163	215	#
130	764385	91	#
131	844256	225	#
132	915471	93	#
133	1538918	51	83	#
134	3555410	53	58	82	235	#
135	902913	84	#
136	947870	125	#
137	2052872	42	73	174	#
138	835345	131	#
139	982359	66	#
140	1905913	26	175	#
141	969173	3	#
142	984935	174	#
143	2373470	4	11	148	170	#
144	1985027	46	134	#
145	1663451	187	203	206	208	229	#
146	1704863	198	204	#
147	851132	129	#
148	1558308	171	183	190	217	220	239	#
149	1640255	95	236	#
150	264766	251	#
151	1451954	44	53	#
152	775357	186	#
153	961503	213	#
154	837131	180	#
155	896274	99	#
156	40759	229	#
157	1927538	6	68	105	135	169	194	#
158	928472	148	#
159	886803	168	#
160	3069417	33	85	90	226	#
161	1810793	20	197	#
162	847858	80	#
163	792351	247	#
164	3406931	110	115	124	191	#
165	2125273	45	51	150	159	#
166	1228995	41	173	254	#
167	4928998	12	62	63	133	158	#
168	957558	176	243	#
169	1822058	30	77	83	154	159	167	170	229	232	#
170	823673	2	#
171	960151	178	#
172	847275	191	#
173	2211266	2	83	154	249	#
174	2745091	169	187	217	220	#
175	2428746	30	167	248	#
176	892762	201	#
177	522910	69	#
178	742645	151	#
179	1765854	76	89	168	181	#
180	815708	71	#
181	918856	133	#
182	803262	151	195	#
183	822416	48	#
184	6141631	2	28	64	92	151	165	247	251	#
185	874364	18	187	194	#
186	4611278	18	40	126	127	172	177	191	#
187	479326	185	#
188	1345372	61	63	#
189	2838990	31	169	200	#
190	996016	217	#
191	692511	231	#
192	3933430	87	118	186	240	#
193	884281	181	#
194	1207824	18	144	#
195	927931	167	#
196	998794	104	#
197	1288416	160	167	174	#
198	871357	26	#
199	981077	252	#
200	1687043	138	154	#
201	921315	220	#
202	1268512	58	171	237	#
203	3092656	45	93	170	191	#
204	1056089	10	224	#
205	1616712	75	95	#
206	961378	177	#
207	992679	235	#
208	2692459	70	158	236	#
209	695447	214	#
210	1668864	106	113	156	185	#
211	864144	172	#
212	1706588	45	82	245	#
213	4119488	40	135	212	225	244	#
214	1716851	120	143	#
215	1721626	106	221	#
216	921068	161	#
217	723333	81	#
218	2767252	49	91	151	219	#
219	1821964	38	74	242	#
220	1265326	42	218	249	#
221	994173	127	#
222	784602	87	#
223	1289022	128	168	196	#
224	4589837	37	152	163	173	241	#
225	986244	124	#
226	1031477	63	224	237	243	#
227	3158374	91	136	234	242	#
228	981878	212	#
229	773548	195	#
230	1180951	126	176	#
231	439160	18	#
232	3169602	73	143	155	250	#
233	707744	149	#
234	1806050	96	144	#
235	1475040	72	145	#
236	1340230	12	183	210	#
237	2050644	82	150	181	#
238	911323	86	#
239	886058	169	#
240	780217	115	#
241	979248	215	#
242	868387	20	#
243	1267443	177	223	#
244	823444	238	#
245	1373660	112	210	#
246	1349138	142	213	#
247	461967	78	#
248	372699	34	#
249	4026089	11	34	67	215	216	229	#
250	902907	189	#
251	1066703	38	49	51	169	228	#
252	2925917	63	91	202	208	#
253	2136186	48	103	234	#
254	1796870	98	114	172	#
255	461884	64	#
256	1646714	25	163	#
257	1803504	86	116	#
258	1378527	214	247	#
259	1446168	68	208	#
260	2176602	34	117	188	#
261	1371174	64	232	#
262	786794	113	#
263	799362	123	156	226	#
264	1660065	178	219	224	#
265	1579371	65	164	#
266	1276880	173	208	#
267	1505097	25	142	#
268	684378	157	#
269	3506316	117	122	145	170	#
270	782487	36	#
271	917545	77	#
272	963834	144	#
273	1124001	125	142	#
274	976059	175	#
275	70542	13	#
276	501655	101	#
277	1807466	8	110	230	236	#
278	2270193	49	107	211	242	#
279	5110115	20	55	76	181	192	208	214	242	#
280	5894682	28	54	55	121	129	194	225	#
281	3362658	12	37	128	141	#
282	974303	23	75	#
283	973738	228	#
284	754299	95	#
285	1139795	18	84	153	#
286	1714478	17	210	#
287	743176	255	#
288	2848993	3	75	151	226	#
289	1916868	100	194	#
290	2538565	0	59	117	#
291	576244	75	#
292	909496	170	#
293	852676	135	#
294	983987	16	#
295	2268062	62	131	152	168	208	227	#
296	2145303	72	187	216	#
297	973222	254	#
298	2169968	13	61	72	213	227	#
299	1816910	39	116	#
300	1734230	27	30	41	97	205	#
301	895950	208	#
302	3434762	4	106	120	194	210	225	242	#
303	1526110	71	142	228	240	#
304	1653063	141	188	247	#
305	1557612	26	227	#
306	1617873	229	242	#
307	971116	5	33	#
308	1088963	5	6	#
309	863820	145	#
310	525550	123	#
311	1034271	212	246	#
312	5287971	7	11	47	53	69	89	98	#
313	2728538	50	67	254	#
314	1984822	5	36	196	#
315	2341349	74	82	98	184	217	#
316	1318218	40	244	#
317	2984002	58	166	238	241	#
318	2287651	99	100	151	176	#
319	1314181	75	153	#
320	998722	155	#
321	1719009	40	174	#
322	1157871	41	87	119	150	222	#
323	4197368	116	187	221	227	239	#
324	1955408	91	156	#
325	1104352	0	22	70	#
326	1431458	83	148	234	#
327	1867402	99	126	205	229	#
328	1699029	37	54	65	#
329	4926946	112	119	123	190	200	203	209	248	#
330	599087	246	#
331	250954	11	#
332	359210	227	#
333	4312750	1	23	60	76	113	237	#
334	856719	143	#
335	1462838	130	183	#
336	1985972	50	55	#
337	477730	218	#
338	966541	7	#
339	5804195	14	38	162	174	203	214	#
340	561314	29	#
341	1540875	25	248	#
342	1582429	6	152	177	#
343	1472894	26	134	#
344	219391	139	#
345	651904	42	#
346	1870611	105	143	145	152	187	#
347	1842782	212	245	#
348	663229	52	#
349	1894144	235	248	#
350	2917818	100	135	161	#
351	977773	199	#
352	1558271	25	39	#
353	1607896	156	249	#
354	941461	168	247	#
355	778214	33	#
356	910060	181	251	#
357	2188337	49	69	135	#
358	3586535	55	130	142	203	#
359	959552	164	#
360	623135	138	#
361	1805315	9	51	85	131	170	253	#
362	917263	63	#
363	758566	210	#
364	2730518	28	62	67	185	#
365	1909396	177	232	#
366	1612933	156	253	#
367	2263986	133	137	142	155	254	#
368	1709493	87	116	#
369	3459081	38	232	241	255	#
370	1391873	49	157	#
371	1156454	193	247	#
372	916147	184	#
373	637272	73	#
374	3632115	55	64	81	98	184	189	#
375	991663	241	250	#
376	3682348	36	95	113	156	#
377	1564464	159	176	#
378	2760513	45	61	73	124	184	197	211	#
379	1992628	42	107	#
380	2557955	24	36	58	75	109	#
381	882179	49	225	#
382	2557159	172	233	239	#
383	1515011	153	176	#
384	619814	24	#
385	732458	234	#
386	3445113	21	72	206	231	#
387	910847	10	#
388	896553	8	#
389	1591326	94	196	#
390	1355196	71	237	#
391	989974	6	251	#
392	1880592	16	40	84	221	#
393	2977375	78	88	97	108	250	252	#
394	1764622	66	86	239	#
395	836394	4	#
396	4744511	49	93	150	203	224	#
397	1125213	19	40	#
398	294420	223	#
399	3449026	22	120	230	243	#
400	1652781	85	135	#
401	2286638	56	75	84	97	238	#
402	965681	222	#
403	1436125	7	133	206	#
404	3594443	2	34	114	150	216	#
405	929700	89	#
406	4820241	16	94	170	193	195	254	#
407	2993971	47	101	169	#
408	1404436	13	43	151	249	#
409	1998461	66	248	#
410	1615894	16	67	124	179	#
411	952353	44	#
412	785929	219	#
413	1832264	186	188	#
414	3638808	48	63	84	188	#
415	2502258	22	23	34	36	58	87	110	118	119	214	222	#
416	1924066	28	198	#
417	1514428	120	189	224	#
418	942675	130	#
419	986603	250	#
420	2205013	32	118	144	192	#
421	1576284	31	163	#
422	1559798	141	144	#
423	1658303	81	195	#
424	828427	118	#
425	609455	31	#
426	1631313	153	173	#
427	734668	239	#
428	1411738	2	19	83	#
429	878688	98	#
430	628290	47	#
431	985592	62	#
432	918342	121	#
433	1371739	4	29	#
434	2864753	16	33	80	175	#
435	1041282	28	70	#
436	7345942	7	119	137	138	146	159	180	185	201	#
437	2768773	85	130	150	#
438	1976312	49	76	#
439	877322	0	159	#
440	1415296	124	240	#
441	6571515	20	23	53	93	115	131	177	248	#
442	1417048	47	251	#
443	854597	244	#
444	908845	32	#
445	1441378	80	133	#
446	1922958	52	172	#
447	296802	187	#
448	1865357	243	249	#
449	1138172	81	144	#
450	3271559	2	93	111	243	#
451	2189316	68	69	202	#
452	1692183	14	228	#
453	4558398	5	56	80	108	139	149	151	169	200	204	220	231	250	#
454	1329512	86	111	148	163	237	#
455	680241	110	#
456	1114590	77	141	#
457	1108655	66	203	#
458	1240931	116	250	#
459	1321533	39	87	130	189	211	#
460	1974125	85	98	155	197	206	228	233	#
461	1763173	2	215	#
462	1853445	12	37	#
463	1216090	27	53	#
464	1473174	49	246	#
465	711140	92	#
466	1673955	22	171	216	#
467	1247169	26	101	#
468	1197495	2	95	#
469	202367	152	#
470	4880669	16	103	106	140	174	210	#
471	1087541	51	241	#
472	420869	103	#
473	2961807	0	1	98	109	128	254	#
474	2203047	94	204	215	#
475	1287481	116	148	164	194	#
476	789142	224	#
477	843419	147	#
478	1223630	25	55	71	73	95	100	122	133	135	145	174	185	186	#
479	849757	119	#
480	2138045	69	111	155	#
481	2685079	115	169	180	196	#
482	972820	94	#
483	799782	83	#
484	1678981	65	87	#
485	5506287	8	21	38	41	64	114	135	#
486	792227	211	#
487	744898	17	#
488	1234690	5	129	#
489	1791650	28	178	228	#
490	4312154	8	93	100	130	198	236	#
491	1340123	27	84	136	#
492	881827	107	#
493	868176	207	221	#
494	3180587	86	185	206	226	#
495	2766354	8	15	80	164	193	#
496	850456	13	234	#
497	2234092	4	78	204	#
498	2973011	101	126	233	#
499	3737703	106	116	146	213	#
500	794344	190	#
501	1644041	168	178	#
502	981228	72	#
503	9144042	28	115	125	130	162	175	187	195	247	252	#
504	878951	21	#
505	1440152	0	93	#
506	1726773	17	52	55	224	#
507	888800	240	#
508	1954736	5	64	108	165	#
509	853450	120	163	#
510	993860	30	#
511	1709708	34	208	#
512	1746207	10	244	253	#
513	6220901	7	9	23	49	61	127	184	189	#
514	2554788	22	86	205	223	#
515	1268793	49	77	148	198	#
516	1897648	182	208	#
517	1374840	68	124	#
518	1893102	2	93	138	#
519	1861862	128	143	#
520	4693107	11	12	101	198	233	240	#
521	1695763	101	144	#
522	3337084	35	86	106	123	248	#
523	1745591	160	198	#
524	1363898	59	182	#
525	1820846	135	152	171	190	#
526	378017	136	#
527	1819074	100	206	#
528	905175	12	#
529	676651	226	#
530	993107	6	71	107	212	#
531	1656451	44	138	196	203	210	255	#
532	2809504	1	26	194	215	#
533	760705	117	#
534	1167108	181	202	#
535	1881015	62	64	226	249	#
536	1630470	117	140	#
537	1382518	2	121	135	251	#
538	883062	142	#
539	838082	0	#
540	2745366	15	120	214	#
541	1881198	58	218	235	#
542	1836126	46	211	#
543	606608	41	#
544	1868110	151	152	176	225	#
545	1698605	62	166	233	#
546	1982491	35	65	91	210	#
547	1203078	44	93	197	#
548	1277068	59	201	238	#
549	1592525	113	244	#
550	3836223	16	40	60	96	166	216	223	#
551	1114651	54	124	#
552	1677226	232	252	#
553	2311233	56	132	224	#
554	1735452	65	145	#
555	2517786	80	124	161	#
556	515138	109	#
557	2767007	13	115	200	#
558	1381378	0	57	92	227	#
559	1383442	70	104	#
560	216947	114	#
561	1953022	29	132	144	196	201	222	#
562	2872645	59	136	181	225	#
563	2581895	135	179	248	#
564	1719127	10	29	196	#
565	950289	154	#
566	957461	158	#
567	6947287	1	12	26	95	103	165	236	#
568	2528343	9	88	108	146	198	#
569	1327705	14	51	#
570	2043553	61	121	223	#
571	2385670	25	152	177	#
572	1860125	1	222	#
573	1893856	135	150	153	189	192	206	216	233	250	251	#
574	1551701	78	91	124	#
575	1388839	56	227	#
576	2147597	54	55	100	169	172	199	#
577	4300002	57	70	87	161	167	205	#
578	1918249	28	239	#
579	333487	204	#
580	1756023	162	167	#
581	1329387	15	155	#
582	2604862	72	142	199	209	220	222	#
583	3674156	44	46	64	132	158	227	251	#
584	979800	68	#
585	1497704	69	214	#
586	2012117	30	160	171	#
587	1999461	21	150	203	#
588	2943469	113	115	128	206	#
589	1223235	117	177	#
590	996657	28	45	#
591	3982631	22	81	99	122	145	#
592	4604605	32	55	62	116	124	176	#
593	1707293	24	61	203	#
594	1677493	113	193	#
595	2828867	41	120	215	#
596	1639676	25	57	108	#
597	1812193	141	146	154	#
598	1597575	147	175	#
599	1403240	44	69	153	159	186	#
600	1398818	104	140	159	#
601	2879747	92	94	103	170	#
602	2058145	89	190	240	#
603	1419841	73	155	#
604	1811145	68	74	224	#
605	1347979	41	42	108	#
606	1801300	102	181	198	#
607	1821088	57	88	#
608	1511347	121	138	#
609	2005929	63	92	95	168	203	#
610	1907531	19	28	32	#
611	1974748	173	190	#
612	2799945	17	160	241	#
613	1734759	154	246	#
614	194262	194	#
615	645251	150	#
616	1753683	8	69	#
617	3631866	127	132	156	250	#
618	3739853	17	31	68	94	113	121	149	196	#
619	2588250	13	28	238	#
620	532397	67	#
621	897798	51	#
622	1380669	35	43	83	214	#
623	2540389	2	164	186	200	#
624	1663156	120	239	#
625	2978324	4	108	142	#
626	1025341	47	136	154	157	199	#
627	1669457	74	113	#
628	1880340	188	215	#
629	1049135	51	149	186	#
630	6944190	20	40	44	76	125	205	206	212	238	#
631	776783	141	#
632	3561322	11	40	107	174	211	225	239	#
633	954263	182	#
634	1891006	116	130	171	#
635	792838	209	#
636	884135	232	#
637	1834955	26	112	137	#
638	4356302	8	50	123	161	175	202	231	#
639	2239763	33	98	234	#
640	1617404	11	133	171	#
641	1071088	114	145	#
642	1335261	141	211	#
643	963826	95	160	#
644	1191787	105	121	#
645	1757840	90	221	#
646	2914237	46	56	209	#
647	2359041	13	53	113	143	254	#
648	1172753	69	139	184	254	#
649	1597708	61	119	#
650	2202227	59	78	85	93	186	187	242	#
651	1378042	16	29	251	#
652	1396926	37	64	82	124	143	220	#
653	1392025	72	92	#
654	1970696	58	162	#
655	1558617	96	220	#
656	1372762	23	50	211	238	#
657	5520811	110	130	133	142	185	188	230	#
658	4435634	49	71	91	92	239	255	#
659	1785583	137	192	213	#
660	1572992	79	175	#
661	2040169	41	77	83	#
662	1602855	28	81	133	#
663	1481510	29	45	#
664	1763848	31	64	95	213	222	224	#
665	1111174	26	67	73	97	153	230	250	#
666	1851135	14	33	39	198	#
667	1129820	125	152	#
668	1651410	90	247	#
669	2870155	123	127	145	170	193	196	214	221	243	251	#
670	4332827	14	101	110	120	177	#
671	1188147	79	206	#
672	1813132	85	176	#
673	1697890	105	119	#
674	2796933	27	41	47	154	170	186	230	248	#
675	2333236	13	116	128	162	191	194	244	#
676	1799071	7	22	62	87	151	203	#
677	1131894	9	84	#
678	1741058	70	156	#
679	1313280	35	140	#
680	1267772	131	198	#
681	3753073	13	55	96	107	#
682	1681484	31	250	#
683	2406773	73	77	160	192	#
684	4014071	30	49	57	65	104	195	235	#
685	4671450	25	73	92	157	161	#
686	962668	1	56	128	#
687	285978	146	#
688	1474677	12	40	#
689	2018115	201	237	248	#
690	2734654	18	45	108	110	117	#
691	1476795	30	121	#
692	5343359	44	60	84	190	221	248	#
693	1539529	19	198	#
694	741464	236	#
695	1269809	0	156	#
696	4754806	60	147	160	180	196	227	#
697	1425607	47	73	89	100	120	169	#
698	1036357	52	162	#
699	947462	234	245	#
700	3913502	42	73	120	244	#
701	2259329	102	124	131	145	#
702	1713712	20	98	108	129	153	175	186	#
703	1530444	204	207	#
704	1438885	71	89	#
705	1415745	47	153	160	195	#
706	1661570	165	168	#
707	1477472	32	217	#
708	2217960	55	116	170	#
709	1103773	153	164	218	#
710	2644553	25	146	162	185	214	#
711	2992546	7	59	78	147	#
712	519687	23	#
713	4485416	23	176	200	204	222	#
714	1136534	139	156	159	#
715	1977707	33	226	#
716	703698	85	187	#
717	885511	70	#
718	1942207	16	112	#
719	980317	180	181	#
720	954355	74	#
721	977123	28	#
722	207924	242	#
723	1015773	3	31	36	127	128	#
724	3511963	17	48	117	123	167	188	#
725	1201472	22	53	208	#
726	2988496	7	110	132	192	#
727	1586441	65	177	196	251	#
728	1827144	106	189	#
729	934354	36	90	123	129	153	#
730	1244508	13	66	#
731	2684031	1	28	97	121	232	#
732	1083669	69	143	#
733	2716631	13	20	47	54	101	#
734	924003	108	#
735	1166242	53	60	129	177	#
736	1407043	51	72	#
737	1199998	31	180	#
738	1371514	48	105	251	#
739	1519343	35	84	105	#
740	5714393	26	33	78	108	121	208	236	#
741	97565	132	#
742	1370896	216	232	241	#
743	1971350	21	81	230	#
744	1401053	26	243	#
745	985831	152	176	#
746	1925972	83	109	132	165	221	#
747	2288994	118	144	251	#
748	1434629	30	79	87	107	#
749	3384181	18	36	47	52	158	163	194	239	#
750	1479546	142	201	#
751	3997205	27	72	103	165	216	251	#
752	944706	13	18	151	#
753	1531050	128	231	#
754	1243497	115	225	243	#
755	1136192	34	224	#
756	1809663	3	30	83	102	#
757	1206739	36	226	#
758	2880596	142	146	208	252	#
759	1900842	15	131	196	208	#
760	849956	205	#
761	2532245	49	53	70	#
762	1532182	29	111	138	#
763	1914494	99	110	#
764	1006420	198	202	#
765	2439566	130	192	218	232	#
766	1885245	54	188	#
767	660017	102	#
768	2111498	19	95	222	#
769	2335751	59	132	243	#
770	538896	88	#
771	3451284	15	86	115	161	231	#
772	7167736	14	70	99	123	128	134	145	165	181	249	252	#
773	1130081	17	56	#
774	3938725	97	129	130	181	#
775	1209180	122	194	#
776	929804	15	131	230	#
777	217217	188	#
778	1876247	65	91	#
779	920319	156	240	#
780	1739114	195	202	#
781	1292121	25	202	#
782	5627778	6	43	136	137	232	248	#
783	488610	65	#
784	3783337	170	183	228	236	#
785	843115	210	255	#
786	3216596	100	131	189	245	#
787	422907	96	#
788	2243956	64	70	152	#
789	3018891	8	12	65	203	232	#
790	1682654	40	196	#
791	1260677	87	204	#
792	2706025	12	59	146	#
793	1881274	38	132	#
794	1239529	166	251	#
795	1979016	27	112	204	#
796	1375904	147	181	#
797	2328728	26	143	210	#
798	1079372	46	219	#
799	1866710	27	56	109	110	236	#
800	694209	249	#
801	1342452	13	18	67	#
802	1986681	72	192	203	204	213	222	#
803	1140649	87	146	#
804	4419350	39	107	130	195	197	239	#
805	1099954	209	248	#
806	2022660	40	46	133	231	#
807	3941104	79	141	164	193	#
808	2725365	31	136	211	225	#
809	1355850	14	114	206	#
810	1806655	70	160	#
811	5134971	12	37	51	158	203	222	#
812	698140	221	#
813	1212912	31	105	#
814	4134186	36	41	74	167	233	#
815	1118901	235	255	#
816	2169232	2	157	221	247	254	#
817	1043279	3	215	#
818	688343	56	#
819	1387606	45	141	217	#
820	1670778	108	149	240	#
821	101414	97	#
822	1651131	79	120	158	209	#
823	1474966	49	152	#
824	2623128	81	110	140	155	175	216	#
825	1862469	156	200	#
826	1402584	79	90	243	#
827	1798944	22	126	225	#
828	1940081	15	108	#
829	930051	53	#
830	1664715	137	176	254	#
831	1919826	116	143	199	217	#
832	1027933	127	162	180	182	#
833	1841295	65	237	#
834	1937219	54	110	121	#
835	4004232	33	81	128	165	247	#
836	1742199	81	162	228	#
837	1330449	67	167	#
838	2216235	182	192	203	245	#
839	1892583	12	102	135	147	#
840	1920187	23	54	57	143	167	#
841	1057572	55	62	#
842	1372271	60	145	232	#
843	1090992	62	82	#
844	620384	88	123	#
845	1999789	19	101	105	#
846	924385	150	241	#
847	1592826	1	88	138	172	196	202	#
848	4964818	9	100	133	138	167	196	225	#
849	1121848	13	19	22	204	#
850	1210870	24	166	#
851	952185	138	170	#
852	1132331	155	196	#
853	1173137	77	103	#
854	1390015	191	226	#
855	3296737	10	122	233	249	#
856	4247041	33	62	103	152	155	162	#
857	1128108	103	228	#
858	3532450	42	81	94	109	137	150	247	#
859	2667385	125	155	236	#
860	1589303	19	24	#
861	1395258	185	209	#
862	1942287	0	2	#
863	2514052	31	150	174	#
864	1918457	144	149	211	#
865	4385778	91	98	99	138	169	#
866	1472354	19	220	#
867	1708828	119	248	#
868	2590893	13	65	195	241	#
869	1068731	48	190	#
870	849696	58	#
871	1670823	74	76	#
872	2154308	24	33	44	58	108	125	181	204	221	226	#
873	3497647	57	73	178	188	#
874	1609879	50	71	#
875	1909205	83	205	#
876	1552365	96	130	133	239	#
877	3002251	24	45	128	220	#
878	1858405	39	57	193	#
879	1808441	155	170	192	209	243	#
880	1818465	35	248	#
881	873307	115	231	#
882	1197549	141	253	#
883	160615	230	#
884	1044456	17	88	#
885	1696506	33	81	#
886	1375773	15	221	#
887	1890296	77	199	#
888	3827644	7	20	59	112	114	133	187	#
889	1546417	70	167	180	189	247	#
890	3570313	8	94	196	231	233	#
891	2985674	43	230	255	#
892	1671342	153	233	#
893	324486	207	#
894	4875012	137	167	187	202	214	226	#
895	1823002	76	99	147	200	209	216	#
896	1334896	184	213	#
897	1463986	1	71	109	#
898	3296535	79	130	141	144	#
899	989239	2	69	#
900	2488257	7	39	65	86	146	159	205	#
901	3986801	53	69	80	155	#
902	1051079	18	128	#
903	5688863	17	55	67	74	79	173	#
904	5248280	9	57	59	77	85	116	155	174	214	#
905	1870791	176	227	#
906	1409367	18	62	125	144	146	167	201	221	#
907	1597708	55	212	#
908	2268602	26	29	124	146	167	#
909	200602	54	#
910	1771533	189	254	#
911	1633136	108	221	250	#
912	1027218	54	118	161	164	#
913	1232771	120	254	#
914	849286	67	110	188	#
915	1334116	114	237	#
916	1118484	43	56	174	181	#
917	2565495	27	54	66	233	#
918	1252210	104	157	#
919	5510313	56	82	101	135	204	226	#
920	2801938	136	144	240	#
921	1907202	86	176	223	#
922	1210202	12	154	#
923	3638581	3	81	99	103	104	131	151	155	178	#
924	3793269	164	186	222	244	#
925	1465900	78	127	149	214	227	#
926	7578740	33	107	124	142	151	172	183	214	245	246	247	#
927	1776426	55	96	217	#
928	2539103	48	103	171	#
929	1762729	85	183	#
930	4571854	18	46	53	146	155	217	227	#
931	2801333	157	160	250	252	#
932	2690601	21	22	98	#
933	1524484	55	92	#
934	2571345	31	162	178	#
935	1370452	224	250	#
936	1494519	22	152	225	#
937	1996827	1	32	#
938	1199073	50	203	#
939	5766982	16	51	84	119	154	224	#
940	2882523	46	90	192	#
941	1891189	53	154	#
942	1441621	20	145	#
943	1480199	18	49	94	147	#
944	1431758	145	188	#
945	1655110	45	136	#
946	1866653	28	129	#
947	1014937	114	180	227	#
948	4054255	24	48	61	65	138	166	187	#
949	1534942	26	132	168	#
950	493834	65	136	#
951	1508339	14	54	119	245	#
952	3509227	48	64	152	188	237	#
953	3715451	52	217	223	239	#
954	1507139	83	183	248	#
955	2194882	16	149	160	#
956	2834649	53	144	250	#
957	2274659	48	73	188	#
958	4536664	11	44	95	142	229	#
959	1662531	10	34	111	137	162	183	#
960	719429	69	153	#
961	2883244	44	50	144	196	#
962	1793072	39	180	#
963	2029551	78	80	153	178	#
964	3319472	2	20	196	229	#
965	1302788	25	35	#
966	1567858	43	56	92	#
967	2604422	95	116	170	213	233	#
968	1411940	24	30	147	216	#
969	3772275	35	139	196	209	231	#
970	1195086	142	189	#
971	1051774	116	206	#
972	2147897	0	4	51	69	85	122	154	228	#
973	129213	196	#
974	4061043	12	67	95	188	244	#
975	948495	157	170	#
976	1751148	59	111	#
977	1511944	152	244	#
978	1703509	173	238	239	#
979	1817485	113	130	247	#
980	1432138	83	96	#
981	1707698	31	38	109	221	#
982	1005265	73	222	#
983	1648266	9	83	#
984	2450813	85	222	225	#
985	2303307	8	109	249	#
986	1535834	84	150	#
987	2309323	106	125	142	168	#
988	1377801	74	175	229	#
989	1116788	75	238	#
990	2848816	76	143	253	#
991	2524130	0	90	140	153	#
992	1560440	66	213	230	#
993	1775370	18	65	238	240	#
994	1867557	2	49	#
995	4495217	19	47	101	116	173	230	#
996	1234746	16	54	88	#
997	2331801	83	179	235	#
998	980065	17	90	#
999	1475900	132	245	254	#
