%% File generated by CATS v.2.1Wed Jun 19 19:15:55 2013

%% The CATS webpage is http://robotics.stanford.edu/CATS

%% PARAMETER SETTINGS:
% Goods: 256; Bids: 1000; Distribution: L4; Runs: 50; Seed: 1371664511
% Legacy distribution parameters:
% Number of goods chosen according to Decay distribution (alpha = 0.55).
% Price chosen according to Linear Random distribution (low_linearly = 1, high_linearly = 1000).


goods 256
bids 1000
dummy 0

0	839180	51	#
1	1782054	76	102	239	251	#
2	1292807	67	231	#
3	443341	254	#
4	989916	196	#
5	3264652	148	155	213	218	#
6	532463	11	#
7	1558524	104	134	179	197	212	#
8	2100632	35	91	170	171	#
9	991301	24	#
10	1844317	177	189	223	#
11	390454	108	#
12	942176	73	#
13	868618	212	#
14	834349	70	#
15	910299	162	#
16	1904802	161	242	#
17	892104	69	#
18	1371498	8	246	#
19	1550841	116	185	#
20	1820797	149	180	#
21	1035093	4	163	#
22	980358	218	#
23	899989	101	#
24	2825387	143	145	228	#
25	3226738	1	25	93	121	130	209	221	244	#
26	2374702	178	216	226	#
27	2874283	0	17	61	84	#
28	852977	93	#
29	1344332	58	82	#
30	728961	189	#
31	2517316	29	67	106	244	#
32	884696	7	#
33	2952063	37	40	116	#
34	1036874	111	203	#
35	513668	222	#
36	541201	32	#
37	415127	116	#
38	6903803	13	32	87	118	142	157	176	240	249	#
39	1249729	69	237	#
40	428606	23	#
41	925627	174	#
42	2170698	20	81	101	249	#
43	455003	202	#
44	606928	210	#
45	873576	161	#
46	625002	167	#
47	781067	144	#
48	2316233	19	32	145	149	174	#
49	719076	95	#
50	698655	236	#
51	1116856	164	237	#
52	688450	102	#
53	1518795	1	81	#
54	879281	146	#
55	486488	120	#
56	904365	86	#
57	1886261	8	208	#
58	965680	188	#
59	904970	127	#
60	948839	225	#
61	689892	247	#
62	810815	79	#
63	907691	255	#
64	987623	77	#
65	983213	89	#
66	719267	187	#
67	3673725	16	72	103	104	#
68	995348	72	#
69	271576	154	#
70	3859875	29	30	64	69	176	#
71	794688	99	#
72	991381	84	246	#
73	629943	128	#
74	961881	193	#
75	1582304	27	78	#
76	977208	50	#
77	1949933	112	240	#
78	1953465	170	192	#
79	955386	191	#
80	1465105	64	114	#
81	1694216	127	162	#
82	918619	47	#
83	809968	27	#
84	801060	235	#
85	765136	2	#
86	1743251	95	216	#
87	1584972	142	211	#
88	911561	179	#
89	775374	98	#
90	824467	110	#
91	869515	38	#
92	1462957	74	139	179	#
93	989872	96	#
94	845873	145	#
95	2549310	57	65	82	125	#
96	630372	156	#
97	999838	95	187	#
98	7881410	41	57	59	68	86	192	233	249	#
99	390988	3	#
100	792114	126	#
101	875761	0	#
102	773142	30	#
103	936832	61	#
104	469511	54	#
105	1793687	210	239	#
106	957974	168	#
107	2883451	11	13	45	54	80	95	178	234	#
108	2774150	129	135	252	#
109	811373	40	#
110	955677	205	#
111	3086325	43	165	216	223	#
112	1634977	131	210	#
113	1363521	43	214	#
114	4326446	31	37	123	223	229	236	238	#
115	868536	134	#
116	724750	60	#
117	944396	220	#
118	927316	240	#
119	3170377	11	61	137	245	#
120	3788659	60	136	151	230	240	247	249	#
121	238842	169	#
122	899155	181	#
123	990369	13	#
124	884612	46	#
125	862790	141	#
126	3074105	19	37	55	57	226	233	245	#
127	1446880	38	147	#
128	563536	74	#
129	1015255	90	97	154	185	#
130	3395024	99	190	224	234	241	#
131	617282	112	#
132	773109	223	#
133	2515216	6	51	66	101	243	#
134	5116405	25	49	133	212	219	244	#
135	1938412	45	66	#
136	2581300	162	179	199	#
137	973911	64	#
138	2036862	73	199	229	#
139	534905	103	#
140	1333945	67	152	183	#
141	2603047	6	36	109	183	#
142	139887	17	#
143	915388	164	#
144	983665	58	#
145	950116	118	#
146	2103326	86	91	157	#
147	662497	80	#
148	1888633	46	71	167	#
149	683339	232	#
150	1694551	100	191	#
151	1449589	12	132	175	199	238	#
152	2923223	123	126	215	#
153	3543564	43	133	137	206	#
154	882607	119	#
155	1214883	31	93	95	135	142	#
156	1124943	14	49	67	#
157	2303407	0	1	27	63	#
158	1233675	101	132	#
159	291584	250	#
160	586099	25	#
161	1847032	75	156	171	#
162	3299806	99	104	105	123	193	205	212	#
163	1028143	34	53	104	139	184	195	#
164	1213809	86	148	#
165	877954	114	#
166	957645	215	#
167	507877	245	#
168	1562274	67	181	202	#
169	1232883	112	157	#
170	2924853	205	240	246	#
171	1846491	31	109	#
172	3266960	9	166	175	205	#
173	2263218	5	40	71	#
174	108910	203	#
175	792772	195	#
176	1753084	53	80	#
177	6141974	8	10	21	70	93	109	144	#
178	406337	244	#
179	809779	104	#
180	563822	204	#
181	787918	129	#
182	2380342	96	197	245	#
183	2777184	129	132	233	234	#
184	997763	239	#
185	2312250	207	224	226	#
186	958959	26	#
187	709338	184	#
188	3319543	17	57	88	147	195	#
189	1111870	51	226	#
190	1204666	15	67	#
191	2142384	24	33	43	77	155	#
192	853901	207	#
193	3600208	96	141	215	240	#
194	1986790	132	160	166	216	243	#
195	1984776	73	205	#
196	2789107	25	55	139	185	190	217	252	#
197	2893819	43	70	253	#
198	804943	82	#
199	931873	213	#
200	649529	151	#
201	787587	246	#
202	1552507	120	182	#
203	2384659	70	81	203	#
204	2909218	94	124	150	186	188	#
205	941542	170	#
206	382956	237	#
207	2616405	206	222	248	249	#
208	901601	12	#
209	704834	171	#
210	1895251	156	188	249	#
211	2668470	75	101	153	#
212	7735208	38	86	89	154	167	208	224	237	241	#
213	670021	125	#
214	703604	172	#
215	1767903	7	87	217	#
216	972198	111	#
217	747970	142	#
218	2993316	100	159	228	#
219	2245902	59	120	191	223	231	242	#
220	3876664	6	98	118	160	244	#
221	1795675	70	163	198	#
222	1260641	15	112	123	151	233	#
223	915293	208	#
224	995073	211	#
225	1599682	77	140	253	#
226	3176029	14	144	225	252	#
227	1244072	67	111	185	#
228	1761316	89	232	#
229	897938	194	#
230	2060659	46	142	143	#
231	1167502	84	207	#
232	1910186	2	100	199	223	252	#
233	918433	242	#
234	491045	75	#
235	4089552	22	54	95	106	118	123	229	#
236	1219943	36	184	#
237	865061	91	#
238	1265680	81	203	208	246	#
239	572302	124	#
240	620084	71	#
241	963855	83	#
242	1103719	1	248	#
243	1514468	20	101	#
244	867868	190	#
245	1778725	186	218	247	#
246	975270	109	#
247	934244	22	#
248	920522	130	#
249	802420	76	#
250	612550	53	#
251	651703	165	#
252	3424450	0	17	59	101	106	#
253	1252689	56	135	#
254	650207	183	#
255	4549172	27	35	61	180	250	#
256	628574	221	#
257	729294	5	#
258	1561591	86	121	216	#
259	1502133	4	8	29	52	222	#
260	1757766	42	50	114	132	#
261	881075	8	#
262	693926	113	#
263	799708	55	#
264	653062	14	#
265	874932	36	#
266	449898	252	#
267	831761	138	#
268	614665	107	#
269	1831090	0	209	#
270	853076	152	#
271	1338834	160	186	#
272	1924867	99	207	#
273	981805	163	#
274	951405	251	#
275	4573046	17	24	46	81	92	142	209	#
276	2103004	143	152	231	#
277	1104317	43	101	162	#
278	1217819	9	29	#
279	769375	9	#
280	2658530	14	44	55	164	217	#
281	452085	45	#
282	1322958	185	224	#
283	2277709	34	61	151	158	207	#
284	1592732	56	68	142	151	174	217	242	250	#
285	4900854	30	155	157	187	253	#
286	5296026	4	41	53	80	119	144	#
287	2239053	36	148	217	227	#
288	698977	155	#
289	2728681	80	106	198	212	#
290	808045	122	#
291	968408	147	#
292	640424	10	#
293	828033	219	#
294	905892	52	#
295	979061	173	#
296	1786341	42	55	169	238	#
297	4478474	9	78	134	161	253	#
298	2401964	40	66	251	#
299	4282051	4	44	54	114	136	181	245	#
300	2999384	1	37	124	#
301	1284578	24	57	244	#
302	892029	21	#
303	2801978	36	73	137	#
304	3000726	33	40	127	150	224	#
305	3008075	3	122	185	191	197	234	#
306	1109891	69	135	139	#
307	818705	78	#
308	827746	66	235	#
309	608804	143	#
310	2219987	170	211	233	#
311	1287372	4	160	237	#
312	846356	200	#
313	1640571	90	228	#
314	1822505	109	221	#
315	1627011	162	186	#
316	1944443	24	95	133	136	#
317	1766825	108	218	#
318	902108	175	#
319	1872209	47	49	72	124	219	#
320	993579	68	#
321	3564354	15	41	45	97	100	210	#
322	720634	15	#
323	4017002	45	55	67	75	79	105	114	117	135	143	155	209	249	#
324	965959	231	#
325	886851	97	#
326	517800	44	#
327	1461844	44	84	89	#
328	482927	230	#
329	1866729	38	81	82	#
330	1764869	118	147	156	#
331	1663073	6	250	#
332	1806729	6	31	61	101	119	158	#
333	2206811	59	108	111	169	#
334	972041	229	#
335	941393	153	#
336	876851	148	#
337	1719381	39	226	#
338	2656902	69	144	219	238	#
339	1757798	67	207	#
340	866392	192	#
341	853913	90	#
342	1284873	111	152	#
343	1487635	33	77	147	#
344	1437688	213	246	#
345	8056150	37	59	65	73	75	141	179	180	192	196	225	230	234	240	#
346	2221206	31	49	121	137	138	#
347	3772098	16	57	68	168	#
348	1658770	72	132	177	#
349	1819276	8	183	#
350	1265644	50	157	#
351	2703662	30	67	213	#
352	567168	198	#
353	716502	197	#
354	956607	238	#
355	947175	140	#
356	1457704	111	197	#
357	1049332	168	193	#
358	887652	54	152	#
359	6115671	24	27	77	85	86	104	121	150	164	#
360	957918	176	#
361	3895449	54	98	182	235	#
362	637995	178	#
363	1219165	139	179	#
364	1652450	43	93	#
365	3332446	92	173	179	237	#
366	2570757	101	155	227	#
367	1563655	218	241	#
368	899703	131	#
369	1825174	55	174	#
370	600437	88	#
371	4661028	8	61	114	132	179	240	#
372	1394921	54	90	103	179	204	252	#
373	1799240	47	50	#
374	1415224	47	114	#
375	422374	253	#
376	1650086	131	136	#
377	2123274	37	217	218	219	#
378	1560009	74	219	254	#
379	1614937	4	248	#
380	1901720	16	17	#
381	1606719	79	233	#
382	2175215	50	76	88	92	221	231	#
383	904083	1	#
384	478049	135	#
385	1143332	11	207	235	#
386	637710	209	#
387	762635	42	#
388	202989	157	#
389	987074	182	#
390	1166578	20	120	178	#
391	1091316	73	107	195	215	#
392	331726	39	#
393	1097956	63	226	#
394	1711692	53	67	99	#
395	1041007	87	219	#
396	1497686	185	246	#
397	691430	201	#
398	1835491	46	151	#
399	2917805	62	69	74	127	224	#
400	3377409	0	19	88	99	242	#
401	916419	100	128	#
402	1913688	31	184	#
403	1685745	136	193	201	#
404	1888442	45	130	#
405	1437256	84	180	201	#
406	2619555	18	99	182	197	#
407	2965069	31	99	135	#
408	956564	166	#
409	1481739	181	220	#
410	3695959	49	116	120	121	128	188	197	223	#
411	680726	217	#
412	2310816	144	212	216	#
413	1089437	18	63	216	#
414	1740508	123	196	#
415	878410	158	#
416	2618996	56	86	113	148	#
417	2934411	100	135	201	203	#
418	3786359	20	73	135	136	192	247	#
419	488970	206	#
420	1450685	140	177	#
421	1325283	132	137	#
422	2583170	10	16	161	172	206	214	#
423	3921974	137	182	230	238	#
424	1389614	44	227	#
425	3408184	54	99	108	123	126	185	#
426	523035	243	#
427	3530843	57	100	180	228	235	#
428	2644127	29	62	194	#
429	3442396	34	80	196	245	#
430	11443676	13	19	74	89	97	138	159	170	172	189	202	208	242	#
431	1850375	84	99	103	172	206	#
432	1172134	63	78	#
433	1034056	0	154	#
434	1097941	25	141	#
435	959948	56	#
436	592397	16	#
437	944124	84	#
438	2783859	110	142	251	#
439	540291	241	#
440	1705727	21	84	111	182	237	#
441	375424	185	#
442	2730959	72	90	102	150	#
443	2343959	16	118	142	#
444	815407	85	#
445	1921315	2	14	71	84	109	166	171	219	#
446	1361317	39	86	177	181	#
447	1403220	80	140	#
448	1192252	34	106	#
449	1118572	7	222	249	#
450	993647	117	193	#
451	502468	137	#
452	1425049	29	134	#
453	914280	177	#
454	1323364	22	207	218	229	#
455	1579642	28	224	#
456	983057	249	#
457	693909	248	#
458	2347088	58	88	139	185	216	#
459	1617479	8	98	132	148	197	#
460	1372330	64	153	#
461	1561402	1	9	47	103	108	144	177	183	248	#
462	3375465	27	77	113	245	#
463	2893505	114	169	171	#
464	1126194	93	166	#
465	991870	159	#
466	1556417	29	175	179	#
467	4639648	41	100	114	133	247	#
468	512223	224	#
469	1955619	44	233	#
470	2494186	45	60	122	255	#
471	1579876	3	207	#
472	647049	62	#
473	1375546	23	85	166	241	#
474	798855	121	#
475	1339456	103	172	#
476	1177286	29	140	#
477	991013	230	238	#
478	2163649	58	59	175	#
479	1216563	140	212	#
480	879594	41	#
481	3346338	5	68	69	106	202	#
482	3285339	65	105	120	138	#
483	1631417	27	33	39	227	#
484	1987534	124	125	199	#
485	1544334	3	193	#
486	2075756	10	181	190	#
487	945481	110	255	#
488	7460934	10	11	27	36	40	60	62	162	#
489	1872259	87	169	#
490	1356879	11	229	#
491	1891272	51	117	#
492	929497	183	187	#
493	1145035	34	92	124	216	#
494	1119597	153	202	#
495	1368152	42	221	#
496	1176827	71	190	193	#
497	990086	105	182	215	217	#
498	771049	94	#
499	1202361	2	7	54	203	#
500	3756077	40	59	99	191	#
501	4012611	27	29	48	158	175	#
502	2477511	19	38	186	#
503	1055482	25	183	#
504	2107809	80	151	176	#
505	893950	31	#
506	830628	27	172	206	252	#
507	1217474	55	85	#
508	1378114	66	113	#
509	2983523	79	164	205	#
510	2256722	9	94	244	#
511	871740	87	#
512	1228187	32	74	144	#
513	1898866	45	218	232	#
514	1120997	113	242	#
515	1563320	59	95	247	#
516	3812316	49	144	171	230	251	#
517	1841180	91	154	#
518	1098501	19	138	#
519	1744529	12	142	#
520	1402883	14	121	#
521	2471449	101	113	162	191	199	242	#
522	698739	67	#
523	1721921	94	149	153	#
524	2296013	12	217	242	#
525	4876468	30	47	53	91	189	193	206	#
526	1978070	120	228	#
527	3449682	25	143	175	225	#
528	680611	233	#
529	2175601	123	140	164	#
530	1862728	120	162	199	#
531	1157092	92	100	165	181	#
532	5863630	36	76	145	185	210	239	251	#
533	2906553	3	11	90	104	141	248	#
534	1644554	113	190	241	#
535	1054854	26	220	#
536	507434	226	#
537	1964118	53	82	183	207	223	236	#
538	4247337	4	17	103	126	160	167	202	#
539	1082183	11	31	#
540	779428	49	#
541	1682219	23	142	#
542	2899043	21	49	98	#
543	2783272	32	48	102	#
544	1028565	50	102	153	#
545	1362560	63	100	152	#
546	1988547	99	139	145	#
547	1614755	28	81	#
548	1345022	94	116	118	136	#
549	2181674	55	56	171	#
550	1282426	15	61	69	81	133	209	#
551	1813380	23	227	#
552	1242259	33	104	142	169	#
553	1541240	43	50	59	60	113	#
554	1266865	161	171	182	#
555	1602438	18	52	102	123	186	#
556	103672	199	#
557	2461407	153	181	200	#
558	1284087	32	176	#
559	1411773	66	176	#
560	967141	205	242	#
561	3653776	4	20	172	247	#
562	1374421	38	50	244	#
563	1454798	122	172	#
564	987197	227	#
565	4998997	93	109	193	205	224	251	#
566	1527089	113	164	#
567	1063422	177	190	220	#
568	2951861	142	185	188	#
569	1757091	8	224	#
570	2233942	21	24	83	153	196	#
571	1169764	131	152	#
572	1541769	36	157	160	194	#
573	4763179	31	85	126	191	200	#
574	2202466	39	107	200	253	#
575	2076404	21	162	199	#
576	1642657	89	136	#
577	770635	123	#
578	1776079	250	252	#
579	1015979	4	187	#
580	1187162	74	76	147	#
581	997472	63	#
582	1770149	13	75	#
583	725058	66	#
584	637741	59	#
585	806633	150	#
586	745940	71	151	#
587	857051	6	#
588	2690392	42	139	146	149	170	177	#
589	801782	29	#
590	1959823	1	138	162	166	233	248	#
591	448451	43	#
592	1363549	20	87	#
593	892416	19	#
594	1277044	214	224	#
595	296046	57	#
596	2997698	93	189	222	#
597	3306780	2	56	98	119	123	#
598	1295260	18	239	#
599	3118398	77	111	120	220	#
600	895500	132	#
601	1340901	53	148	#
602	1109225	48	88	106	138	#
603	1458823	99	252	#
604	2031336	5	60	79	229	#
605	2090580	17	189	202	#
606	1310599	107	252	#
607	2849243	27	62	78	135	160	233	#
608	950039	133	#
609	1514290	78	212	239	#
610	696540	100	#
611	1235910	36	121	193	202	#
612	2923081	29	68	232	#
613	5792304	12	69	103	178	199	203	#
614	505093	228	#
615	1918347	145	220	231	#
616	1180890	25	55	241	249	#
617	1698450	70	188	#
618	1053916	123	233	#
619	2676863	24	36	66	82	137	163	#
620	3516086	13	18	34	67	169	#
621	991605	28	#
622	2894983	63	89	121	#
623	1602447	45	133	177	199	202	#
624	3619172	3	40	144	162	#
625	2140684	54	120	207	#
626	3600933	61	93	211	239	#
627	1476294	5	18	#
628	1825254	20	179	246	#
629	2119251	36	69	116	#
630	3632105	13	58	127	171	202	#
631	2322781	49	126	198	#
632	1075885	32	178	#
633	5763904	27	31	59	85	121	135	#
634	1871557	120	229	#
635	1647435	55	215	#
636	1327485	134	200	#
637	1294459	136	226	#
638	3953180	14	48	52	179	215	226	#
639	1089988	115	135	#
640	3935760	27	127	195	249	#
641	1729863	135	147	161	#
642	3842060	3	194	226	251	#
643	1877922	37	49	79	93	138	169	#
644	825437	53	117	#
645	1304785	72	192	#
646	1658147	11	204	245	#
647	1732433	163	171	#
648	1095830	208	236	#
649	1733141	126	148	#
650	763902	15	245	#
651	1997016	151	204	#
652	1834853	113	136	#
653	743243	106	#
654	1038509	187	226	246	#
655	2876337	15	114	191	217	#
656	2418633	62	97	104	105	110	114	182	192	#
657	3406189	32	73	76	203	216	#
658	1464525	67	167	#
659	764988	4	#
660	2254835	21	116	121	133	182	#
661	933045	10	43	57	222	237	243	#
662	1372971	82	170	#
663	1024760	5	10	13	67	173	197	226	#
664	3857198	72	95	194	219	235	255	#
665	1098623	34	55	#
666	2394210	61	86	118	#
667	1153996	36	54	#
668	3429964	27	113	117	183	#
669	1274703	29	72	88	183	#
670	1044464	72	173	#
671	911447	34	#
672	977450	37	#
673	1028287	156	243	#
674	1161507	97	240	#
675	963035	49	81	170	250	#
676	4085657	70	106	126	141	142	159	#
677	1519371	50	96	115	164	#
678	1623978	56	182	#
679	2285308	63	103	129	169	236	#
680	3774842	22	36	72	183	#
681	1049670	2	63	122	127	#
682	756108	180	#
683	797856	216	#
684	2321630	58	77	221	#
685	1017102	25	105	#
686	2388164	23	73	83	#
687	1568997	109	217	#
688	3872058	55	136	168	252	#
689	1089911	14	99	#
690	3773450	114	118	204	246	#
691	6573161	13	55	127	130	159	171	179	185	208	230	238	242	#
692	1969438	94	187	217	220	#
693	2471962	7	13	90	187	#
694	2257289	174	187	203	223	#
695	1560017	200	231	#
696	5646060	19	59	84	110	151	238	#
697	3374554	12	34	171	198	221	#
698	1211725	139	208	#
699	5517308	23	25	41	68	152	184	227	238	#
700	2904722	3	120	196	247	#
701	4361484	81	128	201	215	255	#
702	1805043	197	199	254	#
703	1431487	51	163	#
704	1561694	15	146	#
705	692520	116	237	#
706	2246841	36	76	108	139	230	#
707	1019044	67	68	109	112	203	#
708	511338	48	#
709	2529695	11	139	156	#
710	1522638	126	132	153	181	#
711	2038933	94	113	135	203	229	237	#
712	2178254	129	168	200	251	#
713	620465	18	#
714	2739327	8	33	108	129	#
715	1155358	94	140	229	#
716	3372090	13	14	172	215	#
717	1588715	9	236	#
718	1633922	18	28	168	198	234	#
719	4421098	166	199	209	223	235	#
720	2679186	126	169	172	#
721	2097661	24	146	209	#
722	3893347	28	31	101	231	#
723	2941348	6	143	254	#
724	910073	91	128	#
725	1096570	159	160	214	#
726	1802863	16	39	#
727	1117676	101	140	#
728	4807705	8	77	112	126	155	199	#
729	2563950	3	19	79	93	237	252	255	#
730	2514639	93	167	206	#
731	1494371	75	85	87	214	#
732	2411644	42	82	107	154	165	204	#
733	3754039	9	63	88	244	#
734	1852493	105	216	#
735	1489898	5	51	115	233	#
736	825418	65	#
737	1251850	112	216	#
738	4437010	15	61	129	147	155	207	229	#
739	4530564	14	53	132	145	170	#
740	3717821	63	85	121	137	#
741	1104286	25	47	49	137	155	227	248	#
742	938593	81	#
743	2972347	6	55	60	109	134	#
744	1591283	141	147	#
745	1932268	20	76	196	210	234	#
746	1850552	8	252	#
747	1464765	22	74	243	#
748	1419394	120	215	#
749	1904602	101	255	#
750	1101029	3	84	139	#
751	4303411	77	132	151	189	233	253	#
752	3828898	42	95	174	253	#
753	1377788	119	129	#
754	2395063	24	142	144	212	229	#
755	2790010	84	159	196	#
756	2112603	23	67	127	192	236	237	245	#
757	1057398	142	223	#
758	1729585	46	59	61	70	114	152	160	164	180	200	#
759	4477786	71	103	155	206	221	#
760	2390062	23	121	122	194	#
761	2927657	25	169	209	#
762	2121057	16	60	157	202	#
763	2744310	75	127	245	#
764	3369710	33	93	176	195	239	#
765	1598426	220	224	#
766	1012136	100	115	157	231	#
767	972566	6	124	#
768	3653640	12	133	134	143	165	244	#
769	3445341	5	21	60	91	240	#
770	1740593	11	173	#
771	1116679	155	201	#
772	2377290	79	170	231	#
773	3839484	59	98	138	235	#
774	1628564	95	126	177	#
775	3333297	13	125	221	228	#
776	1518266	59	60	#
777	1583472	190	196	221	236	244	#
778	374435	234	#
779	1913733	68	102	128	161	206	#
780	1240842	41	69	#
781	1553709	5	144	168	226	241	#
782	943103	41	161	#
783	1832155	19	38	85	#
784	1841901	9	168	180	238	#
785	4429607	24	87	144	162	227	#
786	2077891	160	185	186	#
787	1119610	40	49	163	249	#
788	1133466	9	215	#
789	880612	190	237	#
790	2802520	73	86	96	112	161	#
791	1458574	156	190	223	#
792	1514059	24	224	#
793	2901133	8	36	224	#
794	1720962	6	128	211	#
795	1508968	17	55	#
796	1923774	64	78	144	174	212	#
797	1032167	54	65	167	#
798	876699	105	#
799	1708265	51	213	#
800	1251164	81	254	#
801	1500265	50	172	196	#
802	1288612	25	57	138	159	#
803	2055906	47	56	139	174	#
804	3048937	34	50	146	169	239	#
805	488932	139	#
806	3756877	54	88	111	202	209	219	#
807	2456722	4	60	200	#
808	1500876	11	137	195	#
809	1209604	166	198	#
810	1058515	67	244	#
811	3022344	74	205	216	234	242	#
812	7058402	27	79	81	127	198	200	247	251	254	#
813	1260111	10	38	46	86	121	198	#
814	1532394	79	175	197	200	218	223	#
815	1981409	182	240	#
816	3789432	20	57	101	164	191	#
817	1756320	62	253	#
818	1236972	48	233	#
819	2411033	132	180	219	#
820	1254973	171	181	212	#
821	4717365	15	25	94	109	126	227	#
822	1253062	133	188	#
823	1254745	25	211	248	#
824	1794269	2	18	69	#
825	1669565	14	52	109	#
826	1631886	74	85	129	#
827	1433231	167	195	#
828	2557360	220	227	241	#
829	2121166	28	71	136	159	252	#
830	1751935	115	163	#
831	664991	10	226	#
832	785652	49	228	#
833	1810936	47	162	#
834	7955486	29	31	37	105	116	128	166	182	195	212	#
835	3402413	52	54	77	174	#
836	1019018	74	223	#
837	1502587	60	187	#
838	1237888	8	88	#
839	1249123	208	234	#
840	1952108	155	195	#
841	3787980	6	32	36	39	44	70	87	131	168	205	246	#
842	1289839	55	169	#
843	1775653	6	51	52	96	250	#
844	1792429	119	176	#
845	650859	151	224	226	#
846	931027	160	#
847	1607312	19	164	#
848	1325385	39	115	130	142	195	#
849	1782265	159	163	#
850	1316327	78	100	#
851	444119	92	250	#
852	2297295	40	70	105	#
853	6751545	2	18	25	49	96	115	202	#
854	3479854	85	220	241	247	#
855	962758	179	209	232	#
856	1920916	32	114	#
857	776134	42	60	#
858	3462516	8	142	205	224	#
859	2343864	61	91	164	175	177	204	#
860	2796995	117	189	200	236	#
861	2891619	78	129	130	196	242	#
862	1965727	155	203	#
863	1867936	23	25	243	#
864	1549868	148	221	#
865	1630366	9	201	#
866	1254478	38	185	#
867	1117339	98	104	216	234	248	#
868	1898233	136	173	#
869	1877853	32	190	#
870	1904213	84	222	255	#
871	1992277	108	193	#
872	1871883	27	161	182	#
873	922957	87	221	228	#
874	869549	17	38	102	152	#
875	1738635	15	165	#
876	1366972	30	44	252	#
877	966976	29	169	#
878	2485091	190	194	229	#
879	3287900	51	97	123	175	#
880	3075242	22	107	132	174	178	232	#
881	1195967	201	202	#
882	851568	117	169	#
883	1557996	231	254	#
884	3338972	3	15	44	46	69	83	116	121	183	206	224	252	#
885	1847651	75	170	212	#
886	1625138	1	209	235	#
887	2732308	35	124	136	159	210	#
888	1154609	91	211	#
889	1254202	21	196	#
890	1429271	30	64	173	253	#
891	2981035	4	21	100	130	163	174	175	186	188	231	#
892	1914879	126	171	188	#
893	2693623	3	156	220	241	#
894	2967245	89	161	200	207	213	#
895	591837	48	226	#
896	4791461	16	36	149	202	219	#
897	1897827	37	40	58	102	103	107	205	242	#
898	2591262	96	97	142	162	174	#
899	5542503	26	51	63	107	108	111	#
900	1837975	212	254	#
901	2841813	102	192	219	#
902	1688801	49	115	116	210	232	#
903	195633	35	#
904	2982370	9	76	165	#
905	5515460	7	20	33	46	138	161	201	#
906	898646	186	234	#
907	1837040	198	204	#
908	3563875	133	161	187	223	#
909	955796	57	85	100	#
910	1314559	3	122	160	#
911	1833018	45	88	#
912	1972148	87	125	169	192	#
913	880881	49	116	121	165	233	#
914	1388281	12	202	#
915	1387530	39	167	#
916	1351931	28	79	#
917	179494	92	#
918	2042924	108	137	146	#
919	4318287	81	163	167	193	243	#
920	2263721	145	149	170	#
921	3043848	38	106	134	166	214	237	#
922	1287184	123	139	170	#
923	3090778	77	129	160	190	#
924	1753538	160	196	#
925	1443208	20	154	#
926	1898544	45	123	154	183	213	237	#
927	883122	33	#
928	2768560	14	222	235	#
929	2470277	6	98	194	240	#
930	2457881	42	122	243	#
931	923847	113	144	#
932	2132899	105	128	215	235	#
933	1998243	102	126	#
934	1430938	15	55	#
935	3528845	15	74	115	167	181	216	#
936	1017190	110	174	#
937	6132012	27	30	45	83	146	153	190	#
938	1997784	33	62	122	#
939	1082249	55	202	#
940	2895217	6	149	244	#
941	2900922	149	209	253	#
942	3303815	28	68	149	199	#
943	1928064	8	66	150	#
944	3739790	16	56	159	187	205	#
945	1579299	21	69	#
946	1904123	28	180	#
947	2540267	62	147	174	181	#
948	1134939	39	92	#
949	2222071	84	87	114	156	165	206	#
950	1558286	227	233	#
951	5916960	47	116	117	176	196	209	#
952	690387	214	#
953	1301991	172	188	195	242	254	#
954	4386117	91	140	192	239	243	#
955	1595804	109	252	#
956	218898	115	#
957	1695949	33	182	#
958	2466585	21	96	191	209	#
959	2906519	106	163	216	#
960	3631839	38	54	64	180	#
961	1116445	21	41	179	233	#
962	1128058	19	170	#
963	2362983	35	138	198	#
964	1364530	37	42	67	165	175	196	210	#
965	1399320	29	100	#
966	2543376	112	242	249	#
967	1606879	123	208	#
968	1289596	8	56	88	134	197	#
969	2787554	76	116	130	#
970	1604232	5	211	#
971	1506714	1	151	#
972	1393810	77	144	#
973	1545162	2	188	#
974	1212953	34	61	95	136	#
975	1506636	220	243	#
976	2006629	7	157	165	169	#
977	1300312	43	140	178	230	#
978	2305773	30	50	218	#
979	1647043	83	87	104	118	161	191	196	232	#
980	1924111	1	203	#
981	1938133	116	223	#
982	1871824	31	235	#
983	2640095	122	178	204	#
984	1795874	42	86	#
985	905961	32	108	169	#
986	1827693	15	16	69	88	117	199	211	#
987	801801	53	142	#
988	1747389	60	205	#
989	1016949	160	240	#
990	2644334	81	83	85	252	#
991	1226182	64	209	#
992	1910824	57	135	215	#
993	3515114	36	111	127	142	184	191	#
994	1988353	132	185	#
995	1335031	89	215	#
996	953688	11	54	174	#
997	1814696	134	136	#
998	3196262	27	174	207	229	#
999	1849932	1	126	197	207	#
